% function evaluation | noise-free fitness - Fopt (1.491500000000e+02) | best noise-free fitness - Fopt | measured fitness | best measured fitness | x1 | x2...
1 +6.626101642e+00 +6.626101642e+00 +1.557761016e+02 +1.557761016e+02 +0.0000e+00 +0.0000e+00
8 +5.034367044e-01 +5.034367044e-01 +1.496534367e+02 +1.496534367e+02 +4.5877e-01 +8.7239e-01
31 +2.126344116e-01 +2.126344116e-01 +1.493626344e+02 +1.493626344e+02 +3.3773e-01 +5.9358e-01
75 +1.987872112e-01 +1.987872112e-01 +1.493487872e+02 +1.493487872e+02 +3.7696e-01 +6.9126e-01
163 +1.366869516e-01 +1.366869516e-01 +1.492866870e+02 +1.492866870e+02 +1.9271e-01 +2.1390e-01
281 +1.300944474e-01 +1.300944474e-01 +1.492800944e+02 +1.492800944e+02 +2.6576e-01 +3.5767e-01
337 +4.695168350e-02 +4.695168350e-02 +1.491969517e+02 +1.491969517e+02 +1.4924e-01 +8.7062e-02
2629 +4.437052325e-02 +4.437052325e-02 +1.491943705e+02 +1.491943705e+02 +1.3882e-01 +6.3081e-02
2685 +3.543366079e-02 +3.543366079e-02 +1.491854337e+02 +1.491854337e+02 +1.1454e-01 +5.6330e-03
9125 +2.956819060e-02 +2.956819060e-02 +1.491795682e+02 +1.491795682e+02 +1.1454e-01 +2.4521e-04
40708 +2.947393343e-02 +2.947393343e-02 +1.491794739e+02 +1.491794739e+02 +1.1454e-01 +6.8087e-05
% function evaluation | noise-free fitness - Fopt (-1.000000000000e+03) | best noise-free fitness - Fopt | measured fitness | best measured fitness | x1 | x2...
1 +2.246386374e+04 +2.246386374e+04 +2.146386374e+04 +2.146386374e+04 +0.0000e+00 +0.0000e+00
7 +1.985023771e+04 +1.985023771e+04 +1.885023771e+04 +1.885023771e+04 +5.0908e-03 +9.3825e-01
% function evaluation | noise-free fitness - Fopt (9.862000000000e+01) | best noise-free fitness - Fopt | measured fitness | best measured fitness | x1 | x2...
1 +1.240686796e+02 +1.240686796e+02 +2.226886796e+02 +2.226886796e+02 +0.0000e+00 +0.0000e+00
4 +9.745993314e+01 +9.745993314e+01 +1.960799331e+02 +1.960799331e+02 +1.4204e-01 +6.6127e-01
15 +5.170259080e+01 +5.170259080e+01 +1.503225908e+02 +1.503225908e+02 +2.6032e-02 +4.9139e-01
46 +5.118742001e+01 +5.118742001e+01 +1.498074200e+02 +1.498074200e+02 +2.1334e-02 +4.7776e-01
63 +4.324800594e+01 +4.324800594e+01 +1.418680059e+02 +1.418680059e+02 +1.2900e-01 +9.4238e-01
72 +3.844389768e+01 +3.844389768e+01 +1.370638977e+02 +1.370638977e+02 +1.2883e-01 +9.7973e-01
106 +7.710851982e+00 +7.710851982e+00 +1.063308520e+02 +1.063308520e+02 +3.7692e-02 +9.8387e-01
379 +7.077046878e+00 +7.077046878e+00 +1.056970469e+02 +1.056970469e+02 +2.8257e-02 +9.6113e-01
2742 +2.600762166e+00 +2.600762166e+00 +1.012207622e+02 +1.012207622e+02 +1.1336e-03 +9.7538e-01
3694 +2.179866262e+00 +2.179866262e+00 +1.007998663e+02 +1.007998663e+02 +1.1336e-03 +9.9136e-01
13005 +2.136654487e+00 +2.136654487e+00 +1.007566545e+02 +1.007566545e+02 +1.1336e-03 +9.9312e-01
17124 +2.026516228e+00 +2.026516228e+00 +1.006465162e+02 +1.006465162e+02 +1.1336e-03 +9.9772e-01
24423 +1.945674619e+00 +1.945674619e+00 +1.005656746e+02 +1.005656746e+02 +1.8379e-04 +9.9772e-01
69506 +1.897723312e+00 +1.897723312e+00 +1.005177233e+02 +1.005177233e+02 +1.8379e-04 +9.9985e-01
% function evaluation | noise-free fitness - Fopt (-4.715000000000e+01) | best noise-free fitness - Fopt | measured fitness | best measured fitness | x1 | x2...
1 +2.023435653e-01 +2.023435653e-01 -4.694765643e+01 -4.694765643e+01 +0.0000e+00 +0.0000e+00
237 +1.950494706e-01 +1.950494706e-01 -4.695495053e+01 -4.695495053e+01 +7.2448e-02 +1.8560e-01
477 +1.703706799e-01 +1.703706799e-01 -4.697962932e+01 -4.697962932e+01 +7.9191e-02 +1.8157e-01
491 +1.380661952e-01 +1.380661952e-01 -4.701193380e+01 -4.701193380e+01 +3.9553e-02 +7.3076e-02
3396 +1.303710017e-01 +1.303710017e-01 -4.701962900e+01 -4.701962900e+01 +2.9189e-02 +5.1064e-02
14936 +1.276708734e-01 +1.276708734e-01 -4.702232913e+01 -4.702232913e+01 +1.7256e-02 +7.5492e-03
15954 +1.225500702e-01 +1.225500702e-01 -4.702744993e+01 -4.702744993e+01 +1.8278e-02 +1.5582e-02
56205 +1.197625662e-01 +1.197625662e-01 -4.703023743e+01 -4.703023743e+01 +1.5429e-02 +1.0275e-02
% function evaluation | noise-free fitness - Fopt (3.752000000000e+01) | best noise-free fitness - Fopt | measured fitness | best measured fitness | x1 | x2...
1 +6.231518100e+01 +6.231518100e+01 +9.983518100e+01 +9.983518100e+01 +0.0000e+00 +0.0000e+00
% function evaluation | noise-free fitness - Fopt (8.834000000000e+01) | best noise-free fitness - Fopt | measured fitness | best measured fitness | x1 | x2...
1 +3.198005211e+02 +3.198005211e+02 +4.081405211e+02 +4.081405211e+02 +0.0000e+00 +0.0000e+00
2 +1.183317167e+02 +1.183317167e+02 +2.066717167e+02 +2.066717167e+02 +2.9448e-01 +6.5084e-01
3 +1.144779088e+02 +1.144779088e+02 +2.028179088e+02 +2.028179088e+02 +8.4788e-02 +6.8825e-01
5 +6.712552619e+01 +6.712552619e+01 +1.554655262e+02 +1.554655262e+02 +8.7754e-02 +9.3989e-01
13 +5.725867197e+01 +5.725867197e+01 +1.455986720e+02 +1.455986720e+02 +2.1237e-01 +9.8115e-01
232 +5.599618130e+01 +5.599618130e+01 +1.443361813e+02 +1.443361813e+02 +2.3331e-01 +9.8898e-01
12194 +5.460178431e+01 +5.460178431e+01 +1.429417843e+02 +1.429417843e+02 +2.4204e-01 +9.9844e-01
% function evaluation | noise-free fitness - Fopt (2.201700000000e+02) | best noise-free fitness - Fopt | measured fitness | best measured fitness | x1 | x2...
1 +3.500343312e+02 +3.500343312e+02 +5.702043312e+02 +5.702043312e+02 +0.0000e+00 +0.0000e+00
23 +1.612319936e+02 +1.612319936e+02 +3.814019936e+02 +3.814019936e+02 +8.4029e-02 +9.7441e-01
69 +9.903731330e+01 +9.903731330e+01 +3.192073133e+02 +3.192073133e+02 +1.4255e-02 +9.4102e-01
824 +8.611289437e+01 +8.611289437e+01 +3.062828944e+02 +3.062828944e+02 +6.9138e-03 +9.7671e-01
9306 +8.247279558e+01 +8.247279558e+01 +3.026427956e+02 +3.026427956e+02 +1.8517e-03 +9.7468e-01
12982 +7.885630862e+01 +7.885630862e+01 +2.990263086e+02 +2.990263086e+02 +1.8517e-03 +9.9499e-01
29080 +7.748955514e+01 +7.748955514e+01 +2.976595551e+02 +2.976595551e+02 +3.9820e-04 +9.9647e-01
% function evaluation | noise-free fitness - Fopt (3.707000000000e+01) | best noise-free fitness - Fopt | measured fitness | best measured fitness | x1 | x2...
1 +2.367515373e+01 +2.367515373e+01 +6.074515373e+01 +6.074515373e+01 +0.0000e+00 +0.0000e+00
2 +9.998441673e+00 +9.998441673e+00 +4.706844167e+01 +4.706844167e+01 +2.2019e-01 +5.6106e-01
4 +1.324071857e+00 +1.324071857e+00 +3.839407186e+01 +3.839407186e+01 +2.8025e-01 +5.5090e-01
36 +5.434643538e-01 +5.434643538e-01 +3.761346435e+01 +3.761346435e+01 +1.6952e-01 +8.1604e-02
658 +5.347703699e-01 +5.347703699e-01 +3.760477037e+01 +3.760477037e+01 +1.6262e-01 +5.8899e-02
5662 +5.090693538e-01 +5.090693538e-01 +3.757906935e+01 +3.757906935e+01 +1.4746e-01 +2.0766e-03
% function evaluation | noise-free fitness - Fopt (-9.580000000000e+01) | best noise-free fitness - Fopt | measured fitness | best measured fitness | x1 | x2...
1 +1.639947338e+04 +1.639947338e+04 +1.630367338e+04 +1.630367338e+04 +0.0000e+00 +0.0000e+00
10 +1.513510372e+04 +1.513510372e+04 +1.503930372e+04 +1.503930372e+04 +3.3646e-02 +7.4020e-01
30 +1.441532711e+04 +1.441532711e+04 +1.431952711e+04 +1.431952711e+04 +2.8178e-03 +8.1954e-01
5371 +1.403739758e+04 +1.403739758e+04 +1.394159758e+04 +1.394159758e+04 +2.5241e-03 +9.7595e-01
% function evaluation | noise-free fitness - Fopt (5.860000000000e+01) | best noise-free fitness - Fopt | measured fitness | best measured fitness | x1 | x2...
1 +3.815932385e+03 +3.815932385e+03 +3.874532385e+03 +3.874532385e+03 +0.0000e+00 +0.0000e+00
25 +3.618765097e+03 +3.618765097e+03 +3.677365097e+03 +3.677365097e+03 +1.4936e-01 +9.6928e-01
34 +3.362975889e+03 +3.362975889e+03 +3.421575889e+03 +3.421575889e+03 +1.3632e-02 +4.5020e-01
39 +3.151885657e+03 +3.151885657e+03 +3.210485657e+03 +3.210485657e+03 +3.2993e-02 +7.3791e-01
108 +3.037390004e+03 +3.037390004e+03 +3.095990004e+03 +3.095990004e+03 +5.6424e-02 +9.6616e-01
198 +2.928403775e+03 +2.928403775e+03 +2.987003775e+03 +2.987003775e+03 +2.9119e-02 +9.2009e-01
437 +2.732523469e+03 +2.732523469e+03 +2.791123469e+03 +2.791123469e+03 +3.7926e-03 +9.7031e-01
26419 +2.690088846e+03 +2.690088846e+03 +2.748688846e+03 +2.748688846e+03 +6.5014e-04 +9.9454e-01
% function evaluation | noise-free fitness - Fopt (-1.826500000000e+02) | best noise-free fitness - Fopt | measured fitness | best measured fitness | x1 | x2...
1 +8.663039148e+03 +8.663039148e+03 +8.480389148e+03 +8.480389148e+03 +0.0000e+00 +0.0000e+00
15 +8.057126313e+03 +8.057126313e+03 +7.874476313e+03 +7.874476313e+03 +1.1734e-01 +9.9046e-01
35 +7.211404371e+03 +7.211404371e+03 +7.028754371e+03 +7.028754371e+03 +7.0976e-03 +8.5478e-01
1613 +7.060266546e+03 +7.060266546e+03 +6.877616546e+03 +6.877616546e+03 +3.5272e-03 +9.2459e-01
19577 +6.909450148e+03 +6.909450148e+03 +6.726800148e+03 +6.726800148e+03 +1.4080e-04 +9.9621e-01
% function evaluation | noise-free fitness - Fopt (3.274000000000e+01) | best noise-free fitness - Fopt | measured fitness | best measured fitness | x1 | x2...
1 +6.369993055e+02 +6.369993055e+02 +6.697393055e+02 +6.697393055e+02 +0.0000e+00 +0.0000e+00
2 +5.936698407e+02 +5.936698407e+02 +6.264098407e+02 +6.264098407e+02 +3.3784e-01 +3.3566e-01
3 +3.501693573e+02 +3.501693573e+02 +3.829093573e+02 +3.829093573e+02 +6.9240e-01 +4.5937e-01
4 +1.399872320e+02 +1.399872320e+02 +1.727272320e+02 +1.727272320e+02 +9.3969e-01 +3.9997e-01
12 +8.964865800e+01 +8.964865800e+01 +1.223886580e+02 +1.223886580e+02 +9.9582e-01 +3.2308e-01
43 +5.592142606e+01 +5.592142606e+01 +8.866142606e+01 +8.866142606e+01 +9.8760e-01 +1.0001e-01
621 +5.349100912e+01 +5.349100912e+01 +8.623100912e+01 +8.623100912e+01 +9.7608e-01 +5.0490e-02
752 +5.235772591e+01 +5.235772591e+01 +8.509772591e+01 +8.509772591e+01 +9.8433e-01 +6.6351e-02
1598 +4.693592636e+01 +4.693592636e+01 +7.967592636e+01 +7.967592636e+01 +9.7992e-01 +1.5117e-02
5611 +4.565042767e+01 +4.565042767e+01 +7.839042767e+01 +7.839042767e+01 +9.7893e-01 +2.8134e-03
6690 +4.286475320e+01 +4.286475320e+01 +7.560475320e+01 +7.560475320e+01 +9.9129e-01 +1.7399e-02
7330 +3.904686483e+01 +3.904686483e+01 +7.178686483e+01 +7.178686483e+01 +9.9659e-01 +2.8134e-03
15826 +3.814286122e+01 +3.814286122e+01 +7.088286122e+01 +7.088286122e+01 +9.9911e-01 +2.8134e-03
42904 +3.797899746e+01 +3.797899746e+01 +7.071899746e+01 +7.071899746e+01 +9.9956e-01 +2.8134e-03
% function evaluation | noise-free fitness - Fopt (-3.761100000000e+02) | best noise-free fitness - Fopt | measured fitness | best measured fitness | x1 | x2...
1 +1.337327959e+04 +1.337327959e+04 +1.299716959e+04 +1.299716959e+04 +0.0000e+00 +0.0000e+00
12 +1.317158897e+04 +1.317158897e+04 +1.279547897e+04 +1.279547897e+04 +1.2193e-01 +8.8010e-01
29 +1.171869267e+04 +1.171869267e+04 +1.134258267e+04 +1.134258267e+04 +1.8833e-02 +8.5962e-01
118 +1.147182149e+04 +1.147182149e+04 +1.109571149e+04 +1.109571149e+04 +7.6753e-03 +9.0281e-01
8464 +1.119210340e+04 +1.119210340e+04 +1.081599340e+04 +1.081599340e+04 +9.0752e-04 +9.9100e-01
% function evaluation | noise-free fitness - Fopt (-1.000000000000e+03) | best noise-free fitness - Fopt | measured fitness | best measured fitness | x1 | x2...
1 +1.445917154e+02 +1.445917154e+02 -8.554082846e+02 -8.554082846e+02 +0.0000e+00 +0.0000e+00
4 +6.631747665e+01 +6.631747665e+01 -9.336825233e+02 -9.336825233e+02 +6.5196e-01 +8.4479e-01
9 +5.948725806e+01 +5.948725806e+01 -9.405127419e+02 -9.405127419e+02 +7.0882e-01 +9.6811e-01
13 +4.895666071e+01 +4.895666071e+01 -9.510433393e+02 -9.510433393e+02 +2.7753e-01 +5.9419e-01
15 +2.963882941e+01 +2.963882941e+01 -9.703611706e+02 -9.703611706e+02 +4.4970e-01 +8.8296e-01
17 +2.448430446e+01 +2.448430446e+01 -9.755156955e+02 -9.755156955e+02 +2.8438e-01 +8.0463e-01
29 +1.861309748e+01 +1.861309748e+01 -9.813869025e+02 -9.813869025e+02 +1.9108e-01 +8.2099e-01
32 +1.635465886e+01 +1.635465886e+01 -9.836453411e+02 -9.836453411e+02 +2.1889e-01 +8.6085e-01
54 +8.466862650e+00 +8.466862650e+00 -9.915331374e+02 -9.915331374e+02 +7.5837e-02 +9.3154e-01
102 +6.952121603e+00 +6.952121603e+00 -9.930478784e+02 -9.930478784e+02 +1.5054e-01 +9.7874e-01
169 +5.859378385e+00 +5.859378385e+00 -9.941406216e+02 -9.941406216e+02 +1.1364e-01 +9.9124e-01
2532 +5.267235722e+00 +5.267235722e+00 -9.947327643e+02 -9.947327643e+02 +2.0451e-02 +9.9124e-01
5569 +5.093392899e+00 +5.093392899e+00 -9.949066071e+02 -9.949066071e+02 +2.0451e-02 +9.9544e-01
41628 +4.902292663e+00 +4.902292663e+00 -9.950977073e+02 -9.950977073e+02 +1.0022e-02 +9.9979e-01
51254 +4.896575687e+00 +4.896575687e+00 -9.951034243e+02 -9.951034243e+02 +1.1271e-03 +9.9979e-01
% function evaluation | noise-free fitness - Fopt (-1.720700000000e+02) | best noise-free fitness - Fopt | measured fitness | best measured fitness | x1 | x2...
1 +2.063854416e+02 +2.063854416e+02 +3.431544163e+01 +3.431544163e+01 +0.0000e+00 +0.0000e+00
2 +1.005643526e+01 +1.005643526e+01 -1.620135647e+02 -1.620135647e+02 +2.8122e-01 +4.1852e-01
4 +5.396223793e+00 +5.396223793e+00 -1.666737762e+02 -1.666737762e+02 +1.8945e-01 +8.8781e-01
5 +4.178088993e+00 +4.178088993e+00 -1.678919110e+02 -1.678919110e+02 +4.8287e-01 +2.1494e-01
6 +3.885152189e+00 +3.885152189e+00 -1.681848478e+02 -1.681848478e+02 +5.4263e-01 +5.8374e-02
4486 +3.781621633e+00 +3.781621633e+00 -1.682883784e+02 -1.682883784e+02 +5.6931e-01 +3.0594e-02
