64.1688273541
72.582389765
52.0093137813
69.7783323747
83.382155501
95.9851171797
94.8715692713
84.8779447442
80.1776755712
80.1776755712
73.0298429685
73.0298429685
73.0298429685
80.3956904069
80.3956904069
80.3956904069
80.3956904069
80.3956904069
80.3956904069
80.3956904069
80.3956904069
80.3956904069
80.3956904069
80.3956904069
80.3956904069
80.3956904069
80.3956904069
80.3956904069
80.3956904069
80.3956904069
80.3956904069
80.3956904069
80.3956904069
80.3956904069
80.3956904069
80.3956904069
80.3956904069
80.3956904069
80.3847078741
80.3847078741
80.3847078741
80.3847078741
80.3847078741
80.3847078741
80.3847078741
80.3847078741
80.3847078741
80.3847078741
80.3847078741
80.3847078741
80.3847078741
80.3847078741
76.5652274861
76.5652274861
76.5652274861
76.5652274861
76.5652274861
76.5652274861
76.5652274861
76.5652274861
76.5652274861
76.5652274861
76.5652274861
76.5652274861
76.5652274861
76.5652274861
76.5652274861
76.5652274861
76.5652274861
76.5652274861
76.5652274861
76.5652274861
76.5652274861
76.5652274861
76.5652274861
76.5652274861
76.5652274861
76.5652274861
76.5652274861
76.5652274861
76.5652274861
76.5652274861
76.5652274861
76.5652274861
76.5652274861
76.5652274861
76.5652274861
76.5652274861
76.5652274861
76.5652274861
76.5652274861
76.5652274861
76.5652274861
76.5652274861
76.5652274861
76.5652274861
76.5652274861
76.5652274861
76.5652274861
76.5652274861
