-3325.808
-3195.224
-3104.798
-3026.327
-2960.977
-2896.986
-2847.111
-2807.887
-2774.675
-2720.923
-2706.972
-2672.879
-2631.298
-2600.655
-2578.511
-2560.055
-2529.048
-2515.25
-2492.098
-2470.909
-2454.958
-2436.089
-2422.403
-2414.563
-2405.645
-2397.745
-2385.441
-2377.838
-2367.399
-2359.302
-2352.655
-2346.552
-2337.372
-2329.339
-2324.931
-2316.13
-2310.948
-2307.039
-2299.69
-2292.234
-2288.837
-2286.191
-2279.101
-2275.836
-2269.741
-2267.434
-2263.794
-2258.481
-2254.612
-2252.435
-2247.445
-2242.889
-2241.764
-2238.581
-2234.686
-2232.307
-2229.119
-2227.081
-2223.986
-2219.9
-2217.885
-2215.162
-2213.395
-2210.565
-2207.823
-2206.949
-2204.838
-2202.877
-2201.442
-2200.316
-2199.608
-2198.487
-2196.616
-2194.942
-2193.059
-2191.483
-2189.782
-2188.627
-2186.629
-2184.95
-2184.633
-2183.627
-2183.519
-2183.007
-2181.645
-2180.438
-2179.857
-2178.756
-2178.117
-2175.767
-2175.131
-2174.051
-2173.179
-2172.587
-2171.581
-2171.108
-2170.455
-2168.308
-2168.022
-2166.31
