-3302.928
-3215.655
-3052.642
-2973.506
-2910.165
-2851.41
-2810.274
-2751.099
-2730.635
-2691.516
-2657.857
-2629.403
-2592.64
-2575.512
-2540.96
-2516.907
-2501.823
-2472.985
-2464.548
-2445.826
-2427.718
-2412.716
-2406.795
-2395.67
-2382.123
-2373.546
-2367.704
-2357.98
-2346.559
-2336.579
-2329.878
-2322.882
-2319.237
-2313.989
-2304.818
-2299.688
-2295.399
-2290.457
-2283.469
-2277.684
-2273.727
-2270.671
-2266.339
-2262.304
-2258.66
-2256.515
-2255.648
-2247.57
-2244.462
-2241.873
-2239.8
-2234.591
-2232.194
-2228.51
-2225.861
-2223.493
-2220.988
-2217.709
-2215.881
-2214.416
-2211.217
-2207.259
-2205.078
-2202.033
-2199.193
-2198.09
-2196.196
-2194.982
-2193.104
-2192.048
-2189.493
-2188.354
-2187.907
-2186.329
-2185.616
-2183.422
-2182.634
-2181.894
-2181.328
-2180.734
-2180.297
-2179.711
-2179.201
-2178.493
-2174.075
-2173.801
-2172.991
-2172.132
-2171.004
-2170.566
-2169.852
-2168.494
-2167.385
-2167.134
-2166.203
-2165.101
-2163.775
-2163.423
-2162.925
-2162.552
