91.8772029668
70.1460358467
73.5760296292
73.1775603584
55.9013070062
78.7019920714
73.787154851
69.2407518734
69.2407518734
69.2407518734
69.2407518734
69.2407518734
69.2407518734
69.2407518734
69.2407518734
69.2407518734
69.2407518734
69.2407518734
65.7409245752
65.7409245752
65.7409245752
65.7409245752
65.7409245752
65.7409245752
66.141403833
66.141403833
66.141403833
51.8124177104
51.8124177104
51.8124177104
51.8124177104
51.8124177104
51.8124177104
51.8124177104
51.8124177104
51.8124177104
51.8124177104
51.8124177104
51.8124177104
51.8124177104
51.8124177104
51.8124177104
51.8124177104
51.8124177104
51.8124177104
51.8124177104
51.8124177104
51.8124177104
51.8124177104
49.3322622226
49.3322622226
49.3322622226
49.3322622226
49.3322622226
49.3322622226
49.3322622226
49.3322622226
49.3322622226
49.3322622226
49.3322622226
49.3322622226
49.3322622226
49.3322622226
49.3322622226
49.3322622226
49.3322622226
49.3322622226
49.3322622226
49.3322622226
49.3322622226
49.3322622226
49.3322622226
49.3322622226
49.3322622226
49.3322622226
49.3322622226
49.3322622226
49.3322622226
49.3322622226
49.3322622226
49.3322622226
49.3322622226
49.3322622226
49.3322622226
49.3322622226
49.3322622226
49.3322622226
49.3322622226
49.3322622226
49.3322622226
49.3322622226
49.3322622226
49.3322622226
49.3322622226
49.3322622226
49.3322622226
49.3322622226
49.3322622226
49.3322622226
49.3322622226
