92.8384349502
70.7111902106
66.8156730416
73.4391100436
86.718427661
82.1766941718
82.5096003141
85.7819539064
82.7996188941
76.5578849042
65.5736389794
70.4164624502
64.8110692783
57.7863504731
63.7594985865
56.4029545325
48.1950815852
47.4527611842
48.087094828
49.1168563733
41.670862974
41.5509365598
38.230983979
33.1195084505
33.8259481611
31.8439972993
30.0999731561
32.4520559595
29.2051038177
26.881538572
26.2429777274
24.7249774317
24.6052093874
21.4403368677
21.3195577815
20.0903302362
20.9488770343
22.3095158172
22.4248865326
22.9739262861
24.8351108111
26.1368931015
24.7224379057
24.92390467
25.3595681351
26.9426413701
26.096872782
27.2047379881
28.3714205496
29.083515073
28.6683397496
28.9175244445
29.3708191918
30.0420677717
28.7605773412
28.475129429
28.3109352724
27.7136610537
28.5993049041
27.8654554063
28.7319305999
28.5386777725
28.7006123454
29.6597165192
29.3187109028
30.3025919848
30.5727601142
30.7371908931
30.7170975354
31.2337149407
31.4054480146
31.8802742303
32.1378826932
32.4771021029
32.9534614419
33.3615419458
34.1665174696
35.3911342712
35.9537628073
35.4309766871
35.9241813964
37.1916039584
34.9091916406
35.5938168928
34.946028172
35.4438184173
34.9314327791
35.5653461111
35.9176945808
36.0990916783
36.3603245448
36.5496623787
36.8314280065
36.8635457464
36.4709243645
36.9115158724
37.2651355693
36.3976453771
36.5928495884
36.4345469164
