-1666.116
-1662.088
-1653.97
-1650.305
-1645.773
-1644.229
-1640.355
-1638.001
-1635.685
-1633.716
-1632.538
-1629.978
-1628.599
-1627.169
-1626.857
-1625.865
-1625.276
-1624.452
-1624.105
-1623.18
-1622.74
-1622.483
-1621.87
-1621.563
-1621.007
-1620.697
-1620.536
-1620.213
-1619.806
-1619.493
-1619.367
-1619.02
-1618.819
-1618.726
-1618.393
-1618.28
-1617.99
-1617.825
-1617.749
-1617.585
-1617.435
-1617.323
-1617.306
-1617.226
-1617.096
-1616.955
-1616.95
-1616.838
-1616.807
-1616.806
-1616.696
-1616.646
-1616.576
-1616.536
-1616.529
-1616.516
-1616.476
-1616.449
-1616.449
-1616.437
-1616.432
-1616.432
-1616.429
-1616.385
-1616.385
-1616.385
-1616.385
-1616.384
-1616.384
-1616.379
-1616.379
-1616.379
-1616.379
-1616.379
-1616.379
-1616.379
-1616.379
-1616.379
-1616.379
-1616.379
-1616.378
-1616.378
-1616.378
-1616.378
-1616.378
-1616.338
-1616.338
-1616.338
-1616.338
-1616.338
-1616.338
-1616.338
-1616.338
-1616.338
-1616.338
-1616.338
-1616.338
-1616.338
-1616.338
-1616.338
