-611.6363
-601.8761
-599.986
-596.1002
-593.1274
-593.1274
-593.1274
-592.5586
-590.987
-589.9633
-589.9633
-589.9633
-589.5471
-589.5471
-589.0164
-589.0164
-589.0164
-589.0164
-589.0164
-589.0164
-589.0164
-589.0164
-589.0164
-589.0164
-589.0164
-589.0164
-589.0164
-589.0164
-589.0164
-589.0164
-589.0164
-589.0164
-589.0164
-589.0164
-589.0164
-589.0164
-589.0164
-589.0164
-588.5548
-588.5548
-588.5548
-588.5548
-588.5548
-588.5548
-587.3112
-587.3112
-587.3112
-587.3112
-587.3112
-587.3112
-587.3112
-587.3112
-587.3112
-587.3112
-587.3112
-587.3112
-587.3112
-587.3112
-587.3112
-587.3112
-587.3112
-587.3112
-587.3112
-587.3112
-587.3112
-587.3112
-587.3112
-587.3112
-587.3112
-587.3112
-587.3112
-587.3112
-587.3112
-587.3112
-587.3112
-587.3112
-587.3112
-587.3112
-587.3112
-587.3112
-587.3112
-587.3112
-587.3112
-587.3112
-587.3112
-587.3112
-587.3112
-587.3112
-587.3112
-587.3112
-587.3112
-587.3112
-587.3112
-587.3112
-587.3112
-587.3112
-587.3112
-587.3112
-586.2733
-586.2733
