4.50787139235
4.24002497752
3.60412530859
3.22656885251
3.51935099273
3.66729601205
3.39954482836
3.39954482836
2.70928220014
2.70928220014
2.70928220014
2.70928220014
2.70928220014
2.70928220014
2.70928220014
2.70928220014
2.70928220014
2.64784973327
2.64784973327
2.64784973327
2.64784973327
2.64784973327
2.64784973327
2.64784973327
2.67125629807
2.67125629807
2.67125629807
2.67125629807
2.67125629807
2.67125629807
2.67125629807
2.67125629807
2.67125629807
2.67125629807
2.67125629807
2.67125629807
2.67125629807
2.67125629807
2.67125629807
2.67125629807
2.67125629807
2.67125629807
2.67125629807
2.67125629807
2.67125629807
2.67125629807
2.67125629807
2.67125629807
2.67125629807
2.67125629807
2.67125629807
2.67125629807
2.67125629807
2.67125629807
2.67125629807
2.67125629807
2.67125629807
2.67125629807
2.67125629807
2.67125629807
2.67125629807
2.67125629807
2.67125629807
2.67125629807
2.67125629807
2.67125629807
2.67125629807
2.67125629807
2.67125629807
2.67125629807
2.67125629807
2.67125629807
2.67125629807
2.67125629807
2.67125629807
2.67125629807
2.67125629807
2.67125629807
2.67125629807
2.67125629807
2.67125629807
2.67125629807
2.67125629807
2.67125629807
2.67125629807
2.67125629807
2.67125629807
2.67125629807
2.67125629807
2.67125629807
2.67125629807
2.67125629807
2.67125629807
2.67125629807
2.67125629807
2.67125629807
2.67125629807
2.67125629807
2.67125629807
2.67125629807
