3.97874899434
4.33271568419
4.92019434169
4.43324450149
4.43324450149
4.04687652517
4.24160382403
4.14258780957
4.14258780957
3.0445348019
3.0445348019
3.28668417254
3.44012829557
3.44012829557
3.44012829557
3.44012829557
3.44012829557
3.44012829557
3.44012829557
3.44012829557
3.44012829557
3.44012829557
3.44012829557
3.44012829557
3.44012829557
3.44012829557
3.44012829557
3.24255360634
3.24255360634
3.24255360634
3.24255360634
3.24255360634
3.24255360634
3.24255360634
3.24255360634
3.24255360634
3.24255360634
3.24255360634
3.24255360634
3.24255360634
3.24255360634
3.24255360634
3.24255360634
3.24255360634
3.24255360634
3.24255360634
3.24255360634
3.24255360634
3.24255360634
3.24255360634
3.24255360634
3.24255360634
3.24255360634
3.24255360634
3.24255360634
3.24255360634
3.24255360634
3.24255360634
3.24255360634
3.24255360634
3.24255360634
3.24255360634
3.24255360634
3.24255360634
3.24255360634
3.24255360634
3.24255360634
3.24255360634
3.24255360634
3.24255360634
3.24255360634
3.24255360634
3.24255360634
3.24255360634
3.24255360634
3.24255360634
3.24255360634
3.24255360634
3.24255360634
3.24255360634
3.24255360634
3.24255360634
3.24255360634
3.24255360634
3.24255360634
3.24255360634
3.24255360634
3.24255360634
3.24255360634
3.24255360634
3.24255360634
3.24255360634
3.24255360634
3.24255360634
3.24255360634
3.24255360634
3.24255360634
3.24255360634
3.24255360634
3.24255360634
