-2043.924
-2041.675
-2040.427
-2039.135
-2037.759
-2036.93
-2036.257
-2035.305
-2034.67
-2034.192
-2033.181
-2032.776
-2032.542
-2032.122
-2031.761
-2031.562
-2031.188
-2031.042
-2030.772
-2030.613
-2030.304
-2030.165
-2029.96
-2029.648
-2029.464
-2029.368
-2029.201
-2029.07
-2028.966
-2028.901
-2028.889
-2028.831
-2028.74
-2028.627
-2028.497
-2028.479
-2028.409
-2028.347
-2028.246
-2028.226
-2028.169
-2028.088
-2027.967
-2027.924
-2027.922
-2027.902
-2027.902
-2027.857
-2027.803
-2027.76
-2027.759
-2027.695
-2027.695
-2027.667
-2027.615
-2027.612
-2027.56
-2027.56
-2027.542
-2027.538
-2027.518
-2027.506
-2027.506
-2027.466
-2027.466
-2027.448
-2027.448
-2027.445
-2027.445
-2027.445
-2027.445
-2027.445
-2027.445
-2027.445
-2027.445
-2027.44
-2027.44
-2027.44
-2027.44
-2027.405
-2027.405
-2027.405
-2027.405
-2027.405
-2027.405
-2027.384
-2027.384
-2027.384
-2027.384
-2027.384
-2027.384
-2027.384
-2027.384
-2027.384
-2027.384
-2027.384
-2027.384
-2027.384
-2027.381
-2027.364
