12.431449002
10.8671006639
8.1047940381
4.75834540991
5.59481090029
5.00187156572
6.00892722622
5.19934069282
4.74904032516
5.50755815675
4.89899410185
5.49084139272
5.91179150935
5.75433014781
4.8523117676
4.72770853691
5.48127647177
5.36275200247
5.42396051239
4.98523682085
5.44699308243
5.33502249386
5.3442622503
5.19185811054
4.86438072626
4.95899178866
5.21291836594
4.71158719011
4.63785509153
4.59465021084
4.48867051698
4.35440526364
4.10118517017
4.10933969027
4.21826953145
4.03916537047
3.72100816984
3.81878186861
3.67105995048
3.58792095231
3.4859675687
3.28264064588
3.09913830766
2.87788316128
2.86789023674
2.87579370088
2.63604564452
2.56379227708
2.33283344669
2.41066149428
2.30216022249
2.38815389789
2.24830896676
2.11867912625
2.06223748632
2.12002132301
1.95069791613
1.98360807873
1.77738651114
1.87166147847
1.75073707049
1.74389941224
1.5133252162
1.42879861772
1.38145219244
1.35192557487
1.28036285482
1.19670409459
1.11172126003
0.963597057903
0.830119051703
0.77277932814
0.759163678004
0.689839111678
0.685236754706
0.633757556168
0.622142981958
0.615332950524
0.616744201432
0.614576472052
0.591137082241
0.586166051559
0.59282497417
0.564045397109
0.560921170932
0.506007756858
0.503108149407
0.511807229335
0.519251230138
0.494456479379
0.444283119193
0.452325148538
0.468455857045
0.470701189716
0.470701189716
0.442791824676
0.442791824676
0.455375713011
0.428032580536
0.431007934962
