34.9867706998
36.8776640394
33.671213061
31.892642788
29.0633663054
29.9943183953
26.0243590507
33.3234056483
33.3234056483
27.8427429683
28.4116115171
28.4116115171
28.4116115171
28.4116115171
28.4116115171
26.3878253177
26.3878253177
26.3878253177
26.3878253177
26.3878253177
26.3878253177
26.3616250637
26.3616250637
26.3616250637
26.3616250637
26.3616250637
26.3616250637
26.3616250637
26.3616250637
26.3616250637
24.5753189399
24.5753189399
24.5753189399
24.5753189399
24.5753189399
24.5753189399
24.5753189399
24.5753189399
24.5753189399
24.5753189399
24.5753189399
24.5753189399
26.3658471512
26.3658471512
26.3658471512
26.3658471512
26.3658471512
26.3658471512
26.3658471512
26.3658471512
26.3658471512
26.3658471512
26.3658471512
26.3658471512
26.3658471512
26.3658471512
26.3658471512
26.3658471512
26.3658471512
26.3658471512
26.3658471512
26.3658471512
26.3658471512
26.3658471512
26.3658471512
26.3658471512
26.3658471512
26.3658471512
26.3658471512
26.3658471512
26.3658471512
26.3658471512
26.3658471512
26.3658471512
26.3658471512
26.3658471512
26.3658471512
26.3658471512
26.3658471512
26.3658471512
26.3658471512
26.3658471512
26.3658471512
26.3658471512
26.3658471512
26.3658471512
26.3658471512
26.3658471512
26.3658471512
26.3658471512
26.3658471512
26.3658471512
26.3658471512
26.3658471512
26.3658471512
26.3658471512
26.3658471512
26.3658471512
26.3658471512
26.3658471512
