-1294.545
-1242.82
-1232.402
-1225.857
-1224.106
-1220.551
-1218.16
-1217.257
-1217.257
-1217.257
-1217.257
-1217.257
-1217.257
-1216.647
-1216.647
-1212.572
-1212.572
-1212.572
-1212.572
-1212.572
-1212.572
-1212.572
-1207.203
-1207.203
-1207.203
-1207.203
-1207.203
-1207.203
-1207.203
-1207.203
-1207.203
-1207.203
-1207.203
-1207.203
-1206.658
-1206.658
-1206.658
-1206.658
-1206.658
-1206.658
-1206.658
-1206.658
-1206.658
-1198.612
-1198.612
-1198.612
-1198.612
-1198.612
-1198.612
-1198.612
-1195.009
-1195.009
-1195.009
-1195.009
-1195.009
-1195.009
-1195.009
-1195.009
-1195.009
-1195.009
-1195.009
-1195.009
-1195.009
-1195.009
-1195.009
-1195.009
-1195.009
-1195.009
-1195.009
-1195.009
-1195.009
-1195.009
-1195.009
-1195.009
-1195.009
-1195.009
-1195.009
-1195.009
-1195.009
-1195.009
-1195.009
-1195.009
-1195.009
-1195.009
-1195.009
-1195.009
-1195.009
-1195.009
-1195.009
-1195.009
-1195.009
-1195.009
-1195.009
-1195.009
-1195.009
-1195.009
-1195.009
-1195.009
-1195.009
-1195.009
