15.9437386695
10.522879977
9.954468034
10.2089184951
11.1592387146
11.7713921016
10.0203773382
7.86317167306
7.57896347069
7.49336227604
7.22797153356
6.58483585521
7.12708229502
5.47973237029
5.29428364276
4.24213681533
3.57132011447
3.64417656543
3.63173859329
2.50014684369
2.55113187625
2.21380071596
2.40381209956
2.2472931362
2.60139700161
2.32148634284
2.40444863534
2.41007743652
2.15983583635
1.90756410115
2.0825302975
1.93078938261
1.76395535374
1.89608408041
1.94930410403
1.82120999338
1.81311432624
1.78954766352
1.93506114632
1.64381545193
1.5798510721
1.61429064607
1.71967969111
1.71677284461
1.58333928455
1.46784910669
1.46260821822
1.35286661944
1.33695820428
1.30391038419
1.24676725976
1.22818316631
1.13927805649
0.977644214426
0.993261919133
0.946189093152
0.827060753512
0.818149521787
0.792880470185
0.737216447185
0.769703767692
0.756437201623
0.698880597813
0.683215698005
0.706957028397
0.656352504376
0.580435009282
0.541788971833
0.526854448591
0.555619735071
0.516663730099
0.545255618953
0.550932309817
0.480333467499
0.511436418336
0.4829285765
0.425388951432
0.405704769506
0.363797209995
0.363797209995
0.345299232551
0.316646506376
0.316646506376
0.321919244532
0.325877338887
0.301207171229
0.325291868942
0.318757917549
0.304426493591
0.299785523333
0.299785523333
0.235914476029
0.199546586039
0.199546586039
0.198085360388
0.198085360388
0.198085360388
0.200600124626
0.200600124626
0.200600124626
