-1447.643
-1431.118
-1426.64
-1413.931
-1393.257
-1386.268
-1383.512
-1383.512
-1378.934
-1371.993
-1368.648
-1368.648
-1368.648
-1368.648
-1367.944
-1367.944
-1367.944
-1367.944
-1367.944
-1367.944
-1367.944
-1367.944
-1367.944
-1367.944
-1367.944
-1367.944
-1367.944
-1367.944
-1367.944
-1365.759
-1365.759
-1365.759
-1365.759
-1365.759
-1365.759
-1365.759
-1365.759
-1365.759
-1365.759
-1365.759
-1365.759
-1365.759
-1365.759
-1365.759
-1365.759
-1365.759
-1365.759
-1365.759
-1365.759
-1365.759
-1364.523
-1364.523
-1364.523
-1363.756
-1363.756
-1363.756
-1363.756
-1363.756
-1363.756
-1363.756
-1363.756
-1363.756
-1363.756
-1363.756
-1363.756
-1363.756
-1363.756
-1363.756
-1363.756
-1363.756
-1363.756
-1363.756
-1363.756
-1363.756
-1363.756
-1363.756
-1363.756
-1363.756
-1363.756
-1363.756
-1363.756
-1363.756
-1363.756
-1363.756
-1363.756
-1363.756
-1363.756
-1363.756
-1363.756
-1363.756
-1363.756
-1363.756
-1363.756
-1363.756
-1363.756
-1363.756
-1363.756
-1363.756
-1363.756
-1363.756
