-1255.791
-1223.998
-1203.105
-1187.247
-1172.63
-1158.675
-1141.793
-1132.024
-1115.78
-1104.884
-1101.452
-1095.938
-1086.541
-1082.008
-1079.803
-1074.065
-1070.007
-1066.518
-1062.625
-1060.973
-1057.343
-1053.348
-1052.589
-1050.585
-1049.361
-1046.141
-1043.998
-1042.425
-1040.806
-1039.403
-1037.735
-1035.749
-1034.143
-1032.659
-1031.807
-1030.191
-1028.642
-1027.201
-1025.977
-1024.654
-1023.571
-1022.723
-1021.787
-1020.801
-1020.02
-1019.181
-1018.615
-1017.837
-1017.422
-1016.634
-1015.838
-1015.397
-1014.593
-1013.59
-1012.93
-1012.508
-1012.02
-1011.514
-1011.121
-1010.458
-1010.125
-1009.556
-1009.154
-1008.594
-1008.016
-1007.676
-1007.297
-1006.894
-1006.428
-1005.995
-1005.6515
-1005.2155
-1004.6324
-1004.3566
-1004.0286
-1003.7283
-1003.5043
-1003.0833
-1002.8513
-1002.5661
-1002.3036
-1002.0731
-1001.9147
-1001.5553
-1001.096
-1000.8294
-1000.6177
-1000.4902
-1000.2234
-1000.0237
-999.6734
-999.3919
-999.0267
-998.6092
-998.4615
-998.1688
-998.0393
-997.7924
-997.6393
-997.5513
