40.387292556
34.4285715649
31.3233249991
36.6634867954
34.3915682108
24.6713036745
21.1097490511
23.4429673036
12.4454467176
10.9420614603
13.2183179338
12.8594191548
14.7476704601
14.9255211299
12.6001511499
12.3785590438
10.7623204282
10.3061494264
8.55466545225
8.87745689936
8.1512330969
6.39204888905
7.97573169057
7.69982785522
8.03860186848
7.77762663028
7.35889998573
7.18372633109
7.53467982067
7.13599530549
6.50639692918
6.66428660848
6.45356994229
5.86140563346
5.88289291081
6.16076789045
6.4175575572
6.69569533357
6.6074479945
5.90625228042
6.18665022448
5.28314678956
5.83023361453
5.6805813963
5.78217614744
5.96765079407
5.69132181483
5.93575740744
5.95685353186
6.13444015375
5.82306148001
5.55027107446
5.69733832592
5.32210757125
5.17554876317
4.53892288985
4.78365383363
4.89337061748
4.79594422403
4.66006437724
4.61265314109
4.27995513995
4.24371641371
4.20179295063
4.30897447196
3.54225069694
3.56097528775
3.47120670661
3.6460429235
3.30006984775
3.36048523282
3.43254147826
3.169843687
2.69132235156
2.75906143462
2.79648797602
2.30316217406
2.38675532889
2.26822309308
2.27134959881
2.303339671
2.20000072727
1.75970759219
1.88397044563
1.96929551871
1.85719012489
1.91152275425
2.00660092943
1.86231310203
1.88876124484
1.97842740579
1.97653475558
1.9520993443
1.80525894265
1.80134234392
1.81977889866
1.64759242836
1.6395135742
1.66048125855
1.63269360567
