9.49304419878
11.3629253016
13.7825955016
11.5009584644
11.2167363596
10.4235767393
10.3219221374
10.9879019021
10.3157064809
10.3850094102
10.3850094102
10.3850094102
10.3850094102
10.3850094102
10.8462238701
10.8462238701
10.8462238701
10.8462238701
10.8462238701
10.8462238701
10.8462238701
10.8462238701
10.8462238701
10.8462238701
10.8462238701
10.8462238701
10.8462238701
10.8462238701
10.1648884027
10.1648884027
10.1648884027
10.1648884027
10.1648884027
10.1648884027
10.1648884027
10.1648884027
10.1648884027
10.1648884027
10.1648884027
10.1648884027
10.1648884027
10.1648884027
10.1648884027
10.1648884027
10.1648884027
10.1648884027
10.1648884027
10.1648884027
10.1648884027
10.1648884027
10.1648884027
10.1648884027
10.1648884027
10.1648884027
10.1648884027
10.1648884027
10.1648884027
10.1648884027
10.1648884027
10.1648884027
10.1648884027
10.1648884027
9.59942574532
9.59942574532
9.59942574532
9.59942574532
9.59942574532
9.59942574532
9.59942574532
9.59942574532
9.59942574532
9.59942574532
9.59942574532
9.59942574532
9.59942574532
9.59942574532
9.59942574532
9.59942574532
9.59942574532
9.59942574532
9.59942574532
9.59942574532
9.59942574532
9.59942574532
9.59942574532
9.59942574532
9.59942574532
9.59942574532
9.59942574532
9.59942574532
9.59942574532
9.59942574532
9.59942574532
9.59942574532
9.59942574532
9.59942574532
9.59942574532
9.59942574532
9.59942574532
9.59942574532
