-1314.341
-1286.697
-1258.52
-1244.15
-1222.578
-1206.819
-1191.322
-1174.869
-1155.88
-1142.794
-1132.531
-1128.424
-1118.857
-1113.575
-1108.509
-1100.885
-1095.019
-1091.406
-1086.514
-1082.874
-1078.88
-1075.651
-1073.29
-1071.058
-1068.345
-1064.217
-1061.687
-1060.063
-1057.86
-1055.299
-1053.654
-1051.657
-1049.193
-1047.577
-1046.151
-1045.028
-1043.328
-1041.156
-1038.981
-1037.649
-1036.267
-1035.55
-1034.088
-1032.495
-1031.356
-1029.377
-1028.285
-1027.544
-1026.272
-1025.401
-1024.915
-1024.267
-1023.243
-1022.201
-1021.356
-1020.901
-1020.101
-1019.0
-1018.322
-1017.487
-1016.612
-1015.739
-1015.154
-1014.574
-1013.262
-1012.619
-1012.523
-1011.667
-1010.91
-1010.293
-1009.735
-1009.616
-1008.725
-1008.127
-1007.885
-1007.213
-1006.758
-1006.357
-1005.942
-1005.539
-1005.145
-1004.48
-1004.0641
-1003.6518
-1003.1838
-1002.7429
-1002.4108
-1002.2799
-1001.8169
-1001.5434
-1001.3619
-1000.8429
-1000.6777
-1000.3526
-1000.0758
-999.9029
-999.5127
-999.2126
-998.8013
-998.5907
