% function evaluation | noise-free fitness - Fopt (-5.235000000000e+01) | best noise-free fitness - Fopt | measured fitness | best measured fitness | x1 | x2...
1 +1.447089531e+02 +1.447089531e+02 +9.235895312e+01 +9.235895312e+01
410 +9.898768289e+01 +9.898768289e+01 +4.663768289e+01 +4.663768289e+01
546 +6.296591697e+01 +6.296591697e+01 +1.061591697e+01 +1.061591697e+01
725 +3.860622248e+01 +3.860622248e+01 -1.374377752e+01 -1.374377752e+01
793 +2.439964637e+01 +2.439964637e+01 -2.795035363e+01 -2.795035363e+01
863 +1.481700736e+01 +1.481700736e+01 -3.753299264e+01 -3.753299264e+01
978 +9.819035016e+00 +9.819035016e+00 -4.253096498e+01 -4.253096498e+01
1093 +5.895384453e+00 +5.895384453e+00 -4.645461555e+01 -4.645461555e+01
1182 +3.894273936e+00 +3.894273936e+00 -4.845572606e+01 -4.845572606e+01
1326 +2.328688861e+00 +2.328688861e+00 -5.002131114e+01 -5.002131114e+01
1448 +1.564938415e+00 +1.564938415e+00 -5.078506159e+01 -5.078506159e+01
1527 +9.438630930e-01 +9.438630930e-01 -5.140613691e+01 -5.140613691e+01
1639 +6.222504782e-01 +6.222504782e-01 -5.172774952e+01 -5.172774952e+01
1651 +3.962982981e-01 +3.962982981e-01 -5.195370170e+01 -5.195370170e+01
1746 +2.332727535e-01 +2.332727535e-01 -5.211672725e+01 -5.211672725e+01
1941 +1.398753225e-01 +1.398753225e-01 -5.221012468e+01 -5.221012468e+01
2052 +9.453010401e-02 +9.453010401e-02 -5.225546990e+01 -5.225546990e+01
2238 +5.787044577e-02 +5.787044577e-02 -5.229212955e+01 -5.229212955e+01
2474 +3.827348381e-02 +3.827348381e-02 -5.231172652e+01 -5.231172652e+01
2712 +2.503125414e-02 +2.503125414e-02 -5.232496875e+01 -5.232496875e+01
3029 +1.579035825e-02 +1.579035825e-02 -5.233420964e+01 -5.233420964e+01
3437 +9.994693289e-03 +9.994693289e-03 -5.234000531e+01 -5.234000531e+01
3785 +6.264485415e-03 +6.264485415e-03 -5.234373551e+01 -5.234373551e+01
4495 +3.973317238e-03 +3.973317238e-03 -5.234602668e+01 -5.234602668e+01
5731 +2.500942030e-03 +2.500942030e-03 -5.234749906e+01 -5.234749906e+01
8098 +1.584815416e-03 +1.584815416e-03 -5.234841518e+01 -5.234841518e+01
11711 +9.996922969e-04 +9.996922969e-04 -5.234900031e+01 -5.234900031e+01
17252 +6.304979421e-04 +6.304979421e-04 -5.234936950e+01 -5.234936950e+01
26991 +3.980386779e-04 +3.980386779e-04 -5.234960196e+01 -5.234960196e+01
44798 +2.510944761e-04 +2.510944761e-04 -5.234974891e+01 -5.234974891e+01
75608 +1.584822437e-04 +1.584822437e-04 -5.234984152e+01 -5.234984152e+01
129996 +9.999827102e-05 +9.999827102e-05 -5.234990000e+01 -5.234990000e+01
% function evaluation | noise-free fitness - Fopt (-1.795400000000e+02) | best noise-free fitness - Fopt | measured fitness | best measured fitness | x1 | x2...
1 +1.735308113e+02 +1.735308113e+02 -6.009188721e+00 -6.009188721e+00
147 +1.374373889e+02 +1.374373889e+02 -4.210261108e+01 -4.210261108e+01
273 +9.156385269e+01 +9.156385269e+01 -8.797614731e+01 -8.797614731e+01
436 +6.169040041e+01 +6.169040041e+01 -1.178495996e+02 -1.178495996e+02
505 +3.961410223e+01 +3.961410223e+01 -1.399258978e+02 -1.399258978e+02
760 +2.470296746e+01 +2.470296746e+01 -1.548370325e+02 -1.548370325e+02
936 +1.502926997e+01 +1.502926997e+01 -1.645107300e+02 -1.645107300e+02
1030 +9.806302982e+00 +9.806302982e+00 -1.697336970e+02 -1.697336970e+02
1148 +6.307325089e+00 +6.307325089e+00 -1.732326749e+02 -1.732326749e+02
1282 +3.932637187e+00 +3.932637187e+00 -1.756073628e+02 -1.756073628e+02
1387 +2.489953017e+00 +2.489953017e+00 -1.770500470e+02 -1.770500470e+02
1493 +1.551693969e+00 +1.551693969e+00 -1.779883060e+02 -1.779883060e+02
1580 +9.552491927e-01 +9.552491927e-01 -1.785847508e+02 -1.785847508e+02
1672 +6.305278631e-01 +6.305278631e-01 -1.789094721e+02 -1.789094721e+02
1840 +3.752884998e-01 +3.752884998e-01 -1.791647115e+02 -1.791647115e+02
1999 +2.474330650e-01 +2.474330650e-01 -1.792925669e+02 -1.792925669e+02
2094 +1.557704030e-01 +1.557704030e-01 -1.793842296e+02 -1.793842296e+02
2271 +9.822067625e-02 +9.822067625e-02 -1.794417793e+02 -1.794417793e+02
2438 +6.181386768e-02 +6.181386768e-02 -1.794781861e+02 -1.794781861e+02
2615 +3.864036271e-02 +3.864036271e-02 -1.795013596e+02 -1.795013596e+02
2790 +2.466521515e-02 +2.466521515e-02 -1.795153348e+02 -1.795153348e+02
2972 +1.581811460e-02 +1.581811460e-02 -1.795241819e+02 -1.795241819e+02
3181 +9.699866237e-03 +9.699866237e-03 -1.795303001e+02 -1.795303001e+02
3773 +6.244112521e-03 +6.244112521e-03 -1.795337559e+02 -1.795337559e+02
4497 +3.976970002e-03 +3.976970002e-03 -1.795360230e+02 -1.795360230e+02
5804 +2.508391132e-03 +2.508391132e-03 -1.795374916e+02 -1.795374916e+02
7661 +1.581381044e-03 +1.581381044e-03 -1.795384186e+02 -1.795384186e+02
11242 +9.996756415e-04 +9.996756415e-04 -1.795390003e+02 -1.795390003e+02
17432 +6.304698366e-04 +6.304698366e-04 -1.795393695e+02 -1.795393695e+02
27458 +3.980587006e-04 +3.980587006e-04 -1.795396019e+02 -1.795396019e+02
44549 +2.511697946e-04 +2.511697946e-04 -1.795397488e+02 -1.795397488e+02
73944 +1.584660503e-04 +1.584660503e-04 -1.795398415e+02 -1.795398415e+02
124559 +9.999740075e-05 +9.999740075e-05 -1.795399000e+02 -1.795399000e+02
% function evaluation | noise-free fitness - Fopt (7.731000000000e+01) | best noise-free fitness - Fopt | measured fitness | best measured fitness | x1 | x2...
1 +3.139310484e+02 +3.139310484e+02 +3.912410484e+02 +3.912410484e+02
151 +2.031160025e+02 +2.031160025e+02 +2.804260025e+02 +2.804260025e+02
291 +1.309097966e+02 +1.309097966e+02 +2.082197966e+02 +2.082197966e+02
342 +9.801919774e+01 +9.801919774e+01 +1.753291977e+02 +1.753291977e+02
457 +6.278734202e+01 +6.278734202e+01 +1.400973420e+02 +1.400973420e+02
642 +3.716191319e+01 +3.716191319e+01 +1.144719132e+02 +1.144719132e+02
787 +2.479833029e+01 +2.479833029e+01 +1.021083303e+02 +1.021083303e+02
1017 +1.580641493e+01 +1.580641493e+01 +9.311641493e+01 +9.311641493e+01
1155 +9.907946617e+00 +9.907946617e+00 +8.721794662e+01 +8.721794662e+01
1272 +6.297438100e+00 +6.297438100e+00 +8.360743810e+01 +8.360743810e+01
1392 +3.748801965e+00 +3.748801965e+00 +8.105880196e+01 +8.105880196e+01
1536 +2.468086676e+00 +2.468086676e+00 +7.977808668e+01 +7.977808668e+01
1600 +1.538706554e+00 +1.538706554e+00 +7.884870655e+01 +7.884870655e+01
1680 +9.603250387e-01 +9.603250387e-01 +7.827032504e+01 +7.827032504e+01
1782 +6.062486048e-01 +6.062486048e-01 +7.791624860e+01 +7.791624860e+01
1927 +3.917207265e-01 +3.917207265e-01 +7.770172073e+01 +7.770172073e+01
1973 +2.073843047e-01 +2.073843047e-01 +7.751738430e+01 +7.751738430e+01
2109 +1.546289350e-01 +1.546289350e-01 +7.746462893e+01 +7.746462893e+01
2208 +9.965197050e-02 +9.965197050e-02 +7.740965197e+01 +7.740965197e+01
2444 +6.029851463e-02 +6.029851463e-02 +7.737029851e+01 +7.737029851e+01
2547 +3.635340649e-02 +3.635340649e-02 +7.734635341e+01 +7.734635341e+01
2813 +2.483114445e-02 +2.483114445e-02 +7.733483114e+01 +7.733483114e+01
3112 +1.577191901e-02 +1.577191901e-02 +7.732577192e+01 +7.732577192e+01
3433 +9.832933976e-03 +9.832933976e-03 +7.731983293e+01 +7.731983293e+01
3896 +6.282050973e-03 +6.282050973e-03 +7.731628205e+01 +7.731628205e+01
4545 +3.976366941e-03 +3.976366941e-03 +7.731397637e+01 +7.731397637e+01
5824 +2.505889160e-03 +2.505889160e-03 +7.731250589e+01 +7.731250589e+01
8229 +1.584202138e-03 +1.584202138e-03 +7.731158420e+01 +7.731158420e+01
11844 +9.990952840e-04 +9.990952840e-04 +7.731099910e+01 +7.731099910e+01
17904 +6.307646206e-04 +6.307646206e-04 +7.731063076e+01 +7.731063076e+01
28471 +3.980844014e-04 +3.980844014e-04 +7.731039808e+01 +7.731039808e+01
46664 +2.511775896e-04 +2.511775896e-04 +7.731025118e+01 +7.731025118e+01
77686 +1.584852615e-04 +1.584852615e-04 +7.731015849e+01 +7.731015849e+01
129691 +9.999692907e-05 +9.999692907e-05 +7.731010000e+01 +7.731010000e+01
% function evaluation | noise-free fitness - Fopt (3.992000000000e+01) | best noise-free fitness - Fopt | measured fitness | best measured fitness | x1 | x2...
1 +9.253626573e+01 +9.253626573e+01 +1.324562657e+02 +1.324562657e+02
331 +5.629770825e+01 +5.629770825e+01 +9.621770825e+01 +9.621770825e+01
479 +3.771442561e+01 +3.771442561e+01 +7.763442561e+01 +7.763442561e+01
678 +2.471142712e+01 +2.471142712e+01 +6.463142712e+01 +6.463142712e+01
783 +1.543452324e+01 +1.543452324e+01 +5.535452324e+01 +5.535452324e+01
938 +9.439423621e+00 +9.439423621e+00 +4.935942362e+01 +4.935942362e+01
982 +6.232285343e+00 +6.232285343e+00 +4.615228534e+01 +4.615228534e+01
1139 +3.487154706e+00 +3.487154706e+00 +4.340715471e+01 +4.340715471e+01
1225 +2.442829182e+00 +2.442829182e+00 +4.236282918e+01 +4.236282918e+01
1338 +1.548357869e+00 +1.548357869e+00 +4.146835787e+01 +4.146835787e+01
1437 +9.854983343e-01 +9.854983343e-01 +4.090549833e+01 +4.090549833e+01
1512 +5.941870926e-01 +5.941870926e-01 +4.051418709e+01 +4.051418709e+01
1563 +3.771174288e-01 +3.771174288e-01 +4.029711743e+01 +4.029711743e+01
1748 +2.429446476e-01 +2.429446476e-01 +4.016294465e+01 +4.016294465e+01
1876 +1.530604945e-01 +1.530604945e-01 +4.007306049e+01 +4.007306049e+01
1985 +9.941523578e-02 +9.941523578e-02 +4.001941524e+01 +4.001941524e+01
2085 +6.039061493e-02 +6.039061493e-02 +3.998039061e+01 +3.998039061e+01
2220 +3.394680774e-02 +3.394680774e-02 +3.995394681e+01 +3.995394681e+01
2393 +2.486734271e-02 +2.486734271e-02 +3.994486734e+01 +3.994486734e+01
2696 +1.559907151e-02 +1.559907151e-02 +3.993559907e+01 +3.993559907e+01
3046 +9.938638486e-03 +9.938638486e-03 +3.992993864e+01 +3.992993864e+01
3498 +6.295836513e-03 +6.295836513e-03 +3.992629584e+01 +3.992629584e+01
4236 +3.977329180e-03 +3.977329180e-03 +3.992397733e+01 +3.992397733e+01
5253 +2.510221353e-03 +2.510221353e-03 +3.992251022e+01 +3.992251022e+01
7082 +1.584521275e-03 +1.584521275e-03 +3.992158452e+01 +3.992158452e+01
10453 +9.999429278e-04 +9.999429278e-04 +3.992099994e+01 +3.992099994e+01
15606 +6.308807076e-04 +6.308807076e-04 +3.992063088e+01 +3.992063088e+01
25099 +3.981056594e-04 +3.981056594e-04 +3.992039811e+01 +3.992039811e+01
41113 +2.511695722e-04 +2.511695722e-04 +3.992025117e+01 +3.992025117e+01
67253 +1.584892782e-04 +1.584892782e-04 +3.992015849e+01 +3.992015849e+01
113750 +9.999852346e-05 +9.999852346e-05 +3.992010000e+01 +3.992010000e+01
% function evaluation | noise-free fitness - Fopt (-5.661000000000e+01) | best noise-free fitness - Fopt | measured fitness | best measured fitness | x1 | x2...
1 +3.273403735e+02 +3.273403735e+02 +2.707303735e+02 +2.707303735e+02
70 +2.423396853e+02 +2.423396853e+02 +1.857296853e+02 +1.857296853e+02
222 +1.465324013e+02 +1.465324013e+02 +8.992240131e+01 +8.992240131e+01
396 +9.796492348e+01 +9.796492348e+01 +4.135492348e+01 +4.135492348e+01
511 +6.223644698e+01 +6.223644698e+01 +5.626446982e+00 +5.626446982e+00
704 +3.885033938e+01 +3.885033938e+01 -1.775966062e+01 -1.775966062e+01
847 +2.442991560e+01 +2.442991560e+01 -3.218008440e+01 -3.218008440e+01
942 +1.516049653e+01 +1.516049653e+01 -4.144950347e+01 -4.144950347e+01
1023 +9.946585544e+00 +9.946585544e+00 -4.666341446e+01 -4.666341446e+01
1180 +6.272588618e+00 +6.272588618e+00 -5.033741138e+01 -5.033741138e+01
1260 +3.972585865e+00 +3.972585865e+00 -5.263741414e+01 -5.263741414e+01
1345 +2.347594050e+00 +2.347594050e+00 -5.426240595e+01 -5.426240595e+01
1452 +1.465731160e+00 +1.465731160e+00 -5.514426884e+01 -5.514426884e+01
1476 +9.925839719e-01 +9.925839719e-01 -5.561741603e+01 -5.561741603e+01
1599 +5.572785038e-01 +5.572785038e-01 -5.605272150e+01 -5.605272150e+01
1732 +3.871145160e-01 +3.871145160e-01 -5.622288548e+01 -5.622288548e+01
1892 +2.176218861e-01 +2.176218861e-01 -5.639237811e+01 -5.639237811e+01
2029 +1.484250093e-01 +1.484250093e-01 -5.646157499e+01 -5.646157499e+01
2135 +9.522354499e-02 +9.522354499e-02 -5.651477646e+01 -5.651477646e+01
2236 +5.966749280e-02 +5.966749280e-02 -5.655033251e+01 -5.655033251e+01
2393 +3.927032924e-02 +3.927032924e-02 -5.657072967e+01 -5.657072967e+01
2575 +2.463448419e-02 +2.463448419e-02 -5.658536552e+01 -5.658536552e+01
2774 +1.577028981e-02 +1.577028981e-02 -5.659422971e+01 -5.659422971e+01
3099 +9.989919240e-03 +9.989919240e-03 -5.660001008e+01 -5.660001008e+01
3556 +6.221082273e-03 +6.221082273e-03 -5.660377892e+01 -5.660377892e+01
4269 +3.965205689e-03 +3.965205689e-03 -5.660603479e+01 -5.660603479e+01
5489 +2.504711173e-03 +2.504711173e-03 -5.660749529e+01 -5.660749529e+01
7709 +1.584870560e-03 +1.584870560e-03 -5.660841513e+01 -5.660841513e+01
11446 +9.996092368e-04 +9.996092368e-04 -5.660900039e+01 -5.660900039e+01
17363 +6.308790907e-04 +6.308790907e-04 -5.660936912e+01 -5.660936912e+01
27569 +3.980749351e-04 +3.980749351e-04 -5.660960193e+01 -5.660960193e+01
43588 +2.511554058e-04 +2.511554058e-04 -5.660974884e+01 -5.660974884e+01
72768 +1.584824472e-04 +1.584824472e-04 -5.660984152e+01 -5.660984152e+01
120800 +9.999571573e-05 +9.999571573e-05 -5.660990000e+01 -5.660990000e+01
% function evaluation | noise-free fitness - Fopt (1.620000000000e+01) | best noise-free fitness - Fopt | measured fitness | best measured fitness | x1 | x2...
1 +1.969153585e+02 +1.969153585e+02 +2.131153585e+02 +2.131153585e+02
93 +1.548664389e+02 +1.548664389e+02 +1.710664389e+02 +1.710664389e+02
340 +9.587037952e+01 +9.587037952e+01 +1.120703795e+02 +1.120703795e+02
400 +6.253223295e+01 +6.253223295e+01 +7.873223295e+01 +7.873223295e+01
550 +3.682071370e+01 +3.682071370e+01 +5.302071370e+01 +5.302071370e+01
693 +2.394430382e+01 +2.394430382e+01 +4.014430382e+01 +4.014430382e+01
846 +1.572836745e+01 +1.572836745e+01 +3.192836745e+01 +3.192836745e+01
1020 +9.950854079e+00 +9.950854079e+00 +2.615085408e+01 +2.615085408e+01
1129 +6.198318915e+00 +6.198318915e+00 +2.239831892e+01 +2.239831892e+01
1247 +3.890818438e+00 +3.890818438e+00 +2.009081844e+01 +2.009081844e+01
1337 +2.373955405e+00 +2.373955405e+00 +1.857395541e+01 +1.857395541e+01
1374 +1.515107552e+00 +1.515107552e+00 +1.771510755e+01 +1.771510755e+01
1511 +9.565801120e-01 +9.565801120e-01 +1.715658011e+01 +1.715658011e+01
1567 +5.554268548e-01 +5.554268548e-01 +1.675542685e+01 +1.675542685e+01
1674 +3.694757581e-01 +3.694757581e-01 +1.656947576e+01 +1.656947576e+01
1782 +2.360394838e-01 +2.360394838e-01 +1.643603948e+01 +1.643603948e+01
1970 +1.538093674e-01 +1.538093674e-01 +1.635380937e+01 +1.635380937e+01
2103 +9.926072354e-02 +9.926072354e-02 +1.629926072e+01 +1.629926072e+01
2269 +6.196331301e-02 +6.196331301e-02 +1.626196331e+01 +1.626196331e+01
2436 +3.961587397e-02 +3.961587397e-02 +1.623961587e+01 +1.623961587e+01
2543 +2.375960984e-02 +2.375960984e-02 +1.622375961e+01 +1.622375961e+01
2739 +1.572040944e-02 +1.572040944e-02 +1.621572041e+01 +1.621572041e+01
3093 +9.870510541e-03 +9.870510541e-03 +1.620987051e+01 +1.620987051e+01
3517 +6.291737030e-03 +6.291737030e-03 +1.620629174e+01 +1.620629174e+01
4268 +3.968996112e-03 +3.968996112e-03 +1.620396900e+01 +1.620396900e+01
5459 +2.509583289e-03 +2.509583289e-03 +1.620250958e+01 +1.620250958e+01
7259 +1.584086846e-03 +1.584086846e-03 +1.620158409e+01 +1.620158409e+01
10533 +9.993327843e-04 +9.993327843e-04 +1.620099933e+01 +1.620099933e+01
15489 +6.307221794e-04 +6.307221794e-04 +1.620063072e+01 +1.620063072e+01
24449 +3.981020805e-04 +3.981020805e-04 +1.620039810e+01 +1.620039810e+01
39185 +2.511717859e-04 +2.511717859e-04 +1.620025117e+01 +1.620025117e+01
64678 +1.584845660e-04 +1.584845660e-04 +1.620015848e+01 +1.620015848e+01
109105 +9.999792900e-05 +9.999792900e-05 +1.620010000e+01 +1.620010000e+01
% function evaluation | noise-free fitness - Fopt (-5.327000000000e+01) | best noise-free fitness - Fopt | measured fitness | best measured fitness | x1 | x2...
1 +5.870069921e+02 +5.870069921e+02 +5.337369921e+02 +5.337369921e+02
76 +3.790188562e+02 +3.790188562e+02 +3.257488562e+02 +3.257488562e+02
331 +2.484136650e+02 +2.484136650e+02 +1.951436650e+02 +1.951436650e+02
452 +1.568087988e+02 +1.568087988e+02 +1.035387988e+02 +1.035387988e+02
601 +9.347656784e+01 +9.347656784e+01 +4.020656784e+01 +4.020656784e+01
752 +5.856456159e+01 +5.856456159e+01 +5.294561590e+00 +5.294561590e+00
897 +3.920937972e+01 +3.920937972e+01 -1.406062028e+01 -1.406062028e+01
1078 +2.492791643e+01 +2.492791643e+01 -2.834208357e+01 -2.834208357e+01
1227 +1.567049019e+01 +1.567049019e+01 -3.759950981e+01 -3.759950981e+01
1396 +9.988377929e+00 +9.988377929e+00 -4.328162207e+01 -4.328162207e+01
1518 +6.139305578e+00 +6.139305578e+00 -4.713069442e+01 -4.713069442e+01
1594 +3.875995903e+00 +3.875995903e+00 -4.939400410e+01 -4.939400410e+01
1711 +2.503344835e+00 +2.503344835e+00 -5.076665517e+01 -5.076665517e+01
1757 +1.500054719e+00 +1.500054719e+00 -5.176994528e+01 -5.176994528e+01
1853 +9.689709462e-01 +9.689709462e-01 -5.230102905e+01 -5.230102905e+01
1925 +5.405537369e-01 +5.405537369e-01 -5.272944626e+01 -5.272944626e+01
2054 +3.739315367e-01 +3.739315367e-01 -5.289606846e+01 -5.289606846e+01
2198 +2.414280113e-01 +2.414280113e-01 -5.302857199e+01 -5.302857199e+01
2356 +1.510623598e-01 +1.510623598e-01 -5.311893764e+01 -5.311893764e+01
2475 +9.808237805e-02 +9.808237805e-02 -5.317191762e+01 -5.317191762e+01
2579 +6.154790420e-02 +6.154790420e-02 -5.320845210e+01 -5.320845210e+01
2932 +3.756541735e-02 +3.756541735e-02 -5.323243458e+01 -5.323243458e+01
3106 +2.396476455e-02 +2.396476455e-02 -5.324603524e+01 -5.324603524e+01
3277 +1.547726313e-02 +1.547726313e-02 -5.325452274e+01 -5.325452274e+01
3544 +9.953445017e-03 +9.953445017e-03 -5.326004655e+01 -5.326004655e+01
4148 +6.289262198e-03 +6.289262198e-03 -5.326371074e+01 -5.326371074e+01
4919 +3.968351475e-03 +3.968351475e-03 -5.326603165e+01 -5.326603165e+01
6149 +2.511461696e-03 +2.511461696e-03 -5.326748854e+01 -5.326748854e+01
8497 +1.578771332e-03 +1.578771332e-03 -5.326842123e+01 -5.326842123e+01
12037 +9.999624090e-04 +9.999624090e-04 -5.326900004e+01 -5.326900004e+01
18132 +6.308326412e-04 +6.308326412e-04 -5.326936917e+01 -5.326936917e+01
28426 +3.980640637e-04 +3.980640637e-04 -5.326960194e+01 -5.326960194e+01
46498 +2.511698772e-04 +2.511698772e-04 -5.326974883e+01 -5.326974883e+01
76746 +1.584844885e-04 +1.584844885e-04 -5.326984152e+01 -5.326984152e+01
127073 +9.999892269e-05 +9.999892269e-05 -5.326990000e+01 -5.326990000e+01
% function evaluation | noise-free fitness - Fopt (-1.000000000000e+03) | best noise-free fitness - Fopt | measured fitness | best measured fitness | x1 | x2...
1 +8.881015699e+02 +8.881015699e+02 -1.118984301e+02 -1.118984301e+02
6 +4.815433423e+02 +4.815433423e+02 -5.184566577e+02 -5.184566577e+02
141 +3.733752258e+02 +3.733752258e+02 -6.266247742e+02 -6.266247742e+02
268 +2.367982967e+02 +2.367982967e+02 -7.632017033e+02 -7.632017033e+02
420 +1.576530189e+02 +1.576530189e+02 -8.423469811e+02 -8.423469811e+02
626 +9.882799010e+01 +9.882799010e+01 -9.011720099e+02 -9.011720099e+02
778 +6.288137096e+01 +6.288137096e+01 -9.371186290e+02 -9.371186290e+02
986 +3.934533415e+01 +3.934533415e+01 -9.606546659e+02 -9.606546659e+02
1118 +2.396682071e+01 +2.396682071e+01 -9.760331793e+02 -9.760331793e+02
1230 +1.579868520e+01 +1.579868520e+01 -9.842013148e+02 -9.842013148e+02
1403 +9.180763693e+00 +9.180763693e+00 -9.908192363e+02 -9.908192363e+02
1483 +6.242352145e+00 +6.242352145e+00 -9.937576479e+02 -9.937576479e+02
1542 +3.931855393e+00 +3.931855393e+00 -9.960681446e+02 -9.960681446e+02
1681 +2.488108008e+00 +2.488108008e+00 -9.975118920e+02 -9.975118920e+02
1772 +1.573972107e+00 +1.573972107e+00 -9.984260279e+02 -9.984260279e+02
1869 +9.995049535e-01 +9.995049535e-01 -9.990004950e+02 -9.990004950e+02
1989 +6.063198099e-01 +6.063198099e-01 -9.993936802e+02 -9.993936802e+02
2026 +3.862882300e-01 +3.862882300e-01 -9.996137118e+02 -9.996137118e+02
2121 +2.447826039e-01 +2.447826039e-01 -9.997552174e+02 -9.997552174e+02
2224 +1.438167809e-01 +1.438167809e-01 -9.998561832e+02 -9.998561832e+02
2378 +9.152132040e-02 +9.152132040e-02 -9.999084787e+02 -9.999084787e+02
2507 +5.793460377e-02 +5.793460377e-02 -9.999420654e+02 -9.999420654e+02
2617 +3.783930128e-02 +3.783930128e-02 -9.999621607e+02 -9.999621607e+02
2806 +2.486985752e-02 +2.486985752e-02 -9.999751301e+02 -9.999751301e+02
3136 +1.579754618e-02 +1.579754618e-02 -9.999842025e+02 -9.999842025e+02
3611 +9.992141550e-03 +9.992141550e-03 -9.999900079e+02 -9.999900079e+02
4174 +6.305766452e-03 +6.305766452e-03 -9.999936942e+02 -9.999936942e+02
5018 +3.969266568e-03 +3.969266568e-03 -9.999960307e+02 -9.999960307e+02
6126 +2.510062599e-03 +2.510062599e-03 -9.999974899e+02 -9.999974899e+02
8190 +1.584574990e-03 +1.584574990e-03 -9.999984154e+02 -9.999984154e+02
11715 +9.990942848e-04 +9.990942848e-04 -9.999990009e+02 -9.999990009e+02
17365 +6.306147332e-04 +6.306147332e-04 -9.999993694e+02 -9.999993694e+02
27508 +3.980904287e-04 +3.980904287e-04 -9.999996019e+02 -9.999996019e+02
44094 +2.511819107e-04 +2.511819107e-04 -9.999997488e+02 -9.999997488e+02
73284 +1.584677132e-04 +1.584677132e-04 -9.999998415e+02 -9.999998415e+02
122616 +9.999956706e-05 +9.999956706e-05 -9.999999000e+02 -9.999999000e+02
% function evaluation | noise-free fitness - Fopt (6.600300000000e+02) | best noise-free fitness - Fopt | measured fitness | best measured fitness | x1 | x2...
1 +1.249717956e+02 +1.249717956e+02 +7.850017956e+02 +7.850017956e+02
234 +9.556562791e+01 +9.556562791e+01 +7.555956279e+02 +7.555956279e+02
294 +5.899593214e+01 +5.899593214e+01 +7.190259321e+02 +7.190259321e+02
472 +3.892034199e+01 +3.892034199e+01 +6.989503420e+02 +6.989503420e+02
550 +2.367721694e+01 +2.367721694e+01 +6.837072169e+02 +6.837072169e+02
730 +1.574826793e+01 +1.574826793e+01 +6.757782679e+02 +6.757782679e+02
866 +9.981584146e+00 +9.981584146e+00 +6.700115841e+02 +6.700115841e+02
940 +6.170731498e+00 +6.170731498e+00 +6.662007315e+02 +6.662007315e+02
1065 +3.907884813e+00 +3.907884813e+00 +6.639378848e+02 +6.639378848e+02
1145 +2.482428490e+00 +2.482428490e+00 +6.625124285e+02 +6.625124285e+02
1187 +1.468878847e+00 +1.468878847e+00 +6.614988788e+02 +6.614988788e+02
1342 +9.728025657e-01 +9.728025657e-01 +6.610028026e+02 +6.610028026e+02
1406 +6.230659385e-01 +6.230659385e-01 +6.606530659e+02 +6.606530659e+02
1511 +3.729764490e-01 +3.729764490e-01 +6.604029764e+02 +6.604029764e+02
1622 +2.442733657e-01 +2.442733657e-01 +6.602742734e+02 +6.602742734e+02
1761 +1.549680828e-01 +1.549680828e-01 +6.601849681e+02 +6.601849681e+02
1839 +8.965548396e-02 +8.965548396e-02 +6.601196555e+02 +6.601196555e+02
1961 +6.120814984e-02 +6.120814984e-02 +6.600912081e+02 +6.600912081e+02
2148 +3.928102845e-02 +3.928102845e-02 +6.600692810e+02 +6.600692810e+02
2316 +2.417883794e-02 +2.417883794e-02 +6.600541788e+02 +6.600541788e+02
2514 +1.512646744e-02 +1.512646744e-02 +6.600451265e+02 +6.600451265e+02
2693 +9.914192533e-03 +9.914192533e-03 +6.600399142e+02 +6.600399142e+02
3320 +6.308488679e-03 +6.308488679e-03 +6.600363085e+02 +6.600363085e+02
3935 +3.975904420e-03 +3.975904420e-03 +6.600339759e+02 +6.600339759e+02
5162 +2.511355009e-03 +2.511355009e-03 +6.600325114e+02 +6.600325114e+02
7581 +1.581722963e-03 +1.581722963e-03 +6.600315817e+02 +6.600315817e+02
11132 +9.988322411e-04 +9.988322411e-04 +6.600309988e+02 +6.600309988e+02
17381 +6.309093093e-04 +6.309093093e-04 +6.600306309e+02 +6.600306309e+02
28212 +3.980704279e-04 +3.980704279e-04 +6.600303981e+02 +6.600303981e+02
47237 +2.511593694e-04 +2.511593694e-04 +6.600302512e+02 +6.600302512e+02
78173 +1.584859772e-04 +1.584859772e-04 +6.600301585e+02 +6.600301585e+02
131781 +9.999288000e-05 +9.999288000e-05 +6.600301000e+02 +6.600301000e+02
% function evaluation | noise-free fitness - Fopt (-3.032000000000e+01) | best noise-free fitness - Fopt | measured fitness | best measured fitness | x1 | x2...
1 +2.766458413e+02 +2.766458413e+02 +2.463258413e+02 +2.463258413e+02
49 +1.759214592e+02 +1.759214592e+02 +1.456014592e+02 +1.456014592e+02
199 +1.472031447e+02 +1.472031447e+02 +1.168831447e+02 +1.168831447e+02
366 +9.052347690e+01 +9.052347690e+01 +6.020347690e+01 +6.020347690e+01
498 +6.261555611e+01 +6.261555611e+01 +3.229555611e+01 +3.229555611e+01
585 +3.941437989e+01 +3.941437989e+01 +9.094379890e+00 +9.094379890e+00
787 +2.455537351e+01 +2.455537351e+01 -5.764626494e+00 -5.764626494e+00
967 +1.571651958e+01 +1.571651958e+01 -1.460348042e+01 -1.460348042e+01
1113 +9.919122446e+00 +9.919122446e+00 -2.040087755e+01 -2.040087755e+01
1210 +6.185033035e+00 +6.185033035e+00 -2.413496697e+01 -2.413496697e+01
1322 +3.932593554e+00 +3.932593554e+00 -2.638740645e+01 -2.638740645e+01
1423 +2.427527806e+00 +2.427527806e+00 -2.789247219e+01 -2.789247219e+01
1489 +1.570150240e+00 +1.570150240e+00 -2.874984976e+01 -2.874984976e+01
1636 +9.967029042e-01 +9.967029042e-01 -2.932329710e+01 -2.932329710e+01
1720 +6.203810058e-01 +6.203810058e-01 -2.969961899e+01 -2.969961899e+01
1860 +3.912659691e-01 +3.912659691e-01 -2.992873403e+01 -2.992873403e+01
1961 +2.502871902e-01 +2.502871902e-01 -3.006971281e+01 -3.006971281e+01
2090 +1.504188073e-01 +1.504188073e-01 -3.016958119e+01 -3.016958119e+01
2320 +9.625491106e-02 +9.625491106e-02 -3.022374509e+01 -3.022374509e+01
2465 +6.219025087e-02 +6.219025087e-02 -3.025780975e+01 -3.025780975e+01
2654 +3.865006865e-02 +3.865006865e-02 -3.028134993e+01 -3.028134993e+01
2827 +2.507256911e-02 +2.507256911e-02 -3.029492743e+01 -3.029492743e+01
3053 +1.567060867e-02 +1.567060867e-02 -3.030432939e+01 -3.030432939e+01
3384 +9.899877727e-03 +9.899877727e-03 -3.031010012e+01 -3.031010012e+01
3858 +6.251416385e-03 +6.251416385e-03 -3.031374858e+01 -3.031374858e+01
4758 +3.977076432e-03 +3.977076432e-03 -3.031602292e+01 -3.031602292e+01
6165 +2.509415362e-03 +2.509415362e-03 -3.031749058e+01 -3.031749058e+01
8478 +1.584217255e-03 +1.584217255e-03 -3.031841578e+01 -3.031841578e+01
12231 +9.995558614e-04 +9.995558614e-04 -3.031900044e+01 -3.031900044e+01
18653 +6.307655436e-04 +6.307655436e-04 -3.031936923e+01 -3.031936923e+01
29827 +3.980586560e-04 +3.980586560e-04 -3.031960194e+01 -3.031960194e+01
48121 +2.511709378e-04 +2.511709378e-04 -3.031974883e+01 -3.031974883e+01
78236 +1.584800762e-04 +1.584800762e-04 -3.031984152e+01 -3.031984152e+01
130153 +9.999596538e-05 +9.999596538e-05 -3.031990000e+01 -3.031990000e+01
% function evaluation | noise-free fitness - Fopt (4.421000000000e+01) | best noise-free fitness - Fopt | measured fitness | best measured fitness | x1 | x2...
1 +2.066429570e+02 +2.066429570e+02 +2.508529570e+02 +2.508529570e+02
254 +1.544776649e+02 +1.544776649e+02 +1.986876649e+02 +1.986876649e+02
442 +9.305031545e+01 +9.305031545e+01 +1.372603154e+02 +1.372603154e+02
560 +5.776615091e+01 +5.776615091e+01 +1.019761509e+02 +1.019761509e+02
741 +3.977776601e+01 +3.977776601e+01 +8.398776601e+01 +8.398776601e+01
860 +2.505475016e+01 +2.505475016e+01 +6.926475016e+01 +6.926475016e+01
1021 +1.578738290e+01 +1.578738290e+01 +5.999738290e+01 +5.999738290e+01
1140 +9.894357042e+00 +9.894357042e+00 +5.410435704e+01 +5.410435704e+01
1243 +6.207020258e+00 +6.207020258e+00 +5.041702026e+01 +5.041702026e+01
1348 +3.872238926e+00 +3.872238926e+00 +4.808223893e+01 +4.808223893e+01
1519 +2.486350112e+00 +2.486350112e+00 +4.669635011e+01 +4.669635011e+01
1563 +1.581879894e+00 +1.581879894e+00 +4.579187989e+01 +4.579187989e+01
1679 +9.621366146e-01 +9.621366146e-01 +4.517213661e+01 +4.517213661e+01
1804 +6.177795457e-01 +6.177795457e-01 +4.482777955e+01 +4.482777955e+01
1934 +3.861039430e-01 +3.861039430e-01 +4.459610394e+01 +4.459610394e+01
2014 +2.391065488e-01 +2.391065488e-01 +4.444910655e+01 +4.444910655e+01
2121 +1.360698241e-01 +1.360698241e-01 +4.434606982e+01 +4.434606982e+01
2259 +8.767553136e-02 +8.767553136e-02 +4.429767553e+01 +4.429767553e+01
2344 +6.011997648e-02 +6.011997648e-02 +4.427011998e+01 +4.427011998e+01
2521 +3.937839568e-02 +3.937839568e-02 +4.424937840e+01 +4.424937840e+01
2706 +2.504164188e-02 +2.504164188e-02 +4.423504164e+01 +4.423504164e+01
2974 +1.568813425e-02 +1.568813425e-02 +4.422568813e+01 +4.422568813e+01
3308 +9.901137796e-03 +9.901137796e-03 +4.421990114e+01 +4.421990114e+01
3825 +6.292126962e-03 +6.292126962e-03 +4.421629213e+01 +4.421629213e+01
4554 +3.971295431e-03 +3.971295431e-03 +4.421397130e+01 +4.421397130e+01
5606 +2.503215329e-03 +2.503215329e-03 +4.421250322e+01 +4.421250322e+01
7505 +1.583725836e-03 +1.583725836e-03 +4.421158373e+01 +4.421158373e+01
11268 +9.997693569e-04 +9.997693569e-04 +4.421099977e+01 +4.421099977e+01
17206 +6.307832480e-04 +6.307832480e-04 +4.421063078e+01 +4.421063078e+01
27703 +3.980503774e-04 +3.980503774e-04 +4.421039805e+01 +4.421039805e+01
45889 +2.511752055e-04 +2.511752055e-04 +4.421025118e+01 +4.421025118e+01
76269 +1.584827253e-04 +1.584827253e-04 +4.421015848e+01 +4.421015848e+01
127463 +9.999824084e-05 +9.999824084e-05 +4.421010000e+01 +4.421010000e+01
% function evaluation | noise-free fitness - Fopt (1.161000000000e+01) | best noise-free fitness - Fopt | measured fitness | best measured fitness | x1 | x2...
1 +9.452600329e+01 +9.452600329e+01 +1.061360033e+02 +1.061360033e+02
369 +6.197642374e+01 +6.197642374e+01 +7.358642374e+01 +7.358642374e+01
450 +3.652549176e+01 +3.652549176e+01 +4.813549176e+01 +4.813549176e+01
634 +2.211317982e+01 +2.211317982e+01 +3.372317982e+01 +3.372317982e+01
732 +1.424548532e+01 +1.424548532e+01 +2.585548532e+01 +2.585548532e+01
825 +9.882143343e+00 +9.882143343e+00 +2.149214334e+01 +2.149214334e+01
886 +5.991289851e+00 +5.991289851e+00 +1.760128985e+01 +1.760128985e+01
947 +3.158059970e+00 +3.158059970e+00 +1.476805997e+01 +1.476805997e+01
1028 +2.503883087e+00 +2.503883087e+00 +1.411388309e+01 +1.411388309e+01
1150 +1.553297229e+00 +1.553297229e+00 +1.316329723e+01 +1.316329723e+01
1182 +9.879352513e-01 +9.879352513e-01 +1.259793525e+01 +1.259793525e+01
1287 +6.130811404e-01 +6.130811404e-01 +1.222308114e+01 +1.222308114e+01
1470 +3.814098739e-01 +3.814098739e-01 +1.199140987e+01 +1.199140987e+01
1545 +2.280164226e-01 +2.280164226e-01 +1.183801642e+01 +1.183801642e+01
1659 +1.445501910e-01 +1.445501910e-01 +1.175455019e+01 +1.175455019e+01
1778 +9.862179584e-02 +9.862179584e-02 +1.170862180e+01 +1.170862180e+01
1945 +5.828810655e-02 +5.828810655e-02 +1.166828811e+01 +1.166828811e+01
2124 +3.868761605e-02 +3.868761605e-02 +1.164868762e+01 +1.164868762e+01
2291 +2.489044097e-02 +2.489044097e-02 +1.163489044e+01 +1.163489044e+01
2608 +1.581274994e-02 +1.581274994e-02 +1.162581275e+01 +1.162581275e+01
2887 +9.565871387e-03 +9.565871387e-03 +1.161956587e+01 +1.161956587e+01
3369 +6.285647878e-03 +6.285647878e-03 +1.161628565e+01 +1.161628565e+01
4146 +3.973829843e-03 +3.973829843e-03 +1.161397383e+01 +1.161397383e+01
5593 +2.506000953e-03 +2.506000953e-03 +1.161250600e+01 +1.161250600e+01
8020 +1.583591210e-03 +1.583591210e-03 +1.161158359e+01 +1.161158359e+01
11971 +9.999735684e-04 +9.999735684e-04 +1.161099997e+01 +1.161099997e+01
17785 +6.306555407e-04 +6.306555407e-04 +1.161063066e+01 +1.161063066e+01
27910 +3.979879415e-04 +3.979879415e-04 +1.161039799e+01 +1.161039799e+01
45383 +2.511812522e-04 +2.511812522e-04 +1.161025118e+01 +1.161025118e+01
75343 +1.584775787e-04 +1.584775787e-04 +1.161015848e+01 +1.161015848e+01
125609 +9.999590626e-05 +9.999590626e-05 +1.161010000e+01 +1.161010000e+01
% function evaluation | noise-free fitness - Fopt (1.139400000000e+02) | best noise-free fitness - Fopt | measured fitness | best measured fitness | x1 | x2...
1 +2.672224953e+02 +2.672224953e+02 +3.811624953e+02 +3.811624953e+02
53 +2.094512133e+02 +2.094512133e+02 +3.233912133e+02 +3.233912133e+02
225 +1.556504597e+02 +1.556504597e+02 +2.695904597e+02 +2.695904597e+02
304 +8.926352143e+01 +8.926352143e+01 +2.032035214e+02 +2.032035214e+02
390 +5.958530422e+01 +5.958530422e+01 +1.735253042e+02 +1.735253042e+02
589 +3.880798625e+01 +3.880798625e+01 +1.527479862e+02 +1.527479862e+02
807 +2.404282820e+01 +2.404282820e+01 +1.379828282e+02 +1.379828282e+02
1009 +1.527058724e+01 +1.527058724e+01 +1.292105872e+02 +1.292105872e+02
1144 +9.916112788e+00 +9.916112788e+00 +1.238561128e+02 +1.238561128e+02
1259 +5.726849147e+00 +5.726849147e+00 +1.196668491e+02 +1.196668491e+02
1374 +3.947937739e+00 +3.947937739e+00 +1.178879377e+02 +1.178879377e+02
1462 +2.456142567e+00 +2.456142567e+00 +1.163961426e+02 +1.163961426e+02
1590 +1.584083609e+00 +1.584083609e+00 +1.155240836e+02 +1.155240836e+02
1658 +9.799767995e-01 +9.799767995e-01 +1.149199768e+02 +1.149199768e+02
1746 +6.046874536e-01 +6.046874536e-01 +1.145446875e+02 +1.145446875e+02
1888 +3.648327940e-01 +3.648327940e-01 +1.143048328e+02 +1.143048328e+02
1960 +2.277602249e-01 +2.277602249e-01 +1.141677602e+02 +1.141677602e+02
1985 +1.480998954e-01 +1.480998954e-01 +1.140880999e+02 +1.140880999e+02
2183 +9.615981553e-02 +9.615981553e-02 +1.140361598e+02 +1.140361598e+02
2301 +6.209126024e-02 +6.209126024e-02 +1.140020913e+02 +1.140020913e+02
2445 +3.978853247e-02 +3.978853247e-02 +1.139797885e+02 +1.139797885e+02
2623 +2.393087144e-02 +2.393087144e-02 +1.139639309e+02 +1.139639309e+02
2769 +1.452424285e-02 +1.452424285e-02 +1.139545242e+02 +1.139545242e+02
3050 +9.971226136e-03 +9.971226136e-03 +1.139499712e+02 +1.139499712e+02
3483 +6.207984044e-03 +6.207984044e-03 +1.139462080e+02 +1.139462080e+02
4039 +3.971270040e-03 +3.971270040e-03 +1.139439713e+02 +1.139439713e+02
5134 +2.504290792e-03 +2.504290792e-03 +1.139425043e+02 +1.139425043e+02
6788 +1.584044670e-03 +1.584044670e-03 +1.139415840e+02 +1.139415840e+02
9321 +9.998334408e-04 +9.998334408e-04 +1.139409998e+02 +1.139409998e+02
14989 +6.305463120e-04 +6.305463120e-04 +1.139406305e+02 +1.139406305e+02
23651 +3.981028171e-04 +3.981028171e-04 +1.139403981e+02 +1.139403981e+02
39291 +2.511688584e-04 +2.511688584e-04 +1.139402512e+02 +1.139402512e+02
66299 +1.584780812e-04 +1.584780812e-04 +1.139401585e+02 +1.139401585e+02
117037 +9.999594424e-05 +9.999594424e-05 +1.139401000e+02 +1.139401000e+02
% function evaluation | noise-free fitness - Fopt (1.910100000000e+02) | best noise-free fitness - Fopt | measured fitness | best measured fitness | x1 | x2...
1 +3.994773849e+02 +3.994773849e+02 +5.904873849e+02 +5.904873849e+02
39 +3.936006493e+02 +3.936006493e+02 +5.846106493e+02 +5.846106493e+02
183 +2.286933944e+02 +2.286933944e+02 +4.197033944e+02 +4.197033944e+02
416 +1.473845852e+02 +1.473845852e+02 +3.383945852e+02 +3.383945852e+02
489 +9.985968704e+01 +9.985968704e+01 +2.908696870e+02 +2.908696870e+02
545 +5.735357103e+01 +5.735357103e+01 +2.483635710e+02 +2.483635710e+02
747 +3.889777156e+01 +3.889777156e+01 +2.299077716e+02 +2.299077716e+02
861 +2.415032857e+01 +2.415032857e+01 +2.151603286e+02 +2.151603286e+02
1062 +1.556475137e+01 +1.556475137e+01 +2.065747514e+02 +2.065747514e+02
1240 +9.980051912e+00 +9.980051912e+00 +2.009900519e+02 +2.009900519e+02
1315 +6.064063356e+00 +6.064063356e+00 +1.970740634e+02 +1.970740634e+02
1402 +3.870456767e+00 +3.870456767e+00 +1.948804568e+02 +1.948804568e+02
1449 +2.342311569e+00 +2.342311569e+00 +1.933523116e+02 +1.933523116e+02
1560 +1.396611863e+00 +1.396611863e+00 +1.924066119e+02 +1.924066119e+02
1616 +9.977274170e-01 +9.977274170e-01 +1.920077274e+02 +1.920077274e+02
1792 +6.184639679e-01 +6.184639679e-01 +1.916284640e+02 +1.916284640e+02
1876 +3.620737320e-01 +3.620737320e-01 +1.913720737e+02 +1.913720737e+02
1994 +2.411674223e-01 +2.411674223e-01 +1.912511674e+02 +1.912511674e+02
2044 +1.525848157e-01 +1.525848157e-01 +1.911625848e+02 +1.911625848e+02
2177 +9.285696864e-02 +9.285696864e-02 +1.911028570e+02 +1.911028570e+02
2291 +5.301621256e-02 +5.301621256e-02 +1.910630162e+02 +1.910630162e+02
2391 +3.942122630e-02 +3.942122630e-02 +1.910494212e+02 +1.910494212e+02
2602 +2.493674639e-02 +2.493674639e-02 +1.910349367e+02 +1.910349367e+02
2853 +1.556985788e-02 +1.556985788e-02 +1.910255699e+02 +1.910255699e+02
3088 +9.967324261e-03 +9.967324261e-03 +1.910199673e+02 +1.910199673e+02
3716 +6.306646759e-03 +6.306646759e-03 +1.910163066e+02 +1.910163066e+02
4407 +3.956675547e-03 +3.956675547e-03 +1.910139567e+02 +1.910139567e+02
5690 +2.506945584e-03 +2.506945584e-03 +1.910125069e+02 +1.910125069e+02
7631 +1.584179381e-03 +1.584179381e-03 +1.910115842e+02 +1.910115842e+02
11646 +9.993703190e-04 +9.993703190e-04 +1.910109994e+02 +1.910109994e+02
17398 +6.306879037e-04 +6.306879037e-04 +1.910106307e+02 +1.910106307e+02
27514 +3.980166800e-04 +3.980166800e-04 +1.910103980e+02 +1.910103980e+02
45416 +2.511641185e-04 +2.511641185e-04 +1.910102512e+02 +1.910102512e+02
75939 +1.584839812e-04 +1.584839812e-04 +1.910101585e+02 +1.910101585e+02
124783 +9.998945640e-05 +9.998945640e-05 +1.910101000e+02 +1.910101000e+02
% function evaluation | noise-free fitness - Fopt (-1.000000000000e+03) | best noise-free fitness - Fopt | measured fitness | best measured fitness | x1 | x2...
1 +1.948206658e+02 +1.948206658e+02 -8.051793342e+02 -8.051793342e+02
167 +9.755921898e+01 +9.755921898e+01 -9.024407810e+02 -9.024407810e+02
397 +5.628620012e+01 +5.628620012e+01 -9.437137999e+02 -9.437137999e+02
510 +3.783089113e+01 +3.783089113e+01 -9.621691089e+02 -9.621691089e+02
646 +2.342097885e+01 +2.342097885e+01 -9.765790212e+02 -9.765790212e+02
789 +1.438794793e+01 +1.438794793e+01 -9.856120521e+02 -9.856120521e+02
900 +9.833580364e+00 +9.833580364e+00 -9.901664196e+02 -9.901664196e+02
1008 +6.036661839e+00 +6.036661839e+00 -9.939633382e+02 -9.939633382e+02
1108 +3.891724263e+00 +3.891724263e+00 -9.961082757e+02 -9.961082757e+02
1216 +2.390728700e+00 +2.390728700e+00 -9.976092713e+02 -9.976092713e+02
1320 +1.503725651e+00 +1.503725651e+00 -9.984962743e+02 -9.984962743e+02
1415 +9.889629204e-01 +9.889629204e-01 -9.990110371e+02 -9.990110371e+02
1508 +5.879416970e-01 +5.879416970e-01 -9.994120583e+02 -9.994120583e+02
1625 +3.861639598e-01 +3.861639598e-01 -9.996138360e+02 -9.996138360e+02
1742 +2.318684402e-01 +2.318684402e-01 -9.997681316e+02 -9.997681316e+02
1869 +1.362258772e-01 +1.362258772e-01 -9.998637741e+02 -9.998637741e+02
2017 +9.901249888e-02 +9.901249888e-02 -9.999009875e+02 -9.999009875e+02
2147 +6.270370029e-02 +6.270370029e-02 -9.999372963e+02 -9.999372963e+02
2292 +3.748761267e-02 +3.748761267e-02 -9.999625124e+02 -9.999625124e+02
2503 +2.432673681e-02 +2.432673681e-02 -9.999756733e+02 -9.999756733e+02
2797 +1.542638615e-02 +1.542638615e-02 -9.999845736e+02 -9.999845736e+02
3154 +9.774424112e-03 +9.774424112e-03 -9.999902256e+02 -9.999902256e+02
3648 +6.295723906e-03 +6.295723906e-03 -9.999937043e+02 -9.999937043e+02
4220 +3.979983000e-03 +3.979983000e-03 -9.999960200e+02 -9.999960200e+02
5294 +2.510359402e-03 +2.510359402e-03 -9.999974896e+02 -9.999974896e+02
7339 +1.584438174e-03 +1.584438174e-03 -9.999984156e+02 -9.999984156e+02
10856 +9.997726803e-04 +9.997726803e-04 -9.999990002e+02 -9.999990002e+02
17049 +6.305309765e-04 +6.305309765e-04 -9.999993695e+02 -9.999993695e+02
26864 +3.979927773e-04 +3.979927773e-04 -9.999996020e+02 -9.999996020e+02
45185 +2.511701722e-04 +2.511701722e-04 -9.999997488e+02 -9.999997488e+02
74186 +1.584797600e-04 +1.584797600e-04 -9.999998415e+02 -9.999998415e+02
127389 +9.999730935e-05 +9.999730935e-05 -9.999999000e+02 -9.999999000e+02
