gen	min     	avg     	max     	std    
0  	-7196.27	-3978   	-3017.25	615.131
1  	-6776.12	-3572.67	-2992.27	334.779
2  	-5486.68	-3351.66	-2942.25	244.525
3  	-4568.07	-3202.29	-2874.04	168.756
4  	-3866.7 	-3104.21	-2833.27	126.567
5  	-4197.87	-3030.77	-2724.35	145.265
6  	-5022.93	-2958.77	-2723.48	175.455
7  	-6116.53	-2909.87	-2708.43	219.203
8  	-5700.03	-2858.41	-2661.26	186.327
9  	-3529.41	-2803.89	-2661.26	92.3105
10 	-3279.75	-2758.8 	-2616.07	73.3701
11 	-7197.98	-2738.94	-2609.11	227.065
12 	-8010.09	-2719.05	-2603.92	277.441
13 	-4566.14	-2694.97	-2575.41	168.73 
14 	-3810.51	-2652.99	-2569.84	96.0994
15 	-3507.94	-2631.6 	-2536.48	87.0716
16 	-5004.2 	-2613.92	-2516.84	133.414
17 	-4556.47	-2597.27	-2510.72	138.266
18 	-3016.98	-2565.64	-2499.97	52.0038
19 	-3584.83	-2559.41	-2488.55	90.297 
20 	-4129.22	-2546.32	-2473.57	128.714
21 	-2886.19	-2524.72	-2472.91	56.0102
22 	-3721.37	-2514.42	-2466.47	79.949 
23 	-4385.89	-2507.57	-2462.57	114.153
24 	-3732   	-2494.83	-2455.48	80.3009
25 	-3443.32	-2486.76	-2448.29	72.887 
26 	-3339.03	-2483.31	-2445.76	82.4031
27 	-3941.66	-2480.51	-2439.7 	95.1362
28 	-3049.5 	-2472.64	-2430.19	65.5862
29 	-3606.44	-2468.1 	-2430.19	91.6168
30 	-3702.98	-2464.32	-2422.63	99.5336
31 	-3603.49	-2454.15	-2417.86	84.5201
32 	-3019.87	-2443.1 	-2412.98	52.9638
33 	-3549.16	-2446.33	-2405.06	92.1816
34 	-6976.82	-2452.89	-2403.76	235.994
35 	-3732.94	-2437.21	-2399.21	88.7687
36 	-2858.58	-2423.21	-2395.62	35.958 
37 	-3945.14	-2429.39	-2392.69	94.563 
38 	-3580.11	-2423.36	-2389.86	89.4641
39 	-3161.78	-2412.88	-2386.83	55.0715
40 	-3597.07	-2412.83	-2381.03	79.8676
41 	-3842.14	-2409.57	-2381.03	89.981 
42 	-2955.07	-2402.87	-2381.03	48.3673
43 	-3469.96	-2400.54	-2380.61	63.0726
44 	-3810.15	-2406.7 	-2377.68	106.283
45 	-8318.4 	-2426.75	-2374.75	363.994
46 	-3695.25	-2401.4 	-2374.17	98.4116
47 	-3786.13	-2400.98	-2371.92	111.243
48 	-3636.96	-2396.27	-2370.17	96.2148
49 	-3584.48	-2390.4 	-2367.55	76.9371
50 	-3528.57	-2392.68	-2366.55	83.3263
51 	-3370.79	-2392.36	-2364.08	88.2782
52 	-5003.13	-2388.61	-2362.63	140.3  
53 	-3192.96	-2380.9 	-2361.03	55.0136
54 	-4639.14	-2380.8 	-2359.58	108.631
55 	-2904.26	-2375.8 	-2359.53	48.0683
56 	-5596.33	-2387.73	-2359.28	165.115
57 	-3049.23	-2379.59	-2359.23	75.6149
58 	-2760.35	-2371.1 	-2357.18	42.1491
59 	-3095.15	-2374.44	-2357.13	66.8197
60 	-3961.44	-2378.67	-2357.13	99.4777
61 	-3575.34	-2375.92	-2355.58	94.6399
62 	-2976.1 	-2375.17	-2354.23	65.3428
63 	-3457.35	-2376.36	-2354.23	91.8115
64 	-2927.94	-2366.39	-2354.23	42.3712
65 	-2763.15	-2368.06	-2353.23	49.6319
66 	-3354.8 	-2372.53	-2353.23	89.2258
67 	-3452.85	-2370.11	-2353.23	71.3384
68 	-3067.44	-2366.47	-2352.23	48.7199
69 	-3126.2 	-2365.98	-2352.23	59.9718
70 	-3406.87	-2368.22	-2352.23	80.2495
71 	-2971.11	-2362.63	-2352.23	52.4844
72 	-3058.28	-2364.8 	-2352.23	56.6753
73 	-3311.38	-2366.59	-2352.23	77.2913
74 	-3338.16	-2364.68	-2351.23	60.6206
75 	-3187.4 	-2368.84	-2351.23	66.4086
76 	-3656.9 	-2369.82	-2351.23	89.0876
77 	-5332.26	-2373.14	-2351.23	182.634
78 	-2798.09	-2362.14	-2351.23	44.5501
79 	-3665.47	-2369.34	-2351.23	79.0317
80 	-6377.83	-2381.68	-2351.23	233.511
81 	-3325.46	-2362.86	-2351.23	61.5638
82 	-2611.13	-2360.31	-2351.23	32.636 
83 	-16937.8	-2395.05	-2351.23	655.791
84 	-6211.28	-2374.26	-2351.23	187.828
85 	-4471.25	-2374.06	-2351.23	134.331
86 	-3162.28	-2364.69	-2351.23	59.3341
87 	-2634.66	-2358.94	-2351.23	34.6933
88 	-2863.5 	-2364.33	-2351.23	55.9874
89 	-2926.5 	-2365.56	-2351.23	61.6026
90 	-5406.02	-2373.06	-2344.92	161.785
91 	-3005.82	-2365.89	-2344.92	58.6942
92 	-2748.38	-2358.92	-2344.9 	34.9438
93 	-2583.28	-2358.32	-2344.71	29.5358
94 	-3528.9 	-2363.94	-2343.22	73.5034
95 	-4201.24	-2361.29	-2343.22	92.6405
96 	-3632.71	-2359.04	-2342.52	83.5993
97 	-2720.31	-2356.34	-2342.52	45.9949
98 	-2983.83	-2357.29	-2342.52	58.0211
99 	-5229.43	-2362.07	-2342.33	138.446
