gen	min     	avg     	max     	std    
0  	-10206.5	-4204.93	-3158.96	754.978
1  	-13405.5	-3779.3 	-3088.61	560.171
2  	-6995.86	-3522.09	-3016.68	322.534
3  	-4133.01	-3338.13	-2976.03	184.013
4  	-7719.03	-3238.35	-2958.57	318.167
5  	-5777.59	-3153.88	-2857.89	225.777
6  	-7469.82	-3116.94	-2795.01	318.615
7  	-7485.27	-3047.76	-2788.63	270.781
8  	-7862.13	-2993.17	-2720.11	274.637
9  	-3719.37	-2917.62	-2703.65	110.68 
10 	-6302.56	-2884.71	-2690.16	296.014
11 	-4580.36	-2819.26	-2645.94	172.135
12 	-4088.21	-2759.78	-2609.35	96.921 
13 	-6033.9 	-2738.65	-2582.52	188.531
14 	-4809.62	-2710.61	-2568.08	139.511
15 	-4908.94	-2688.64	-2543.35	156.708
16 	-3732.44	-2650.7 	-2542.03	107.338
17 	-5040.39	-2618.65	-2525.36	120.862
18 	-3851.22	-2601.67	-2525.36	91.1543
19 	-18460.1	-2609.68	-2520.34	712.681
20 	-3341.3 	-2561.84	-2514.11	66.9075
21 	-3505.56	-2551.95	-2513.21	73.2776
22 	-7571.93	-2555.15	-2505.73	248.152
23 	-3738.28	-2536.6 	-2503.64	78.556 
24 	-9719.49	-2548.51	-2487.07	331.662
25 	-5669.74	-2544.64	-2487.07	225.602
26 	-5433.33	-2535.77	-2482.24	185.498
27 	-3813.37	-2518.07	-2479.16	88.9249
28 	-5428.98	-2522.03	-2470.86	172.695
29 	-3100.82	-2508.55	-2467.09	65.9987
30 	-4583.44	-2508.06	-2456.88	138.451
31 	-4380.57	-2504.04	-2455.17	132.252
32 	-3328.03	-2490.36	-2447.96	72.6251
33 	-4798.61	-2488.74	-2445.04	132.877
34 	-3184.97	-2481.55	-2440.28	80.0623
35 	-3600.49	-2478.26	-2437.37	111.775
36 	-4084.75	-2473.67	-2435.97	119.971
37 	-4888.18	-2467   	-2431.71	123.538
38 	-4949.12	-2468.59	-2431.03	149.359
39 	-3463.95	-2456.89	-2428.41	87.3394
40 	-3155.87	-2448.97	-2425.33	52.1125
41 	-4223.26	-2454.05	-2425.33	118.58 
42 	-3692.45	-2457.56	-2424.32	125.117
43 	-3162.55	-2443.9 	-2420.19	56.608 
44 	-2770.49	-2436.92	-2414.45	36.9674
45 	-8854.44	-2451.25	-2413.67	292.355
46 	-2922.6 	-2435.09	-2411.2 	46.9361
47 	-6434.28	-2443.39	-2406.63	189.027
48 	-3684.95	-2435.86	-2401.27	80.8061
49 	-3152.84	-2432.35	-2399.27	66.8639
50 	-2775.48	-2420.85	-2398.27	38.0613
51 	-3318.72	-2423.63	-2398.27	75.7738
52 	-3217.54	-2416.04	-2398.27	52.6006
53 	-3267.82	-2419.09	-2397.58	73.9223
54 	-4007.2 	-2418.92	-2395.05	95.0172
55 	-4272.31	-2422.97	-2395.05	141.866
56 	-3245.19	-2412.51	-2394.65	69.5736
57 	-3491.98	-2420.86	-2394.48	99.6969
58 	-30076.6	-2472.8 	-2393.65	1244.64
59 	-4158.34	-2418.05	-2393.35	111.798
60 	-2741.43	-2405.75	-2392.09	40.5259
61 	-3989.37	-2422.43	-2392.09	141.04 
62 	-3067.68	-2411.61	-2392.09	63.6577
63 	-3514.77	-2408.31	-2388.47	77.0662
64 	-3392.39	-2405.45	-2387.86	69.9428
65 	-2951.29	-2402.61	-2387.47	45.2359
66 	-3200.44	-2406.9 	-2385.86	69.6336
67 	-4280.61	-2412.16	-2385.05	129.987
68 	-3617.81	-2405.2 	-2380.86	86.957 
69 	-4212.89	-2404.81	-2378.77	100.28 
70 	-3460.29	-2405.6 	-2377.9 	96.0844
71 	-2746.61	-2393.62	-2377.37	40.8037
72 	-3036.51	-2398.89	-2376.37	64.064 
73 	-3179.79	-2390.23	-2376.2 	53.5212
74 	-4172.75	-2397.6 	-2375.5 	97.8533
75 	-5814.34	-2402.38	-2374.5 	170.079
76 	-2948.2 	-2388.74	-2374.1 	49.3342
77 	-2870.41	-2386.55	-2373.1 	43.6975
78 	-2925.46	-2386.48	-2372.1 	50.472 
79 	-3442.98	-2391.92	-2372.1 	90.1072
80 	-3189.39	-2386.22	-2372.1 	61.8126
81 	-2900.52	-2384.28	-2372.1 	48.925 
82 	-3003.82	-2384.51	-2372.1 	51.8382
83 	-2927.04	-2383.41	-2372.1 	48.2929
84 	-3293.54	-2388.37	-2372.1 	78.4041
85 	-2718.35	-2384.36	-2372.1 	45.6585
86 	-4499.1 	-2387.19	-2372.1 	107.472
87 	-3669.87	-2387.13	-2372.1 	74.9912
88 	-4400.34	-2388.1 	-2372.1 	107.075
89 	-3508.5 	-2391.69	-2372.1 	91.6905
90 	-2884.87	-2384.17	-2372.1 	51.7589
91 	-2850.85	-2380.28	-2372.1 	40.6984
92 	-2655.35	-2380.3 	-2372.1 	33.7967
93 	-5836.47	-2392.47	-2372.1 	166.405
94 	-3162.76	-2390.93	-2372.1 	80.9929
95 	-4220.81	-2395.13	-2372.1 	114.97 
96 	-5210.01	-2398.95	-2372.1 	171.179
97 	-2964.27	-2384.97	-2372.1 	56.0373
98 	-3088.36	-2387.99	-2372.1 	69.8146
99 	-4431.08	-2385.97	-2372.1 	100.719
