gen	min     	avg     	max     	std    
0  	-10779.4	-4086.41	-3024.94	663.348
1  	-6715.6 	-3672.11	-2923.36	396.921
2  	-6864.05	-3406.66	-2809.86	315.523
3  	-4582.42	-3227.32	-2760.37	202.767
4  	-3737.72	-3074.89	-2721.81	142.104
5  	-5045.88	-2982.97	-2721.81	166.18 
6  	-5628.5 	-2908.08	-2675.21	176.496
7  	-5027.45	-2847.08	-2657.75	147.449
8  	-3898.9 	-2802.07	-2644.7 	106.942
9  	-5460.18	-2771.31	-2643.36	193.77 
10 	-3822.61	-2724.9 	-2617.16	79.9375
11 	-4183.38	-2705.35	-2606.19	122.79 
12 	-5778   	-2693.37	-2590.26	186.082
13 	-6241.22	-2689.53	-2572.47	239.679
14 	-4905.21	-2657.01	-2565.6 	159.068
15 	-8530.67	-2640.16	-2557.64	288.066
16 	-3841.27	-2605.88	-2536.32	80.8425
17 	-3490.54	-2592.66	-2534.95	83.2053
18 	-4008.01	-2580.74	-2529.14	90.882 
19 	-3525.49	-2572.9 	-2525.91	74.4601
20 	-4093.25	-2565.25	-2516.69	102.624
21 	-6369.62	-2569.95	-2509.82	217.857
22 	-5495.96	-2562.8 	-2504.16	186.55 
23 	-3353.18	-2540.49	-2495.12	72.4999
24 	-3201.6 	-2532.77	-2483.47	69.1836
25 	-3649.29	-2535.08	-2480.22	109.852
26 	-3789.76	-2521.75	-2467.38	90.8248
27 	-2877.04	-2506.1 	-2465.38	41.5905
28 	-3210.67	-2497.11	-2453.37	49.6201
29 	-3777.46	-2498.57	-2453.37	97.6653
30 	-2934.22	-2486.48	-2450.98	52.2589
31 	-4073.49	-2489.84	-2446   	129.167
32 	-3655.43	-2477.38	-2437.08	87.7877
33 	-3196.44	-2469.42	-2433.08	66.7198
34 	-4396.38	-2469.33	-2432.19	130.754
35 	-3183.43	-2459.87	-2427.32	63.2186
36 	-3762.66	-2458.17	-2420.58	97.6311
37 	-6270.57	-2473.51	-2419.06	262.126
38 	-5480.24	-2455.68	-2410.15	187.983
39 	-3466.32	-2445.8 	-2410.15	89.3903
40 	-4501.1 	-2444.51	-2408.76	137.17 
41 	-3648.77	-2434.45	-2404.96	81.5658
42 	-3425.73	-2435.25	-2403.01	88.8567
43 	-3513.96	-2428.61	-2402.48	80.1319
44 	-3486.37	-2433.34	-2398.55	103.535
45 	-4121.68	-2425.69	-2397.6 	105.452
46 	-3105.78	-2415.51	-2394.29	48.6912
47 	-2882.62	-2412   	-2393.56	43.4217
48 	-3487.74	-2419.2 	-2392.86	93.9531
49 	-3793.17	-2413.87	-2389.51	93.2546
50 	-3154.91	-2406.91	-2387.27	59.5992
51 	-3568.81	-2410.94	-2383.48	86.0228
52 	-3002.63	-2402.4 	-2382.11	53.4085
53 	-3128.73	-2406.45	-2380.81	75.4152
54 	-3530.71	-2401.97	-2371.82	76.7715
55 	-3064.27	-2399.18	-2369.82	61.812 
56 	-4107.06	-2400.24	-2369.82	103.697
57 	-3085.5 	-2391.26	-2368.82	48.3239
58 	-4654.34	-2390.78	-2368.82	107.365
59 	-3088.69	-2384.82	-2368.82	45.4644
60 	-8195.56	-2399.14	-2366.7 	286.947
61 	-3501.38	-2381.35	-2364.7 	66.8283
62 	-3920.86	-2383.24	-2363.7 	95.5953
63 	-2999.21	-2378.62	-2361.17	45.681 
64 	-2649.28	-2378.84	-2358.93	37.6663
65 	-3319.63	-2381.52	-2357.93	74.2292
66 	-2813.87	-2375.31	-2357.93	42.1628
67 	-3088.62	-2375.87	-2357.93	59.68  
68 	-3260.86	-2376.86	-2356.92	80.0465
69 	-2983.37	-2373.69	-2355.93	59.9656
70 	-2682.72	-2368.8 	-2353.92	34.1085
71 	-3040.39	-2371.35	-2351.24	51.0637
72 	-2911.15	-2367.74	-2351.24	47.1251
73 	-2860.83	-2372.1 	-2349.24	55.4315
74 	-2729.1 	-2364.56	-2348.41	42.5292
75 	-4798.92	-2376.65	-2344.47	141.838
76 	-3405.53	-2367.19	-2343.17	75.3217
77 	-4385.74	-2365.8 	-2342.47	124.29 
78 	-3077.92	-2360.12	-2341.77	57.492 
79 	-2697.94	-2358.05	-2339.67	50.3123
80 	-4121.57	-2359.78	-2339.67	97.2286
81 	-3034.68	-2358.42	-2338.97	71.2346
82 	-2982.27	-2355.84	-2338.67	56.8848
83 	-3035.13	-2355.56	-2338.67	58.917 
84 	-2911.87	-2354.32	-2337.97	62.7845
85 	-3538.08	-2352.05	-2337.97	83.0534
86 	-2683.37	-2347.12	-2337.97	35.7542
87 	-3083.31	-2352.12	-2337.97	69.036 
88 	-3159.28	-2354.8 	-2337.97	66.2801
89 	-4540.79	-2359.47	-2337.97	142.809
90 	-2729.16	-2348.8 	-2337.97	40.0462
91 	-3739.45	-2359.15	-2337.97	96.2158
92 	-2824.77	-2347.2 	-2335.33	41.0173
93 	-5543.3 	-2360.83	-2335.33	159.525
94 	-2759.02	-2349.04	-2332.33	43.9665
95 	-2719.35	-2348.55	-2332.33	42.4603
96 	-5521.41	-2360.31	-2331.27	186.675
97 	-2814.66	-2345.09	-2328.75	43.5765
98 	-3177.31	-2349.95	-2326.15	75.9132
99 	-3582.05	-2349.33	-2324.6 	79.1041
