rank	gen	depth	min     	avg     	max     	std    
1   	0  	100  	-14524.5	-2406.23	-2111.76	748.294
1   	1  	100  	-3958.88	-2262.26	-2111.76	181.451
1   	2  	100  	-2844.87	-2202.6 	-2108.72	83.8022
1   	3  	100  	-4351.2 	-2182.34	-2098.82	150.035
1   	4  	100  	-3870.28	-2175.24	-2098.82	167.377
1   	5  	100  	-6444.23	-2210.25	-2091.08	400.708
1   	6  	100  	-7072.91	-2179.61	-2091.08	344.24 
1   	7  	100  	-3553.39	-2140.58	-2088.49	111.093
1   	8  	100  	-3867.17	-2159.25	-2088.49	198.282
1   	9  	100  	-10365.9	-2161.57	-2085.31	501.393
1   	10 	100  	-8265.45	-2161.48	-2080.66	409.621
1   	11 	100  	-4508.86	-2131.92	-2076.3 	208.39 
1   	12 	100  	-3020.68	-2117.31	-2076.3 	76.3645
1   	13 	100  	-6994.69	-2134.07	-2073.8 	292.712
1   	14 	100  	-3091.21	-2107.01	-2073.8 	73.3891
1   	15 	100  	-3528.02	-2106.68	-2069.4 	105.684
1   	16 	100  	-6256.57	-2133.83	-2067.71	296.008
1   	17 	100  	-6360.72	-2120.64	-2067.71	265.437
1   	18 	100  	-5575.66	-2117.39	-2067.52	242.286
1   	19 	100  	-2654.4 	-2094.06	-2067.52	56.7735
1   	20 	100  	-3063.89	-2101.63	-2065.85	97.534 
1   	21 	100  	-2406.82	-2089.47	-2064.23	38.9989
1   	22 	100  	-3012.3 	-2098.63	-2061.29	94.2053
1   	23 	100  	-3001.91	-2093.79	-2061.29	88.8108
1   	24 	100  	-2961.1 	-2089.71	-2060.97	80.4875
1   	25 	100  	-55695.5	-2281.21	-2060.45	3097.94
1   	26 	100  	-7366.96	-2113.8 	-2059.26	331.638
1   	27 	100  	-3624.53	-2093.13	-2059.26	135.178
1   	28 	100  	-2278.71	-2072.99	-2057.58	22.7775
1   	29 	100  	-3731.86	-2089.63	-2056.89	129.262
1   	30 	100  	-2498.92	-2072.76	-2056.89	37.724 
1   	31 	100  	-3994.05	-2088.7 	-2055.1 	131.826
1   	32 	100  	-2334.24	-2072.63	-2054.65	39.2012
1   	33 	100  	-2677.53	-2080.51	-2054.55	73.4864
1   	34 	100  	-3802.46	-2091.42	-2054.55	176.699
1   	35 	100  	-2762.89	-2075.6 	-2052.73	57.8091
1   	36 	100  	-2685.7 	-2074.74	-2052.73	56.2339
1   	37 	100  	-2533.79	-2071.01	-2050.6 	46.1984
1   	38 	100  	-2327.02	-2068.98	-2050.6 	36.4658
1   	39 	100  	-3994.72	-2084.86	-2050.6 	156.643
1   	40 	100  	-3072.05	-2077.18	-2049.48	101.208
1   	41 	100  	-3712.71	-2079.21	-2049.48	132.652
1   	42 	100  	-3684.07	-2078.21	-2049.48	114.621
1   	43 	100  	-3064.5 	-2075.92	-2049.48	99.7423
1   	44 	100  	-2710.16	-2069.37	-2048.88	52.3353
1   	45 	100  	-4009.96	-2077.8 	-2048.4 	131.439
1   	46 	100  	-2224.31	-2062.96	-2047.63	27.3624
1   	47 	100  	-2987.49	-2068.18	-2047.63	67.6841
1   	48 	100  	-3008.23	-2071.58	-2047.12	77.8149
1   	49 	100  	-2431.98	-2064.81	-2046.73	39.7004
1   	50 	100  	-4140.63	-2079.1 	-2046.73	139.641
1   	51 	100  	-2558.48	-2066.35	-2046.73	52.5924
1   	52 	100  	-2986.01	-2068.45	-2046   	69.141 
1   	53 	100  	-9208.68	-2084.95	-2046   	413.43 
1   	54 	100  	-2704.64	-2063.07	-2044.54	55.003 
1   	55 	100  	-4146.03	-2071.26	-2043.12	139.879
1   	56 	100  	-2796.77	-2064.61	-2043.12	64.7227
1   	57 	100  	-2754.53	-2065.81	-2043.12	70.6102
1   	58 	100  	-2614.81	-2063.31	-2043.12	55.0858
1   	59 	100  	-3094.42	-2062.77	-2043.12	70.3011
1   	60 	100  	-3540.62	-2064.9 	-2042.56	96.6528
1   	61 	100  	-2537.3 	-2061.05	-2042.56	47.5349
1   	62 	100  	-2762.91	-2059.98	-2042.51	58.749 
1   	63 	100  	-2459.88	-2057.84	-2041.18	40.8428
1   	64 	100  	-2718.71	-2057.05	-2041.12	45.9956
1   	65 	100  	-2269.63	-2053.92	-2040.61	29.8381
1   	66 	100  	-3424.97	-2062.4 	-2040.29	105.948
1   	67 	100  	-2511.92	-2053.5 	-2039.18	38.5269
1   	68 	100  	-2876.96	-2054.99	-2039.18	58.8067
1   	69 	100  	-2802.1 	-2054.66	-2038.89	50.6849
1   	70 	100  	-2407.53	-2053.35	-2038.89	38.239 
1   	71 	100  	-2247.17	-2050.65	-2038.78	28.6218
1   	72 	100  	-2668.73	-2054   	-2038.19	49.6869
1   	73 	100  	-2211.58	-2049.25	-2038.19	19.8369
1   	74 	100  	-2524.49	-2050.46	-2038.19	35.606 
1   	75 	100  	-3111.63	-2058.62	-2038.19	88.4754
1   	76 	100  	-2425.42	-2053   	-2037.69	35.818 
1   	77 	100  	-2464.57	-2048.54	-2037.69	29.5402
1   	78 	100  	-2409.36	-2049.54	-2037.69	30.6317
1   	79 	100  	-2508.62	-2050.28	-2037.37	39.4564
1   	80 	100  	-2993.76	-2049.8 	-2036.97	62.0883
1   	81 	100  	-2899.51	-2049.22	-2036.97	55.5739
1   	82 	100  	-2746.34	-2048.98	-2036.97	49.1615
1   	83 	100  	-2309.42	-2047.8 	-2036.97	27.5444
1   	84 	100  	-2311.1 	-2045.63	-2036.66	22.6637
1   	85 	100  	-5146.99	-2073.08	-2036.66	246.773
1   	86 	100  	-2525.82	-2048.56	-2036.27	42.887 
1   	87 	100  	-2468   	-2044.72	-2036.27	29.2842
1   	88 	100  	-2348.64	-2046.32	-2036.27	27.4946
1   	89 	100  	-2370.84	-2044.54	-2035.89	26.5064
1   	90 	100  	-2280.89	-2046.66	-2035.89	27.028 
1   	91 	100  	-3081.84	-2048.87	-2035.61	64.3137
1   	92 	100  	-2510.61	-2047.24	-2035.61	39.1155
1   	93 	100  	-2266.06	-2045.98	-2035.61	24.0202
1   	94 	100  	-3208.82	-2056.49	-2035.54	92.6968
1   	95 	100  	-2214.04	-2044.22	-2035.54	18.4834
1   	96 	100  	-2446.85	-2049.09	-2035.54	44.8712
1   	97 	100  	-2417.4 	-2046.46	-2035.54	32.3469
1   	98 	100  	-2238.89	-2046.03	-2035.54	25.7476
1   	99 	100  	-2391.89	-2046.99	-2035.54	35.0469
rank	gen	depth	min     	avg     	max     	std    
1   	0  	100  	-7076.45	-2364.61	-2097.04	418.239
1   	1  	100  	-10165.7	-2264.37	-2097.04	499.252
1   	2  	100  	-2874.78	-2178.15	-2087.97	80.8521
1   	3  	100  	-3241.31	-2153.47	-2087.97	93.9504
1   	4  	100  	-2522.04	-2126.12	-2081.71	47.3176
1   	5  	100  	-2720.37	-2117.27	-2079.08	60.9906
1   	6  	100  	-3098.33	-2107.91	-2076.85	70.0007
1   	7  	100  	-2733.06	-2103.26	-2072.51	54.6693
1   	8  	100  	-2768.93	-2101.06	-2072.51	69.5655
1   	9  	100  	-3709.42	-2106.58	-2066.1 	110.938
1   	10 	100  	-2842.05	-2103.5 	-2065.74	72.6486
1   	11 	100  	-2856.85	-2097.49	-2065.74	72.2302
1   	12 	100  	-2671.81	-2088.76	-2062.84	49.8783
1   	13 	100  	-5579.64	-2106.14	-2062.84	222.802
1   	14 	100  	-2627.83	-2085.03	-2061.52	57.985 
1   	15 	100  	-2465.2 	-2079.87	-2060.71	41.7605
1   	16 	100  	-2345.27	-2075.08	-2059.84	30.9893
1   	17 	100  	-2512.53	-2077.26	-2058.14	46.9346
1   	18 	100  	-3076.52	-2091.51	-2057.27	110.985
1   	19 	100  	-3235.87	-2077.44	-2057.27	82.5301
1   	20 	100  	-4246.7 	-2085.2 	-2055.75	145.596
1   	21 	100  	-2683.55	-2069.45	-2052.86	45.8551
1   	22 	100  	-2638.45	-2070.21	-2052.86	46.6938
1   	23 	100  	-2423.02	-2065.51	-2052.86	30.0701
1   	24 	100  	-3443.95	-2074.75	-2052.86	97.8848
1   	25 	100  	-2321.54	-2061.16	-2052.83	20.9923
1   	26 	100  	-2598.56	-2066.33	-2051.96	52.0998
1   	27 	100  	-5932.2 	-2074.16	-2051.13	224.893
1   	28 	100  	-5053.97	-2093.59	-2051.13	275.287
1   	29 	100  	-2232.77	-2062.45	-2050.51	25.5163
1   	30 	100  	-2204.59	-2061.72	-2049.14	22.0743
1   	31 	100  	-2283.74	-2060.2 	-2049.14	27.9727
1   	32 	100  	-2338.77	-2061.44	-2049.12	32.1548
1   	33 	100  	-2716.22	-2062.01	-2048.2 	51.0123
1   	34 	100  	-2563.93	-2063.27	-2048.04	46.3313
1   	35 	100  	-2344.69	-2055.6 	-2047.58	20.5265
1   	36 	100  	-2613.93	-2066.63	-2047.58	63.3197
1   	37 	100  	-2327.64	-2057.02	-2047.58	26.0297
1   	38 	100  	-2208.99	-2056.4 	-2047.3 	21.6049
1   	39 	100  	-2277.06	-2055.18	-2046.9 	21.8948
1   	40 	100  	-2256.93	-2054.28	-2045.96	18.5109
1   	41 	100  	-2283   	-2055.27	-2045.23	24.5839
1   	42 	100  	-3943.02	-2067.83	-2043.98	133.833
1   	43 	100  	-3098.29	-2058.99	-2043.98	69.0275
1   	44 	100  	-3301.25	-2060.46	-2043.76	82.5356
1   	45 	100  	-2225.18	-2052.99	-2043.66	23.8496
1   	46 	100  	-7047.41	-2078.39	-2043.31	302.607
1   	47 	100  	-2743.96	-2055.19	-2043.19	54.6891
1   	48 	100  	-2807.77	-2055.91	-2042.81	58.5692
1   	49 	100  	-2224.54	-2048.18	-2042.81	13.5597
1   	50 	100  	-2371.66	-2052.33	-2042.81	27.674 
1   	51 	100  	-3107.4 	-2058.24	-2042.49	77.4817
1   	52 	100  	-2535.63	-2050.64	-2041.4 	34.4594
1   	53 	100  	-2397.19	-2049.53	-2041.4 	27.9757
1   	54 	100  	-2384.87	-2052.14	-2041.4 	30.7257
1   	55 	100  	-2784.75	-2051.14	-2040.98	45.7579
1   	56 	100  	-2342.18	-2047.88	-2040.85	21.5763
1   	57 	100  	-2831.35	-2051.31	-2040.68	51.9747
1   	58 	100  	-2527.29	-2051.23	-2040.52	42.0017
1   	59 	100  	-2311.44	-2048.82	-2040.28	26.0482
1   	60 	100  	-2153.96	-2045.42	-2040.21	10.9284
1   	61 	100  	-2373.37	-2049.96	-2039.88	31.8599
1   	62 	100  	-2707.29	-2052.12	-2039.88	58.9947
1   	63 	100  	-2765.11	-2051.01	-2039.87	49.6631
1   	64 	100  	-2224.4 	-2046.11	-2039.87	18.9777
1   	65 	100  	-2333.77	-2049.84	-2039.87	32.9842
1   	66 	100  	-2252.71	-2048.15	-2039.87	26.1712
1   	67 	100  	-2205.91	-2047.03	-2039.51	20.8854
1   	68 	100  	-2178.03	-2046.94	-2039.51	19.6708
1   	69 	100  	-2568.09	-2050.63	-2039.48	46.5537
1   	70 	100  	-2234.99	-2044.99	-2039.18	18.0673
1   	71 	100  	-2340.84	-2046.01	-2038.83	27.3292
1   	72 	100  	-2280.67	-2046.15	-2038.83	22.6057
1   	73 	100  	-2259.36	-2045.48	-2038.83	18.1261
1   	74 	100  	-2254.31	-2049.47	-2038.83	29.2792
1   	75 	100  	-2823.47	-2048.85	-2038.74	55.2438
1   	76 	100  	-2399.95	-2046.91	-2038.74	28.6168
1   	77 	100  	-2253.21	-2044.54	-2038.54	18.8354
1   	78 	100  	-3044.13	-2054.62	-2038.54	83.2918
1   	79 	100  	-2160.88	-2044.23	-2038.54	16.0647
1   	80 	100  	-3411.43	-2049.61	-2038.54	82.3043
1   	81 	100  	-2234.23	-2044.89	-2038.53	20.8776
1   	82 	100  	-2176.69	-2044.04	-2038.08	16.2072
1   	83 	100  	-2266   	-2044.91	-2038.02	21.3258
1   	84 	100  	-2205.26	-2044.54	-2037.83	18.5583
1   	85 	100  	-2188.65	-2043.81	-2037.83	17.0716
1   	86 	100  	-2709.25	-2046.75	-2037.48	41.4191
1   	87 	100  	-2571.59	-2044.94	-2037.27	39.0892
1   	88 	100  	-2288.44	-2043.89	-2037.27	21.769 
1   	89 	100  	-2299.39	-2043.49	-2037.27	21.252 
1   	90 	100  	-3057.75	-2050.17	-2037.04	69.515 
1   	91 	100  	-2235.66	-2043.07	-2036.92	16.1178
1   	92 	100  	-3659.08	-2050.86	-2036.92	97.6268
1   	93 	100  	-2226.37	-2042.57	-2036.61	17.4347
1   	94 	100  	-2185.44	-2042.84	-2036.61	16.752 
1   	95 	100  	-2364.9 	-2043.62	-2036.61	29.8137
1   	96 	100  	-2343.58	-2042.14	-2036.44	23.9608
1   	97 	100  	-2208.15	-2042.01	-2036.44	15.5853
1   	98 	100  	-2215.71	-2040.75	-2036.34	16.0335
1   	99 	100  	-2913   	-2047.4 	-2036.34	64.4062
rank	gen	depth	min     	avg     	max     	std    
1   	0  	100  	-5203.26	-2336.63	-2102.9 	287.215
1   	1  	100  	-5515.37	-2273.54	-2102.9 	299.828
1   	2  	100  	-6505.42	-2235.18	-2102.9 	298.258
1   	3  	100  	-6624.49	-2198.11	-2099.43	286.164
1   	4  	100  	-2968.04	-2162.17	-2099.43	100.255
1   	5  	100  	-4167.94	-2152.2 	-2094.54	152.597
1   	6  	100  	-3034.13	-2136.39	-2089.26	90.5491
1   	7  	100  	-4672.3 	-2147.29	-2070.12	211.123
1   	8  	100  	-2628.66	-2124   	-2070.12	71.0682
1   	9  	100  	-3251.42	-2126.3 	-2070.12	106.901
1   	10 	100  	-2725.27	-2113.12	-2070.12	64.5988
1   	11 	100  	-3277.64	-2115.1 	-2069.26	118.394
1   	12 	100  	-2743.52	-2103.83	-2067.6 	73.9313
1   	13 	100  	-8754.4 	-2143.65	-2067.6 	481.787
1   	14 	100  	-3553.19	-2096.77	-2065.05	101.362
1   	15 	100  	-2915.06	-2094.61	-2064.3 	75.9845
1   	16 	100  	-2535.66	-2085.54	-2064.3 	44.8616
1   	17 	100  	-2854.25	-2084.84	-2063.55	55.4678
1   	18 	100  	-4090.53	-2096.07	-2061.7 	148.299
1   	19 	100  	-2629.94	-2081.97	-2061.18	44.5224
1   	20 	100  	-2679   	-2082.78	-2060.99	58.148 
1   	21 	100  	-2298.27	-2076.82	-2057.97	32.1555
1   	22 	100  	-3243.65	-2081.2 	-2057.97	80.1108
1   	23 	100  	-2574.4 	-2082.06	-2056.83	57.4491
1   	24 	100  	-2707.11	-2082.44	-2056.28	71.9268
1   	25 	100  	-2756.86	-2074.86	-2054.6 	59.2002
1   	26 	100  	-3465.75	-2076.38	-2054.6 	92.5896
1   	27 	100  	-3559.72	-2079.58	-2051.51	110.239
1   	28 	100  	-2891.42	-2075.34	-2051.51	72.9895
1   	29 	100  	-2231.43	-2062.88	-2051.51	17.3507
1   	30 	100  	-2355   	-2066.96	-2051.51	33.0104
1   	31 	100  	-3544.93	-2072.52	-2051.41	100.907
1   	32 	100  	-2971.04	-2067.69	-2051.41	59.9242
1   	33 	100  	-3662.66	-2076.41	-2050.71	120.774
1   	34 	100  	-2701.41	-2070.71	-2049.14	59.1152
1   	35 	100  	-3832.27	-2074.85	-2049.11	121.215
1   	36 	100  	-2404.65	-2062.59	-2048.11	31.2315
1   	37 	100  	-2247.76	-2058.57	-2048.11	19.4712
1   	38 	100  	-2495.49	-2062.73	-2047.84	39.8335
1   	39 	100  	-2289.92	-2059.6 	-2047.22	23.9118
1   	40 	100  	-2410.25	-2061.01	-2045.82	37.1986
1   	41 	100  	-2490.15	-2056.42	-2045.82	28.5279
1   	42 	100  	-2907.42	-2067.01	-2045.82	72.1204
1   	43 	100  	-2259.03	-2054.59	-2045.06	20.3071
1   	44 	100  	-2793.63	-2065.57	-2045.01	76.8718
1   	45 	100  	-2596.29	-2058.42	-2044.02	41.0806
1   	46 	100  	-2381.75	-2054.17	-2044.02	25.5239
1   	47 	100  	-2434.09	-2058.42	-2043.8 	47.8992
1   	48 	100  	-2421.99	-2057.46	-2043.8 	38.4085
1   	49 	100  	-2277.5 	-2055.5 	-2043.11	28.0565
1   	50 	100  	-2315.13	-2053.62	-2043.11	27.2325
1   	51 	100  	-2365.09	-2052.95	-2043.11	29.1984
1   	52 	100  	-2398.76	-2052.87	-2043.11	29.3214
1   	53 	100  	-2188.08	-2051.78	-2042.31	19.2106
1   	54 	100  	-2411.2 	-2054.61	-2042.18	37.2555
1   	55 	100  	-2482.66	-2055.96	-2041.61	42.2295
1   	56 	100  	-2852.6 	-2053.85	-2041.61	53.8896
1   	57 	100  	-2410.76	-2051.9 	-2041.16	33.9164
1   	58 	100  	-2868.68	-2057.66	-2041.1 	66.8855
1   	59 	100  	-2452.1 	-2053.15	-2041.1 	38.0844
1   	60 	100  	-3496.44	-2058.1 	-2040.87	90.5711
1   	61 	100  	-2492.57	-2048.72	-2040.87	28.9316
1   	62 	100  	-2294.46	-2047.02	-2040.19	19.1021
1   	63 	100  	-2865.1 	-2054.72	-2040.19	61.3917
1   	64 	100  	-2511.55	-2051.31	-2040.19	37.4848
1   	65 	100  	-2308.7 	-2048.53	-2040.19	29.6568
1   	66 	100  	-2510.95	-2049.03	-2040.06	33.4209
1   	67 	100  	-2285.74	-2048.59	-2040.06	21.763 
1   	68 	100  	-2438.28	-2052.66	-2039.86	41.9402
1   	69 	100  	-2730.31	-2049.18	-2039.55	44.6937
1   	70 	100  	-2701.9 	-2051.02	-2039.55	46.3899
1   	71 	100  	-2869.52	-2056.49	-2039.16	72.9478
1   	72 	100  	-2508.91	-2050.38	-2039.16	40.4745
1   	73 	100  	-2689.99	-2051.75	-2039.16	51.9051
1   	74 	100  	-2298.39	-2051.67	-2038.85	35.0835
1   	75 	100  	-2257.89	-2047.35	-2038.85	23.1979
1   	76 	100  	-2144.64	-2044.5 	-2038.85	12.1324
1   	77 	100  	-2336.19	-2049.59	-2038.62	32.934 
1   	78 	100  	-3763.47	-2054.07	-2037.4 	105.023
1   	79 	100  	-2264.23	-2046.32	-2037.4 	20.6681
1   	80 	100  	-2414.62	-2048.48	-2037.4 	30.6681
1   	81 	100  	-2212.05	-2045.06	-2037.4 	18.011 
1   	82 	100  	-2281.67	-2046.02	-2037.4 	21.7298
1   	83 	100  	-2238.55	-2045.79	-2037.27	24.0738
1   	84 	100  	-2312.95	-2044.88	-2037.27	23.2736
1   	85 	100  	-2785.05	-2048.44	-2037.21	53.3793
1   	86 	100  	-2573.33	-2047.96	-2037.21	47.4044
1   	87 	100  	-2237.41	-2044.76	-2036.33	20.8857
1   	88 	100  	-2387.37	-2046.16	-2036.33	30.1251
1   	89 	100  	-2203.4 	-2043.68	-2036.33	17.9618
1   	90 	100  	-2122.55	-2042.69	-2036.09	12.698 
1   	91 	100  	-2494.47	-2045.82	-2035.9 	33.9236
1   	92 	100  	-2283.85	-2044.01	-2035.87	21.5354
1   	93 	100  	-2403.24	-2046.75	-2035.87	35.3856
1   	94 	100  	-2143.09	-2041.73	-2035.87	13.0129
1   	95 	100  	-2152.63	-2042.12	-2035.87	15.3121
1   	96 	100  	-2234.9 	-2043.77	-2035.87	21.9624
1   	97 	100  	-2187.81	-2040.81	-2035.69	14.0833
1   	98 	100  	-3971.36	-2059.02	-2035.69	163.017
1   	99 	100  	-2443.95	-2044.42	-2035.69	32.1442
rank	gen	depth	min     	avg     	max     	std    
1   	0  	100  	-4799.06	-2372.45	-2109.41	292.268
1   	1  	100  	-4532.58	-2251.9 	-2106.94	189.112
1   	2  	100  	-2689.71	-2187.8 	-2101.93	67.0686
1   	3  	100  	-4213.15	-2188.47	-2095.57	183.599
1   	4  	100  	-3262.28	-2172.5 	-2094.33	146.203
1   	5  	100  	-2693.48	-2141.55	-2084.59	78.6538
1   	6  	100  	-3424.43	-2132.85	-2079.17	112.939
1   	7  	100  	-3016.29	-2120.91	-2077.46	90.0172
1   	8  	100  	-5386.01	-2125.89	-2074.83	199.564
1   	9  	100  	-2528.68	-2102.42	-2073.07	45.8579
1   	10 	100  	-3296.62	-2105.58	-2071.54	93.5952
1   	11 	100  	-2371.09	-2086   	-2063.25	21.0437
1   	12 	100  	-10066.4	-2118.74	-2063.25	463.218
1   	13 	100  	-3218.47	-2087.58	-2063.25	70.3971
1   	14 	100  	-2687.74	-2084.11	-2063.25	51.0649
1   	15 	100  	-2664.17	-2086.83	-2063.25	60.4289
1   	16 	100  	-3242.97	-2084.54	-2061.69	80.4466
1   	17 	100  	-3147.99	-2083.02	-2058.2 	92.706 
1   	18 	100  	-2782.36	-2077.52	-2055.81	51.6363
1   	19 	100  	-2851.41	-2077.97	-2055.22	67.0622
1   	20 	100  	-7807.07	-2104.47	-2055.22	351.111
1   	21 	100  	-2308.2 	-2069   	-2054.3 	26.6798
1   	22 	100  	-2296.89	-2067.22	-2053.64	27.7714
1   	23 	100  	-2324.9 	-2068.67	-2053.64	34.832 
1   	24 	100  	-2274.65	-2061.94	-2051.81	21.9527
1   	25 	100  	-2424.94	-2065.43	-2051.81	35.1405
1   	26 	100  	-2797.73	-2070.95	-2051   	63.4396
1   	27 	100  	-2859.22	-2071.23	-2050.26	67.9381
1   	28 	100  	-3349.98	-2067.42	-2050.03	84.8684
1   	29 	100  	-2601.2 	-2061.4 	-2048.86	37.3395
1   	30 	100  	-2809.23	-2067.44	-2048.5 	74.799 
1   	31 	100  	-2439.39	-2060.36	-2047.8 	30.5127
1   	32 	100  	-2306.63	-2057.62	-2047.73	23.5388
1   	33 	100  	-3740.41	-2065.09	-2047.73	107.159
1   	34 	100  	-2281.18	-2058.83	-2047.68	26.1396
1   	35 	100  	-2400.23	-2058.04	-2046.4 	34.0102
1   	36 	100  	-3788.29	-2069.16	-2046.4 	111.056
1   	37 	100  	-2693.68	-2061.96	-2045.9 	63.7438
1   	38 	100  	-2240.45	-2054.06	-2045.9 	19.4853
1   	39 	100  	-2267.04	-2054.25	-2045.9 	22.6756
1   	40 	100  	-3087.09	-2059.69	-2045.78	67.8767
1   	41 	100  	-2996.04	-2060.07	-2045.53	75.0464
1   	42 	100  	-2149.74	-2052.74	-2045.2 	14.7349
1   	43 	100  	-2248.88	-2054.54	-2044.65	24.4266
1   	44 	100  	-2577.88	-2058.71	-2044.65	45.6767
1   	45 	100  	-2212.71	-2051.79	-2044.16	18.1801
1   	46 	100  	-2349.75	-2054.38	-2044   	29.8127
1   	47 	100  	-2273.11	-2050.07	-2043.94	17.1959
1   	48 	100  	-3053.04	-2056.37	-2043.67	62.1449
1   	49 	100  	-2189.41	-2050.35	-2042.48	16.0634
1   	50 	100  	-2841.33	-2054.28	-2042.48	50.2313
1   	51 	100  	-2927.51	-2054.71	-2042.48	54.4455
1   	52 	100  	-2566.26	-2052.98	-2042.48	38.5599
1   	53 	100  	-3494.7 	-2059.48	-2042.38	115.157
1   	54 	100  	-3129.25	-2054.45	-2041.35	68.9068
1   	55 	100  	-2281.5 	-2049.5 	-2041.16	24.2638
1   	56 	100  	-2129.95	-2046.97	-2041.16	12.4267
1   	57 	100  	-2355.95	-2050.81	-2040.9 	31.3109
1   	58 	100  	-2512.71	-2053.51	-2040.64	43.9879
1   	59 	100  	-2282.22	-2050.6 	-2040.64	27.9616
1   	60 	100  	-2943.78	-2052.91	-2040.08	60.15  
1   	61 	100  	-2271.09	-2048.27	-2040.08	20.4136
1   	62 	100  	-2203.81	-2049.64	-2040.08	22.5588
1   	63 	100  	-2237.04	-2046.95	-2040.06	18.4512
1   	64 	100  	-2242.25	-2046.41	-2040.06	17.3931
1   	65 	100  	-2464.33	-2050.1 	-2040.06	40.596 
1   	66 	100  	-2588.51	-2049.14	-2039.69	35.7734
1   	67 	100  	-2177.37	-2046.43	-2039.69	17.2464
1   	68 	100  	-2279.39	-2046.23	-2039.46	20.5644
1   	69 	100  	-2167.27	-2044.77	-2039.46	14.687 
1   	70 	100  	-2157.37	-2045.59	-2039.42	15.8016
1   	71 	100  	-2137.68	-2044.48	-2039.29	11.5328
1   	72 	100  	-2296.16	-2047.14	-2039.29	28.3954
1   	73 	100  	-2587.22	-2047.66	-2038.81	36.2903
1   	74 	100  	-2389.65	-2045.21	-2038.59	24.716 
1   	75 	100  	-2547.61	-2047.22	-2038.44	34.7544
1   	76 	100  	-2715.41	-2049.94	-2038.35	55.9364
1   	77 	100  	-2407.14	-2049.26	-2037.97	37.857 
1   	78 	100  	-2186.1 	-2044.43	-2037.97	18.4002
1   	79 	100  	-2156.81	-2044.6 	-2037.97	15.7371
1   	80 	100  	-2326.53	-2045.11	-2037.97	23.3823
1   	81 	100  	-2563.99	-2047.73	-2037.97	39.3387
1   	82 	100  	-2447.75	-2048.33	-2037.89	42.8783
1   	83 	100  	-2269.73	-2043.97	-2037.89	20.2022
1   	84 	100  	-2921.96	-2046.26	-2037.82	54.3441
1   	85 	100  	-2802.26	-2047.5 	-2037.74	55.5265
1   	86 	100  	-2241.63	-2043.57	-2037.74	20.5339
1   	87 	100  	-2315.06	-2043.98	-2037.74	22.1435
1   	88 	100  	-2185.35	-2042.78	-2037.74	14.2286
1   	89 	100  	-2119.63	-2041.08	-2037.74	8.94717
1   	90 	100  	-2148.78	-2042.08	-2037.74	11.1073
1   	91 	100  	-2167.99	-2043.41	-2037.71	17.4253
1   	92 	100  	-2147.9 	-2041.78	-2037.22	13.193 
1   	93 	100  	-2134.18	-2043.45	-2037.22	13.4907
1   	94 	100  	-2908.03	-2045.04	-2037.22	51.5957
1   	95 	100  	-3356   	-2053.98	-2037.22	98.0969
1   	96 	100  	-2944.49	-2050.09	-2036.92	74.561 
1   	97 	100  	-2484.78	-2045.51	-2036.92	34.4834
1   	98 	100  	-2210.99	-2042.37	-2036.92	17.3479
1   	99 	100  	-2460.55	-2045.84	-2036.92	38.576 
rank	gen	depth	min     	avg     	max     	std    
1   	0  	100  	-4874.34	-2354.03	-2124.61	256.262
1   	1  	100  	-15545.3	-2323.1 	-2103.14	820.682
1   	2  	100  	-4815.75	-2220.09	-2098.71	244.856
1   	3  	100  	-8819.4 	-2225.58	-2098.71	501.922
1   	4  	100  	-9991.3 	-2183.01	-2092.13	460.582
1   	5  	100  	-2510.63	-2132.9 	-2078.31	42.5048
1   	6  	100  	-6423.59	-2146.34	-2078.31	277.09 
1   	7  	100  	-3216.84	-2133.11	-2078.31	116.211
1   	8  	100  	-2590.17	-2109.47	-2075.9 	44.8803
1   	9  	100  	-3490.05	-2108.02	-2073.21	92.0391
1   	10 	100  	-3192.89	-2099.67	-2073.21	75.4311
1   	11 	100  	-3699.86	-2102.7 	-2070.46	114.778
1   	12 	100  	-2896.1 	-2098.5 	-2066.17	69.0898
1   	13 	100  	-3343.08	-2100.76	-2066.17	111.384
1   	14 	100  	-2658.86	-2093.69	-2065.43	60.0411
1   	15 	100  	-4494.6 	-2116.9 	-2065.13	244.51 
1   	16 	100  	-6985.19	-2101   	-2065.13	288.907
1   	17 	100  	-3199.03	-2087.14	-2063.79	87.619 
1   	18 	100  	-2390.39	-2077.29	-2061.98	27.7506
1   	19 	100  	-3182.01	-2083.29	-2061.98	80.7687
1   	20 	100  	-2898.4 	-2082.26	-2060.47	63.5381
1   	21 	100  	-2370.36	-2076.4 	-2060.47	35.7264
1   	22 	100  	-2475.26	-2072.28	-2058.12	30.2476
1   	23 	100  	-2705.98	-2077.14	-2058.12	53.911 
1   	24 	100  	-4591.17	-2088.79	-2057.27	171.175
1   	25 	100  	-2451.49	-2072.33	-2057.12	40.0876
1   	26 	100  	-3281.3 	-2076.5 	-2055.87	86.3178
1   	27 	100  	-2342.81	-2068.03	-2055.12	26.7025
1   	28 	100  	-2335.49	-2066.47	-2052.46	26.4925
1   	29 	100  	-2505.48	-2070.53	-2051.87	45.1896
1   	30 	100  	-2498.56	-2070.46	-2051.87	47.3425
1   	31 	100  	-2331.88	-2064.17	-2051.87	29.2526
1   	32 	100  	-2404.84	-2064.51	-2050.38	30.7088
1   	33 	100  	-2505.69	-2067.77	-2049.04	44.0446
1   	34 	100  	-3108.84	-2066.71	-2049.04	75.6424
1   	35 	100  	-2774.43	-2064.66	-2048.95	51.9528
1   	36 	100  	-2393.52	-2061.9 	-2048.34	32.9571
1   	37 	100  	-4060.93	-2070.64	-2047.37	130.081
1   	38 	100  	-3469.2 	-2066.97	-2047.37	92.105 
1   	39 	100  	-2209.33	-2055.29	-2047.25	18.8429
1   	40 	100  	-2617   	-2060.04	-2046.78	49.7219
1   	41 	100  	-3839.74	-2070.08	-2046.4 	121.332
1   	42 	100  	-3060.69	-2061.69	-2046.4 	68.6635
1   	43 	100  	-2223.02	-2054.75	-2046.2 	19.3407
1   	44 	100  	-2237.73	-2055.46	-2046.11	23.4018
1   	45 	100  	-2490.36	-2056.74	-2046.01	36.6696
1   	46 	100  	-2291.64	-2054.67	-2045.36	23.2067
1   	47 	100  	-2565.87	-2057.03	-2044.66	45.1859
1   	48 	100  	-2615.22	-2055.33	-2044.66	37.5334
1   	49 	100  	-2628.4 	-2056.15	-2043.85	46.2192
1   	50 	100  	-3415.63	-2056.72	-2043.85	81.9259
1   	51 	100  	-2291.82	-2053.76	-2043.85	25.357 
1   	52 	100  	-2469.09	-2054.69	-2042.71	42.6036
1   	53 	100  	-2273.18	-2051.51	-2042.71	24.5223
1   	54 	100  	-2208.76	-2049.81	-2042.71	17.2851
1   	55 	100  	-2463.18	-2053.94	-2042.71	38.2478
1   	56 	100  	-2365.26	-2049.51	-2042.71	25.5029
1   	57 	100  	-2618.78	-2051.55	-2042.22	39.4459
1   	58 	100  	-2355.63	-2051.66	-2042.22	29.0588
1   	59 	100  	-2177.56	-2047.84	-2041.17	13.3745
1   	60 	100  	-3136.53	-2057.1 	-2041.17	87.3256
1   	61 	100  	-2734.45	-2056.04	-2040.75	55.3718
1   	62 	100  	-2338.38	-2050.08	-2040.7 	25.0132
1   	63 	100  	-2277.93	-2049.26	-2040.7 	22.6528
1   	64 	100  	-2638.56	-2051.38	-2040.05	49.9538
1   	65 	100  	-2200.07	-2046.97	-2039.78	17.3911
1   	66 	100  	-2509.24	-2049.28	-2039.78	40.888 
1   	67 	100  	-2543.64	-2049.46	-2039.78	35.11  
1   	68 	100  	-2190.92	-2046.05	-2039.03	17.3004
1   	69 	100  	-2437.09	-2047.25	-2039.03	29.3712
1   	70 	100  	-2872.28	-2050.75	-2038.95	72.0753
1   	71 	100  	-2168.4 	-2044.46	-2038.95	13.7384
1   	72 	100  	-2720.12	-2051.96	-2038.95	61.3434
1   	73 	100  	-2365.6 	-2046.13	-2038.55	28.5319
1   	74 	100  	-7889.57	-2063.78	-2038.55	337.386
1   	75 	100  	-2141.58	-2043.48	-2038.47	12.026 
1   	76 	100  	-2909.62	-2054.23	-2038.33	77.4458
1   	77 	100  	-2159.92	-2043.66	-2038.13	14.6642
1   	78 	100  	-2393.13	-2044.14	-2038.04	24.0015
1   	79 	100  	-2242.59	-2045.74	-2038.04	21.2217
1   	80 	100  	-2941.59	-2046.54	-2037.55	55.0639
1   	81 	100  	-2788.88	-2051.52	-2037.55	58.275 
1   	82 	100  	-2456.92	-2045.88	-2037.55	33.7685
1   	83 	100  	-2855.85	-2047.58	-2037.29	55.7626
1   	84 	100  	-2302.88	-2045.51	-2037.29	26.8146
1   	85 	100  	-2544.58	-2047.16	-2036.89	43.7398
1   	86 	100  	-3244.54	-2048.03	-2036.76	74.9348
1   	87 	100  	-2219.2 	-2043.74	-2036.64	20.2306
1   	88 	100  	-2297.73	-2043.2 	-2036.47	21.8314
1   	89 	100  	-2322.36	-2044.08	-2036.19	25.9001
1   	90 	100  	-2431.56	-2043.5 	-2036.03	29.9921
1   	91 	100  	-2217.7 	-2042.38	-2036.03	17.3578
1   	92 	100  	-2428.1 	-2043.81	-2036.03	32.2261
1   	93 	100  	-2516.91	-2045.04	-2035.71	35.4379
1   	94 	100  	-2436.54	-2041.36	-2035.66	24.6571
1   	95 	100  	-3517.97	-2049.61	-2035.66	98.1402
1   	96 	100  	-2531.87	-2042.94	-2035.66	34.0763
1   	97 	100  	-2526.08	-2042.07	-2035.66	31.9636
1   	98 	100  	-2300.11	-2042.88	-2035.66	27.4397
1   	99 	100  	-2355.7 	-2042.26	-2034.96	25.2073
rank	gen	depth	min     	avg     	max     	std    
1   	0  	100  	-10211.5	-2382.31	-2124.49	525.644
1   	1  	100  	-4036.39	-2264.31	-2109.85	223.06 
1   	2  	100  	-3991.56	-2222.73	-2109.85	168.889
1   	3  	100  	-2661.78	-2182.62	-2098.99	70.8579
1   	4  	100  	-7620.56	-2204.99	-2098.99	348.441
1   	5  	100  	-4487.15	-2167.3 	-2097.41	158.361
1   	6  	100  	-2723.73	-2154.21	-2088.47	86.0048
1   	7  	100  	-3001.83	-2148.16	-2083.18	115.098
1   	8  	100  	-4038.37	-2144.03	-2081.98	173.385
1   	9  	100  	-4768.89	-2144.87	-2079.91	196.574
1   	10 	100  	-3583.84	-2130.39	-2078.44	114.672
1   	11 	100  	-3617.71	-2123.44	-2070.94	130.636
1   	12 	100  	-14751.8	-2161.59	-2068.47	738.757
1   	13 	100  	-3373.41	-2112.95	-2068.47	127.325
1   	14 	100  	-4970.68	-2116.39	-2068.47	217.319
1   	15 	100  	-4102.96	-2109.31	-2066.32	141.104
1   	16 	100  	-2445.19	-2088.8 	-2065.46	34.5311
1   	17 	100  	-3006.38	-2094.42	-2065.46	83.7935
1   	18 	100  	-3146.99	-2107.53	-2064.14	143.96 
1   	19 	100  	-12239.8	-2214.66	-2063.34	1086.38
1   	20 	100  	-3344.78	-2090.34	-2063.34	92.3872
1   	21 	100  	-2652.69	-2086.91	-2062.96	58.9606
1   	22 	100  	-2814.79	-2085.05	-2061.72	61.7656
1   	23 	100  	-10133.8	-2131.12	-2060.19	549.632
1   	24 	100  	-2894.07	-2092.75	-2060.19	87.3535
1   	25 	100  	-2628.76	-2080.98	-2059.9 	44.2808
1   	26 	100  	-3159.07	-2089.62	-2059.36	94.4943
1   	27 	100  	-3175.34	-2081.26	-2057.39	72.0946
1   	28 	100  	-7048.93	-2117.7 	-2057.39	338.185
1   	29 	100  	-2914.85	-2077.83	-2056.91	60.8952
1   	30 	100  	-2855.44	-2082.89	-2056.57	71.6366
1   	31 	100  	-2783.05	-2083.22	-2054.09	75.7693
1   	32 	100  	-2374.94	-2074.81	-2054.09	39.7606
1   	33 	100  	-2300.86	-2069.83	-2053.38	28.7177
1   	34 	100  	-4148.06	-2094.67	-2053.38	200.023
1   	35 	100  	-2397.77	-2072.4 	-2052.85	46.9228
1   	36 	100  	-2598.22	-2069.77	-2051.03	46.4322
1   	37 	100  	-3058.88	-2074.75	-2050.69	76.1849
1   	38 	100  	-3301.5 	-2074.15	-2050.49	94.7843
1   	39 	100  	-3323.77	-2072.25	-2049.47	83.2638
1   	40 	100  	-2744.11	-2074.04	-2049.47	71.3053
1   	41 	100  	-2909.19	-2074.04	-2049.47	79.9379
1   	42 	100  	-2492.6 	-2070.68	-2049.23	55.7818
1   	43 	100  	-2522.18	-2070.46	-2046.15	64.0993
1   	44 	100  	-2369.16	-2063.53	-2045.89	34.5915
1   	45 	100  	-2378.33	-2063.15	-2045.89	39.8332
1   	46 	100  	-2586.35	-2065.28	-2045.89	51.3336
1   	47 	100  	-2950.89	-2066.91	-2045.33	74.3273
1   	48 	100  	-2402.08	-2060.35	-2045.33	37.2305
1   	49 	100  	-2386.38	-2059.66	-2044.69	36.8825
1   	50 	100  	-2741.18	-2063.83	-2044.69	70.531 
1   	51 	100  	-2750.16	-2065.25	-2044.69	66.1107
1   	52 	100  	-3603.54	-2073.35	-2044.1 	136.132
1   	53 	100  	-2924.17	-2065.2 	-2043.74	71.4764
1   	54 	100  	-2893.88	-2066.08	-2043.74	73.3885
1   	55 	100  	-2540.35	-2060.96	-2042.91	46.6214
1   	56 	100  	-3178.35	-2067.71	-2042.91	101.13 
1   	57 	100  	-3328.73	-2065.5 	-2042.91	89.6749
1   	58 	100  	-2825.56	-2062.18	-2042.91	62.0452
1   	59 	100  	-2382.53	-2054.76	-2042.91	31.545 
1   	60 	100  	-2645.24	-2062.53	-2042.91	67.9468
1   	61 	100  	-2457.44	-2056.15	-2042.51	34.9973
1   	62 	100  	-2587.41	-2054.85	-2042.51	38.9402
1   	63 	100  	-2571.51	-2054.42	-2042.51	41.0094
1   	64 	100  	-2734.7 	-2056.42	-2042.51	51.6192
1   	65 	100  	-2555.03	-2052.66	-2041.81	33.7401
1   	66 	100  	-2406.74	-2059.56	-2041.71	46.8824
1   	67 	100  	-3392.28	-2060.7 	-2041.71	92.8928
1   	68 	100  	-4175.9 	-2062.8 	-2041.38	129.831
1   	69 	100  	-2194.53	-2049.02	-2041.38	17.2825
1   	70 	100  	-2208.1 	-2050.37	-2041.01	19.3594
1   	71 	100  	-2794.81	-2056.47	-2040.97	54.642 
1   	72 	100  	-2177.25	-2049.13	-2040.41	16.1989
1   	73 	100  	-2596.38	-2056.75	-2040.34	49.7801
1   	74 	100  	-2315.34	-2051.79	-2039.94	28.6208
1   	75 	100  	-2331.29	-2052.06	-2039.76	27.5294
1   	76 	100  	-2666.83	-2053.11	-2039.76	50.4024
1   	77 	100  	-2420.31	-2054.31	-2039.68	44.0176
1   	78 	100  	-2360.77	-2054.16	-2039.11	40.2886
1   	79 	100  	-2416.04	-2050.15	-2038.79	29.5117
1   	80 	100  	-2664.17	-2055.62	-2038.79	54.4589
1   	81 	100  	-2146.75	-2046.33	-2038.76	13.8201
1   	82 	100  	-2603.4 	-2051.58	-2038.42	50.3394
1   	83 	100  	-3501.11	-2060.67	-2038.22	118.463
1   	84 	100  	-2179.99	-2047.18	-2038.01	16.35  
1   	85 	100  	-2409.71	-2049.18	-2038.01	32.8828
1   	86 	100  	-2233.77	-2046.47	-2037.71	19.3022
1   	87 	100  	-3203.33	-2058.84	-2037.71	83.8684
1   	88 	100  	-2238.68	-2045.7 	-2037.47	17.7819
1   	89 	100  	-2147.39	-2044.89	-2037.47	13.3454
1   	90 	100  	-2765.06	-2052.01	-2037.31	59.5229
1   	91 	100  	-2266.16	-2045.64	-2037.31	21.9669
1   	92 	100  	-2344.72	-2046.81	-2037.31	24.6378
1   	93 	100  	-2504.94	-2048.93	-2036.82	39.7593
1   	94 	100  	-3163.75	-2051.82	-2036.77	70.7818
1   	95 	100  	-2318.07	-2049.06	-2036.77	31.708 
1   	96 	100  	-2544.26	-2047.04	-2036.42	35.753 
1   	97 	100  	-2367.37	-2046.17	-2036.42	29.4176
1   	98 	100  	-2323.68	-2046.14	-2036.37	27.3261
1   	99 	100  	-2585   	-2045.17	-2036.37	34.3875
rank	gen	depth	min     	avg     	max     	std    
1   	0  	100  	-7357.37	-2357.93	-2107.35	417.368
1   	1  	100  	-5751.65	-2287.13	-2107.35	360.744
1   	2  	100  	-3277.69	-2208.61	-2107.35	130.638
1   	3  	100  	-3840.24	-2190.25	-2103.06	151.868
1   	4  	100  	-5225.17	-2179.15	-2099.8 	206.696
1   	5  	100  	-4507.97	-2167.67	-2095.86	190.51 
1   	6  	100  	-3011.81	-2140.24	-2089.64	80.9027
1   	7  	100  	-3278.91	-2142.59	-2086.05	135.809
1   	8  	100  	-8224.71	-2157.49	-2085.56	374.304
1   	9  	100  	-25730.3	-2253.72	-2085.18	1486.73
1   	10 	100  	-5483.1 	-2149.62	-2085.14	239.483
1   	11 	100  	-2993.97	-2128.27	-2081.74	108.81 
1   	12 	100  	-3411.89	-2122.26	-2074.58	106.612
1   	13 	100  	-4035.56	-2127.92	-2066.26	155.769
1   	14 	100  	-3910.04	-2137.3 	-2066.26	205.658
1   	15 	100  	-18317.2	-2162.73	-2065.88	940.022
1   	16 	100  	-13554.9	-2144.3 	-2065.88	665.737
1   	17 	100  	-4306.6 	-2115.17	-2065.88	183.014
1   	18 	100  	-4742.43	-2113.06	-2065.52	206.059
1   	19 	100  	-11629.3	-2160.42	-2065.52	653.768
1   	20 	100  	-5438.55	-2116.71	-2062.72	256.74 
1   	21 	100  	-4225.87	-2120.87	-2061.19	223.906
1   	22 	100  	-3016.68	-2098.9 	-2061.19	109.946
1   	23 	100  	-2651.33	-2084.95	-2058.7 	55.7478
1   	24 	100  	-3265.43	-2096.78	-2058.7 	120.896
1   	25 	100  	-5131.07	-2101.94	-2057.3 	215.613
1   	26 	100  	-2809.59	-2081.82	-2056.2 	62.3838
1   	27 	100  	-4070.7 	-2089.21	-2055.48	143.874
1   	28 	100  	-2947.78	-2084.15	-2050.85	73.1958
1   	29 	100  	-3544.72	-2077.74	-2050.85	90.8125
1   	30 	100  	-2638.92	-2074.75	-2050.85	47.2857
1   	31 	100  	-2501.48	-2076.36	-2050.85	56.0788
1   	32 	100  	-2337.11	-2068.34	-2050.52	29.5672
1   	33 	100  	-6872.66	-2097.22	-2050.52	293.114
1   	34 	100  	-3818.66	-2079.45	-2050.03	136.642
1   	35 	100  	-2315.68	-2066.81	-2049.42	31.4838
1   	36 	100  	-5827.52	-2095.34	-2049.33	296.029
1   	37 	100  	-3937.84	-2071.58	-2049.25	113.243
1   	38 	100  	-8506.49	-2093.93	-2048.3 	378.197
1   	39 	100  	-3263.93	-2066.93	-2048.3 	76.1005
1   	40 	100  	-2857.12	-2071.7 	-2048.09	81.0549
1   	41 	100  	-2342.04	-2064.1 	-2047.3 	37.0958
1   	42 	100  	-3980.95	-2078.78	-2047.3 	146.505
1   	43 	100  	-4464.74	-2072.83	-2047.13	157.992
1   	44 	100  	-2888.54	-2067.42	-2046.63	71.2223
1   	45 	100  	-2671.25	-2065.23	-2045.98	50.2603
1   	46 	100  	-3217.79	-2067.35	-2045.98	84.7336
1   	47 	100  	-2958.1 	-2062.19	-2045.98	57.5649
1   	48 	100  	-2508.95	-2063.65	-2045.88	43.108 
1   	49 	100  	-2427.1 	-2059.56	-2045.88	34.5189
1   	50 	100  	-3878.84	-2063.77	-2044.54	109.348
1   	51 	100  	-2680.66	-2064.54	-2044.53	61.6937
1   	52 	100  	-4354.05	-2073.26	-2043.37	142.909
1   	53 	100  	-2282.29	-2058.49	-2043.01	32.1486
1   	54 	100  	-2188.28	-2053.37	-2043.01	17.1124
1   	55 	100  	-6873.25	-2074.2 	-2043.01	280.146
1   	56 	100  	-2651.23	-2057.74	-2042.83	46.3007
1   	57 	100  	-4130.97	-2073.56	-2042.54	160.708
1   	58 	100  	-2306.21	-2056.03	-2041.77	31.859 
1   	59 	100  	-2345.58	-2056.17	-2041.77	33.2083
1   	60 	100  	-3146.36	-2063.06	-2041.77	93.9028
1   	61 	100  	-2474.91	-2058.08	-2041.3 	48.3077
1   	62 	100  	-2905.76	-2056.34	-2041.3 	58.4796
1   	63 	100  	-2827.2 	-2067.15	-2040.42	94.8308
1   	64 	100  	-2349.02	-2051.74	-2040.42	25.255 
1   	65 	100  	-4379.6 	-2061.31	-2040.42	137.724
1   	66 	100  	-3093.34	-2064.74	-2040.42	81.3819
1   	67 	100  	-2335.49	-2055.26	-2039.84	31.9455
1   	68 	100  	-2541.79	-2056.74	-2039.84	52.395 
1   	69 	100  	-3929.31	-2068.85	-2039.84	125.452
1   	70 	100  	-2498.5 	-2056.85	-2039.84	48.5432
1   	71 	100  	-3085.54	-2060.33	-2039.84	77.2758
1   	72 	100  	-2913.58	-2058.79	-2039.62	68.0585
1   	73 	100  	-2856.77	-2061.68	-2039.36	75.2946
1   	74 	100  	-2973.15	-2057.95	-2039.16	77.851 
1   	75 	100  	-2844.97	-2060.51	-2039   	76.6343
1   	76 	100  	-2673.56	-2053.11	-2038.8 	49.5344
1   	77 	100  	-2500.64	-2053.17	-2038.3 	45.0789
1   	78 	100  	-2753.93	-2056.05	-2038.3 	57.7018
1   	79 	100  	-3238.22	-2057.3 	-2038.3 	80.7419
1   	80 	100  	-2290.04	-2051.17	-2038.3 	33.2594
1   	81 	100  	-2496.98	-2049.05	-2038.06	34.5289
1   	82 	100  	-2325.58	-2047.84	-2038.06	25.1718
1   	83 	100  	-2683.79	-2052.9 	-2037.77	56.741 
1   	84 	100  	-2715.39	-2048.91	-2037.77	42.4153
1   	85 	100  	-2362.26	-2049.57	-2037.67	29.0189
1   	86 	100  	-2665.3 	-2049.13	-2037.67	47.6947
1   	87 	100  	-2423.41	-2048.06	-2037.57	31.5233
1   	88 	100  	-2518.98	-2050.32	-2037.31	41.3455
1   	89 	100  	-2608.47	-2052.7 	-2037.31	54.8032
1   	90 	100  	-2564.59	-2050.66	-2037.31	48.2644
1   	91 	100  	-2150.23	-2045.13	-2037.23	14.7411
1   	92 	100  	-2293.42	-2046.73	-2037.23	21.8475
1   	93 	100  	-2568.03	-2053.03	-2036.97	52.5562
1   	94 	100  	-13385.3	-2086.79	-2036.97	654.672
1   	95 	100  	-2441.63	-2048.3 	-2036.87	37.5641
1   	96 	100  	-3024.04	-2055.35	-2036.87	81.284 
1   	97 	100  	-3745.16	-2055.11	-2036.87	107.483
1   	98 	100  	-2453.78	-2049.47	-2036.61	41.7468
1   	99 	100  	-2396.56	-2049.34	-2036.61	37.0128
rank	gen	depth	min     	avg     	max     	std    
1   	0  	100  	-3820.14	-2356.39	-2106.52	232.182
1   	1  	100  	-7180.66	-2279.3 	-2103.93	402.096
1   	2  	100  	-6789.5 	-2201.71	-2082.05	289.844
1   	3  	100  	-2601.98	-2154.12	-2082.05	62.4686
1   	4  	100  	-8962.29	-2197.32	-2082.05	515.86 
1   	5  	100  	-5749.92	-2182.2 	-2074.47	387.229
1   	6  	100  	-6254.03	-2144.58	-2074.47	261.098
1   	7  	100  	-6642.86	-2122.99	-2070.07	264.315
1   	8  	100  	-4090.89	-2108.96	-2066.7 	136.222
1   	9  	100  	-3070.8 	-2101.41	-2066.7 	86.0479
1   	10 	100  	-3688.3 	-2101.25	-2065.41	111.104
1   	11 	100  	-4730.46	-2097.01	-2065.41	163.734
1   	12 	100  	-2659.45	-2087.08	-2065.41	54.0566
1   	13 	100  	-2593.21	-2088.69	-2064.72	58.2984
1   	14 	100  	-4405.21	-2100.22	-2063.65	173.896
1   	15 	100  	-4145.98	-2092.31	-2063.58	143.903
1   	16 	100  	-2688.98	-2083.9 	-2062.45	59.9862
1   	17 	100  	-3993.93	-2086.75	-2062.17	125.858
1   	18 	100  	-18895.2	-2145.84	-2060.75	984.796
1   	19 	100  	-2755.71	-2077.12	-2060.47	53.31  
1   	20 	100  	-2991.66	-2080.29	-2059.83	67.6518
1   	21 	100  	-3843.46	-2100.01	-2057.57	172.408
1   	22 	100  	-2679.02	-2075.99	-2057.38	55.8285
1   	23 	100  	-2294.18	-2069.75	-2055.39	26.3369
1   	24 	100  	-2787.83	-2083.19	-2055.39	77.8623
1   	25 	100  	-2687.68	-2074.5 	-2055.39	55.6895
1   	26 	100  	-2737.03	-2075.61	-2055.39	61.289 
1   	27 	100  	-2476.51	-2074.57	-2055.39	47.2599
1   	28 	100  	-3024.84	-2077.42	-2055.23	82.7513
1   	29 	100  	-2382.89	-2071.24	-2053.24	39.6061
1   	30 	100  	-2637.89	-2070.49	-2053.24	46.568 
1   	31 	100  	-3886.15	-2075.93	-2053.24	114.086
1   	32 	100  	-3239.75	-2069.04	-2053.24	74.2017
1   	33 	100  	-2585.62	-2071.1 	-2053.03	64.4519
1   	34 	100  	-3272.79	-2079.22	-2053.03	108.346
1   	35 	100  	-3399.74	-2072.55	-2053.03	88.4751
1   	36 	100  	-3889.77	-2076.69	-2052.71	134.325
1   	37 	100  	-2386.29	-2067.82	-2051.29	43.2066
1   	38 	100  	-2350.91	-2063.23	-2051.29	30.5859
1   	39 	100  	-5145.83	-2089.33	-2050.35	211.56 
1   	40 	100  	-2313.9 	-2063.74	-2049.65	33.6151
1   	41 	100  	-3191.6 	-2073.98	-2049.65	86.4469
1   	42 	100  	-2344.74	-2064.66	-2049.3 	34.6734
1   	43 	100  	-2268.25	-2059.84	-2049.3 	24.2438
1   	44 	100  	-2587.55	-2059.68	-2048.48	35.118 
1   	45 	100  	-2845.61	-2062.87	-2048.48	54.1298
1   	46 	100  	-2903.71	-2064.98	-2048.46	68.8259
1   	47 	100  	-3262.85	-2073.9 	-2048.03	117.535
1   	48 	100  	-3796.26	-2070.62	-2047.91	118.711
1   	49 	100  	-2619.09	-2063.29	-2047.81	50.8034
1   	50 	100  	-2511.78	-2060.77	-2047.23	44.0624
1   	51 	100  	-2329.52	-2060.47	-2046.85	34.3801
1   	52 	100  	-2374.33	-2058.46	-2046.85	32.4388
1   	53 	100  	-3432.42	-2066.62	-2045.51	108.482
1   	54 	100  	-2307.99	-2057.05	-2045.51	29.1174
1   	55 	100  	-3225.46	-2061.16	-2045.51	83.5523
1   	56 	100  	-2293.13	-2054.41	-2044.76	24.3372
1   	57 	100  	-2300.27	-2056.96	-2044.76	34.2507
1   	58 	100  	-2262.54	-2052.93	-2044.76	21.2109
1   	59 	100  	-2318.94	-2055.6 	-2044.17	29.3256
1   	60 	100  	-3912.73	-2060.18	-2044.17	110.608
1   	61 	100  	-2272.62	-2054.59	-2044.17	26.1697
1   	62 	100  	-3004.48	-2059.25	-2043.8 	83.4619
1   	63 	100  	-2305.13	-2051.61	-2043.8 	20.4675
1   	64 	100  	-3188.31	-2060.03	-2043.32	82.2419
1   	65 	100  	-2526.42	-2059.71	-2040.93	51.6318
1   	66 	100  	-3040.56	-2057.16	-2040.93	67.1763
1   	67 	100  	-2375.5 	-2054.66	-2040.93	37.2912
1   	68 	100  	-2220.14	-2051.4 	-2040.93	21.3295
1   	69 	100  	-2434.79	-2053.2 	-2040.93	34.4443
1   	70 	100  	-2509.62	-2051.58	-2040.93	34.5057
1   	71 	100  	-2508.41	-2050.25	-2040.93	31.5339
1   	72 	100  	-2225.62	-2048.7 	-2039.77	16.2315
1   	73 	100  	-2881.79	-2053.43	-2039.53	64.101 
1   	74 	100  	-2472.74	-2048.15	-2039.53	28.4159
1   	75 	100  	-2667.56	-2051.92	-2039.53	55.6497
1   	76 	100  	-2693.48	-2050.92	-2038.8 	49.0276
1   	77 	100  	-2204.41	-2046.43	-2038.8 	18.1957
1   	78 	100  	-2417.78	-2047.63	-2038.8 	28.96  
1   	79 	100  	-2577.71	-2050.36	-2038.8 	43.3875
1   	80 	100  	-2807.85	-2052.07	-2038.38	54.4022
1   	81 	100  	-2272.4 	-2046.77	-2037.9 	21.8839
1   	82 	100  	-2299.43	-2046.29	-2037.9 	24.7517
1   	83 	100  	-2542.33	-2048.17	-2037.9 	34.6615
1   	84 	100  	-2216.9 	-2045.62	-2037.63	19.2267
1   	85 	100  	-2576.96	-2049.17	-2037.4 	41.9864
1   	86 	100  	-2642.67	-2045.81	-2037.08	39.0269
1   	87 	100  	-2609.5 	-2048.18	-2037.08	43.4858
1   	88 	100  	-2216.5 	-2043.75	-2036.51	16.6698
1   	89 	100  	-2830.75	-2049.39	-2036.51	58.8438
1   	90 	100  	-3489.81	-2053.66	-2036.38	110.978
1   	91 	100  	-2403.2 	-2046.09	-2036.38	32.786 
1   	92 	100  	-3443.01	-2052.14	-2036.38	88.97  
1   	93 	100  	-2276.21	-2044.42	-2036.38	27.5663
1   	94 	100  	-2248.42	-2044.14	-2036.05	23.9521
1   	95 	100  	-2182.05	-2040.46	-2036.05	11.6312
1   	96 	100  	-2144.99	-2041.26	-2035.77	13.924 
1   	97 	100  	-2179.39	-2040.48	-2035.77	13.9531
1   	98 	100  	-2315.4 	-2043.36	-2035.77	29.3052
1   	99 	100  	-2232.45	-2042.66	-2035.41	19.6189
rank	gen	depth	min     	avg     	max     	std    
1   	0  	100  	-7679.72	-2472.38	-2119.48	629.688
1   	1  	100  	-21481.2	-2368.39	-2119.48	1155.99
1   	2  	100  	-6530.47	-2271.57	-2112.5 	334.928
1   	3  	100  	-4623.31	-2230.52	-2108.58	202.857
1   	4  	100  	-16107.9	-2399.16	-2108.58	1180.05
1   	5  	100  	-3618.4 	-2225.56	-2102.58	192.874
1   	6  	100  	-3395.82	-2191.81	-2099.89	133.161
1   	7  	100  	-10137.8	-2257.45	-2088.26	629.511
1   	8  	100  	-5044.04	-2201.9 	-2088.26	255.223
1   	9  	100  	-5797.85	-2222.61	-2086.97	368.189
1   	10 	100  	-5785.63	-2198.64	-2085.64	304.116
1   	11 	100  	-4984.36	-2200.98	-2083.69	277.488
1   	12 	100  	-10564  	-2224.6 	-2083.69	597.99 
1   	13 	100  	-7779.45	-2186.98	-2079.7 	484.26 
1   	14 	100  	-5876.92	-2172.45	-2074.95	284.456
1   	15 	100  	-4257.56	-2163.52	-2074.95	227.964
1   	16 	100  	-6072.38	-2158.98	-2071.56	267.372
1   	17 	100  	-8644.51	-2195.87	-2070.73	450.732
1   	18 	100  	-3126.79	-2135.8 	-2069.83	123.1  
1   	19 	100  	-3791.11	-2138.39	-2069.73	160.31 
1   	20 	100  	-6044.21	-2144.41	-2068.08	252.759
1   	21 	100  	-4885.29	-2142.51	-2068.08	201.249
1   	22 	100  	-7546.23	-2166.57	-2065.2 	437.397
1   	23 	100  	-4729.17	-2146.32	-2065.2 	244.198
1   	24 	100  	-10768  	-2165.97	-2063.23	559.748
1   	25 	100  	-3312.37	-2133.87	-2061.7 	146.317
1   	26 	100  	-3711.62	-2138.26	-2061.7 	179.701
1   	27 	100  	-12846.9	-2163.95	-2061.7 	655.174
1   	28 	100  	-3455.79	-2127.43	-2057.18	157.664
1   	29 	100  	-3399.23	-2126.26	-2057.18	144.276
1   	30 	100  	-6855.54	-2156.92	-2055.04	330.447
1   	31 	100  	-7863.89	-2131.09	-2055.04	352.738
1   	32 	100  	-3113.31	-2110.93	-2054.64	110.815
1   	33 	100  	-8264.05	-2132.56	-2054.64	428.732
1   	34 	100  	-8654.65	-2158.15	-2053.91	463.314
1   	35 	100  	-2731.18	-2093.78	-2052.22	64.8642
1   	36 	100  	-3089.87	-2097.31	-2051.94	86.6692
1   	37 	100  	-3586.17	-2116.48	-2051.76	155.933
1   	38 	100  	-3806.41	-2099.24	-2051.76	126.621
1   	39 	100  	-4375.13	-2091.82	-2051.19	145.112
1   	40 	100  	-2864.7 	-2092.21	-2051.19	89.1183
1   	41 	100  	-2515.52	-2085.52	-2050.79	58.1651
1   	42 	100  	-2602.78	-2091.24	-2050.79	79.8272
1   	43 	100  	-3325.91	-2091.69	-2049.9 	115.327
1   	44 	100  	-3211.52	-2085.5 	-2049.9 	95.2356
1   	45 	100  	-3588.27	-2096.69	-2049.9 	132.754
1   	46 	100  	-3247.13	-2089.3 	-2049.9 	96.1163
1   	47 	100  	-2847.78	-2088.56	-2049.9 	84.3823
1   	48 	100  	-4242.22	-2111.61	-2049.9 	215.575
1   	49 	100  	-2650.87	-2083.32	-2049.9 	57.5714
1   	50 	100  	-3243.6 	-2090.68	-2049.88	101.797
1   	51 	100  	-3111.3 	-2089.58	-2049.88	99.2619
1   	52 	100  	-2469.47	-2082.66	-2049.41	55.1071
1   	53 	100  	-4219.43	-2100.9 	-2049.41	161.351
1   	54 	100  	-2384.94	-2078.16	-2047.88	46.3328
1   	55 	100  	-3676.98	-2090.57	-2047.88	114.828
1   	56 	100  	-3875.71	-2095.93	-2047.88	152.055
1   	57 	100  	-2764.5 	-2084.28	-2047.88	80.4325
1   	58 	100  	-2961.47	-2087.14	-2047.88	93.5198
1   	59 	100  	-3417.17	-2087.03	-2047.88	116.879
1   	60 	100  	-3470.49	-2109.85	-2047.88	184.309
1   	61 	100  	-4461.17	-2101.16	-2047.76	219.61 
1   	62 	100  	-2730.34	-2082.13	-2047.62	66.5564
1   	63 	100  	-3349.18	-2087.08	-2047.43	108.537
1   	64 	100  	-7976.29	-2111.47	-2047.43	370.377
1   	65 	100  	-2898.62	-2080.2 	-2046.36	80.0512
1   	66 	100  	-2730.19	-2079.13	-2046.36	64.8202
1   	67 	100  	-3612.54	-2091.58	-2046.36	146.663
1   	68 	100  	-3402.04	-2081.49	-2045.26	95.4335
1   	69 	100  	-2379.56	-2075.95	-2043.4 	46.6652
1   	70 	100  	-2589.62	-2076.25	-2043.4 	60.8624
1   	71 	100  	-2828.86	-2084   	-2043.4 	94.2863
1   	72 	100  	-2890.8 	-2077.76	-2043.4 	79.9265
1   	73 	100  	-3025.04	-2077.9 	-2043.4 	89.4735
1   	74 	100  	-2576.34	-2075.93	-2043.4 	62.0577
1   	75 	100  	-2638.79	-2076.75	-2043.4 	72.1169
1   	76 	100  	-2618.41	-2068.66	-2043.07	47.9486
1   	77 	100  	-2495.07	-2069.41	-2043.07	46.5503
1   	78 	100  	-3535.97	-2085.46	-2043.07	118.818
1   	79 	100  	-3463.46	-2075.56	-2042.76	106.008
1   	80 	100  	-4498.09	-2076.22	-2042.76	145.97 
1   	81 	100  	-2621.39	-2073.62	-2042.76	61.2767
1   	82 	100  	-4895.41	-2090.94	-2042.76	194.085
1   	83 	100  	-2950.32	-2076.51	-2042.76	77.4284
1   	84 	100  	-2957.89	-2075.76	-2042.76	81.548 
1   	85 	100  	-3147.15	-2081.62	-2042.76	109.125
1   	86 	100  	-3885.77	-2084.05	-2042.76	139.721
1   	87 	100  	-4343.17	-2087.65	-2042.76	160.135
1   	88 	100  	-2774.16	-2074.55	-2042.76	64.7744
1   	89 	100  	-3160.4 	-2075.36	-2042.02	93.3485
1   	90 	100  	-3522.51	-2085.21	-2042.02	119.167
1   	91 	100  	-2647.42	-2077.45	-2042.02	69.4401
1   	92 	100  	-3185.24	-2073.51	-2041.73	81.1111
1   	93 	100  	-4373.09	-2097.69	-2041.73	221.632
1   	94 	100  	-2924.03	-2073.15	-2041.73	83.9241
1   	95 	100  	-4392.16	-2078.28	-2041.73	146.152
1   	96 	100  	-2929.37	-2072.01	-2041.73	74.0004
1   	97 	100  	-4707.22	-2077.82	-2041.73	160.71 
1   	98 	100  	-3727.17	-2075.59	-2041.73	110.771
1   	99 	100  	-5341.68	-2092.15	-2041.73	213.27 
