rank	gen	depth	min     	avg     	max     	std    
2   	0  	100  	-2463.91	-1665.81	-1609.08	73.2737
2   	1  	100  	-2035.45	-1636.12	-1609.08	35.7492
2   	2  	100  	-2792.62	-1628.27	-1608.1 	55.5512
2   	3  	100  	-3754.87	-1626.79	-1608.1 	101.592
2   	4  	100  	-1854.99	-1617.04	-1606.72	17.7573
2   	5  	100  	-1822.15	-1615.35	-1606.05	18.5294
2   	6  	100  	-1984.31	-1613.39	-1605.49	21.9762
2   	7  	100  	-1932.18	-1612.19	-1605   	21.1232
2   	8  	100  	-2060.13	-1611.65	-1604.97	24.619 
2   	9  	100  	-2647.65	-1612.9 	-1604.49	54.9512
2   	10 	100  	-1713.57	-1609.09	-1604.27	11.2784
2   	11 	100  	-1944.69	-1609.6 	-1603.8 	25.5564
2   	12 	100  	-1990.93	-1610.45	-1603.8 	29.2034
2   	13 	100  	-4623.62	-1614.62	-1603.8 	136.522
2   	14 	100  	-1935.4 	-1608.91	-1603.57	24.3987
2   	15 	100  	-1673.86	-1606.27	-1603.54	6.5604 
2   	16 	100  	-1720.92	-1606.38	-1603.54	7.87511
2   	17 	100  	-1714.63	-1605.52	-1603.54	6.22253
2   	18 	100  	-1748.52	-1605.76	-1603.54	8.84495
2   	19 	100  	-1736.71	-1605.6 	-1603.54	8.99041
2   	20 	100  	-1698.4 	-1605.28	-1603.54	6.52742
2   	21 	100  	-1693.72	-1605.23	-1603.54	7.3214 
2   	22 	100  	-1841.01	-1605.86	-1603.54	13.0439
2   	23 	100  	-1761.88	-1605.35	-1603.54	11.5268
2   	24 	100  	-1695.54	-1605.41	-1603.54	7.5234 
2   	25 	100  	-1686.75	-1605.21	-1603.54	7.02594
2   	26 	100  	-1672.68	-1605.25	-1603.54	6.62729
2   	27 	100  	-1663.35	-1604.93	-1603.54	5.39392
2   	28 	100  	-1660.63	-1604.77	-1603.54	4.68998
2   	29 	100  	-1827.64	-1605.86	-1603.54	16.0602
2   	30 	100  	-1717.47	-1605.15	-1603.54	8.55389
2   	31 	100  	-1691.09	-1604.77	-1603.54	6.11863
2   	32 	100  	-1692.55	-1605.43	-1603.54	8.93909
2   	33 	100  	-1706.67	-1604.93	-1603.54	6.40065
2   	34 	100  	-1641.76	-1604.46	-1603.54	3.36201
2   	35 	100  	-1668.98	-1604.6 	-1603.54	4.18499
2   	36 	100  	-1711.18	-1605.28	-1603.54	8.24852
2   	37 	100  	-1725.59	-1604.9 	-1603.54	7.72732
2   	38 	100  	-1689.33	-1605   	-1603.54	7.32028
2   	39 	100  	-1918.49	-1606.39	-1603.54	21.087 
2   	40 	100  	-1654.66	-1604.58	-1603.54	4.06077
2   	41 	100  	-1738.85	-1604.97	-1603.54	9.11157
2   	42 	100  	-1747.82	-1604.94	-1603.54	9.00948
2   	43 	100  	-1865.84	-1605.62	-1603.54	14.2198
2   	44 	100  	-1767.47	-1606.56	-1603.54	14.3616
2   	45 	100  	-1757.05	-1605.81	-1603.54	12.1254
2   	46 	100  	-1647.72	-1604.72	-1603.54	4.35299
2   	47 	100  	-1662.75	-1604.59	-1603.54	4.50361
2   	48 	100  	-1629.46	-1604.39	-1603.54	3.0325 
2   	49 	100  	-1717.45	-1605.08	-1603.54	8.76051
2   	50 	100  	-1904.51	-1606.29	-1603.54	17.8361
2   	51 	100  	-1731.87	-1604.8 	-1603.54	8.52086
2   	52 	100  	-2109.39	-1606.84	-1603.54	26.1242
2   	53 	100  	-1792.81	-1605.17	-1603.54	10.4856
2   	54 	100  	-1695.31	-1605.12	-1603.54	7.5201 
2   	55 	100  	-1771.46	-1605.44	-1603.54	9.64976
2   	56 	100  	-1749.22	-1605.06	-1603.54	9.04686
2   	57 	100  	-1937.17	-1606.01	-1603.54	17.644 
2   	58 	100  	-1789.96	-1605.54	-1603.54	12.4614
2   	59 	100  	-2619.69	-1609.64	-1603.54	61.8137
2   	60 	100  	-1760.09	-1605.61	-1603.54	11.1477
2   	61 	100  	-1752.51	-1604.77	-1603.54	7.65259
2   	62 	100  	-1761.78	-1605.15	-1603.54	9.50194
2   	63 	100  	-1706.51	-1605.06	-1603.54	7.00566
2   	64 	100  	-1702.28	-1604.82	-1603.54	6.81399
2   	65 	100  	-1732.4 	-1604.57	-1603.54	6.63632
2   	66 	100  	-1662.72	-1604.53	-1603.54	4.49607
2   	67 	100  	-2014.38	-1607.22	-1603.54	27.1482
2   	68 	100  	-1657.78	-1604.57	-1603.54	4.58234
2   	69 	100  	-1736.41	-1605.45	-1603.54	10.4455
2   	70 	100  	-1696   	-1605.08	-1603.54	7.26772
2   	71 	100  	-1793.41	-1605.68	-1603.54	12.7508
2   	72 	100  	-1652.27	-1604.54	-1603.54	4.17461
2   	73 	100  	-2217.91	-1606.08	-1603.54	28.4346
2   	74 	100  	-1747.82	-1605.03	-1603.54	8.33291
2   	75 	100  	-1715.33	-1605.05	-1603.54	7.30799
2   	76 	100  	-1701.98	-1604.98	-1603.54	8.33708
2   	77 	100  	-1673.93	-1604.6 	-1603.54	5.11002
2   	78 	100  	-1670.84	-1604.73	-1603.54	5.14097
2   	79 	100  	-1893.53	-1606.18	-1603.54	17.6046
2   	80 	100  	-1650.68	-1604.26	-1603.54	3.5262 
2   	81 	100  	-1697.7 	-1604.96	-1603.54	6.3164 
2   	82 	100  	-1664.17	-1604.64	-1603.54	4.76677
2   	83 	100  	-2188.93	-1606.16	-1603.54	27.1875
2   	84 	100  	-1691.43	-1604.71	-1603.54	5.99233
2   	85 	100  	-1733.53	-1604.92	-1603.54	8.27122
2   	86 	100  	-1748.46	-1605.21	-1603.54	10.8994
2   	87 	100  	-1768.07	-1605.38	-1603.54	11.5808
2   	88 	100  	-2137.79	-1606.25	-1603.54	28.2559
2   	89 	100  	-1664.64	-1604.69	-1603.54	4.83146
2   	90 	100  	-2151.26	-1607.78	-1603.54	31.293 
2   	91 	100  	-1702.03	-1604.48	-1603.54	5.59529
2   	92 	100  	-1705.67	-1604.8 	-1603.54	6.64468
2   	93 	100  	-1668.71	-1604.45	-1603.54	4.40117
2   	94 	100  	-1721.31	-1605.35	-1603.54	9.98897
2   	95 	100  	-1641.07	-1604.54	-1603.54	3.89102
2   	96 	100  	-1709.65	-1605.23	-1603.54	7.83625
2   	97 	100  	-1781.73	-1605.98	-1603.54	14.3173
2   	98 	100  	-1751.86	-1605.16	-1603.54	9.89333
2   	99 	100  	-1685.75	-1604.91	-1603.54	6.88059
rank	gen	depth	min     	avg     	max     	std    
2   	0  	100  	-7570.11	-1678.23	-1610.3 	275.907
2   	1  	100  	-2845.43	-1643.77	-1608.92	80.1147
2   	2  	100  	-2187.61	-1630.44	-1607.79	42.8483
2   	3  	100  	-2071.64	-1623.94	-1606.1 	30.6909
2   	4  	100  	-2401.63	-1620.47	-1606.1 	42.7697
2   	5  	100  	-14970.1	-1644.66	-1606.1 	597.691
2   	6  	100  	-1811.65	-1612.88	-1606.1 	12.8009
2   	7  	100  	-1923.19	-1612.29	-1605.85	19.4444
2   	8  	100  	-2042.36	-1612.21	-1605.19	23.96  
2   	9  	100  	-1858.28	-1609.71	-1605.14	13.4296
2   	10 	100  	-1723.9 	-1609.15	-1604.49	9.59202
2   	11 	100  	-1929.88	-1610.58	-1604.32	21.5503
2   	12 	100  	-1720.31	-1608.44	-1604.27	9.62331
2   	13 	100  	-1712.17	-1607.92	-1604.27	9.12379
2   	14 	100  	-1808.37	-1608.32	-1604.22	16.4461
2   	15 	100  	-1742.84	-1606.56	-1603.79	7.99065
2   	16 	100  	-1934.87	-1608.6 	-1603.57	24.138 
2   	17 	100  	-1773.68	-1606.3 	-1603.54	9.92043
2   	18 	100  	-1741.38	-1606.51	-1603.54	10.3493
2   	19 	100  	-2141.26	-1606.9 	-1603.54	25.2577
2   	20 	100  	-1873.08	-1606.59	-1603.54	15.6443
2   	21 	100  	-1775.3 	-1605.77	-1603.54	11.5993
2   	22 	100  	-1710.08	-1605.18	-1603.54	7.72632
2   	23 	100  	-2016.08	-1606.14	-1603.54	20.5497
2   	24 	100  	-2059.03	-1606.55	-1603.54	22.1296
2   	25 	100  	-1758.89	-1605.29	-1603.54	9.46571
2   	26 	100  	-2066.73	-1606.23	-1603.54	21.8488
2   	27 	100  	-1684.47	-1605.6 	-1603.54	7.83834
2   	28 	100  	-2113.35	-1607.27	-1603.54	26.8859
2   	29 	100  	-1786.25	-1606.13	-1603.54	13.5754
2   	30 	100  	-1753.51	-1605.22	-1603.54	8.44086
2   	31 	100  	-1696   	-1606.16	-1603.54	10.2016
2   	32 	100  	-1682.39	-1605.4 	-1603.54	7.01218
2   	33 	100  	-1970.97	-1605.74	-1603.54	17.3333
2   	34 	100  	-1702.68	-1605.88	-1603.54	8.84181
2   	35 	100  	-1702.84	-1605.79	-1603.54	9.67403
2   	36 	100  	-1945.64	-1606.36	-1603.54	20.3139
2   	37 	100  	-1964.83	-1606.26	-1603.54	19.6014
2   	38 	100  	-1739.84	-1606.04	-1603.54	11.8165
2   	39 	100  	-1752.74	-1605.56	-1603.54	10.6334
2   	40 	100  	-1791.71	-1605.54	-1603.54	10.7506
2   	41 	100  	-1803.23	-1605.52	-1603.54	10.6376
2   	42 	100  	-1821.19	-1606.05	-1603.54	13.9125
2   	43 	100  	-2115.26	-1608.16	-1603.54	32.9284
2   	44 	100  	-2039.05	-1606.88	-1603.54	27.2144
2   	45 	100  	-1663.31	-1605.19	-1603.54	5.97237
2   	46 	100  	-1796.4 	-1606.3 	-1603.54	15.0006
2   	47 	100  	-1758.79	-1605.37	-1603.54	9.77748
2   	48 	100  	-2079.11	-1607.82	-1603.54	28.872 
2   	49 	100  	-1754.93	-1605.7 	-1603.54	9.8192 
2   	50 	100  	-1784.73	-1606.24	-1603.54	14.1735
2   	51 	100  	-1660.2 	-1605.09	-1603.54	5.74882
2   	52 	100  	-3676.33	-1609.47	-1603.54	92.9684
2   	53 	100  	-1756.35	-1605.61	-1603.54	10.4713
2   	54 	100  	-1658.45	-1604.55	-1603.54	4.44505
2   	55 	100  	-1764.88	-1605.83	-1603.54	10.2136
2   	56 	100  	-1704.67	-1605.54	-1603.54	8.53367
2   	57 	100  	-1779.27	-1605.68	-1603.54	11.416 
2   	58 	100  	-1792.71	-1606   	-1603.54	13.679 
2   	59 	100  	-1721.23	-1605.55	-1603.54	9.52565
2   	60 	100  	-1699.45	-1605.21	-1603.54	8.60427
2   	61 	100  	-1703.21	-1605.07	-1603.54	7.4501 
2   	62 	100  	-1699.99	-1604.98	-1603.54	6.56731
2   	63 	100  	-1648.24	-1604.87	-1603.54	4.77321
2   	64 	100  	-2456.37	-1607.72	-1603.54	41.0911
2   	65 	100  	-1812.67	-1605.82	-1603.54	12.838 
2   	66 	100  	-1758.34	-1605.52	-1603.54	11.1368
2   	67 	100  	-1650.53	-1605   	-1603.54	4.9482 
2   	68 	100  	-1727.59	-1605.39	-1603.54	9.26907
2   	69 	100  	-1708.95	-1605.69	-1603.54	8.71419
2   	70 	100  	-2100   	-1607.23	-1603.54	32.8146
2   	71 	100  	-1792.34	-1605.19	-1603.54	11.2046
2   	72 	100  	-1981.11	-1606.1 	-1603.54	21.3398
2   	73 	100  	-1647.15	-1604.6 	-1603.54	4.44091
2   	74 	100  	-1746.23	-1605.42	-1603.54	10.2809
2   	75 	100  	-1789.74	-1605.78	-1603.54	12.7251
2   	76 	100  	-1860.28	-1605.5 	-1603.54	13.7776
2   	77 	100  	-1707.96	-1605.02	-1603.54	6.26304
2   	78 	100  	-1788.64	-1604.63	-1603.54	8.73208
2   	79 	100  	-2023.07	-1607.8 	-1603.54	29.3347
2   	80 	100  	-1656.79	-1605   	-1603.54	4.8749 
2   	81 	100  	-1719.46	-1606.14	-1603.54	11.509 
2   	82 	100  	-1647.78	-1605.18	-1603.54	4.90698
2   	83 	100  	-1659.44	-1604.73	-1603.54	4.426  
2   	84 	100  	-1727.99	-1605.36	-1603.54	10.0025
2   	85 	100  	-1649.82	-1604.75	-1603.54	4.4431 
2   	86 	100  	-1667.71	-1604.62	-1603.54	4.65582
2   	87 	100  	-1719.14	-1604.74	-1603.54	6.93438
2   	88 	100  	-1732.4 	-1604.98	-1603.54	8.52851
2   	89 	100  	-1777.15	-1605.41	-1603.54	11.2627
2   	90 	100  	-1673.12	-1604.93	-1603.54	6.18669
2   	91 	100  	-2831.91	-1610.2 	-1603.54	71.7405
2   	92 	100  	-1650.54	-1604.77	-1603.54	4.71407
2   	93 	100  	-1836.02	-1605.71	-1603.54	15.6719
2   	94 	100  	-1671.22	-1604.71	-1603.54	4.98653
2   	95 	100  	-1714.33	-1605.8 	-1603.54	10.5529
2   	96 	100  	-1878.48	-1606.23	-1603.54	19.1857
2   	97 	100  	-1756.18	-1604.88	-1603.54	7.72334
2   	98 	100  	-1690.58	-1604.93	-1603.54	5.91472
2   	99 	100  	-1964.66	-1605.38	-1603.54	17.4486
rank	gen	depth	min     	avg     	max     	std    
2   	0  	100  	-3119.51	-1670.08	-1609.44	98.1391
2   	1  	100  	-2612.38	-1649.18	-1608.08	79.5351
2   	2  	100  	-2968.36	-1638.49	-1608.08	88.9745
2   	3  	100  	-3544.74	-1635.28	-1607.67	123.185
2   	4  	100  	-7163.58	-1640.45	-1607.67	263.338
2   	5  	100  	-3474.73	-1631.3 	-1607.57	125.816
2   	6  	100  	-2013.17	-1620.83	-1607.57	35.552 
2   	7  	100  	-2273.32	-1622.85	-1606.55	62.4883
2   	8  	100  	-2868.99	-1618.63	-1606.55	61.3249
2   	9  	100  	-1816.06	-1613.84	-1605.97	16.791 
2   	10 	100  	-2279.68	-1615.92	-1605.18	43.6323
2   	11 	100  	-2887.06	-1616.81	-1603.62	62.544 
2   	12 	100  	-2251.05	-1615.34	-1603.62	48.9909
2   	13 	100  	-1726.06	-1611   	-1603.62	12.053 
2   	14 	100  	-3783.08	-1619.49	-1603.62	107.129
2   	15 	100  	-2128.58	-1615.01	-1603.62	37.4684
2   	16 	100  	-2346.52	-1612.11	-1603.57	38.3151
2   	17 	100  	-2327.37	-1614.49	-1603.57	47.8448
2   	18 	100  	-1993.33	-1611.9 	-1603.57	31.6758
2   	19 	100  	-1836.72	-1610.74	-1603.57	18.7693
2   	20 	100  	-1989.42	-1611.44	-1603.54	28.9879
2   	21 	100  	-1937.39	-1609.55	-1603.54	21.0523
2   	22 	100  	-1818.06	-1609.45	-1603.54	19.6331
2   	23 	100  	-2164.87	-1611.06	-1603.54	35.5919
2   	24 	100  	-1767.89	-1607.59	-1603.54	12.0994
2   	25 	100  	-1925.88	-1608.76	-1603.54	22.1532
2   	26 	100  	-2746.44	-1612.12	-1603.54	66.7752
2   	27 	100  	-1886.76	-1609.51	-1603.54	22.2758
2   	28 	100  	-1967.56	-1609.36	-1603.54	27.8039
2   	29 	100  	-1766.24	-1607.72	-1603.54	12.5618
2   	30 	100  	-1785.83	-1609.56	-1603.54	19.2839
2   	31 	100  	-1781.98	-1608.1 	-1603.54	14.6587
2   	32 	100  	-1749.62	-1607.47	-1603.54	11.7726
2   	33 	100  	-2218.91	-1609.49	-1603.54	34.6987
2   	34 	100  	-2150.98	-1607.4 	-1603.54	25.3885
2   	35 	100  	-1971.85	-1609.38	-1603.54	28.1488
2   	36 	100  	-1922.89	-1608.66	-1603.54	24.4185
2   	37 	100  	-6920.97	-1618.19	-1603.54	238.088
2   	38 	100  	-1801.09	-1607.23	-1603.54	13.7363
2   	39 	100  	-1948.38	-1608.86	-1603.54	26.9248
2   	40 	100  	-2081.46	-1608.24	-1603.54	27.3485
2   	41 	100  	-1807.38	-1607.84	-1603.54	16.0782
2   	42 	100  	-1740.96	-1607.12	-1603.54	10.8197
2   	43 	100  	-1890.93	-1607.35	-1603.54	19.8992
2   	44 	100  	-2491.59	-1608.19	-1603.54	41.1063
2   	45 	100  	-1706.66	-1606.18	-1603.54	9.07788
2   	46 	100  	-1949.85	-1609.69	-1603.54	25.7645
2   	47 	100  	-2092.55	-1609.65	-1603.54	31.9403
2   	48 	100  	-1769.31	-1607.72	-1603.54	15.724 
2   	49 	100  	-1670.26	-1606.16	-1603.54	7.18189
2   	50 	100  	-1784.73	-1607.84	-1603.54	15.6862
2   	51 	100  	-1847   	-1607.23	-1603.54	17.9584
2   	52 	100  	-2495.57	-1609.91	-1603.54	51.3054
2   	53 	100  	-1713.76	-1606.62	-1603.54	9.51301
2   	54 	100  	-1775.3 	-1607.53	-1603.54	15.0233
2   	55 	100  	-1975.12	-1606.97	-1603.54	19.2522
2   	56 	100  	-1891.9 	-1608.53	-1603.54	21.5276
2   	57 	100  	-1695.8 	-1606.28	-1603.54	8.73083
2   	58 	100  	-2505.44	-1609.01	-1603.54	43.0992
2   	59 	100  	-1719.61	-1606.47	-1603.54	9.77487
2   	60 	100  	-1768.31	-1607.05	-1603.54	13.3274
2   	61 	100  	-2356.52	-1609.37	-1603.54	40.5006
2   	62 	100  	-1866.32	-1607.56	-1603.54	18.2283
2   	63 	100  	-1741.84	-1605.88	-1603.54	8.65715
2   	64 	100  	-1760.19	-1606.24	-1603.54	10.131 
2   	65 	100  	-2711.95	-1611.5 	-1603.54	69.3931
2   	66 	100  	-1817.76	-1608.01	-1603.54	18.7813
2   	67 	100  	-1796.33	-1606.45	-1603.54	13.8441
2   	68 	100  	-1742.64	-1607.21	-1603.54	13.5909
2   	69 	100  	-1739.15	-1606.44	-1603.54	10.6155
2   	70 	100  	-1724.6 	-1607   	-1603.54	11.4634
2   	71 	100  	-1798.5 	-1606.22	-1603.54	11.669 
2   	72 	100  	-2066.65	-1608.14	-1603.54	29.7811
2   	73 	100  	-1880.95	-1607.98	-1603.54	21.3431
2   	74 	100  	-1887.4 	-1607.91	-1603.54	19.0606
2   	75 	100  	-2438.3 	-1609.14	-1603.54	40.5883
2   	76 	100  	-2027.89	-1607.95	-1603.54	22.2973
2   	77 	100  	-2034.36	-1607.66	-1603.54	23.3137
2   	78 	100  	-1908.21	-1607.35	-1603.54	20.0949
2   	79 	100  	-1829.33	-1606.76	-1603.54	16.6809
2   	80 	100  	-2099.54	-1608.12	-1603.54	26.0976
2   	81 	100  	-1836.45	-1607.08	-1603.54	17.354 
2   	82 	100  	-1662.3 	-1605.52	-1603.54	5.71902
2   	83 	100  	-1880.25	-1607.69	-1603.54	21.2161
2   	84 	100  	-2791.92	-1609.35	-1603.54	54.6915
2   	85 	100  	-1832.15	-1607.91	-1603.54	18.627 
2   	86 	100  	-1894.75	-1607.67	-1603.54	19.4387
2   	87 	100  	-2186.71	-1608.87	-1603.54	33.5307
2   	88 	100  	-1961.36	-1608.21	-1603.54	20.8502
2   	89 	100  	-1812.97	-1606.68	-1603.54	12.8035
2   	90 	100  	-1717.62	-1606.53	-1603.54	9.89143
2   	91 	100  	-1815.66	-1607.71	-1603.54	16.3045
2   	92 	100  	-2222.2 	-1609.95	-1603.54	39.5321
2   	93 	100  	-1687.75	-1606.59	-1603.54	8.68386
2   	94 	100  	-2233.42	-1608.66	-1603.54	33.4726
2   	95 	100  	-1780.44	-1607.21	-1603.54	14.5116
2   	96 	100  	-2112.51	-1608.92	-1603.54	28.8206
2   	97 	100  	-2879.29	-1609.04	-1603.54	58.2474
2   	98 	100  	-1736.96	-1606.81	-1603.54	12.4023
2   	99 	100  	-2872.89	-1609.26	-1603.54	57.8155
rank	gen	depth	min     	avg     	max     	std     
2   	0  	100  	-1922.34	-1652.42	-1613.24	37.0657 
2   	1  	100  	-1725.55	-1630.07	-1609.25	12.6862 
2   	2  	100  	-1671.85	-1622.34	-1608.97	8.0998  
2   	3  	100  	-1678.15	-1617.67	-1607.97	6.0401  
2   	4  	100  	-2639.24	-1616.86	-1606.89	46.0627 
2   	5  	100  	-1716.39	-1612.7 	-1604.27	6.70655 
2   	6  	100  	-1880.65	-1611.94	-1604.27	17.114  
2   	7  	100  	-1811.37	-1610.16	-1604.27	12.1273 
2   	8  	100  	-1648.29	-1607.86	-1604.27	3.41907 
2   	9  	100  	-1656.22	-1606.79	-1603.79	3.63993 
2   	10 	100  	-1636.83	-1606   	-1603.54	2.94708 
2   	11 	100  	-1627.85	-1605.44	-1603.54	2.26942 
2   	12 	100  	-1816.57	-1605.84	-1603.54	10.7957 
2   	13 	100  	-1703.08	-1604.79	-1603.54	5.24613 
2   	14 	100  	-1630.94	-1604.37	-1603.54	1.9526  
2   	15 	100  	-1617.34	-1604.01	-1603.54	1.1685  
2   	16 	100  	-1635.13	-1604   	-1603.54	2.45647 
2   	17 	100  	-1637.45	-1603.92	-1603.54	2.21053 
2   	18 	100  	-1644.74	-1603.88	-1603.54	2.28794 
2   	19 	100  	-1650.68	-1604.08	-1603.54	3.3875  
2   	20 	100  	-1630.19	-1604.01	-1603.54	2.18304 
2   	21 	100  	-1657.23	-1604.03	-1603.54	3.26863 
2   	22 	100  	-1684.17	-1603.97	-1603.54	4.23649 
2   	23 	100  	-1626.67	-1603.79	-1603.54	1.5958  
2   	24 	100  	-1634.14	-1603.85	-1603.54	2.125   
2   	25 	100  	-1677.65	-1604.12	-1603.54	4.78324 
2   	26 	100  	-1667.7 	-1604.16	-1603.54	4.21735 
2   	27 	100  	-1662.19	-1604.22	-1603.54	4.27879 
2   	28 	100  	-1695.56	-1604.08	-1603.54	4.59406 
2   	29 	100  	-1637.81	-1603.98	-1603.54	2.82382 
2   	30 	100  	-1693.57	-1604.27	-1603.54	5.53313 
2   	31 	100  	-1616   	-1603.74	-1603.54	1.00088 
2   	32 	100  	-1680.4 	-1603.94	-1603.54	3.79828 
2   	33 	100  	-1640.37	-1603.82	-1603.54	2.02167 
2   	34 	100  	-1792.26	-1604.76	-1603.54	11.1834 
2   	35 	100  	-1672.82	-1604.15	-1603.54	4.33157 
2   	36 	100  	-1682.77	-1603.99	-1603.54	4.04545 
2   	37 	100  	-1629.05	-1603.84	-1603.54	1.72281 
2   	38 	100  	-1652.67	-1603.91	-1603.54	2.97882 
2   	39 	100  	-1682.88	-1603.99	-1603.54	4.77698 
2   	40 	100  	-1636   	-1603.9 	-1603.54	2.11513 
2   	41 	100  	-1618.56	-1603.76	-1603.54	1.30743 
2   	42 	100  	-1618.8 	-1603.69	-1603.54	0.996878
2   	43 	100  	-1649.39	-1604.03	-1603.54	3.47116 
2   	44 	100  	-1614.43	-1603.72	-1603.54	1.03922 
2   	45 	100  	-1664.98	-1604.18	-1603.54	4.56598 
2   	46 	100  	-1784.68	-1604.48	-1603.54	9.20952 
2   	47 	100  	-1695.41	-1604.24	-1603.54	5.10258 
2   	48 	100  	-1662.5 	-1604.03	-1603.54	3.80859 
2   	49 	100  	-1696.11	-1604.05	-1603.54	4.63657 
2   	50 	100  	-1684.06	-1603.93	-1603.54	3.82271 
2   	51 	100  	-1642.92	-1603.91	-1603.54	2.46874 
2   	52 	100  	-1674.52	-1604.04	-1603.54	4.2075  
2   	53 	100  	-1648.71	-1603.92	-1603.54	3.06477 
2   	54 	100  	-1629.54	-1603.74	-1603.54	1.41924 
2   	55 	100  	-1622.32	-1603.76	-1603.54	1.45196 
2   	56 	100  	-1630.19	-1603.81	-1603.54	1.9409  
2   	57 	100  	-1626.97	-1603.83	-1603.54	2.01299 
2   	58 	100  	-1710.2 	-1604.09	-1603.54	5.30125 
2   	59 	100  	-1721.14	-1604.2 	-1603.54	6.09535 
2   	60 	100  	-1705.37	-1603.98	-1603.54	5.06531 
2   	61 	100  	-1721.31	-1604.14	-1603.54	6.74902 
2   	62 	100  	-1622.34	-1603.77	-1603.54	1.23151 
2   	63 	100  	-1637.81	-1603.82	-1603.54	2.0235  
2   	64 	100  	-1645.03	-1603.9 	-1603.54	2.44177 
2   	65 	100  	-1708.48	-1603.93	-1603.54	4.83471 
2   	66 	100  	-1660.76	-1604.23	-1603.54	4.2133  
2   	67 	100  	-1665.4 	-1603.94	-1603.54	3.5393  
2   	68 	100  	-1659.77	-1604.14	-1603.54	3.69694 
2   	69 	100  	-1671.54	-1604.03	-1603.54	4.18873 
2   	70 	100  	-1711.49	-1604.45	-1603.54	7.4913  
2   	71 	100  	-1631.14	-1603.77	-1603.54	1.68075 
2   	72 	100  	-1723.45	-1604.03	-1603.54	5.57378 
2   	73 	100  	-1650.84	-1603.88	-1603.54	2.63572 
2   	74 	100  	-1749.22	-1604.34	-1603.54	7.69046 
2   	75 	100  	-1673.06	-1604.09	-1603.54	4.51924 
2   	76 	100  	-1692.13	-1603.9 	-1603.54	4.06363 
2   	77 	100  	-1682.47	-1604.29	-1603.54	5.66713 
2   	78 	100  	-1642.92	-1603.85	-1603.54	2.44041 
2   	79 	100  	-1628.63	-1603.85	-1603.54	1.96217 
2   	80 	100  	-1637.11	-1603.99	-1603.54	2.79706 
2   	81 	100  	-1932.18	-1604.67	-1603.54	15.0187 
2   	82 	100  	-1627.52	-1603.72	-1603.54	1.47384 
2   	83 	100  	-1646.18	-1603.94	-1603.54	2.87666 
2   	84 	100  	-1650.84	-1603.93	-1603.54	2.68257 
2   	85 	100  	-1627.66	-1603.81	-1603.54	1.75064 
2   	86 	100  	-1635.82	-1604.03	-1603.54	2.85418 
2   	87 	100  	-1634.03	-1603.85	-1603.54	2.12874 
2   	88 	100  	-1663.71	-1604.08	-1603.54	3.53945 
2   	89 	100  	-1633.73	-1604.07	-1603.54	2.8884  
2   	90 	100  	-1608.69	-1603.6 	-1603.54	0.41659 
2   	91 	100  	-1627.97	-1603.84	-1603.54	1.85409 
2   	92 	100  	-1661.81	-1604.08	-1603.54	3.67266 
2   	93 	100  	-1644.33	-1604.2 	-1603.54	3.85803 
2   	94 	100  	-1612.02	-1603.68	-1603.54	0.740595
2   	95 	100  	-1661.6 	-1603.97	-1603.54	3.24242 
2   	96 	100  	-1628.4 	-1603.9 	-1603.54	2.00778 
2   	97 	100  	-1840.31	-1604.57	-1603.54	12.1675 
2   	98 	100  	-1635.42	-1603.83	-1603.54	1.96667 
2   	99 	100  	-1631.89	-1603.97	-1603.54	2.52561 
rank	gen	depth	min     	avg     	max     	std    
2   	0  	100  	-2398.85	-1665.27	-1609.62	70.4065
2   	1  	100  	-5178.73	-1651.46	-1609.6 	190.192
2   	2  	100  	-2039.2 	-1626.02	-1608.1 	27.4041
2   	3  	100  	-2185.03	-1619.83	-1606.44	27.7353
2   	4  	100  	-1855.79	-1615.53	-1606   	15.421 
2   	5  	100  	-1891.47	-1614.27	-1605.14	23.8249
2   	6  	100  	-2153.18	-1611.74	-1605.14	26.2045
2   	7  	100  	-2183.38	-1610.63	-1604.44	27.139 
2   	8  	100  	-1708.24	-1608.07	-1604.44	7.08893
2   	9  	100  	-1703.37	-1607.19	-1604.05	6.35091
2   	10 	100  	-1964.18	-1607.25	-1604.05	17.9939
2   	11 	100  	-1835.62	-1607.32	-1603.57	13.2806
2   	12 	100  	-1868.67	-1607.55	-1603.57	16.8739
2   	13 	100  	-1659.28	-1605.53	-1603.57	4.44207
2   	14 	100  	-1649.52	-1605.41	-1603.57	4.63417
2   	15 	100  	-1665.17	-1605.38	-1603.57	5.04258
2   	16 	100  	-1656.07	-1605.19	-1603.57	5.18113
2   	17 	100  	-2598.57	-1608.12	-1603.54	49.6493
2   	18 	100  	-1680.48	-1604.71	-1603.54	5.30324
2   	19 	100  	-1708.36	-1605.02	-1603.54	7.56573
2   	20 	100  	-1648.17	-1604.63	-1603.54	4.53878
2   	21 	100  	-1655.27	-1604.41	-1603.54	4.1931 
2   	22 	100  	-1656.24	-1604.71	-1603.54	5.05183
2   	23 	100  	-1691.27	-1604.41	-1603.54	5.60273
2   	24 	100  	-2040.25	-1606.23	-1603.54	23.7011
2   	25 	100  	-1793.41	-1605.01	-1603.54	10.598 
2   	26 	100  	-1841.31	-1604.88	-1603.54	12.0488
2   	27 	100  	-1748.82	-1604.55	-1603.54	7.51725
2   	28 	100  	-1694.01	-1604.25	-1603.54	5.26614
2   	29 	100  	-1648.7 	-1604.81	-1603.54	5.09344
2   	30 	100  	-2167.77	-1606.82	-1603.54	33.2146
2   	31 	100  	-1763.01	-1605.22	-1603.54	10.2342
2   	32 	100  	-2132.27	-1607.91	-1603.54	38.6586
2   	33 	100  	-1894.23	-1605.33	-1603.54	15.1837
2   	34 	100  	-1643.59	-1604.07	-1603.54	2.79569
2   	35 	100  	-1689.74	-1604.42	-1603.54	5.96879
2   	36 	100  	-1636   	-1604.21	-1603.54	3.29226
2   	37 	100  	-1655.54	-1604.24	-1603.54	3.80629
2   	38 	100  	-1628.51	-1603.95	-1603.54	1.96812
2   	39 	100  	-1779.96	-1604.83	-1603.54	9.22141
2   	40 	100  	-1632.05	-1603.99	-1603.54	2.09795
2   	41 	100  	-1644.44	-1604.2 	-1603.54	3.15947
2   	42 	100  	-1694.65	-1604.34	-1603.54	5.16639
2   	43 	100  	-1757.32	-1604.35	-1603.54	7.64785
2   	44 	100  	-1850.12	-1605.89	-1603.54	16.0529
2   	45 	100  	-1694.54	-1604.71	-1603.54	7.149  
2   	46 	100  	-1668.71	-1604.56	-1603.54	5.04611
2   	47 	100  	-1933.87	-1604.85	-1603.54	15.3239
2   	48 	100  	-1730.43	-1604.8 	-1603.54	8.55674
2   	49 	100  	-1686.05	-1604.37	-1603.54	5.1161 
2   	50 	100  	-1689.24	-1604.2 	-1603.54	4.41601
2   	51 	100  	-1679.38	-1604.14	-1603.54	4.18939
2   	52 	100  	-1730.28	-1604.51	-1603.54	7.2554 
2   	53 	100  	-1741.84	-1604.8 	-1603.54	9.61736
2   	54 	100  	-1883.24	-1604.63	-1603.54	12.911 
2   	55 	100  	-1673.53	-1604.59	-1603.54	5.46296
2   	56 	100  	-1655.8 	-1604.31	-1603.54	4.19901
2   	57 	100  	-1636.41	-1604.1 	-1603.54	2.53367
2   	58 	100  	-1679.44	-1604.27	-1603.54	4.67976
2   	59 	100  	-1642.24	-1604.15	-1603.54	2.87468
2   	60 	100  	-1686.58	-1604.36	-1603.54	5.3239 
2   	61 	100  	-1726.99	-1604.48	-1603.54	7.12727
2   	62 	100  	-1632.3 	-1604.16	-1603.54	2.9479 
2   	63 	100  	-1680.31	-1604.75	-1603.54	6.96014
2   	64 	100  	-1646.02	-1604.27	-1603.54	3.23411
2   	65 	100  	-1712.94	-1604.83	-1603.54	7.76532
2   	66 	100  	-1673.16	-1604.47	-1603.54	5.11362
2   	67 	100  	-1654.81	-1604.26	-1603.54	4.24293
2   	68 	100  	-1745.36	-1604.72	-1603.54	9.18718
2   	69 	100  	-1667.85	-1604.58	-1603.54	5.32336
2   	70 	100  	-1669.38	-1604.44	-1603.54	5.36462
2   	71 	100  	-1667.39	-1604.27	-1603.54	4.31821
2   	72 	100  	-1737.41	-1604.31	-1603.54	6.46157
2   	73 	100  	-1635.42	-1604.01	-1603.54	2.25732
2   	74 	100  	-1707.95	-1604.65	-1603.54	7.01336
2   	75 	100  	-1745.06	-1604.64	-1603.54	8.35683
2   	76 	100  	-1629.21	-1604.06	-1603.54	2.45516
2   	77 	100  	-1673.71	-1604.41	-1603.54	4.88458
2   	78 	100  	-1668.68	-1604.23	-1603.54	3.84581
2   	79 	100  	-1655.77	-1604.31	-1603.54	4.11573
2   	80 	100  	-1692.27	-1604.9 	-1603.54	7.87044
2   	81 	100  	-1679.49	-1604.32	-1603.54	4.9226 
2   	82 	100  	-1665.17	-1604.29	-1603.54	4.22051
2   	83 	100  	-1678.79	-1604.25	-1603.54	5.27936
2   	84 	100  	-1673.12	-1604.7 	-1603.54	5.82332
2   	85 	100  	-1747.52	-1604.89	-1603.54	10.1094
2   	86 	100  	-1651.38	-1604.17	-1603.54	3.63248
2   	87 	100  	-1674.22	-1604.43	-1603.54	4.89477
2   	88 	100  	-1726.59	-1604.77	-1603.54	8.60367
2   	89 	100  	-1662.89	-1604.5 	-1603.54	5.11605
2   	90 	100  	-1634.14	-1603.91	-1603.54	2.12188
2   	91 	100  	-1680.78	-1604.56	-1603.54	6.20201
2   	92 	100  	-1708.51	-1604.28	-1603.54	5.49467
2   	93 	100  	-1628.06	-1603.95	-1603.54	1.97867
2   	94 	100  	-1684.06	-1604.46	-1603.54	5.63321
2   	95 	100  	-1653.06	-1604.52	-1603.54	4.67124
2   	96 	100  	-1741.45	-1604.27	-1603.54	6.6815 
2   	97 	100  	-1774.3 	-1604.74	-1603.54	11.1046
2   	98 	100  	-1811.07	-1605.09	-1603.54	12.1801
2   	99 	100  	-1703.08	-1604.55	-1603.54	7.00631
rank	gen	depth	min     	avg     	max     	std    
2   	0  	100  	-2165.88	-1658.51	-1609.84	52.7272
2   	1  	100  	-2051.15	-1635.29	-1607.74	27.0069
2   	2  	100  	-3217.74	-1627.66	-1607.35	72.1148
2   	3  	100  	-1845.38	-1619.5 	-1607.25	17.4643
2   	4  	100  	-2210.53	-1616.03	-1607.08	31.7026
2   	5  	100  	-1873.61	-1612.26	-1606.49	13.416 
2   	6  	100  	-1743.94	-1610.01	-1606.21	8.32628
2   	7  	100  	-1775.91	-1610.1 	-1604.97	11.9323
2   	8  	100  	-1687.47	-1608.54	-1604.81	6.64728
2   	9  	100  	-3349.55	-1611.19	-1604.11	77.9833
2   	10 	100  	-1670.64	-1606.99	-1604.11	4.28274
2   	11 	100  	-1759.07	-1607.41	-1603.74	11.7499
2   	12 	100  	-1648.12	-1605.79	-1603.54	3.18867
2   	13 	100  	-1676.4 	-1605.71	-1603.54	4.64599
2   	14 	100  	-1864.27	-1606.76	-1603.54	18.6128
2   	15 	100  	-1639.62	-1604.97	-1603.54	3.3388 
2   	16 	100  	-1671.75	-1604.53	-1603.54	3.96438
2   	17 	100  	-1636.47	-1604.31	-1603.54	2.84804
2   	18 	100  	-1668.85	-1604.32	-1603.54	3.65703
2   	19 	100  	-1758.49	-1605.29	-1603.54	11.0687
2   	20 	100  	-1679.92	-1604.58	-1603.54	5.56563
2   	21 	100  	-1695.24	-1604.19	-1603.54	4.74036
2   	22 	100  	-1669.21	-1604.07	-1603.54	3.60136
2   	23 	100  	-1641.36	-1604.02	-1603.54	2.46352
2   	24 	100  	-1689.39	-1604.98	-1603.54	7.50869
2   	25 	100  	-1640.37	-1604.14	-1603.54	3.22639
2   	26 	100  	-1788.12	-1604.91	-1603.54	9.62809
2   	27 	100  	-1638.51	-1604.29	-1603.54	3.66012
2   	28 	100  	-1646.62	-1604.26	-1603.54	3.86275
2   	29 	100  	-1669.84	-1604.31	-1603.54	4.51708
2   	30 	100  	-1634.43	-1603.86	-1603.54	1.92194
2   	31 	100  	-1668.85	-1604.32	-1603.54	4.50884
2   	32 	100  	-1680.78	-1604.64	-1603.54	6.57294
2   	33 	100  	-1683.89	-1604.23	-1603.54	4.65492
2   	34 	100  	-1667.71	-1604.6 	-1603.54	5.84937
2   	35 	100  	-1666.46	-1604.1 	-1603.54	3.79848
2   	36 	100  	-1715.94	-1604.32	-1603.54	5.97245
2   	37 	100  	-1634.84	-1604.17	-1603.54	2.94957
2   	38 	100  	-1653.81	-1604.09	-1603.54	3.22863
2   	39 	100  	-1758.79	-1604.42	-1603.54	7.59053
2   	40 	100  	-1666.02	-1604.28	-1603.54	4.25678
2   	41 	100  	-1723.3 	-1604.66	-1603.54	7.38278
2   	42 	100  	-1706.89	-1604.51	-1603.54	6.69296
2   	43 	100  	-1669.55	-1604.44	-1603.54	5.33955
2   	44 	100  	-1717.32	-1604.41	-1603.54	7.18973
2   	45 	100  	-1685.06	-1604.11	-1603.54	4.383  
2   	46 	100  	-1648.53	-1604.16	-1603.54	3.28074
2   	47 	100  	-1640.65	-1604.12	-1603.54	3.11117
2   	48 	100  	-1757.9 	-1604.66	-1603.54	8.17134
2   	49 	100  	-1628.65	-1604.04	-1603.54	2.15435
2   	50 	100  	-1897.52	-1604.94	-1603.54	14.3042
2   	51 	100  	-1724.6 	-1604.23	-1603.54	5.98114
2   	52 	100  	-1703.31	-1604.49	-1603.54	6.98307
2   	53 	100  	-1625.41	-1603.94	-1603.54	1.96108
2   	54 	100  	-1657.88	-1604.07	-1603.54	3.29616
2   	55 	100  	-1899.88	-1605.27	-1603.54	15.752 
2   	56 	100  	-1703.97	-1604.26	-1603.54	5.43738
2   	57 	100  	-1674.67	-1604.1 	-1603.54	4.42185
2   	58 	100  	-1690.35	-1604.69	-1603.54	6.30755
2   	59 	100  	-1836.62	-1605.03	-1603.54	12.1761
2   	60 	100  	-1636.42	-1604.07	-1603.54	2.76197
2   	61 	100  	-1676.66	-1604.54	-1603.54	5.0109 
2   	62 	100  	-1648.86	-1604.12	-1603.54	3.10313
2   	63 	100  	-1686.05	-1604.18	-1603.54	4.4065 
2   	64 	100  	-1634.43	-1604.18	-1603.54	3.39866
2   	65 	100  	-1706.26	-1604.26	-1603.54	5.12556
2   	66 	100  	-1731.57	-1604.73	-1603.54	9.17496
2   	67 	100  	-1680.08	-1604.27	-1603.54	4.61097
2   	68 	100  	-1659.21	-1604.09	-1603.54	3.25296
2   	69 	100  	-1838.62	-1605.34	-1603.54	13.4951
2   	70 	100  	-1685.93	-1604.33	-1603.54	4.87848
2   	71 	100  	-2247.3 	-1605.93	-1603.54	30.0756
2   	72 	100  	-1754.8 	-1604.98	-1603.54	9.64088
2   	73 	100  	-1639.79	-1604.16	-1603.54	2.92268
2   	74 	100  	-1729.88	-1604.65	-1603.54	8.42098
2   	75 	100  	-1633.98	-1603.91	-1603.54	2.33965
2   	76 	100  	-1633.03	-1603.96	-1603.54	2.26207
2   	77 	100  	-1649.4 	-1604.27	-1603.54	4.22672
2   	78 	100  	-1668.09	-1604.16	-1603.54	4.19914
2   	79 	100  	-1743.54	-1604.65	-1603.54	9.6544 
2   	80 	100  	-1625.16	-1603.78	-1603.54	1.56042
2   	81 	100  	-1687.32	-1604.26	-1603.54	5.52   
2   	82 	100  	-1638.63	-1603.99	-1603.54	2.96615
2   	83 	100  	-1940.03	-1605   	-1603.54	16.4843
2   	84 	100  	-1685.46	-1604.51	-1603.54	6.02947
2   	85 	100  	-1643.16	-1604.31	-1603.54	3.7313 
2   	86 	100  	-1665.87	-1604.26	-1603.54	4.741  
2   	87 	100  	-1678.49	-1604.21	-1603.54	4.61067
2   	88 	100  	-1628.22	-1604.02	-1603.54	2.0975 
2   	89 	100  	-1670.84	-1604.23	-1603.54	4.34866
2   	90 	100  	-1677.92	-1604.53	-1603.54	5.56244
2   	91 	100  	-1839.61	-1605.1 	-1603.54	14.0129
2   	92 	100  	-1661.89	-1604.42	-1603.54	4.84401
2   	93 	100  	-1646.72	-1604.06	-1603.54	3.18789
2   	94 	100  	-1673.06	-1604.22	-1603.54	4.75859
2   	95 	100  	-1684.17	-1604.13	-1603.54	4.96138
2   	96 	100  	-1644.04	-1604.17	-1603.54	3.31199
2   	97 	100  	-1637.41	-1603.95	-1603.54	2.52964
2   	98 	100  	-1666.16	-1604.3 	-1603.54	4.7605 
2   	99 	100  	-1898.45	-1604.92	-1603.54	14.7522
rank	gen	depth	min     	avg     	max     	std    
2   	0  	100  	-4078.34	-1678.8 	-1612.72	164.382
2   	1  	100  	-2302.38	-1640.22	-1612.06	41.6323
2   	2  	100  	-3958.4 	-1648.5 	-1611.49	148.643
2   	3  	100  	-3299.17	-1640.7 	-1610.2 	102.455
2   	4  	100  	-2240.94	-1631.33	-1608.3 	58.2217
2   	5  	100  	-3718.9 	-1629.78	-1607.73	102.245
2   	6  	100  	-2811.47	-1629.88	-1607.36	80.1902
2   	7  	100  	-5015.47	-1631.53	-1606.52	172.387
2   	8  	100  	-1817.47	-1617.76	-1606.52	20.1536
2   	9  	100  	-2199.27	-1617.17	-1606.14	32.0984
2   	10 	100  	-2278.9 	-1619.61	-1606.14	43.1835
2   	11 	100  	-2187.33	-1617.61	-1605.14	45.1836
2   	12 	100  	-1910.5 	-1613.71	-1605.14	21.7449
2   	13 	100  	-1799.92	-1612.87	-1604.81	18.0934
2   	14 	100  	-3157.97	-1617.26	-1604.81	74.6844
2   	15 	100  	-2208.91	-1615.15	-1604.11	42.192 
2   	16 	100  	-1792.64	-1610.83	-1604.11	16.083 
2   	17 	100  	-2500.49	-1614.6 	-1603.92	58.6395
2   	18 	100  	-2069.3 	-1611.89	-1603.54	27.8198
2   	19 	100  	-1760.49	-1608.28	-1603.54	11.2798
2   	20 	100  	-1940.98	-1611.51	-1603.54	27.9534
2   	21 	100  	-1818.23	-1609.04	-1603.54	17.7662
2   	22 	100  	-1966.09	-1609.29	-1603.54	20.9987
2   	23 	100  	-2111.29	-1612.14	-1603.54	37.7552
2   	24 	100  	-2080.36	-1609.59	-1603.54	28.8762
2   	25 	100  	-2281.16	-1610.09	-1603.54	35.4587
2   	26 	100  	-2167.24	-1610.59	-1603.54	38.6231
2   	27 	100  	-2182.74	-1609.75	-1603.54	31.9348
2   	28 	100  	-3332.76	-1611.43	-1603.54	78.6623
2   	29 	100  	-1718.29	-1607.79	-1603.54	11.2795
2   	30 	100  	-1759.89	-1608.19	-1603.54	14.922 
2   	31 	100  	-3162.8 	-1612.98	-1603.54	86.0187
2   	32 	100  	-2319.19	-1610.31	-1603.54	37.9874
2   	33 	100  	-1723.45	-1606.61	-1603.54	10.3233
2   	34 	100  	-1798.24	-1607.9 	-1603.54	16.4762
2   	35 	100  	-1771.46	-1607.68	-1603.54	16.2781
2   	36 	100  	-1981.21	-1608.93	-1603.54	27.8756
2   	37 	100  	-2322.36	-1609.71	-1603.54	36.9131
2   	38 	100  	-2520.56	-1609.61	-1603.54	46.3174
2   	39 	100  	-1885.59	-1607.46	-1603.54	15.8736
2   	40 	100  	-2113.99	-1610.36	-1603.54	32.0921
2   	41 	100  	-2360.64	-1610.25	-1603.54	47.0216
2   	42 	100  	-1716.33	-1607.98	-1603.54	12.6773
2   	43 	100  	-3402.94	-1610.53	-1603.54	81.9806
2   	44 	100  	-1967.43	-1607.54	-1603.54	18.6188
2   	45 	100  	-1760.08	-1607.07	-1603.54	12.203 
2   	46 	100  	-1760.79	-1607.25	-1603.54	12.767 
2   	47 	100  	-2292.16	-1610.2 	-1603.54	37.897 
2   	48 	100  	-1661.6 	-1606.13	-1603.54	6.628  
2   	49 	100  	-1709.35	-1606.72	-1603.54	9.99554
2   	50 	100  	-1909.31	-1607.48	-1603.54	17.1625
2   	51 	100  	-1691.14	-1605.89	-1603.54	7.86371
2   	52 	100  	-1812.21	-1607.18	-1603.54	15.0658
2   	53 	100  	-1708.89	-1606.46	-1603.54	9.88171
2   	54 	100  	-1835.33	-1606.91	-1603.54	17.2202
2   	55 	100  	-1666.86	-1605.5 	-1603.54	5.79218
2   	56 	100  	-1737.55	-1606.02	-1603.54	9.29934
2   	57 	100  	-1840.31	-1608.03	-1603.54	19.9914
2   	58 	100  	-2397.4 	-1608.64	-1603.54	38.8262
2   	59 	100  	-2101.4 	-1607.72	-1603.54	26.0795
2   	60 	100  	-1764.77	-1607.01	-1603.54	12.0144
2   	61 	100  	-1786.27	-1607.57	-1603.54	14.6072
2   	62 	100  	-1884.37	-1606.69	-1603.54	14.9822
2   	63 	100  	-1801.16	-1607.42	-1603.54	16.4812
2   	64 	100  	-1795.7 	-1606.76	-1603.54	13.1588
2   	65 	100  	-1800.87	-1606.99	-1603.54	15.1121
2   	66 	100  	-1716.03	-1606.89	-1603.54	10.29  
2   	67 	100  	-2142.96	-1608.09	-1603.54	28.9024
2   	68 	100  	-1828.64	-1607.69	-1603.54	15.88  
2   	69 	100  	-1699.69	-1606.32	-1603.54	10.0048
2   	70 	100  	-1691.82	-1606.03	-1603.54	7.24764
2   	71 	100  	-2261.58	-1607.85	-1603.54	30.9834
2   	72 	100  	-1690.44	-1605.97	-1603.54	7.64812
2   	73 	100  	-1815.87	-1607.01	-1603.54	15.2173
2   	74 	100  	-1869.79	-1606.78	-1603.54	15.6086
2   	75 	100  	-1712.94	-1605.8 	-1603.54	7.93467
2   	76 	100  	-1714.86	-1606.49	-1603.54	10.8788
2   	77 	100  	-1870.09	-1607.03	-1603.54	14.9679
2   	78 	100  	-2341.67	-1609.44	-1603.54	39.2517
2   	79 	100  	-1713.34	-1605.95	-1603.54	8.51219
2   	80 	100  	-2708.29	-1610.73	-1603.54	57.4877
2   	81 	100  	-2073.02	-1607.04	-1603.54	22.7801
2   	82 	100  	-1886.23	-1607.28	-1603.54	18.3764
2   	83 	100  	-1707.61	-1606.37	-1603.54	9.79148
2   	84 	100  	-1754.5 	-1607.3 	-1603.54	13.0311
2   	85 	100  	-1789.02	-1606.65	-1603.54	13.3143
2   	86 	100  	-1845.3 	-1607.31	-1603.54	17.7312
2   	87 	100  	-2562.11	-1608.52	-1603.54	44.1676
2   	88 	100  	-2028.74	-1607.25	-1603.54	21.6284
2   	89 	100  	-1916.9 	-1608.81	-1603.54	21.9284
2   	90 	100  	-1923.19	-1607.25	-1603.54	18.658 
2   	91 	100  	-2161.07	-1608.05	-1603.54	27.9604
2   	92 	100  	-1820.65	-1608.27	-1603.54	18.7265
2   	93 	100  	-1988.65	-1607.57	-1603.54	21.8271
2   	94 	100  	-1703.53	-1606.09	-1603.54	8.07806
2   	95 	100  	-1683.07	-1606   	-1603.54	8.38114
2   	96 	100  	-2089.01	-1609.88	-1603.54	32.0143
2   	97 	100  	-1699.69	-1606.48	-1603.54	9.579  
2   	98 	100  	-1671.66	-1605.96	-1603.54	7.17979
2   	99 	100  	-1776.45	-1607.39	-1603.54	14.4763
rank	gen	depth	min     	avg     	max     	std    
2   	0  	100  	-2575.91	-1666.3 	-1611.02	84.5195
2   	1  	100  	-4727.93	-1643.87	-1610.14	143.006
2   	2  	100  	-2093.67	-1632.35	-1608.44	41.7188
2   	3  	100  	-2732.19	-1632.11	-1606.92	83.8486
2   	4  	100  	-3558.2 	-1628   	-1606.92	94.1991
2   	5  	100  	-2501   	-1623.1 	-1606.22	52.8011
2   	6  	100  	-2347.54	-1620.01	-1605.72	50.0405
2   	7  	100  	-1941.79	-1615.54	-1605.7 	25.6494
2   	8  	100  	-1710.05	-1612.48	-1604.92	11.2621
2   	9  	100  	-2564.73	-1619.19	-1604.92	72.6228
2   	10 	100  	-1820.05	-1612.15	-1604.7 	16.7993
2   	11 	100  	-1831.48	-1612.32	-1604.32	21.0399
2   	12 	100  	-2233.6 	-1613.55	-1604.32	37.2797
2   	13 	100  	-1883.54	-1611.08	-1603.8 	21.8213
2   	14 	100  	-2142.96	-1611.88	-1603.78	33.0693
2   	15 	100  	-1887.94	-1609.97	-1603.78	19.3233
2   	16 	100  	-1702.55	-1607.62	-1603.78	8.45953
2   	17 	100  	-2189.72	-1611.59	-1603.78	39.9516
2   	18 	100  	-1815.93	-1608.17	-1603.57	14.5934
2   	19 	100  	-1944.65	-1607.96	-1603.54	19.6397
2   	20 	100  	-2045.87	-1609.18	-1603.54	30.072 
2   	21 	100  	-1711.26	-1606.51	-1603.54	9.42089
2   	22 	100  	-4790.89	-1612.63	-1603.54	142.48 
2   	23 	100  	-2287.86	-1610.31	-1603.54	40.3152
2   	24 	100  	-1814.66	-1607.04	-1603.54	16.5987
2   	25 	100  	-1906.43	-1606.56	-1603.54	17.1681
2   	26 	100  	-1936.25	-1608.37	-1603.54	23.3135
2   	27 	100  	-1761.19	-1606.77	-1603.54	13.0761
2   	28 	100  	-1711.64	-1606.48	-1603.54	10.1447
2   	29 	100  	-1824.64	-1608.37	-1603.54	20.4072
2   	30 	100  	-1824.19	-1607.43	-1603.54	17.6521
2   	31 	100  	-2499.74	-1609.43	-1603.54	48.2285
2   	32 	100  	-1693.57	-1606.01	-1603.54	8.34019
2   	33 	100  	-1851   	-1606.42	-1603.54	14.356 
2   	34 	100  	-2184.63	-1608.97	-1603.54	34.1842
2   	35 	100  	-1858.13	-1607.27	-1603.54	17.2547
2   	36 	100  	-1757.2 	-1605.79	-1603.54	9.49261
2   	37 	100  	-1718.02	-1606.02	-1603.54	8.53963
2   	38 	100  	-1919.19	-1607.57	-1603.54	21.9419
2   	39 	100  	-1703.38	-1605.8 	-1603.54	8.22223
2   	40 	100  	-1785.27	-1606.28	-1603.54	12.2706
2   	41 	100  	-1883.84	-1607.46	-1603.54	20.5363
2   	42 	100  	-1970.43	-1607.61	-1603.54	22.9014
2   	43 	100  	-1740.55	-1606.6 	-1603.54	11.9444
2   	44 	100  	-1937.92	-1608.25	-1603.54	25.3296
2   	45 	100  	-2248.19	-1608.14	-1603.54	36.5914
2   	46 	100  	-1835.62	-1606.87	-1603.54	15.3088
2   	47 	100  	-1905.04	-1605.8 	-1603.54	14.7376
2   	48 	100  	-1668.26	-1605.55	-1603.54	6.65612
2   	49 	100  	-1819.65	-1606.71	-1603.54	16.166 
2   	50 	100  	-1694.01	-1606.01	-1603.54	9.06799
2   	51 	100  	-1841.61	-1606.96	-1603.54	16.6755
2   	52 	100  	-1906.43	-1608.29	-1603.54	21.8809
2   	53 	100  	-2068.87	-1608.77	-1603.54	28.4824
2   	54 	100  	-1747.82	-1606.52	-1603.54	12.2469
2   	55 	100  	-1768.77	-1606.25	-1603.54	11.913 
2   	56 	100  	-1732.96	-1606.26	-1603.54	10.6649
2   	57 	100  	-1821.76	-1606.59	-1603.54	12.8284
2   	58 	100  	-1706.36	-1605.77	-1603.54	9.27188
2   	59 	100  	-1796.8 	-1606.79	-1603.54	14.2572
2   	60 	100  	-2611.09	-1608.14	-1603.54	45.6467
2   	61 	100  	-1912.2 	-1606.54	-1603.54	16.8391
2   	62 	100  	-1728.11	-1605.83	-1603.54	9.51746
2   	63 	100  	-1998.4 	-1606.79	-1603.54	20.2011
2   	64 	100  	-1951.45	-1606.39	-1603.54	19.2639
2   	65 	100  	-2282.16	-1607.66	-1603.54	34.0572
2   	66 	100  	-1698.75	-1605.65	-1603.54	8.0628 
2   	67 	100  	-1708.65	-1605.75	-1603.54	8.63281
2   	68 	100  	-2328.23	-1608.3 	-1603.54	35.3562
2   	69 	100  	-2008.09	-1608   	-1603.54	27.5513
2   	70 	100  	-1888.84	-1606.62	-1603.54	16.0168
2   	71 	100  	-1855.11	-1605.79	-1603.54	13.368 
2   	72 	100  	-1730.38	-1605.86	-1603.54	8.77372
2   	73 	100  	-1678.24	-1605.39	-1603.54	6.98268
2   	74 	100  	-2035.06	-1608.1 	-1603.54	30.0746
2   	75 	100  	-1771.16	-1606.41	-1603.54	13.2308
2   	76 	100  	-1969.13	-1607.47	-1603.54	20.6337
2   	77 	100  	-2288.68	-1608.19	-1603.54	34.9043
2   	78 	100  	-1716.92	-1605.51	-1603.54	7.75653
2   	79 	100  	-1822.65	-1606.25	-1603.54	14.7934
2   	80 	100  	-2214.91	-1608.62	-1603.54	36.0209
2   	81 	100  	-1685.88	-1605.78	-1603.54	7.11467
2   	82 	100  	-1767.77	-1606.28	-1603.54	12.6628
2   	83 	100  	-1822.35	-1606.31	-1603.54	15.6261
2   	84 	100  	-2014.48	-1608.74	-1603.54	27.3534
2   	85 	100  	-1852.94	-1605.96	-1603.54	13.8976
2   	86 	100  	-1785.42	-1605.6 	-1603.54	10.0236
2   	87 	100  	-1674.81	-1605.25	-1603.54	6.87582
2   	88 	100  	-1744.38	-1606.59	-1603.54	12.6958
2   	89 	100  	-1750.22	-1605.72	-1603.54	11.3366
2   	90 	100  	-1830.33	-1606.42	-1603.54	16.0516
2   	91 	100  	-1744.53	-1606.06	-1603.54	11.4071
2   	92 	100  	-1866.27	-1606.99	-1603.54	17.0591
2   	93 	100  	-2218.91	-1607.98	-1603.54	30.8928
2   	94 	100  	-1855.13	-1605.89	-1603.54	13.1928
2   	95 	100  	-1727.56	-1605.51	-1603.54	7.94333
2   	96 	100  	-1795.25	-1607.3 	-1603.54	17.4927
2   	97 	100  	-1906.51	-1607.8 	-1603.54	21.1567
2   	98 	100  	-1918.49	-1606.82	-1603.54	19.6444
2   	99 	100  	-1889.93	-1606.02	-1603.54	14.6112
rank	gen	depth	min     	avg     	max     	std    
2   	0  	100  	-2120.88	-1659.03	-1612.02	50.0142
2   	1  	100  	-2679.59	-1638.64	-1607.14	67.5846
2   	2  	100  	-1928.67	-1626.41	-1607.14	22.0081
2   	3  	100  	-2084.36	-1626.89	-1607.14	44.9799
2   	4  	100  	-2185.56	-1623.18	-1606.62	46.1769
2   	5  	100  	-1997.78	-1617.61	-1605.64	26.2751
2   	6  	100  	-1790.95	-1615.21	-1605.14	16.2944
2   	7  	100  	-2015.9 	-1614.33	-1604.44	24.7253
2   	8  	100  	-2026.69	-1614.31	-1604.44	29.6438
2   	9  	100  	-1953.9 	-1611.15	-1604.44	22.8257
2   	10 	100  	-1876.18	-1610   	-1604.24	18.4015
2   	11 	100  	-1938.47	-1609.32	-1604   	19.1233
2   	12 	100  	-3405.19	-1613.88	-1603.79	92.0213
2   	13 	100  	-1747.52	-1608.2 	-1603.57	11.7944
2   	14 	100  	-1701   	-1607.96	-1603.54	10.1748
2   	15 	100  	-1829.62	-1607.76	-1603.54	15.9667
2   	16 	100  	-2131.59	-1608.03	-1603.54	28.5984
2   	17 	100  	-1776.72	-1607.49	-1603.54	14.8163
2   	18 	100  	-1822.17	-1607.2 	-1603.54	15.338 
2   	19 	100  	-1746.94	-1606.57	-1603.54	10.3911
2   	20 	100  	-1696.76	-1605.51	-1603.54	7.42554
2   	21 	100  	-1751.04	-1606.02	-1603.54	11.2516
2   	22 	100  	-1757.79	-1606.19	-1603.54	10.8998
2   	23 	100  	-1791.81	-1606.36	-1603.54	14.0486
2   	24 	100  	-1766.77	-1606.48	-1603.54	14.2356
2   	25 	100  	-1695.51	-1605.94	-1603.54	9.72813
2   	26 	100  	-1755.9 	-1605.8 	-1603.54	9.87908
2   	27 	100  	-1789.71	-1607.38	-1603.54	17.5346
2   	28 	100  	-2585.53	-1608.69	-1603.54	45.7914
2   	29 	100  	-2189.77	-1607.29	-1603.54	34.0449
2   	30 	100  	-1786.72	-1606.59	-1603.54	14.2778
2   	31 	100  	-1816.46	-1606.07	-1603.54	14.205 
2   	32 	100  	-2240.06	-1607.19	-1603.54	31.0608
2   	33 	100  	-1841.61	-1606.26	-1603.54	14.0138
2   	34 	100  	-1761.78	-1605.4 	-1603.54	8.98249
2   	35 	100  	-1699.82	-1605.44	-1603.54	8.64455
2   	36 	100  	-1749.62	-1606.05	-1603.54	10.1054
2   	37 	100  	-1714.93	-1605.41	-1603.54	7.28308
2   	38 	100  	-1744.83	-1605.52	-1603.54	10.001 
2   	39 	100  	-1662.42	-1605.1 	-1603.54	5.45314
2   	40 	100  	-1704.97	-1605.93	-1603.54	10.4299
2   	41 	100  	-1851.29	-1607.37	-1603.54	19.7464
2   	42 	100  	-1714.34	-1605.73	-1603.54	9.50408
2   	43 	100  	-1681.08	-1605.95	-1603.54	8.93043
2   	44 	100  	-1829.75	-1606.06	-1603.54	14.1848
2   	45 	100  	-1953.85	-1606.41	-1603.54	17.8683
2   	46 	100  	-1764.18	-1605.94	-1603.54	10.4152
2   	47 	100  	-1869.11	-1606.41	-1603.54	17.1639
2   	48 	100  	-1853.29	-1606.44	-1603.54	17.8583
2   	49 	100  	-1676.1 	-1605.26	-1603.54	6.27279
2   	50 	100  	-1750.52	-1605.34	-1603.54	10.0245
2   	51 	100  	-1756.9 	-1605.44	-1603.54	10.1015
2   	52 	100  	-1709.59	-1604.98	-1603.54	7.4594 
2   	53 	100  	-2020.93	-1606.42	-1603.54	21.4635
2   	54 	100  	-2179.33	-1606.96	-1603.54	27.9011
2   	55 	100  	-1727.98	-1605.41	-1603.54	9.02159
2   	56 	100  	-1839.61	-1605.79	-1603.54	13.278 
2   	57 	100  	-1681.48	-1604.83	-1603.54	5.50721
2   	58 	100  	-1729.43	-1605.08	-1603.54	7.83107
2   	59 	100  	-1655.24	-1604.92	-1603.54	5.16519
2   	60 	100  	-1740.39	-1605.59	-1603.54	9.62701
2   	61 	100  	-1703.51	-1605.78	-1603.54	8.60813
2   	62 	100  	-1840.02	-1606.21	-1603.54	14.6065
2   	63 	100  	-1752.28	-1605.16	-1603.54	8.83158
2   	64 	100  	-1738.55	-1605.34	-1603.54	10.14  
2   	65 	100  	-1694.01	-1604.98	-1603.54	6.42821
2   	66 	100  	-1709.35	-1605.74	-1603.54	10.0323
2   	67 	100  	-1718.91	-1605.56	-1603.54	8.42933
2   	68 	100  	-1759.09	-1605.7 	-1603.54	9.51514
2   	69 	100  	-1877.5 	-1606.35	-1603.54	16.1381
2   	70 	100  	-2260.18	-1607.07	-1603.54	31.0875
2   	71 	100  	-1659.74	-1605.11	-1603.54	5.58241
2   	72 	100  	-1734.86	-1606.47	-1603.54	13.3081
2   	73 	100  	-1671.94	-1605.3 	-1603.54	6.25233
2   	74 	100  	-1670.96	-1605.43	-1603.54	6.96831
2   	75 	100  	-1714.33	-1604.96	-1603.54	7.56164
2   	76 	100  	-1669.25	-1605.21	-1603.54	6.16091
2   	77 	100  	-1685.36	-1605.42	-1603.54	8.5212 
2   	78 	100  	-2017.92	-1606.53	-1603.54	24.2239
2   	79 	100  	-1759.79	-1604.99	-1603.54	8.50951
2   	80 	100  	-1678.09	-1604.74	-1603.54	5.07573
2   	81 	100  	-1665   	-1604.98	-1603.54	5.25199
2   	82 	100  	-1697.8 	-1605.42	-1603.54	8.60818
2   	83 	100  	-2063.03	-1606.79	-1603.54	26.6723
2   	84 	100  	-2076.72	-1605.84	-1603.54	21.652 
2   	85 	100  	-2031.76	-1607.33	-1603.54	30.2246
2   	86 	100  	-1815.19	-1605.6 	-1603.54	11.4887
2   	87 	100  	-1785.42	-1604.83	-1603.54	8.84373
2   	88 	100  	-1779.59	-1605.59	-1603.54	11.8824
2   	89 	100  	-1920.49	-1605.69	-1603.54	16.5442
2   	90 	100  	-1685.75	-1605.02	-1603.54	6.12129
2   	91 	100  	-2333.13	-1607.04	-1603.54	36.0184
2   	92 	100  	-1841.61	-1605.82	-1603.54	15.0227
2   	93 	100  	-2325.84	-1608.19	-1603.54	39.8353
2   	94 	100  	-1701.98	-1604.79	-1603.54	6.09986
2   	95 	100  	-1792.34	-1606.42	-1603.54	14.0561
2   	96 	100  	-1904.51	-1606.33	-1603.54	17.306 
2   	97 	100  	-1804.21	-1605.61	-1603.54	13.4025
2   	98 	100  	-2511.74	-1608.19	-1603.54	46.4619
2   	99 	100  	-1712.86	-1604.9 	-1603.54	6.31455
rank	gen	depth	min     	avg     	max     	std    
2   	0  	100  	-16578.1	-1714.7 	-1607.84	835.809
2   	1  	100  	-2834.43	-1640.43	-1607.19	67.8235
2   	2  	100  	-2032.64	-1629.87	-1607.19	34.6191
2   	3  	100  	-2089.21	-1625.73	-1607.14	40.3758
2   	4  	100  	-1915.69	-1622.29	-1606.54	31.013 
2   	5  	100  	-6655.79	-1628.68	-1606.54	227.285
2   	6  	100  	-4445.43	-1622.14	-1606.49	129.117
2   	7  	100  	-1811.13	-1614.15	-1605.64	18.427 
2   	8  	100  	-1953.45	-1613.23	-1605.06	25.2023
2   	9  	100  	-1872.76	-1611.64	-1604.48	19.8245
2   	10 	100  	-1738.78	-1609.76	-1604.27	10.5205
2   	11 	100  	-2004.58	-1610.67	-1604.27	24.3723
2   	12 	100  	-1812.87	-1610.39	-1604.27	16.9402
2   	13 	100  	-2002.79	-1609.18	-1604.27	21.4428
2   	14 	100  	-1869.07	-1608.64	-1603.78	15.9118
2   	15 	100  	-1822.05	-1607.85	-1603.57	13.4223
2   	16 	100  	-3872.34	-1612.02	-1603.54	101.928
2   	17 	100  	-1767.12	-1607.67	-1603.54	14.8428
2   	18 	100  	-1933   	-1607.38	-1603.54	17.3029
2   	19 	100  	-1887.64	-1607.93	-1603.54	20.2442
2   	20 	100  	-2577.71	-1608.63	-1603.54	44.6843
2   	21 	100  	-1849.17	-1607.53	-1603.54	17.1792
2   	22 	100  	-2200.49	-1607.83	-1603.54	29.4452
2   	23 	100  	-1747.35	-1606.21	-1603.54	11.1643
2   	24 	100  	-1790.24	-1606.89	-1603.54	15.1653
2   	25 	100  	-3907.18	-1611   	-1603.54	103.588
2   	26 	100  	-1850.3 	-1606.16	-1603.54	14.6029
2   	27 	100  	-1769.16	-1606.84	-1603.54	12.9674
2   	28 	100  	-2290.16	-1607.49	-1603.54	32.2408
2   	29 	100  	-1848.6 	-1607.31	-1603.54	18.6898
2   	30 	100  	-4548.63	-1614.67	-1603.54	137.012
2   	31 	100  	-1772.3 	-1606.55	-1603.54	13.9651
2   	32 	100  	-5063.98	-1613.27	-1603.54	155.454
2   	33 	100  	-2003.39	-1606.27	-1603.54	19.2066
2   	34 	100  	-1740.54	-1606.28	-1603.54	10.2562
2   	35 	100  	-1764.58	-1606.21	-1603.54	12.2598
2   	36 	100  	-1853.59	-1607.05	-1603.54	17.5452
2   	37 	100  	-2783.15	-1609.64	-1603.54	58.9147
2   	38 	100  	-1762.33	-1606.26	-1603.54	12.4789
2   	39 	100  	-1900.56	-1606.47	-1603.54	17.4188
2   	40 	100  	-1875.55	-1606.96	-1603.54	17.6232
2   	41 	100  	-1939.99	-1606.76	-1603.54	22.1518
2   	42 	100  	-2204.92	-1608.96	-1603.54	41.0073
2   	43 	100  	-1796.7 	-1606.17	-1603.54	14.4257
2   	44 	100  	-1757.79	-1605.25	-1603.54	8.22786
2   	45 	100  	-2041.35	-1608.87	-1603.54	32.5324
2   	46 	100  	-2423.78	-1609.29	-1603.54	45.5513
2   	47 	100  	-1829.64	-1606.33	-1603.54	13.4768
2   	48 	100  	-1853.29	-1606.44	-1603.54	17.6517
2   	49 	100  	-2072.18	-1607.1 	-1603.54	25.0036
2   	50 	100  	-1810.07	-1606.56	-1603.54	15.4842
2   	51 	100  	-1829.86	-1606.19	-1603.54	14.1579
2   	52 	100  	-1742.77	-1605.04	-1603.54	7.72448
2   	53 	100  	-1928.48	-1606.2 	-1603.54	16.8228
2   	54 	100  	-1853.18	-1605.56	-1603.54	12.3577
2   	55 	100  	-1771.76	-1606.12	-1603.54	12.9993
2   	56 	100  	-1816.06	-1605.94	-1603.54	14.5183
2   	57 	100  	-1927.58	-1606.31	-1603.54	16.3346
2   	58 	100  	-1692.02	-1605.24	-1603.54	7.98739
2   	59 	100  	-1925.18	-1605.86	-1603.54	16.038 
2   	60 	100  	-1813.07	-1605.62	-1603.54	11.8674
2   	61 	100  	-1715.79	-1605.45	-1603.54	7.80215
2   	62 	100  	-1763.48	-1606.45	-1603.54	12.5981
2   	63 	100  	-1736.56	-1605.33	-1603.54	7.67949
2   	64 	100  	-1687.47	-1605.48	-1603.54	6.44323
2   	65 	100  	-1665.17	-1605.13	-1603.54	5.66422
2   	66 	100  	-2228.2 	-1609.98	-1603.54	40.6436
2   	67 	100  	-2375.11	-1606.76	-1603.54	35.5679
2   	68 	100  	-1678.65	-1605.52	-1603.54	7.6534 
2   	69 	100  	-1698.93	-1605.4 	-1603.54	8.63454
2   	70 	100  	-1824.19	-1605.98	-1603.54	13.2451
2   	71 	100  	-1675.11	-1605.31	-1603.54	6.49136
2   	72 	100  	-1666.53	-1605.01	-1603.54	5.82313
2   	73 	100  	-1809.67	-1606.39	-1603.54	15.1694
2   	74 	100  	-2613.39	-1609.29	-1603.54	60.2058
2   	75 	100  	-1732.24	-1605.61	-1603.54	10.0919
2   	76 	100  	-2053.96	-1605.77	-1603.54	20.6127
2   	77 	100  	-1723.9 	-1605.17	-1603.54	7.63011
2   	78 	100  	-1761.06	-1605.72	-1603.54	10.2019
2   	79 	100  	-1865.57	-1607.05	-1603.54	18.4369
2   	80 	100  	-1724.45	-1605.27	-1603.54	7.66929
2   	81 	100  	-1944.56	-1606.4 	-1603.54	18.4067
2   	82 	100  	-1688.74	-1605.36	-1603.54	7.24743
2   	83 	100  	-2393.64	-1608.57	-1603.54	39.8421
2   	84 	100  	-1799.94	-1605.59	-1603.54	11.2968
2   	85 	100  	-1753.03	-1606.05	-1603.54	12.0505
2   	86 	100  	-3023.85	-1608.8 	-1603.54	66.8438
2   	87 	100  	-1704.97	-1605.67	-1603.54	8.92488
2   	88 	100  	-1743.53	-1605.66	-1603.54	10.5476
2   	89 	100  	-1676.51	-1605.42	-1603.54	6.86288
2   	90 	100  	-1789.26	-1605.34	-1603.54	10.3691
2   	91 	100  	-1858.28	-1607.18	-1603.54	20.4722
2   	92 	100  	-3227.79	-1610.06	-1603.54	76.8717
2   	93 	100  	-1867.27	-1606.1 	-1603.54	17.3987
2   	94 	100  	-2377.65	-1609.1 	-1603.54	48.2355
2   	95 	100  	-1741.39	-1606.21	-1603.54	11.4077
2   	96 	100  	-1712.94	-1605.51	-1603.54	8.40894
2   	97 	100  	-1890.08	-1607.53	-1603.54	24.2159
2   	98 	100  	-3292.91	-1609.15	-1603.54	76.5467
2   	99 	100  	-1758.58	-1606.61	-1603.54	14.4136
