% function evaluation | noise-free fitness - Fopt (-1.694000000000e+01) | best noise-free fitness - Fopt | measured fitness | best measured fitness | x1 | x2...
1 +1.581765120e+02 +1.581765120e+02 +1.412365120e+02 +1.412365120e+02 +0.0000e+00 +0.0000e+00 +0.0000e+00 +0.0000e+00 +0.0000e+00 +0.0000e+00 +0.0000e+00 +0.0000e+00 +0.0000e+00 +0.0000e+00 +0.0000e+00 +0.0000e+00 +0.0000e+00 +0.0000e+00 +0.0000e+00 +0.0000e+00 +0.0000e+00 +0.0000e+00 +0.0000e+00 +0.0000e+00
2 +1.526025236e+02 +1.526025236e+02 +1.356625236e+02 +1.356625236e+02 +8.3127e-01 +7.5980e-01 +7.8134e-01 +4.6039e-01 +9.5310e-01 +2.8264e-01 +5.4527e-01 +6.9134e-02 +8.4123e-01 +2.4969e-02 +1.3568e-01 +5.7611e-01 +4.7916e-01 +5.8671e-01 +6.8215e-01 +9.1338e-02 +2.7615e-01 +3.8436e-01 +4.0161e-02 +6.9657e-01
3 +1.245456947e+02 +1.245456947e+02 +1.076056947e+02 +1.076056947e+02 +5.0142e-01 +9.4513e-01 +7.9006e-01 +5.6154e-01 +6.9569e-01 +2.0001e-01 +3.3748e-01 +3.0285e-02 +2.7910e-01 +4.2636e-01 +6.8157e-01 +4.4179e-01 +6.2963e-01 +7.5311e-01 +9.7690e-01 +1.9466e-01 +8.9145e-01 +7.4844e-01 +8.4984e-01 +3.0806e-01
16 +1.110632681e+02 +1.110632681e+02 +9.412326808e+01 +9.412326808e+01 +6.8803e-01 +7.4928e-01 +2.7078e-01 +6.5676e-01 +2.1107e-02 +7.9988e-01 +4.1567e-01 +2.3404e-01 +8.5424e-01 +2.6028e-02 +5.0103e-01 +2.8249e-01 +4.6550e-01 +4.8201e-02 +6.3363e-01 +3.1047e-01 +9.2792e-01 +7.9916e-01 +9.1425e-01 +6.0103e-01
21 +1.010343792e+02 +1.010343792e+02 +8.409437922e+01 +8.409437922e+01 +9.0370e-01 +5.6390e-01 +5.7339e-01 +4.2872e-01 +9.4291e-01 +9.8333e-01 +5.9662e-01 +8.5716e-01 +8.6078e-01 +1.8875e-01 +7.5175e-01 +7.8123e-01 +2.9859e-01 +3.6726e-01 +1.9690e-01 +4.7634e-02 +4.7454e-01 +8.4668e-01 +6.2368e-01 +7.2396e-01
152 +9.721553453e+01 +9.721553453e+01 +8.027553453e+01 +8.027553453e+01 +8.3955e-01 +3.8325e-01 +2.2316e-01 +4.7411e-01 +3.0426e-01 +5.6553e-01 +8.8045e-01 +5.6795e-02 +1.0821e-01 +1.7717e-01 +2.9077e-01 +7.2015e-01 +2.1070e-02 +2.8241e-04 +4.1931e-01 +2.9120e-01 +6.5749e-01 +6.3344e-01 +7.0325e-01 +2.4686e-01
333 +8.768821667e+01 +8.768821667e+01 +7.074821667e+01 +7.074821667e+01 +3.9860e-01 +3.0435e-01 +6.3655e-01 +1.6280e-01 +9.0046e-01 +7.0326e-01 +8.2070e-01 +5.9810e-01 +5.4054e-01 +2.6736e-01 +7.7812e-01 +2.1836e-01 +1.6311e-01 +9.3400e-01 +9.7132e-01 +2.9906e-01 +9.8041e-01 +3.3595e-01 +3.7265e-01 +1.1678e-01
575 +7.873595999e+01 +7.873595999e+01 +6.179595999e+01 +6.179595999e+01 +7.2761e-01 +1.9204e-01 +6.0847e-02 +1.4207e-03 +2.7468e-01 +9.3512e-01 +7.6087e-01 +3.4120e-01 +5.2832e-01 +8.4118e-01 +9.7992e-01 +6.0619e-01 +4.3803e-01 +7.3643e-01 +5.2127e-01 +7.5301e-01 +8.9670e-01 +4.9964e-01 +4.0046e-01 +8.5677e-01
3806 +7.597658355e+01 +7.597658355e+01 +5.903658355e+01 +5.903658355e+01 +4.5464e-01 +6.1901e-02 +2.4527e-01 +8.0683e-01 +1.2981e-01 +8.4233e-01 +8.1225e-01 +6.4443e-01 +9.9949e-01 +4.4706e-02 +4.1690e-01 +6.5747e-01 +6.9353e-01 +2.3966e-02 +9.5038e-01 +2.9841e-01 +1.3535e-02 +7.0912e-01 +2.3419e-01 +9.2304e-01
17829 +7.384205661e+01 +7.384205661e+01 +5.690205661e+01 +5.690205661e+01 +8.2690e-01 +1.1808e-01 +4.2214e-01 +6.3273e-01 +2.3803e-01 +3.3967e-01 +7.9517e-01 +9.4353e-01 +3.6890e-01 +1.9532e-01 +7.5240e-01 +6.3009e-01 +1.5977e-02 +3.4517e-01 +9.6346e-01 +9.0691e-01 +9.1458e-01 +2.8694e-01 +5.3411e-02 +8.7885e-01
34174 +6.851724758e+01 +6.851724758e+01 +5.157724758e+01 +5.157724758e+01 +1.4877e-01 +1.9046e-01 +7.4800e-01 +1.4778e-01 +2.2504e-01 +7.3356e-01 +8.2017e-01 +8.1786e-01 +4.5304e-01 +2.7441e-02 +4.7363e-01 +6.5747e-01 +2.3554e-02 +1.3129e-02 +8.6330e-01 +4.1828e-01 +8.1008e-01 +6.5721e-01 +1.5093e-01 +1.2647e-01
36175 +6.694420456e+01 +6.694420456e+01 +5.000420456e+01 +5.000420456e+01 +1.4877e-01 +1.9046e-01 +7.4800e-01 +1.4778e-01 +2.2504e-01 +7.3356e-01 +8.2017e-01 +8.1786e-01 +4.5304e-01 +2.7441e-02 +4.7363e-01 +7.0178e-01 +8.4877e-02 +1.3129e-02 +8.6330e-01 +4.1828e-01 +8.1008e-01 +6.5721e-01 +1.5093e-01 +1.2647e-01
77979 +6.387563076e+01 +6.387563076e+01 +4.693563076e+01 +4.693563076e+01 +1.4877e-01 +1.9046e-01 +7.4800e-01 +1.4778e-01 +2.2504e-01 +7.3356e-01 +8.2017e-01 +8.1786e-01 +4.5304e-01 +2.7441e-02 +4.7363e-01 +7.0178e-01 +8.4877e-02 +1.3129e-02 +8.6330e-01 +4.1828e-01 +8.1008e-01 +6.5721e-01 +1.5093e-01 +5.4362e-02
% function evaluation | noise-free fitness - Fopt (1.881000000000e+01) | best noise-free fitness - Fopt | measured fitness | best measured fitness | x1 | x2...
1 +5.562307111e+01 +5.562307111e+01 +7.443307111e+01 +7.443307111e+01 +0.0000e+00 +0.0000e+00 +0.0000e+00 +0.0000e+00 +0.0000e+00 +0.0000e+00 +0.0000e+00 +0.0000e+00 +0.0000e+00 +0.0000e+00 +0.0000e+00 +0.0000e+00 +0.0000e+00 +0.0000e+00 +0.0000e+00 +0.0000e+00 +0.0000e+00 +0.0000e+00 +0.0000e+00 +0.0000e+00
2 +4.888038518e+01 +4.888038518e+01 +6.769038518e+01 +6.769038518e+01 +3.4482e-01 +4.6927e-01 +3.6385e-01 +3.2710e-01 +9.1986e-01 +7.8305e-01 +6.2159e-01 +9.4877e-01 +6.3164e-01 +1.2604e-02 +5.8737e-01 +8.2322e-01 +5.0269e-01 +4.8633e-01 +1.7024e-01 +4.2720e-01 +4.3000e-01 +6.1608e-02 +3.2026e-01 +5.6948e-01
3 +4.727790828e+01 +4.727790828e+01 +6.608790828e+01 +6.608790828e+01 +2.7699e-01 +9.6913e-01 +7.6809e-01 +9.2136e-01 +9.7171e-01 +2.3092e-01 +4.7990e-01 +4.9522e-01 +1.1292e-01 +2.9022e-01 +2.3150e-03 +7.7185e-01 +7.9813e-01 +3.3772e-01 +7.3045e-01 +1.7917e-01 +1.4750e-01 +6.9150e-01 +9.1513e-01 +3.6726e-01
8 +3.937070032e+01 +3.937070032e+01 +5.818070032e+01 +5.818070032e+01 +9.6212e-01 +6.6876e-01 +4.3088e-01 +8.7019e-01 +9.8376e-01 +6.0867e-01 +3.6346e-02 +1.2752e-01 +5.2443e-01 +6.7200e-02 +9.4507e-01 +9.1168e-01 +6.1324e-01 +5.5015e-01 +5.8144e-01 +2.7780e-01 +3.0986e-02 +3.9725e-01 +8.3614e-01 +9.6942e-01
91 +3.583699529e+01 +3.583699529e+01 +5.464699529e+01 +5.464699529e+01 +2.7214e-01 +2.1320e-01 +4.9367e-01 +7.2095e-01 +6.9006e-02 +2.9388e-01 +7.3334e-01 +4.3527e-01 +1.8441e-02 +8.8139e-01 +9.8581e-01 +7.7412e-01 +5.6431e-01 +9.4497e-01 +5.3549e-01 +4.7564e-01 +7.0831e-02 +6.2931e-01 +1.8174e-01 +3.6829e-01
98 +3.451117341e+01 +3.451117341e+01 +5.332117341e+01 +5.332117341e+01 +2.4058e-01 +8.1071e-01 +3.4656e-01 +8.3998e-01 +6.3897e-01 +9.1469e-01 +1.1229e-01 +4.8802e-01 +1.8258e-01 +5.4187e-02 +4.3506e-01 +5.6354e-01 +5.6077e-01 +5.9508e-02 +7.3214e-01 +3.0951e-01 +1.8982e-01 +4.9696e-01 +9.9526e-01 +4.7228e-02
126 +2.914197327e+01 +2.914197327e+01 +4.795197327e+01 +4.795197327e+01 +5.7937e-02 +4.7203e-01 +9.4097e-01 +1.7986e-01 +9.5171e-01 +2.0889e-01 +9.8468e-01 +9.1080e-01 +1.8969e-01 +2.7469e-01 +6.6978e-01 +4.5522e-01 +8.9792e-01 +3.4018e-01 +6.2010e-01 +3.3562e-01 +6.8926e-02 +5.0420e-01 +9.3683e-01 +3.4895e-01
29205 +2.648922463e+01 +2.648922463e+01 +4.529922463e+01 +4.529922463e+01 +3.4430e-01 +7.8399e-01 +4.9957e-01 +5.6030e-01 +1.9405e-01 +6.3396e-01 +7.2131e-01 +7.8282e-01 +4.0439e-01 +7.3995e-01 +1.9084e-01 +5.5624e-01 +6.2673e-01 +3.4018e-01 +7.4189e-03 +7.8800e-01 +3.2189e-01 +8.7357e-01 +4.8883e-02 +6.0483e-01
55245 +2.605984339e+01 +2.605984339e+01 +4.486984339e+01 +4.486984339e+01 +3.4430e-01 +7.8399e-01 +4.9957e-01 +5.6030e-01 +1.9405e-01 +6.3396e-01 +7.2131e-01 +7.8282e-01 +4.0439e-01 +7.3995e-01 +1.9084e-01 +5.5624e-01 +6.2673e-01 +3.4018e-01 +7.4189e-03 +7.8800e-01 +3.2189e-01 +8.7357e-01 +4.8883e-02 +4.9096e-01
% function evaluation | noise-free fitness - Fopt (2.731500000000e+02) | best noise-free fitness - Fopt | measured fitness | best measured fitness | x1 | x2...
1 +2.178320511e+02 +2.178320511e+02 +4.909820511e+02 +4.909820511e+02 +0.0000e+00 +0.0000e+00 +0.0000e+00 +0.0000e+00 +0.0000e+00 +0.0000e+00 +0.0000e+00 +0.0000e+00 +0.0000e+00 +0.0000e+00 +0.0000e+00 +0.0000e+00 +0.0000e+00 +0.0000e+00 +0.0000e+00 +0.0000e+00 +0.0000e+00 +0.0000e+00 +0.0000e+00 +0.0000e+00
3 +1.882581899e+02 +1.882581899e+02 +4.614081899e+02 +4.614081899e+02 +2.9911e-01 +4.4754e-01 +5.7938e-01 +7.1678e-01 +8.0116e-01 +3.6135e-01 +2.2393e-01 +5.4624e-02 +7.2352e-01 +2.7757e-01 +5.6759e-01 +1.3163e-01 +4.9833e-01 +5.0229e-02 +7.0840e-01 +1.8899e-02 +5.5284e-01 +6.2442e-01 +9.3025e-01 +1.9826e-01
15 +1.746779507e+02 +1.746779507e+02 +4.478279507e+02 +4.478279507e+02 +1.0206e-01 +6.2310e-01 +2.8529e-02 +9.8199e-01 +8.0972e-03 +8.7490e-01 +4.1604e-01 +9.7629e-01 +3.1979e-01 +6.6474e-01 +1.2690e-01 +3.7902e-01 +9.3365e-01 +5.8873e-02 +4.3461e-01 +6.4265e-01 +8.0219e-01 +3.9880e-01 +4.1231e-01 +9.5118e-01
39 +1.697928918e+02 +1.697928918e+02 +4.429428918e+02 +4.429428918e+02 +8.2277e-01 +6.2280e-01 +7.7289e-01 +1.6393e-01 +6.2501e-01 +3.0224e-01 +5.6005e-01 +2.2906e-01 +8.5263e-01 +8.7913e-01 +7.5605e-01 +3.1675e-01 +6.1148e-01 +8.6729e-02 +6.1818e-01 +1.8526e-01 +3.1670e-01 +8.4154e-01 +5.9810e-01 +7.6592e-02
84 +1.534127237e+02 +1.534127237e+02 +4.265627237e+02 +4.265627237e+02 +4.3886e-01 +1.0601e-01 +7.0931e-01 +3.8292e-02 +7.2646e-01 +3.6322e-01 +2.8902e-01 +2.5958e-01 +2.2387e-01 +7.7587e-01 +2.0645e-01 +8.9059e-02 +1.7500e-01 +9.1153e-01 +3.6083e-01 +1.2904e-02 +1.7837e-01 +8.1426e-01 +8.8782e-01 +6.8862e-01
88 +1.321922214e+02 +1.321922214e+02 +4.053422214e+02 +4.053422214e+02 +5.1534e-01 +9.6239e-01 +4.0665e-01 +8.2810e-01 +2.6946e-01 +8.1705e-02 +7.3676e-01 +1.6914e-01 +1.0578e-01 +6.5101e-01 +6.0208e-01 +3.5405e-01 +3.7458e-01 +9.7244e-02 +8.7983e-01 +5.0902e-01 +2.3786e-01 +6.3002e-01 +4.4633e-01 +7.4797e-02
14982 +1.298511630e+02 +1.298511630e+02 +4.030011630e+02 +4.030011630e+02 +5.5703e-01 +1.1673e-01 +8.2239e-01 +4.3348e-01 +8.8657e-01 +7.7647e-02 +2.2302e-01 +2.7983e-01 +6.8808e-01 +8.6552e-01 +9.9828e-01 +5.8486e-01 +1.8369e-01 +9.2973e-01 +1.5535e-01 +6.4692e-01 +6.2907e-02 +4.6959e-01 +4.1655e-01 +2.0946e-01
25443 +1.275391846e+02 +1.275391846e+02 +4.006891846e+02 +4.006891846e+02 +4.0562e-01 +7.9092e-01 +8.0534e-01 +7.3252e-01 +7.3807e-01 +7.4219e-03 +5.2909e-01 +2.3021e-01 +7.7857e-01 +5.8628e-01 +9.2899e-03 +3.9276e-01 +1.9326e-01 +8.8309e-01 +1.7870e-01 +3.0243e-01 +5.5498e-01 +6.3002e-01 +4.4633e-01 +7.4797e-02
77778 +1.243742443e+02 +1.243742443e+02 +3.975242443e+02 +3.975242443e+02 +1.7961e-01 +9.6239e-01 +9.6413e-01 +7.8852e-01 +8.5582e-01 +4.7364e-02 +1.1644e-02 +1.3334e-01 +4.5665e-01 +9.4397e-01 +9.9682e-01 +4.6223e-01 +2.0888e-01 +5.5464e-01 +2.9983e-01 +2.1575e-01 +9.6836e-01 +7.9074e-01 +6.7778e-01 +2.6082e-01
85778 +1.219723694e+02 +1.219723694e+02 +3.951223694e+02 +3.951223694e+02 +5.2475e-02 +9.1393e-01 +2.7848e-01 +7.3252e-01 +9.4578e-01 +5.6633e-01 +8.3010e-02 +4.7169e-02 +4.4062e-01 +7.6600e-01 +9.0969e-01 +7.0326e-01 +4.3890e-01 +1.6612e-01 +1.3979e-01 +6.9041e-01 +6.5533e-04 +8.2983e-01 +1.1116e-01 +1.8104e-01
93440 +1.186866404e+02 +1.186866404e+02 +3.918366404e+02 +3.918366404e+02 +8.1334e-01 +7.8925e-01 +6.9566e-01 +4.0135e-01 +8.3204e-01 +1.9432e-01 +5.2909e-01 +1.6914e-01 +5.7241e-02 +9.5965e-01 +4.5694e-01 +4.5338e-01 +7.2531e-01 +9.3696e-01 +4.2284e-01 +3.0243e-01 +9.3229e-01 +8.2129e-01 +1.2110e-01 +4.1540e-01
% function evaluation | noise-free fitness - Fopt (3.718000000000e+01) | best noise-free fitness - Fopt | measured fitness | best measured fitness | x1 | x2...
1 +4.493569195e+01 +4.493569195e+01 +8.211569195e+01 +8.211569195e+01 +0.0000e+00 +0.0000e+00 +0.0000e+00 +0.0000e+00 +0.0000e+00 +0.0000e+00 +0.0000e+00 +0.0000e+00 +0.0000e+00 +0.0000e+00 +0.0000e+00 +0.0000e+00 +0.0000e+00 +0.0000e+00 +0.0000e+00 +0.0000e+00 +0.0000e+00 +0.0000e+00 +0.0000e+00 +0.0000e+00
6 +4.203377799e+01 +4.203377799e+01 +7.921377799e+01 +7.921377799e+01 +5.5857e-01 +4.0761e-01 +2.1640e-01 +9.9179e-01 +5.9672e-01 +5.2347e-01 +2.0205e-01 +2.8725e-02 +7.5257e-01 +3.7231e-01 +8.3358e-01 +4.0852e-01 +4.7170e-02 +4.6898e-01 +2.1350e-01 +6.3506e-01 +7.4274e-01 +2.8673e-01 +6.2482e-01 +2.9610e-01
10 +3.356354744e+01 +3.356354744e+01 +7.074354744e+01 +7.074354744e+01 +1.8046e-01 +3.3095e-01 +4.2849e-01 +1.0205e-02 +2.7980e-01 +2.5346e-01 +2.7690e-01 +3.5276e-02 +9.0160e-01 +6.8684e-01 +6.8456e-01 +2.1314e-02 +2.0544e-02 +3.8866e-01 +8.9152e-02 +2.9623e-01 +2.6553e-01 +6.6230e-01 +1.0066e-01 +8.0761e-01
253 +3.183562538e+01 +3.183562538e+01 +6.901562538e+01 +6.901562538e+01 +1.6152e-01 +2.4389e-01 +1.9094e-01 +7.2306e-01 +3.3907e-01 +1.7173e-01 +1.1390e-01 +3.6112e-01 +6.6020e-01 +8.4503e-01 +2.9103e-01 +3.1154e-01 +3.1529e-01 +9.1179e-01 +3.8919e-01 +8.5538e-01 +5.9118e-01 +1.2448e-01 +2.8714e-01 +1.3537e-01
4698 +3.084553864e+01 +3.084553864e+01 +6.802553864e+01 +6.802553864e+01 +2.6382e-01 +5.4700e-01 +6.2287e-01 +1.7507e-01 +2.3992e-01 +8.1548e-01 +4.1365e-01 +7.6296e-01 +1.2065e-01 +7.5954e-01 +1.6471e-01 +1.8049e-01 +1.9688e-01 +8.6188e-01 +5.8927e-01 +7.8209e-01 +4.3558e-02 +2.0698e-01 +5.0684e-01 +7.5123e-01
13048 +2.891035902e+01 +2.891035902e+01 +6.609035902e+01 +6.609035902e+01 +2.2699e-01 +3.7229e-01 +2.4760e-01 +7.4597e-01 +1.5749e-02 +3.8298e-01 +1.0699e-01 +3.2951e-02 +2.7825e-01 +8.9546e-01 +9.4545e-01 +6.0362e-01 +8.8503e-01 +7.0005e-01 +2.4183e-01 +2.6955e-01 +3.8000e-01 +1.8276e-01 +2.1874e-01 +3.2005e-01
34028 +2.858726420e+01 +2.858726420e+01 +6.576726420e+01 +6.576726420e+01 +6.4065e-02 +3.5449e-01 +1.7080e-01 +2.9284e-01 +8.1952e-01 +2.5661e-01 +7.6741e-01 +1.6447e-01 +8.9207e-02 +9.2867e-01 +3.9518e-01 +2.7710e-01 +4.7610e-01 +4.5154e-01 +7.8432e-01 +8.5080e-01 +7.2438e-01 +7.7461e-02 +1.6978e-01 +2.5339e-01
80039 +2.748682471e+01 +2.748682471e+01 +6.466682471e+01 +6.466682471e+01 +1.5796e-02 +4.8593e-01 +2.4760e-01 +1.8704e-02 +5.4800e-01 +9.1347e-01 +4.0287e-02 +8.9480e-01 +6.8567e-01 +9.5682e-01 +7.5750e-01 +1.1070e-01 +9.9245e-01 +7.5865e-01 +5.5694e-01 +9.2932e-01 +4.4804e-01 +4.9515e-01 +7.9359e-02 +8.7148e-01
% function evaluation | noise-free fitness - Fopt (-1.479000000000e+02) | best noise-free fitness - Fopt | measured fitness | best measured fitness | x1 | x2...
1 +5.545306338e+01 +5.545306338e+01 -9.244693662e+01 -9.244693662e+01 +0.0000e+00 +0.0000e+00 +0.0000e+00 +0.0000e+00 +0.0000e+00 +0.0000e+00 +0.0000e+00 +0.0000e+00 +0.0000e+00 +0.0000e+00 +0.0000e+00 +0.0000e+00 +0.0000e+00 +0.0000e+00 +0.0000e+00 +0.0000e+00 +0.0000e+00 +0.0000e+00 +0.0000e+00 +0.0000e+00
11 +4.899823553e+01 +4.899823553e+01 -9.890176447e+01 -9.890176447e+01 +7.6153e-01 +7.0290e-01 +6.0761e-01 +6.4035e-02 +1.6966e-01 +7.6093e-01 +7.0550e-01 +9.5387e-01 +1.5933e-01 +2.6089e-01 +4.0896e-01 +7.6054e-01 +2.0574e-02 +8.2524e-01 +2.1113e-02 +7.5391e-01 +3.9585e-01 +2.7708e-01 +3.1366e-01 +6.2454e-01
19 +3.822606145e+01 +3.822606145e+01 -1.096739385e+02 -1.096739385e+02 +5.5692e-02 +1.5252e-01 +6.4291e-01 +1.3714e-01 +3.0528e-01 +7.6991e-02 +7.0713e-01 +5.4373e-01 +8.6800e-01 +4.8078e-01 +6.2266e-01 +1.8906e-01 +8.8484e-01 +8.5772e-01 +7.5987e-01 +8.2664e-02 +4.7013e-01 +9.1671e-01 +4.5737e-01 +8.8442e-01
6697 +3.717035780e+01 +3.717035780e+01 -1.107296422e+02 -1.107296422e+02 +1.7010e-01 +4.3415e-01 +8.7408e-01 +2.7800e-01 +5.0192e-01 +5.8449e-01 +4.7639e-01 +5.2566e-01 +7.2133e-02 +6.1283e-01 +8.4504e-01 +8.5276e-02 +2.6882e-01 +2.6692e-01 +8.7837e-02 +1.6301e-01 +4.5873e-01 +6.2340e-01 +5.7491e-01 +3.0587e-01
12042 +3.670397846e+01 +3.670397846e+01 -1.111960215e+02 -1.111960215e+02 +3.2504e-01 +4.7672e-01 +8.7408e-01 +2.7800e-01 +5.0192e-01 +5.8449e-01 +4.7639e-01 +5.2566e-01 +7.2133e-02 +6.1283e-01 +8.4504e-01 +8.5276e-02 +2.6882e-01 +2.6692e-01 +8.7837e-02 +1.6301e-01 +4.5873e-01 +6.2340e-01 +5.7491e-01 +3.0587e-01
60723 +3.608700335e+01 +3.608700335e+01 -1.118129966e+02 -1.118129966e+02 +6.6538e-01 +3.7136e-01 +2.9019e-01 +2.5149e-01 +5.0192e-01 +6.9817e-01 +4.0740e-01 +2.3239e-03 +1.6099e-01 +2.3701e-01 +1.4333e-01 +7.7482e-01 +2.6882e-01 +5.1667e-01 +7.5109e-01 +4.9364e-01 +8.4328e-01 +4.6128e-01 +5.7491e-01 +4.2694e-01
68348 +3.485500648e+01 +3.485500648e+01 -1.130449935e+02 -1.130449935e+02 +1.9123e-01 +6.1202e-02 +9.4004e-01 +6.5140e-01 +4.1160e-01 +9.0896e-01 +4.7639e-01 +5.2566e-01 +7.2133e-02 +6.1283e-01 +8.4504e-01 +8.5276e-02 +4.5789e-01 +8.7278e-01 +1.2373e-01 +1.2815e-01 +3.3527e-01 +3.7290e-02 +6.5717e-01 +5.5983e-01
% function evaluation | noise-free fitness - Fopt (2.173800000000e+02) | best noise-free fitness - Fopt | measured fitness | best measured fitness | x1 | x2...
1 +6.429854136e+01 +6.429854136e+01 +2.816785414e+02 +2.816785414e+02 +0.0000e+00 +0.0000e+00 +0.0000e+00 +0.0000e+00 +0.0000e+00 +0.0000e+00 +0.0000e+00 +0.0000e+00 +0.0000e+00 +0.0000e+00 +0.0000e+00 +0.0000e+00 +0.0000e+00 +0.0000e+00 +0.0000e+00 +0.0000e+00 +0.0000e+00 +0.0000e+00 +0.0000e+00 +0.0000e+00
3 +5.487760454e+01 +5.487760454e+01 +2.722576045e+02 +2.722576045e+02 +5.7241e-01 +8.9148e-01 +5.9413e-01 +1.4237e-01 +2.5688e-01 +6.2354e-01 +7.6357e-01 +6.4172e-01 +8.3862e-01 +6.3883e-01 +5.5248e-01 +2.3027e-01 +9.4267e-01 +2.6228e-01 +8.5101e-01 +4.2881e-02 +6.2243e-01 +7.0377e-01 +7.6012e-01 +8.6437e-01
9 +4.630308429e+01 +4.630308429e+01 +2.636830843e+02 +2.636830843e+02 +4.9733e-01 +8.9190e-01 +9.3409e-01 +2.6847e-01 +8.8810e-01 +9.6678e-01 +8.9299e-01 +2.6857e-01 +3.5757e-01 +9.7108e-01 +2.8993e-01 +2.7913e-03 +1.1820e-01 +7.0919e-01 +1.3261e-01 +4.0269e-01 +9.4535e-01 +5.3931e-02 +9.3094e-01 +1.8731e-01
10 +4.352283956e+01 +4.352283956e+01 +2.609028396e+02 +2.609028396e+02 +6.8093e-01 +9.0257e-01 +1.1036e-02 +1.4882e-01 +2.6809e-01 +9.5868e-03 +3.3020e-01 +3.4421e-01 +1.0159e-02 +1.9137e-02 +2.3859e-02 +1.2381e-01 +3.7293e-01 +4.3479e-03 +4.2713e-01 +7.7478e-01 +6.7939e-01 +5.0524e-03 +4.4239e-01 +3.4250e-01
11 +3.975622532e+01 +3.975622532e+01 +2.571362253e+02 +2.571362253e+02 +3.4885e-01 +7.8052e-02 +7.7191e-02 +9.3879e-01 +2.5550e-01 +3.2654e-01 +4.6360e-01 +3.2978e-02 +4.9440e-01 +1.3914e-01 +9.9602e-01 +1.5631e-01 +7.0746e-01 +9.3358e-01 +3.7780e-01 +1.6976e-01 +7.3942e-01 +5.8683e-01 +4.4888e-01 +5.4560e-01
479 +3.851979295e+01 +3.851979295e+01 +2.558997930e+02 +2.558997930e+02 +9.4106e-01 +8.8748e-01 +3.3231e-01 +7.7654e-01 +8.3078e-01 +4.7785e-01 +3.4920e-01 +2.3116e-01 +2.2331e-01 +7.4138e-01 +2.3858e-01 +2.0384e-01 +1.7560e-01 +8.9813e-01 +9.2911e-01 +2.4417e-01 +9.3121e-01 +4.5340e-01 +9.0605e-01 +5.9895e-01
733 +3.399892111e+01 +3.399892111e+01 +2.513789211e+02 +2.513789211e+02 +6.3208e-01 +6.3829e-01 +7.7520e-02 +9.0576e-01 +3.9375e-01 +9.9166e-01 +1.5615e-01 +5.0346e-01 +4.0986e-01 +5.3323e-01 +2.9362e-01 +5.2157e-02 +6.5157e-02 +5.3199e-01 +7.2157e-01 +2.1078e-01 +2.8136e-01 +8.8826e-03 +3.8718e-01 +6.1812e-01
7441 +3.300767346e+01 +3.300767346e+01 +2.503876735e+02 +2.503876735e+02 +4.8527e-02 +3.9768e-01 +8.3397e-01 +5.6667e-01 +2.2672e-01 +9.9004e-01 +2.2482e-02 +1.4223e-02 +1.9127e-01 +7.8320e-02 +3.0085e-01 +1.0094e-01 +1.3263e-02 +6.4281e-01 +5.3603e-01 +3.8257e-01 +8.9090e-01 +6.6169e-01 +6.8610e-01 +4.0023e-01
59788 +2.874892812e+01 +2.874892812e+01 +2.461289281e+02 +2.461289281e+02 +5.9869e-01 +8.9275e-03 +7.8031e-02 +5.6667e-01 +6.9284e-01 +1.5075e-01 +2.2482e-02 +1.4223e-02 +1.9127e-01 +7.8320e-02 +3.0085e-01 +1.0094e-01 +1.3263e-02 +6.4281e-01 +5.3603e-01 +3.8257e-01 +9.8536e-02 +6.6169e-01 +9.2808e-01 +4.0801e-01
% function evaluation | noise-free fitness - Fopt (1.946900000000e+02) | best noise-free fitness - Fopt | measured fitness | best measured fitness | x1 | x2...
1 +3.549407827e+01 +3.549407827e+01 +2.301840783e+02 +2.301840783e+02 +0.0000e+00 +0.0000e+00 +0.0000e+00 +0.0000e+00 +0.0000e+00 +0.0000e+00 +0.0000e+00 +0.0000e+00 +0.0000e+00 +0.0000e+00 +0.0000e+00 +0.0000e+00 +0.0000e+00 +0.0000e+00 +0.0000e+00 +0.0000e+00 +0.0000e+00 +0.0000e+00 +0.0000e+00 +0.0000e+00
12 +3.423339888e+01 +3.423339888e+01 +2.289233989e+02 +2.289233989e+02 +1.1996e-01 +3.9848e-01 +9.2057e-01 +3.3217e-01 +2.2278e-01 +3.1018e-01 +4.2780e-01 +1.1892e-01 +2.7681e-01 +1.9141e-01 +1.7685e-01 +1.3817e-01 +5.1784e-01 +5.0412e-01 +2.3903e-01 +7.5325e-01 +5.7365e-01 +4.2609e-01 +7.4175e-01 +7.0872e-01
13 +3.311154697e+01 +3.311154697e+01 +2.278015470e+02 +2.278015470e+02 +7.5389e-01 +2.4283e-01 +6.4923e-01 +4.2545e-01 +7.7282e-01 +4.9178e-01 +2.4335e-01 +8.7740e-01 +2.3466e-02 +7.6470e-01 +7.9965e-01 +5.4173e-01 +4.9448e-01 +3.3258e-01 +4.8850e-01 +3.1153e-01 +5.7191e-02 +6.3494e-01 +8.4257e-01 +9.1892e-01
49 +3.180478234e+01 +3.180478234e+01 +2.264947823e+02 +2.264947823e+02 +2.2590e-01 +8.9417e-01 +8.6327e-02 +5.4284e-01 +8.7642e-01 +7.9517e-01 +4.3240e-01 +6.7875e-01 +5.9537e-01 +9.2780e-01 +2.9598e-01 +6.8036e-01 +1.9434e-02 +6.9943e-01 +8.9100e-01 +8.1967e-01 +3.4867e-01 +1.4298e-01 +8.9584e-01 +9.3056e-01
189 +3.028117443e+01 +3.028117443e+01 +2.249711744e+02 +2.249711744e+02 +1.2007e-01 +8.1440e-02 +9.8279e-01 +5.4679e-01 +9.0412e-01 +5.4130e-01 +4.2451e-01 +6.4951e-02 +8.3718e-02 +9.5490e-01 +5.4883e-01 +5.0425e-01 +1.6973e-01 +2.8154e-01 +2.7740e-01 +1.3017e-01 +7.0084e-01 +9.7898e-01 +3.1680e-01 +9.8837e-01
193 +2.925610307e+01 +2.925610307e+01 +2.239461031e+02 +2.239461031e+02 +4.3168e-01 +9.0377e-01 +8.0516e-01 +4.0212e-01 +4.4748e-01 +4.4358e-01 +1.5682e-01 +9.1307e-01 +6.6042e-02 +8.7767e-01 +4.2282e-01 +2.9785e-01 +4.5450e-01 +9.0046e-01 +7.4864e-01 +4.7616e-02 +9.5156e-01 +6.9757e-01 +3.8440e-01 +4.9803e-01
513 +2.822140504e+01 +2.822140504e+01 +2.229114050e+02 +2.229114050e+02 +7.5389e-01 +2.4283e-01 +6.4923e-01 +4.2545e-01 +7.7282e-01 +4.9178e-01 +2.4335e-01 +8.7740e-01 +2.3466e-02 +7.6470e-01 +1.7685e-01 +1.3817e-01 +5.1784e-01 +5.0412e-01 +2.3903e-01 +7.5325e-01 +5.7365e-01 +4.2609e-01 +7.4175e-01 +7.0872e-01
892 +2.794594618e+01 +2.794594618e+01 +2.226359462e+02 +2.226359462e+02 +9.9495e-01 +8.4545e-02 +4.0220e-01 +3.5877e-01 +4.2971e-01 +2.1917e-01 +2.3809e-01 +3.3043e-01 +6.5946e-01 +5.6597e-01 +3.4803e-01 +4.3037e-01 +6.5117e-02 +3.5020e-01 +6.5273e-03 +5.0073e-02 +2.8535e-02 +5.9824e-01 +5.8755e-01 +3.8874e-01
1491 +2.504606583e+01 +2.504606583e+01 +2.197360658e+02 +2.197360658e+02 +6.3209e-02 +1.8764e-01 +9.0857e-01 +9.4405e-01 +8.5676e-01 +6.2767e-01 +1.7988e-01 +3.9485e-01 +7.3324e-01 +7.0869e-01 +3.5960e-01 +7.7696e-01 +1.5147e-01 +9.9018e-01 +5.1243e-01 +1.2224e-01 +4.2235e-01 +3.2092e-01 +6.9951e-01 +5.8199e-01
10290 +2.438659764e+01 +2.438659764e+01 +2.190765976e+02 +2.190765976e+02 +4.5120e-01 +3.8756e-01 +3.7178e-01 +5.2498e-01 +2.5591e-01 +7.1076e-01 +2.8703e-01 +3.5005e-01 +1.1776e-01 +9.8963e-01 +7.7867e-01 +3.8683e-01 +4.7128e-01 +4.7132e-01 +8.1949e-01 +3.5951e-01 +3.9295e-01 +3.7192e-01 +3.6045e-01 +6.9115e-01
55200 +2.258505736e+01 +2.258505736e+01 +2.172750574e+02 +2.172750574e+02 +5.9625e-02 +5.5210e-01 +9.8281e-01 +3.1854e-01 +1.2264e-01 +7.7821e-01 +3.1570e-01 +4.9398e-01 +2.5308e-03 +9.4459e-01 +1.2999e-01 +4.4307e-01 +2.4386e-01 +6.7397e-01 +1.7238e-03 +8.4280e-02 +3.9295e-01 +8.7822e-01 +9.3758e-01 +6.2781e-01
% function evaluation | noise-free fitness - Fopt (-9.443000000000e+01) | best noise-free fitness - Fopt | measured fitness | best measured fitness | x1 | x2...
1 +5.034217014e+01 +5.034217014e+01 -4.408782986e+01 -4.408782986e+01 +0.0000e+00 +0.0000e+00 +0.0000e+00 +0.0000e+00 +0.0000e+00 +0.0000e+00 +0.0000e+00 +0.0000e+00 +0.0000e+00 +0.0000e+00 +0.0000e+00 +0.0000e+00 +0.0000e+00 +0.0000e+00 +0.0000e+00 +0.0000e+00 +0.0000e+00 +0.0000e+00 +0.0000e+00 +0.0000e+00
13 +4.031882357e+01 +4.031882357e+01 -5.411117643e+01 -5.411117643e+01 +5.9919e-01 +2.6585e-01 +6.2637e-01 +3.0476e-01 +1.6372e-01 +7.8890e-01 +8.7579e-01 +7.9407e-02 +7.7578e-01 +4.0047e-01 +9.0238e-01 +6.3144e-01 +2.3999e-01 +7.6505e-01 +5.9136e-01 +2.5041e-01 +6.6847e-01 +7.3758e-02 +2.9943e-01 +6.5856e-01
1485 +3.819677417e+01 +3.819677417e+01 -5.623322583e+01 -5.623322583e+01 +2.8709e-01 +4.4952e-01 +2.8123e-01 +1.6973e-01 +8.7516e-01 +9.2540e-01 +8.0689e-01 +8.1842e-01 +1.7307e-01 +5.3867e-01 +9.2993e-01 +4.8963e-01 +1.1039e-01 +4.6867e-01 +4.8791e-01 +1.4331e-01 +3.0914e-01 +1.2362e-01 +1.1739e-01 +1.6636e-01
2770 +3.507403124e+01 +3.507403124e+01 -5.935596876e+01 -5.935596876e+01 +2.2308e-01 +9.0042e-01 +2.7720e-01 +3.3715e-01 +3.1374e-01 +3.2947e-01 +8.6139e-01 +3.4699e-02 +3.1556e-01 +3.0444e-01 +7.1039e-02 +8.7575e-01 +2.1728e-01 +3.8525e-01 +6.3208e-01 +7.8494e-01 +4.1935e-02 +1.9972e-02 +2.3272e-01 +5.2935e-01
32265 +3.354108802e+01 +3.354108802e+01 -6.088891198e+01 -6.088891198e+01 +5.8205e-01 +1.6909e-01 +9.3555e-01 +4.7716e-01 +5.2937e-01 +4.8363e-03 +9.3720e-01 +2.2260e-01 +9.6188e-01 +5.7721e-01 +8.0940e-01 +9.0807e-01 +4.0583e-01 +1.4886e-01 +2.5997e-01 +8.3479e-01 +3.2421e-02 +1.8402e-01 +2.3272e-01 +2.7352e-01
43919 +3.130262286e+01 +3.130262286e+01 -6.312737714e+01 -6.312737714e+01 +6.6920e-01 +6.9956e-01 +6.6392e-01 +9.4435e-01 +4.7007e-01 +2.1324e-02 +3.1749e-01 +8.7774e-02 +5.1724e-01 +1.6275e-01 +9.8397e-01 +7.9235e-01 +5.4045e-01 +1.5931e-01 +2.5945e-01 +2.2214e-01 +6.6203e-01 +1.1387e-01 +5.2089e-01 +1.2715e-01
% function evaluation | noise-free fitness - Fopt (-1.213000000000e+02) | best noise-free fitness - Fopt | measured fitness | best measured fitness | x1 | x2...
1 +5.824772576e+01 +5.824772576e+01 -6.305227424e+01 -6.305227424e+01 +0.0000e+00 +0.0000e+00 +0.0000e+00 +0.0000e+00 +0.0000e+00 +0.0000e+00 +0.0000e+00 +0.0000e+00 +0.0000e+00 +0.0000e+00 +0.0000e+00 +0.0000e+00 +0.0000e+00 +0.0000e+00 +0.0000e+00 +0.0000e+00 +0.0000e+00 +0.0000e+00 +0.0000e+00 +0.0000e+00
2 +4.507965446e+01 +4.507965446e+01 -7.622034554e+01 -7.622034554e+01 +4.2389e-01 +4.5883e-01 +6.9282e-01 +8.6597e-01 +2.2890e-01 +7.8918e-01 +2.5950e-01 +9.5197e-01 +4.4750e-01 +2.6672e-01 +5.3214e-01 +7.3855e-01 +4.5614e-01 +5.4880e-01 +6.7087e-01 +5.0783e-01 +8.0711e-02 +6.5576e-01 +5.4073e-01 +1.0528e-01
7 +4.150443408e+01 +4.150443408e+01 -7.979556592e+01 -7.979556592e+01 +9.9705e-01 +1.0707e-02 +4.1616e-01 +2.8856e-01 +5.7377e-01 +7.3430e-01 +8.1982e-01 +2.4867e-01 +6.2813e-01 +1.1003e-01 +5.3318e-01 +3.4999e-01 +1.6914e-01 +5.1386e-01 +3.0968e-01 +9.3285e-01 +1.8826e-01 +4.4597e-02 +2.8665e-01 +1.2646e-01
929 +3.873169687e+01 +3.873169687e+01 -8.256830313e+01 -8.256830313e+01 +3.4218e-01 +6.1583e-01 +3.2958e-01 +5.2583e-01 +3.2347e-01 +6.5038e-01 +8.3211e-01 +7.6241e-01 +7.3465e-01 +6.6775e-01 +5.5843e-01 +1.0373e-01 +7.7013e-01 +4.1245e-01 +7.1200e-01 +3.3741e-01 +1.8830e-01 +1.9645e-01 +1.2610e-01 +9.0157e-01
4352 +3.390454941e+01 +3.390454941e+01 -8.739545059e+01 -8.739545059e+01 +5.0578e-01 +9.1391e-01 +1.2221e-02 +1.2698e-03 +7.3361e-02 +9.9576e-01 +7.8873e-01 +6.7797e-01 +4.1065e-01 +1.7713e-01 +8.4300e-01 +9.7433e-01 +8.0903e-01 +4.4035e-01 +1.7767e-01 +4.2838e-01 +3.5019e-01 +5.5416e-01 +6.7132e-01 +3.0203e-01
35004 +3.337806887e+01 +3.337806887e+01 -8.792193113e+01 -8.792193113e+01 +6.5637e-01 +9.5309e-01 +7.9834e-01 +6.0142e-02 +2.8760e-01 +3.7757e-01 +5.6258e-01 +6.9188e-02 +2.0341e-01 +1.6700e-01 +1.5770e-01 +3.4999e-01 +1.6914e-01 +1.4827e-01 +3.0968e-01 +9.3285e-01 +1.6987e-01 +7.0376e-01 +1.2328e-02 +4.6663e-01
% function evaluation | noise-free fitness - Fopt (-1.000000000000e+03) | best noise-free fitness - Fopt | measured fitness | best measured fitness | x1 | x2...
1 +6.372932769e+01 +6.372932769e+01 -9.362706723e+02 -9.362706723e+02 +0.0000e+00 +0.0000e+00 +0.0000e+00 +0.0000e+00 +0.0000e+00 +0.0000e+00 +0.0000e+00 +0.0000e+00 +0.0000e+00 +0.0000e+00 +0.0000e+00 +0.0000e+00 +0.0000e+00 +0.0000e+00 +0.0000e+00 +0.0000e+00 +0.0000e+00 +0.0000e+00 +0.0000e+00 +0.0000e+00
2 +5.760528395e+01 +5.760528395e+01 -9.423947160e+02 -9.423947160e+02 +6.7203e-01 +4.3692e-01 +8.4639e-01 +3.3203e-01 +6.0987e-01 +1.3147e-01 +8.0937e-01 +2.0639e-02 +5.8466e-01 +8.4094e-01 +3.7048e-01 +6.0651e-01 +4.5478e-02 +2.1228e-01 +4.2868e-01 +9.2375e-01 +9.4366e-01 +9.2668e-01 +1.0857e-01 +6.1602e-01
3 +5.608184314e+01 +5.608184314e+01 -9.439181569e+02 -9.439181569e+02 +7.1452e-01 +5.6599e-01 +7.0285e-01 +3.5794e-01 +7.6010e-01 +2.2636e-01 +8.7141e-01 +9.8526e-02 +6.3171e-01 +4.6443e-01 +4.8931e-01 +6.5789e-01 +4.0555e-01 +7.2099e-01 +4.0301e-01 +3.9767e-01 +3.8319e-01 +4.0714e-01 +8.6602e-02 +8.9725e-01
20 +4.914526584e+01 +4.914526584e+01 -9.508547342e+02 -9.508547342e+02 +5.8858e-01 +6.1005e-01 +5.6288e-01 +7.4167e-01 +1.5112e-02 +7.4577e-01 +4.8534e-01 +9.6622e-01 +1.7066e-01 +9.8969e-01 +5.7406e-02 +4.7626e-01 +4.4177e-01 +7.7865e-02 +3.8946e-01 +2.5408e-01 +6.0505e-01 +4.4019e-01 +8.3832e-01 +9.5935e-01
68 +4.479928495e+01 +4.479928495e+01 -9.552007150e+02 -9.552007150e+02 +4.8005e-01 +1.1208e-01 +9.7525e-01 +2.6373e-01 +9.8345e-01 +7.1903e-01 +6.8032e-01 +6.3251e-01 +4.5848e-01 +1.4970e-01 +4.4712e-02 +2.8291e-01 +9.0310e-03 +1.9923e-01 +1.1512e-01 +5.0008e-01 +1.2598e-01 +7.3149e-01 +6.0192e-01 +8.1874e-01
1760 +4.448297774e+01 +4.448297774e+01 -9.555170223e+02 -9.555170223e+02 +8.9110e-01 +7.0513e-01 +2.4485e-01 +8.6498e-01 +7.7446e-01 +5.1887e-04 +6.9524e-01 +2.0556e-02 +1.0941e-01 +4.6421e-01 +1.4599e-01 +6.3563e-01 +5.1268e-01 +4.9127e-01 +9.0870e-02 +1.5992e-01 +3.2972e-01 +9.0405e-01 +9.6743e-02 +6.8596e-01
4616 +3.968155279e+01 +3.968155279e+01 -9.603184472e+02 -9.603184472e+02 +7.7998e-01 +1.9060e-01 +8.2680e-01 +6.9966e-01 +8.3240e-01 +2.8555e-01 +8.1211e-01 +3.2916e-01 +5.8187e-01 +5.2731e-01 +5.3753e-02 +9.4636e-01 +9.2989e-01 +2.7848e-02 +5.2444e-01 +4.3635e-01 +5.7775e-01 +5.6630e-01 +6.5645e-01 +7.2747e-01
20965 +3.878889206e+01 +3.878889206e+01 -9.612111079e+02 -9.612111079e+02 +6.8528e-01 +2.7489e-01 +2.4583e-01 +7.4545e-01 +2.6256e-01 +8.1317e-01 +8.8776e-01 +2.0502e-01 +3.6787e-01 +6.7443e-01 +4.2122e-01 +4.9467e-01 +6.6907e-01 +2.2471e-01 +3.8055e-01 +9.5533e-01 +3.3137e-01 +5.3227e-01 +7.4052e-02 +5.3655e-01
23529 +3.764274620e+01 +3.764274620e+01 -9.623572538e+02 -9.623572538e+02 +9.7838e-01 +9.5255e-01 +4.3023e-01 +1.9349e-01 +4.7015e-01 +6.7788e-01 +9.2590e-01 +4.8532e-01 +5.3211e-02 +3.6884e-02 +4.2122e-01 +3.6760e-03 +9.3536e-01 +6.8906e-01 +5.7423e-01 +7.9353e-01 +3.9668e-01 +9.2807e-01 +5.6849e-01 +5.7303e-01
32444 +3.630487803e+01 +3.630487803e+01 -9.636951220e+02 -9.636951220e+02 +8.1005e-02 +3.0371e-01 +8.6511e-01 +7.4545e-01 +2.6256e-01 +8.1317e-01 +7.8626e-01 +1.6018e-01 +6.4949e-01 +2.8238e-01 +2.3577e-01 +1.3832e-02 +7.1552e-02 +5.7495e-01 +3.1789e-01 +4.3411e-01 +2.9082e-01 +9.9531e-01 +9.3914e-01 +5.3655e-01
38877 +3.479251943e+01 +3.479251943e+01 -9.652074806e+02 -9.652074806e+02 +9.7838e-01 +6.4639e-01 +8.6511e-01 +7.4545e-01 +2.6256e-01 +8.1317e-01 +7.8626e-01 +1.6018e-01 +6.4949e-01 +2.8238e-01 +1.9077e-01 +1.3832e-02 +7.1552e-02 +5.2809e-01 +8.6813e-01 +7.4543e-01 +3.7322e-02 +8.3526e-01 +2.1097e-01 +6.7733e-01
48520 +3.270245880e+01 +3.270245880e+01 -9.672975412e+02 -9.672975412e+02 +9.9782e-01 +4.7031e-01 +8.4349e-01 +7.4545e-01 +2.6256e-01 +8.1317e-01 +7.8626e-01 +1.6018e-01 +6.4949e-01 +2.8238e-01 +1.9077e-01 +1.3832e-02 +7.1552e-02 +5.2809e-01 +8.6813e-01 +7.4543e-01 +3.7322e-02 +8.3526e-01 +2.1097e-01 +6.7733e-01
% function evaluation | noise-free fitness - Fopt (-2.787500000000e+02) | best noise-free fitness - Fopt | measured fitness | best measured fitness | x1 | x2...
1 +8.288308127e+01 +8.288308127e+01 -1.958669187e+02 -1.958669187e+02 +0.0000e+00 +0.0000e+00 +0.0000e+00 +0.0000e+00 +0.0000e+00 +0.0000e+00 +0.0000e+00 +0.0000e+00 +0.0000e+00 +0.0000e+00 +0.0000e+00 +0.0000e+00 +0.0000e+00 +0.0000e+00 +0.0000e+00 +0.0000e+00 +0.0000e+00 +0.0000e+00 +0.0000e+00 +0.0000e+00
2 +4.106513417e+01 +4.106513417e+01 -2.376848658e+02 -2.376848658e+02 +3.4787e-01 +8.5983e-01 +3.5979e-01 +4.5534e-01 +5.5915e-01 +8.4039e-01 +7.1105e-01 +2.1611e-02 +9.2235e-01 +8.8765e-01 +1.7452e-01 +9.1275e-01 +8.9544e-01 +1.9135e-01 +4.1864e-01 +7.8858e-01 +7.9311e-01 +7.9869e-01 +2.9297e-03 +8.0959e-01
852 +3.976609700e+01 +3.976609700e+01 -2.389839030e+02 -2.389839030e+02 +1.1804e-01 +8.7528e-01 +8.2248e-01 +8.9891e-03 +2.1685e-01 +4.8812e-01 +6.9553e-01 +3.0204e-01 +2.1834e-01 +2.1757e-01 +7.5674e-01 +4.2726e-01 +1.1004e-01 +9.8560e-01 +2.4332e-02 +4.7292e-01 +9.3070e-01 +7.5238e-01 +5.2678e-01 +9.4240e-02
1899 +3.889227087e+01 +3.889227087e+01 -2.398577291e+02 -2.398577291e+02 +8.5622e-02 +1.9981e-01 +9.3392e-01 +3.1124e-01 +3.6839e-01 +3.9442e-01 +7.8853e-01 +2.7897e-01 +2.6267e-01 +6.6104e-01 +3.7514e-01 +5.8149e-01 +7.6811e-01 +1.8703e-01 +8.2625e-01 +6.2083e-01 +5.1802e-01 +1.6879e-01 +4.8357e-01 +3.3027e-01
4422 +3.738015575e+01 +3.738015575e+01 -2.413698442e+02 -2.413698442e+02 +5.1787e-01 +2.7744e-01 +9.0530e-01 +7.5746e-01 +8.2157e-01 +5.7753e-01 +2.5723e-01 +4.9126e-01 +5.9765e-01 +4.2927e-01 +1.9155e-01 +1.5462e-01 +5.4278e-01 +5.9214e-01 +2.5416e-01 +6.2335e-01 +3.9402e-01 +5.8115e-01 +9.1142e-01 +1.4112e-01
7323 +3.682338623e+01 +3.682338623e+01 -2.419266138e+02 -2.419266138e+02 +8.8446e-01 +4.7177e-01 +2.3623e-01 +5.3020e-01 +5.8868e-01 +5.9481e-01 +3.3084e-01 +7.0036e-01 +4.4167e-01 +2.5995e-01 +1.2936e-01 +2.1240e-01 +6.9702e-01 +4.2806e-01 +6.0772e-01 +8.5109e-01 +9.5771e-01 +3.7920e-01 +5.2466e-01 +2.7231e-01
7387 +3.370627213e+01 +3.370627213e+01 -2.450437279e+02 -2.450437279e+02 +5.9021e-01 +2.5754e-01 +9.0530e-01 +7.5746e-01 +8.2157e-01 +5.7753e-01 +2.5723e-01 +4.9126e-01 +5.9765e-01 +4.2927e-01 +1.9155e-01 +1.5462e-01 +5.4278e-01 +5.9214e-01 +2.5416e-01 +6.2335e-01 +3.9402e-01 +5.8115e-01 +9.1142e-01 +1.4112e-01
21771 +3.104674957e+01 +3.104674957e+01 -2.477032504e+02 -2.477032504e+02 +3.4751e-02 +6.2970e-01 +9.8974e-01 +5.2980e-01 +9.2512e-01 +9.2648e-01 +6.4105e-01 +1.0811e-01 +2.8909e-02 +6.7001e-01 +1.7813e-01 +6.1263e-01 +3.4456e-02 +7.8828e-01 +1.0388e-03 +7.7371e-01 +3.0073e-01 +9.6717e-01 +4.6198e-02 +3.1498e-01
% function evaluation | noise-free fitness - Fopt (-1.677000000000e+01) | best noise-free fitness - Fopt | measured fitness | best measured fitness | x1 | x2...
1 +6.685807328e+01 +6.685807328e+01 +5.008807328e+01 +5.008807328e+01 +0.0000e+00 +0.0000e+00 +0.0000e+00 +0.0000e+00 +0.0000e+00 +0.0000e+00 +0.0000e+00 +0.0000e+00 +0.0000e+00 +0.0000e+00 +0.0000e+00 +0.0000e+00 +0.0000e+00 +0.0000e+00 +0.0000e+00 +0.0000e+00 +0.0000e+00 +0.0000e+00 +0.0000e+00 +0.0000e+00
3 +5.120336824e+01 +5.120336824e+01 +3.443336824e+01 +3.443336824e+01 +5.2237e-01 +1.7148e-01 +4.0895e-01 +1.5900e-01 +1.5669e-01 +9.0832e-01 +6.2419e-01 +1.4578e-01 +2.1510e-01 +7.9461e-01 +1.8765e-01 +3.4426e-01 +9.8376e-01 +4.0811e-01 +9.6119e-01 +3.8878e-01 +9.7225e-01 +7.9416e-01 +2.9255e-01 +9.8967e-02
9 +4.955192840e+01 +4.955192840e+01 +3.278192840e+01 +3.278192840e+01 +6.6371e-01 +1.1965e-01 +2.0856e-01 +3.7259e-01 +7.7308e-01 +7.6931e-01 +2.2530e-01 +8.6673e-01 +9.7221e-01 +6.7074e-01 +7.7529e-01 +7.3361e-01 +4.1961e-01 +6.0513e-01 +9.3062e-01 +1.0561e-01 +8.7418e-01 +3.9189e-01 +8.8494e-01 +9.4028e-01
55 +4.534427505e+01 +4.534427505e+01 +2.857427505e+01 +2.857427505e+01 +9.8188e-01 +6.6703e-02 +5.8043e-01 +6.3578e-02 +3.1014e-02 +8.1028e-01 +9.6551e-01 +3.8865e-02 +4.8116e-02 +4.4293e-01 +7.6068e-01 +5.3339e-01 +7.3161e-01 +9.0531e-01 +7.5744e-01 +1.3288e-01 +5.4299e-01 +1.4349e-02 +2.0552e-01 +7.6587e-01
203 +4.229204140e+01 +4.229204140e+01 +2.552204140e+01 +2.552204140e+01 +6.5750e-01 +4.8604e-01 +8.2929e-01 +9.7549e-01 +4.0863e-02 +5.0872e-01 +2.1445e-01 +3.8883e-01 +2.2584e-01 +4.9360e-01 +2.4428e-01 +2.1197e-01 +2.7737e-01 +6.0634e-01 +9.5486e-02 +4.8278e-02 +2.1699e-01 +5.2857e-01 +5.1730e-01 +1.9815e-01
501 +4.107885018e+01 +4.107885018e+01 +2.430885018e+01 +2.430885018e+01 +1.9336e-02 +9.8961e-01 +8.9568e-01 +9.8342e-01 +2.4457e-01 +3.0235e-01 +3.5547e-01 +7.7525e-01 +2.1229e-01 +8.6525e-01 +9.0613e-01 +5.7989e-01 +4.2557e-01 +7.4968e-01 +2.3355e-01 +1.5025e-01 +9.7050e-01 +1.4606e-01 +9.0045e-01 +8.4330e-01
558 +3.868686631e+01 +3.868686631e+01 +2.191686631e+01 +2.191686631e+01 +3.9108e-01 +2.3798e-01 +9.5701e-01 +7.9526e-01 +4.5262e-01 +5.7428e-01 +4.9131e-01 +1.4159e-01 +3.7374e-01 +5.5748e-01 +9.2543e-01 +5.9195e-01 +8.7027e-01 +8.3573e-01 +2.4689e-01 +4.5573e-01 +4.0651e-01 +9.9016e-01 +9.7716e-02 +7.3900e-01
12062 +3.731562315e+01 +3.731562315e+01 +2.054562315e+01 +2.054562315e+01 +2.8383e-01 +1.8954e-01 +3.9457e-01 +4.0044e-01 +8.8965e-01 +4.9378e-01 +4.9131e-01 +1.4159e-01 +3.7374e-01 +8.6961e-01 +7.6630e-03 +7.5425e-01 +4.1755e-01 +1.6249e-01 +3.1354e-01 +9.4229e-01 +7.8085e-01 +7.1694e-01 +1.5366e-01 +8.4774e-02
20746 +3.179231099e+01 +3.179231099e+01 +1.502231099e+01 +1.502231099e+01 +7.1977e-01 +7.0296e-01 +8.2484e-01 +7.2855e-01 +5.8150e-02 +4.1834e-01 +3.7476e-01 +5.4938e-01 +6.6760e-01 +1.8528e-01 +4.1044e-01 +8.6992e-01 +4.0878e-03 +3.6731e-01 +6.5018e-01 +5.2657e-03 +9.7513e-02 +1.4469e-01 +1.2444e-01 +9.7192e-01
58002 +3.141003164e+01 +3.141003164e+01 +1.464003164e+01 +1.464003164e+01 +7.1977e-01 +7.0296e-01 +8.2484e-01 +7.2855e-01 +5.8150e-02 +4.1834e-01 +3.7476e-01 +5.4938e-01 +6.6760e-01 +1.8528e-01 +4.1044e-01 +8.6992e-01 +4.0878e-03 +3.6731e-01 +6.5018e-01 +5.2657e-03 +9.7513e-02 +2.7029e-02 +1.4143e-01 +9.4292e-01
% function evaluation | noise-free fitness - Fopt (-8.593000000000e+01) | best noise-free fitness - Fopt | measured fitness | best measured fitness | x1 | x2...
1 +6.781559501e+01 +6.781559501e+01 -1.811440499e+01 -1.811440499e+01 +0.0000e+00 +0.0000e+00 +0.0000e+00 +0.0000e+00 +0.0000e+00 +0.0000e+00 +0.0000e+00 +0.0000e+00 +0.0000e+00 +0.0000e+00 +0.0000e+00 +0.0000e+00 +0.0000e+00 +0.0000e+00 +0.0000e+00 +0.0000e+00 +0.0000e+00 +0.0000e+00 +0.0000e+00 +0.0000e+00
2 +5.789459376e+01 +5.789459376e+01 -2.803540624e+01 -2.803540624e+01 +9.1806e-01 +9.2692e-01 +1.7788e-01 +4.7428e-01 +8.7526e-01 +6.5529e-01 +2.1159e-01 +2.5259e-01 +3.0437e-01 +7.7123e-03 +9.6357e-01 +6.9228e-01 +2.9774e-01 +9.3986e-01 +3.1019e-02 +4.8354e-01 +1.1851e-01 +2.9733e-01 +5.4282e-01 +1.2041e-02
4 +5.710860639e+01 +5.710860639e+01 -2.882139361e+01 -2.882139361e+01 +2.1027e-01 +3.7188e-01 +6.0770e-01 +7.7634e-01 +8.2780e-01 +3.2434e-01 +9.3052e-01 +3.9140e-01 +2.1174e-01 +6.5991e-01 +6.6480e-01 +7.3195e-01 +9.9838e-01 +8.0432e-01 +6.1459e-01 +9.6250e-01 +3.1966e-01 +3.9328e-01 +8.8384e-01 +1.3518e-02
6 +5.533791087e+01 +5.533791087e+01 -3.059208913e+01 -3.059208913e+01 +9.3772e-01 +1.4840e-01 +1.4092e-01 +5.8191e-01 +2.9298e-01 +3.2314e-01 +2.3520e-01 +6.4906e-02 +5.2851e-01 +6.1506e-01 +8.7379e-01 +8.0128e-01 +9.5434e-01 +7.5655e-01 +6.2386e-01 +7.8205e-01 +3.4708e-01 +8.6287e-01 +9.6960e-01 +4.2880e-01
7 +5.425551276e+01 +5.425551276e+01 -3.167448724e+01 -3.167448724e+01 +4.9747e-01 +4.6658e-01 +5.3840e-01 +5.3963e-01 +6.7588e-01 +7.7830e-01 +7.0539e-01 +6.1470e-02 +4.5915e-01 +2.5593e-01 +9.0982e-01 +9.8212e-01 +8.5579e-01 +2.6230e-01 +6.4823e-01 +7.8215e-01 +9.7750e-01 +6.9892e-02 +2.2372e-01 +1.2278e-01
15 +5.224092791e+01 +5.224092791e+01 -3.368907209e+01 -3.368907209e+01 +5.9279e-01 +9.7323e-01 +4.3363e-02 +8.7216e-01 +5.1751e-01 +2.6177e-01 +1.6372e-01 +6.7193e-01 +9.0449e-01 +6.2845e-01 +8.7212e-01 +7.6714e-01 +4.9704e-01 +5.6585e-01 +5.9796e-01 +3.3667e-01 +7.1149e-01 +4.9146e-01 +7.0534e-02 +8.3362e-01
20 +5.121141210e+01 +5.121141210e+01 -3.471858790e+01 -3.471858790e+01 +5.9761e-01 +2.3030e-01 +6.5693e-02 +7.7868e-01 +2.8272e-01 +6.0140e-01 +8.2597e-02 +4.4580e-01 +6.5279e-01 +1.6074e-01 +2.0749e-01 +4.8858e-01 +5.3056e-01 +2.3338e-01 +3.4367e-01 +2.1715e-01 +7.8888e-01 +5.5670e-01 +3.7110e-01 +2.7438e-01
40 +4.392365301e+01 +4.392365301e+01 -4.200634699e+01 -4.200634699e+01 +2.5255e-01 +8.2498e-01 +2.6544e-01 +7.0110e-01 +7.3271e-02 +4.2276e-01 +7.1187e-01 +5.5663e-01 +5.3246e-01 +1.6503e-04 +2.0502e-01 +3.6911e-01 +7.4886e-01 +4.7135e-01 +8.9646e-01 +8.9561e-01 +5.1859e-01 +1.1492e-01 +5.2909e-01 +8.3347e-01
423 +3.763994982e+01 +3.763994982e+01 -4.829005018e+01 -4.829005018e+01 +4.0546e-01 +7.2764e-01 +6.2542e-01 +9.6557e-01 +9.7377e-01 +2.7233e-01 +8.7187e-01 +8.1804e-02 +7.1869e-01 +3.2476e-02 +5.8554e-01 +7.5547e-01 +4.7841e-01 +2.6592e-01 +1.7647e-01 +8.3155e-01 +8.0448e-01 +9.3618e-01 +8.5548e-01 +5.2003e-02
82201 +3.671056902e+01 +3.671056902e+01 -4.921943098e+01 -4.921943098e+01 +8.7878e-01 +1.2366e-01 +1.7506e-03 +9.8857e-01 +5.0510e-01 +2.7233e-01 +9.4597e-01 +7.2871e-01 +7.1869e-01 +3.2476e-02 +8.4612e-02 +7.5547e-01 +4.1585e-01 +9.4912e-01 +1.9132e-01 +9.8157e-01 +5.6169e-01 +1.1931e-01 +9.4016e-01 +5.5443e-01
86676 +3.436520884e+01 +3.436520884e+01 -5.156479116e+01 -5.156479116e+01 +8.6325e-01 +3.6342e-01 +1.8964e-01 +7.2833e-02 +9.2827e-01 +6.1139e-01 +3.2508e-01 +9.9955e-01 +7.7448e-01 +1.1380e-01 +2.8074e-01 +7.5547e-01 +5.2089e-01 +8.6924e-01 +1.7647e-01 +7.9374e-01 +3.1711e-01 +6.4420e-03 +7.5001e-01 +6.6469e-03
% function evaluation | noise-free fitness - Fopt (4.966000000000e+01) | best noise-free fitness - Fopt | measured fitness | best measured fitness | x1 | x2...
1 +1.002500034e+02 +1.002500034e+02 +1.499100034e+02 +1.499100034e+02 +0.0000e+00 +0.0000e+00 +0.0000e+00 +0.0000e+00 +0.0000e+00 +0.0000e+00 +0.0000e+00 +0.0000e+00 +0.0000e+00 +0.0000e+00 +0.0000e+00 +0.0000e+00 +0.0000e+00 +0.0000e+00 +0.0000e+00 +0.0000e+00 +0.0000e+00 +0.0000e+00 +0.0000e+00 +0.0000e+00
4 +8.673198702e+01 +8.673198702e+01 +1.363919870e+02 +1.363919870e+02 +1.7384e-01 +7.7899e-01 +8.0874e-01 +7.0808e-01 +3.0220e-01 +9.4029e-01 +1.4397e-01 +9.0046e-01 +5.4442e-01 +7.5370e-01 +8.1828e-02 +3.8405e-01 +8.4696e-03 +1.0638e-01 +1.8738e-01 +7.9745e-01 +8.4901e-01 +9.9467e-01 +2.4853e-01 +4.6813e-01
9 +8.127015010e+01 +8.127015010e+01 +1.309301501e+02 +1.309301501e+02 +2.5622e-01 +3.0252e-01 +6.6003e-01 +5.3390e-01 +4.3110e-01 +1.2588e-01 +8.0537e-01 +3.3538e-01 +6.7379e-01 +5.9060e-01 +1.2774e-01 +4.8987e-01 +2.9871e-01 +3.1654e-01 +6.8944e-01 +4.1477e-01 +9.8778e-02 +2.5466e-01 +2.6007e-01 +6.0001e-01
16 +7.724611155e+01 +7.724611155e+01 +1.269061116e+02 +1.269061116e+02 +5.5423e-01 +2.2339e-01 +3.5265e-02 +9.3371e-01 +8.3965e-01 +5.3056e-01 +2.3313e-01 +6.4337e-01 +9.9350e-01 +4.5387e-01 +3.5761e-01 +3.4883e-01 +7.4077e-01 +1.7634e-01 +7.3983e-01 +8.3539e-01 +4.4749e-01 +2.4850e-02 +6.1987e-01 +6.8327e-01
20 +7.553145709e+01 +7.553145709e+01 +1.251914571e+02 +1.251914571e+02 +9.0224e-01 +3.9253e-01 +8.8881e-02 +5.1298e-01 +5.8238e-01 +6.8180e-01 +3.1891e-01 +6.7180e-01 +8.2841e-01 +7.3121e-01 +8.6044e-01 +6.2564e-01 +9.6784e-01 +1.5732e-01 +3.9675e-01 +1.2720e-01 +6.2688e-01 +2.4519e-01 +2.1630e-01 +5.4294e-01
82 +6.780423978e+01 +6.780423978e+01 +1.174642398e+02 +1.174642398e+02 +3.6231e-01 +5.9940e-01 +8.2527e-01 +2.5244e-01 +9.4767e-01 +4.9730e-01 +4.3721e-01 +3.3547e-01 +7.4594e-01 +5.4849e-01 +6.8799e-01 +2.6059e-01 +5.5889e-01 +1.3212e-01 +7.9749e-01 +4.0311e-01 +8.4976e-01 +3.5748e-01 +4.0584e-02 +4.5504e-01
91 +6.483594995e+01 +6.483594995e+01 +1.144959499e+02 +1.144959499e+02 +2.7236e-01 +1.0922e-01 +2.5861e-01 +6.9284e-01 +5.7689e-01 +4.1321e-01 +3.0787e-01 +6.4375e-01 +2.9616e-01 +7.6211e-01 +5.4330e-01 +2.5074e-01 +2.9162e-01 +7.0126e-02 +4.4998e-01 +3.0953e-01 +2.4977e-01 +3.6464e-01 +5.8661e-01 +3.9277e-01
498 +6.249411021e+01 +6.249411021e+01 +1.121541102e+02 +1.121541102e+02 +3.4185e-01 +2.9241e-01 +2.5542e-01 +2.0364e-01 +9.9791e-01 +4.8288e-01 +1.4534e-01 +5.9266e-01 +8.5531e-01 +7.7159e-01 +4.9878e-01 +9.5557e-02 +3.5993e-01 +2.0418e-01 +9.7224e-01 +8.2262e-01 +9.3454e-01 +3.2102e-01 +3.9347e-01 +9.7087e-01
811 +5.681708797e+01 +5.681708797e+01 +1.064770880e+02 +1.064770880e+02 +5.6836e-01 +4.9720e-01 +5.3512e-01 +3.0412e-01 +5.2796e-01 +5.5837e-01 +1.7627e-01 +5.9103e-01 +6.4293e-01 +9.1480e-02 +3.3178e-01 +3.3281e-02 +7.1859e-01 +3.7593e-02 +9.4702e-01 +8.7299e-01 +3.6832e-01 +5.5360e-01 +4.0413e-01 +8.8694e-01
923 +5.565071666e+01 +5.565071666e+01 +1.053107167e+02 +1.053107167e+02 +7.0671e-01 +2.9220e-01 +8.6263e-01 +9.0787e-01 +8.2141e-01 +9.8257e-01 +1.1300e-01 +3.9930e-01 +9.6493e-01 +5.1237e-01 +2.8242e-01 +5.0333e-03 +4.7800e-01 +8.5281e-02 +8.8694e-01 +9.9623e-01 +3.7461e-01 +5.3684e-01 +4.9315e-02 +5.3521e-01
1618 +5.371293265e+01 +5.371293265e+01 +1.033729326e+02 +1.033729326e+02 +7.3077e-01 +2.5379e-04 +9.6671e-01 +6.6935e-01 +3.1505e-01 +9.1809e-01 +9.6936e-01 +9.2162e-01 +9.7308e-01 +4.7331e-01 +5.8404e-02 +5.1063e-01 +1.3696e-01 +4.3706e-02 +6.8641e-01 +7.1466e-01 +4.7493e-01 +4.9278e-01 +7.3810e-01 +3.0632e-01
4564 +5.326308382e+01 +5.326308382e+01 +1.029230838e+02 +1.029230838e+02 +7.4636e-01 +6.4678e-01 +6.3337e-01 +8.5321e-01 +9.3705e-01 +9.7045e-01 +5.4132e-01 +6.2908e-01 +8.3711e-01 +2.3162e-02 +3.8982e-01 +2.0147e-04 +4.7800e-01 +8.5281e-02 +8.8694e-01 +9.4386e-01 +6.4419e-01 +9.3305e-01 +1.6212e-01 +8.0346e-01
43655 +5.218954867e+01 +5.218954867e+01 +1.018495487e+02 +1.018495487e+02 +9.0076e-01 +3.1142e-01 +2.6663e-01 +1.7335e-01 +9.0242e-01 +9.8929e-01 +3.3988e-01 +6.1193e-01 +3.0153e-01 +4.3564e-01 +6.3745e-01 +4.6286e-01 +2.2487e-02 +1.1022e-01 +6.0917e-01 +5.7155e-01 +6.2688e-01 +8.6629e-01 +7.6033e-01 +2.8970e-01
52013 +5.019119786e+01 +5.019119786e+01 +9.985119786e+01 +9.985119786e+01 +8.2282e-01 +2.1795e-01 +2.6663e-01 +1.7335e-01 +9.0242e-01 +9.8929e-01 +3.3988e-01 +6.1193e-01 +3.0153e-01 +4.3564e-01 +6.3745e-01 +4.6286e-01 +2.2487e-02 +1.1022e-01 +6.0917e-01 +5.7155e-01 +6.2688e-01 +8.6629e-01 +7.6033e-01 +2.8970e-01
88556 +4.665690516e+01 +4.665690516e+01 +9.631690516e+01 +9.631690516e+01 +9.7404e-01 +3.3683e-02 +4.0679e-01 +8.5321e-01 +9.9596e-01 +8.8082e-01 +1.5156e-01 +2.8177e-01 +1.6398e-01 +7.3450e-01 +2.6253e-01 +5.6750e-01 +9.9352e-01 +2.6372e-02 +7.3635e-01 +8.9415e-01 +2.0153e-01 +8.6597e-01 +5.7327e-01 +1.4726e-01
% function evaluation | noise-free fitness - Fopt (2.652800000000e+02) | best noise-free fitness - Fopt | measured fitness | best measured fitness | x1 | x2...
1 +1.262310854e+02 +1.262310854e+02 +3.915110854e+02 +3.915110854e+02 +0.0000e+00 +0.0000e+00 +0.0000e+00 +0.0000e+00 +0.0000e+00 +0.0000e+00 +0.0000e+00 +0.0000e+00 +0.0000e+00 +0.0000e+00 +0.0000e+00 +0.0000e+00 +0.0000e+00 +0.0000e+00 +0.0000e+00 +0.0000e+00 +0.0000e+00 +0.0000e+00 +0.0000e+00 +0.0000e+00
11 +1.102922189e+02 +1.102922189e+02 +3.755722189e+02 +3.755722189e+02 +1.3966e-01 +3.4029e-01 +7.6760e-01 +2.6510e-01 +3.3906e-01 +2.4490e-01 +7.9694e-01 +9.5738e-02 +9.5676e-01 +3.2406e-01 +2.1178e-01 +1.1958e-01 +9.8480e-01 +6.1249e-02 +9.5317e-01 +3.7956e-01 +3.5974e-01 +2.5760e-01 +8.8807e-01 +5.4025e-01
8617 +1.053934908e+02 +1.053934908e+02 +3.706734908e+02 +3.706734908e+02 +3.0309e-01 +4.7491e-01 +9.2571e-01 +7.6210e-01 +1.7766e-01 +9.0842e-02 +6.2431e-03 +1.8146e-01 +8.9686e-01 +5.1792e-01 +8.8380e-01 +9.1054e-01 +1.8097e-01 +3.1238e-01 +2.2575e-01 +1.0790e-01 +9.0607e-02 +1.2717e-01 +4.4062e-01 +8.3570e-01
20772 +1.002688027e+02 +1.002688027e+02 +3.655488027e+02 +3.655488027e+02 +5.3478e-02 +3.4195e-01 +8.0641e-01 +1.7381e-01 +4.6764e-01 +2.4031e-01 +9.9189e-01 +6.9695e-01 +1.6108e-01 +6.3138e-01 +8.8380e-01 +9.1054e-01 +1.8097e-01 +3.1238e-01 +2.2575e-01 +2.5560e-01 +2.6292e-01 +2.2976e-01 +3.2121e-01 +3.4669e-01
33069 +9.767544522e+01 +9.767544522e+01 +3.629554452e+02 +3.629554452e+02 +3.4949e-01 +2.6263e-02 +4.2929e-01 +4.0393e-01 +2.3345e-02 +1.2673e-01 +7.4473e-01 +7.2045e-02 +9.5934e-01 +4.2584e-01 +1.6447e-01 +1.2412e-01 +3.5561e-01 +4.9163e-01 +7.4822e-01 +1.0790e-01 +9.0607e-02 +1.2717e-01 +1.4854e-01 +2.9961e-01
35022 +9.308378483e+01 +9.308378483e+01 +3.583637848e+02 +3.583637848e+02 +8.9915e-02 +2.3488e-01 +5.8731e-01 +1.1213e-01 +8.1366e-01 +2.1768e-01 +5.0226e-01 +8.3137e-01 +4.8752e-01 +3.9820e-01 +5.7922e-01 +1.3217e-01 +4.5173e-01 +6.2905e-01 +6.3075e-01 +3.4436e-02 +2.6292e-01 +2.9334e-03 +3.0665e-01 +7.9814e-01
85855 +8.394170748e+01 +8.394170748e+01 +3.492217075e+02 +3.492217075e+02 +5.0935e-01 +1.3338e-01 +7.8928e-01 +2.2594e-01 +6.0566e-01 +2.1783e-03 +5.2602e-01 +3.4945e-01 +9.1575e-01 +2.8081e-01 +9.9184e-01 +9.1054e-01 +9.2971e-01 +2.7256e-01 +9.8689e-01 +3.1388e-02 +1.6245e-01 +3.0028e-01 +1.7147e-01 +5.4025e-01
