0	15	139.242	35.8475	2000	1	6	2.8	7.93	13	52	58.91
0	15	140.117	35.6197	2000	1	8	2.9	68.09	1	16	39.71
1	5	138.68	34.652	2000	1	8	3	250	14	0	27.99
0	15	140.195	36.1187	2000	1	8	3.1	69.33	21	8	10.57
0	15	139.359	36.5607	2000	1	9	3.2	11.34	22	41	25.07
0	5	138.762	34.7582	2000	1	14	2.8	236	15	30	58.99
1	15	139.306	35.8498	2000	1	15	3.4	55.72	9	51	31.4
0	15	139.317	35.8467	2000	1	15	2.7	55.42	9	58	28.92
0	15	139.799	36.2363	2000	1	15	3.1	57.71	15	23	57.92
0	15	139.785	36.2032	2000	1	15	2.6	55.89	22	59	47.13
0	8	140.117	35.0157	2000	1	25	2.7	82.58	10	5	12.77
0	21	139.369	36.7205	2000	1	26	2.7	8.79	16	18	23.16
1	21	138.629	36.601	2000	1	26	2.8	158.93	17	15	53.41
0	8	139.595	36.1178	2000	1	26	2.6	116.7	21	24	6.53
0	8	139.915	36.0767	2000	1	31	3	47.44	2	29	34.72
1	8	139.916	36.0795	2000	1	31	3.6	45.89	12	8	51.62
0	8	139.393	36.0443	2000	2	3	2.7	66.63	0	48	12.7
0	8	140.179	35.67	2000	2	4	2.5	66.77	15	46	22.4
0	8	139.845	35.5247	2000	2	5	2.6	59.38	20	33	28.59
0	35	139.369	36.7177	2000	2	6	2.6	7.76	4	43	37.53
1	35	139.366	36.7175	2000	2	6	4.3	7.33	4	43	47.95
0	8	139.679	36.1138	2000	2	7	2.5	85.14	21	46	27.42
1	22	139.044	35.499	2000	2	11	4.4	16.81	20	57	4.08
0	25	140.149	35.5933	2000	2	12	2.5	68.42	8	57	28.14
0	25	140.036	35.8513	2000	2	17	3.1	69.52	0	9	3.2
1	25	140.104	34.9958	2000	2	17	4	64.89	13	33	46.74
0	35	139.368	36.7243	2000	2	17	2.7	7.65	23	0	44.68
0	49	139.893	36.1015	2000	2	25	3.1	48.41	16	24	56.03
0	49	140.137	35.5872	2000	2	27	2.7	68.3	7	33	58.84
0	49	140.142	35.6525	2000	3	2	2.8	70.45	0	17	20.13
0	34	138.974	35.5127	2000	3	2	2.7	19.67	13	23	36.95
0	34	139.135	35.4933	2000	3	2	2.7	18.71	19	15	9.93
0	49	140.121	35.8948	2000	3	3	2.8	68.08	11	42	41.02
1	49	140.109	36.1483	2000	3	4	3.5	53.44	19	52	17.12
0	49	140.135	36.1437	2000	3	4	3.3	54.42	19	52	43.89
0	34	139.256	34.9647	2000	3	5	3.3	12.25	23	29	6.91
0	34	139.306	35.6912	2000	3	6	2.5	138.94	19	44	25.1
0	9	140.19	36.8672	2000	3	8	2.6	88.04	8	54	10.56
0	34	139.512	35.8875	2000	3	9	3.1	79.27	12	15	12.28
1	9	140.138	36.148	2000	3	9	3.2	3.44	14	20	41.28
1	34	139.608	34.8783	2000	3	13	3.9	30.43	6	58	42.27
0	9	140.13	35.9332	2000	3	13	2.9	64.1	23	32	4.53
1	42	139.651	37.0437	2000	3	17	2.6	8.17	15	53	22.78
0	40	139.409	36.1472	2000	3	18	2.7	68.73	21	59	14.13
0	40	139	35.5257	2000	3	19	2.5	21.18	12	11	55.65
1	40	138.74	35.8913	2000	3	24	3.1	9.73	20	12	49.73
0	40	139.057	35.9867	2000	3	28	2.7	130.54	1	35	50.75
0	14	140.118	35.8062	2000	3	29	3.3	66.67	22	47	1.99
0	10	139.429	34.9013	2000	4	3	2.5	152.54	15	1	25.62
0	10	140.189	34.821	2000	4	6	2.6	80.75	5	19	25.26
1	14	140.06	36.1902	2000	4	10	4.8	54.62	6	30	38.83
0	14	140.077	35.6485	2000	4	14	2.7	74.88	19	9	9.79
0	14	139.984	36.219	2000	4	15	3.9	54.06	5	26	47.68
1	10	139.709	35.2493	2000	4	15	2.8	86.45	8	24	55.45
0	41	139.332	36.02	2000	4	18	2.6	21.56	14	14	8.48
0	41	139.328	36.0218	2000	4	18	2.9	21.23	15	57	17.58
0	41	139.735	35.8083	2000	4	19	2.5	76.81	17	18	31.4
0	41	138.776	36.1227	2000	4	21	2.9	144.94	21	40	11.82
0	22	139.338	37.0438	2000	4	23	3.5	6.1	0	19	10.21
1	41	139.182	35.8852	2000	4	23	3.3	150.73	13	57	14.15
0	45	140.035	36.3323	2000	4	27	2.5	70.83	1	9	12.14
0	37	139.945	35.578	2000	4	29	3	58.75	0	28	11.98
1	37	140.102	36.05	2000	4	29	3.8	64.93	20	29	58.04
0	45	139.431	36.6415	2000	4	30	2.9	9.51	4	47	31.21
1	7	139.064	35.303	2000	5	2	4	15.6	23	32	59.41
0	37	139.719	35.6397	2000	5	4	2.5	120.62	6	49	5.6
0	45	139.776	36.2337	2000	5	4	2.5	57.91	23	22	16.42
0	7	139.531	34.9288	2000	5	5	2.5	109.71	1	4	34.63
0	7	139.058	35.9927	2000	5	5	2.5	128.52	6	12	38.54
0	37	140.06	35.6208	2000	5	6	2.5	70.53	23	9	45.57
0	7	139.363	35.763	2000	5	7	2.7	54.25	10	35	30.78
0	45	139.442	36.6035	2000	5	9	2.5	10.81	8	48	17.78
1	45	139.498	36.4612	2000	5	10	3	87.89	10	58	27.49
1	32	139.657	35.9025	2000	5	11	3.9	48.7	6	36	12.17
0	32	139.623	36.0238	2000	5	11	3.1	41.99	16	22	8.03
0	7	139.7	35.0383	2000	5	12	2.9	52.96	8	35	19.94
1	17	140.071	35.6445	2000	5	18	3.6	70.56	21	52	57.66
0	32	138.677	35.7467	2000	5	19	2.5	11.43	22	46	54.2
0	17	139.975	35.7207	2000	5	20	2.9	63.51	3	58	22.26
0	32	138.677	35.746	2000	5	21	2.5	12.01	8	26	20.05
0	17	139.845	36.1293	2000	5	22	3.2	48.73	12	17	59.8
0	17	140.015	35.6505	2000	5	30	3.1	71.66	11	31	43.47
1	19	138.605	34.6153	2000	6	2	2.9	257.83	11	46	40.1
0	44	139.648	35.5603	2000	6	6	2.9	28.55	17	25	33.91
0	44	139.836	36.1398	2000	6	9	2.5	49.51	10	26	39.16
1	44	139.631	35.9888	2000	6	14	3	43.29	10	40	45.63
0	20	138.93	35.496	2000	6	18	2.5	21.98	0	44	13.88
0	44	140.088	36.0755	2000	6	19	2.7	72.46	9	20	50.59
0	42	138.636	34.6395	2000	6	19	2.5	242.75	21	59	13.62
1	12	140.142	36.1512	2000	6	25	3.2	3.25	7	39	2.03
1	47	139.887	35.0717	2000	6	28	2.7	113.63	15	32	58.27
0	12	139.792	36.0478	2000	6	29	2.6	77.32	2	12	59.03
1	20	138.86	36.3252	2000	6	30	4	150.96	2	44	43.5
0	47	139.92	35.3745	2000	7	3	2.7	48.65	1	31	10.19
1	6	139.37	35.2415	2000	7	6	4.2	151.29	22	52	50.3
0	12	140.09	36.0363	2000	7	8	2.5	63.75	3	0	57.12
0	50	139.34	36.042	2000	7	9	2.8	53.6	23	55	5.33
0	6	139.576	35.2217	2000	7	13	3.6	135.46	0	17	7.93
0	6	139.415	35.4768	2000	7	16	3.9	104.79	1	32	41.61
0	6	139.287	34.7407	2000	7	16	2.5	0	7	10	54.66
1	50	139.298	36.24	2000	7	18	2.9	18.05	1	52	42.01
0	50	140.063	36.2888	2000	7	19	2.6	74.13	16	26	28.67
0	26	140.078	36.188	2000	7	25	2.7	67.32	0	30	11.89
0	26	140.065	35.9805	2000	7	29	2.6	72.91	3	12	58.38
1	48	139.668	34.6455	2000	7	31	3.5	108.5	0	29	14.64
0	48	139.245	34.8008	2000	8	2	2.5	12.64	2	5	29.73
0	26	139.515	36.4935	2000	8	2	2.9	7.87	21	45	6.18
0	22	138.982	35.3623	2000	8	4	2.6	185.82	8	1	16.13
1	26	140.027	36.3152	2000	8	5	3.2	72.99	4	28	24.17
0	26	139.833	36.1437	2000	8	7	2.9	49.21	2	40	8.61
1	33	140.147	35.8053	2000	8	14	4.2	72.61	16	33	46.41
0	33	140.031	36.1968	2000	8	15	3.9	54.56	3	54	56.9
0	38	139.592	35.1955	2000	8	17	3.2	135.8	11	16	44.63
0	33	139.698	35.7157	2000	8	18	3.6	33.22	4	53	14.17
1	38	138.99	35.5458	2000	8	19	3.9	19.41	4	36	41.71
0	33	139.788	36.2167	2000	8	19	3.8	57.24	16	37	51.78
0	38	139.301	35.9318	2000	8	21	2.5	90.96	8	36	7.73
1	2	139.441	36.6462	2000	8	21	2.6	9.33	14	34	38.66
0	33	139.939	36.0685	2000	8	21	3.6	47.33	21	27	24.02
0	38	139.023	35.425	2000	8	23	3.7	19.89	7	46	26.62
0	38	139.022	35.4255	2000	8	23	2.6	19.11	7	47	24.49
0	16	139.968	34.959	2000	8	23	2.6	62.55	23	17	17.75
1	16	140.127	35.7965	2000	8	27	4.4	75.21	8	42	12.42
0	16	140.106	35.42	2000	8	28	2.6	55.01	2	10	51.36
0	2	140.106	36.7567	2000	8	31	2.6	119.28	7	39	58.62
0	27	138.948	35.5947	2000	9	2	3.8	161.04	4	44	53.94
0	27	139.659	35.4867	2000	9	3	2.7	120.78	17	3	7.71
0	27	138.783	36.2047	2000	9	7	2.5	170.6	1	15	10.23
0	27	139.993	35.7488	2000	9	8	3.1	115.59	3	50	21.99
0	27	139.128	35.4703	2000	9	8	2.9	22.26	23	21	29.44
0	4	139.574	34.7647	2000	9	9	2.9	114.84	3	39	19.81
1	27	139.619	36.062	2000	9	9	4.3	60.19	20	48	44.79
0	27	139.62	36.0687	2000	9	10	2.8	57.65	7	5	50.74
0	30	139.82	36.1682	2000	9	17	2.8	52.37	22	48	37.15
1	4	139.216	34.6088	2000	9	18	4	10.44	15	24	3.64
0	30	140.085	35.6577	2000	9	21	2.5	73.39	4	17	34.32
0	30	140.132	35.8013	2000	9	21	2.6	64.66	12	45	24.94
0	30	140.123	36.5075	2000	9	22	2.7	105.22	3	43	13.83
0	30	140.123	35.7995	2000	9	22	2.9	67.26	10	49	1.64
1	30	140.04	36.3217	2000	9	25	3.4	71.99	4	14	28.26
0	30	140.145	35.5938	2000	9	26	2.9	68.36	3	43	11.72
1	28	139.707	35.5337	2000	9	29	4.6	86.05	8	56	8.89
0	28	139.687	35.529	2000	9	29	2.6	84	9	12	3.83
0	28	139.684	35.52	2000	9	29	4.2	85.56	9	55	59.1
0	28	139.686	35.5245	2000	9	29	2.6	83.57	10	49	30.93
0	28	139.679	35.5415	2000	9	29	3.2	84.32	11	29	17.76
0	28	139.684	35.5253	2000	9	30	3.8	84.34	16	51	43.7
0	28	139.686	35.5333	2000	9	30	2.6	83.19	23	21	59.5
0	28	139.682	35.5128	2000	9	30	3.7	85.48	23	23	56.28
0	1	138.812	35.0183	2000	10	1	2.7	204.28	14	5	50.15
0	29	139.145	36.29	2000	10	3	2.7	17.84	16	50	5.07
1	3	139.77	36.2307	2000	10	4	2.7	57.95	5	27	25.37
1	1	139.357	35.0307	2000	10	4	2.9	159.89	11	12	37.72
0	3	140.123	35.6203	2000	10	6	2.6	68.61	0	40	38.53
0	3	140.192	35.8447	2000	10	8	2.6	61.26	19	31	53.28
0	29	138.956	35.5352	2000	10	9	2.7	22.21	19	51	46.68
1	29	139.012	35.9627	2000	10	11	3.3	131.37	9	8	11.1
1	11	139.69	35.537	2000	10	11	4	86.72	15	15	40.02
0	11	139.933	34.7998	2000	10	12	3.1	42.44	20	32	58.31
0	11	139.25	35.325	2000	10	17	3.4	152.62	12	52	58.74
1	13	139.681	36.932	2000	10	18	4.7	9.18	12	58	24.3
0	13	139.683	36.9292	2000	10	18	2.5	8.45	13	1	10.11
0	13	139.682	36.9312	2000	10	19	2.6	10.12	4	10	44.06
0	13	139.68	36.9303	2000	10	19	4.1	10.47	16	25	3.64
0	13	139.687	36.9322	2000	10	20	2.6	8.59	1	49	16.3
0	31	139.704	35.5478	2000	10	20	2.5	83.89	16	7	53.19
0	13	139.947	36.5518	2000	10	21	2.7	116.96	21	44	9.78
1	31	140.109	35.7898	2000	10	24	4.2	73.8	8	11	4.69
0	31	140.112	35.7878	2000	10	24	3.8	70.17	8	39	45.29
0	13	139.686	36.931	2000	10	26	3.3	10.77	16	6	24.57
0	31	139.873	35.506	2000	10	28	2.5	31.79	1	45	59.13
0	46	139.677	36.9308	2000	11	1	2.5	9.61	16	4	46.04
0	46	139.676	36.9318	2000	11	1	2.6	9.6	16	5	35.37
0	19	138.873	35.4988	2000	11	2	2.6	168.41	13	58	11.59
0	31	139.641	35.5903	2000	11	4	2.6	28.25	18	3	26.19
0	23	140.074	35.6438	2000	11	8	3.1	68.83	10	43	13.74
0	23	139.99	35.4707	2000	11	10	2.7	43.84	13	27	52.24
1	43	139.768	34.846	2000	11	11	3.7	24.52	23	4	10.07
1	46	139.588	36.9743	2000	11	12	2.7	9.7	0	16	18.9
0	23	139.953	35.7682	2000	11	12	4	49.29	14	14	52.33
1	23	140.13	35.7867	2000	11	14	4.1	73.21	4	13	23.71
0	23	139.981	36.1872	2000	11	14	2.5	57.51	5	1	13.28
0	23	140.101	35.7965	2000	11	14	2.5	66.64	5	35	45.26
0	23	139.648	35.6863	2000	11	16	2.7	74.9	5	42	39.09
0	23	140.095	36.1653	2000	11	17	3.7	51.34	23	22	6.05
0	23	140.094	36.0335	2000	11	18	2.6	63.31	16	42	13.97
0	36	139.415	35.999	2000	11	24	2.5	94.17	8	52	49.1
0	43	140.151	34.9327	2000	11	27	2.6	75.42	0	3	28.43
0	36	138.797	36.4003	2000	11	27	3.2	147.56	0	9	29.03
0	39	139.489	35.5372	2000	12	1	2.7	34.43	8	8	9.2
0	36	138.78	36.1988	2000	12	1	2.7	145.36	10	31	24.44
1	39	140.168	36.0047	2000	12	2	3.1	61.12	4	13	27.92
0	39	140.13	35.6923	2000	12	3	2.5	67.94	0	11	51.44
0	19	138.837	34.7657	2000	12	5	2.5	224.46	4	9	11.36
0	36	139.334	35.9323	2000	12	5	2.8	19.48	9	6	54.15
0	36	139.336	35.9332	2000	12	6	2.7	19.32	20	56	26.4
0	39	140.141	36.084	2000	12	9	2.9	56.44	11	39	49.71
0	39	140.02	36.0962	2000	12	11	3	68.78	7	36	32.25
1	36	138.698	36.5612	2000	12	11	3.4	164.52	21	0	48.97
0	36	138.995	35.7182	2000	12	15	2.9	142.16	4	14	37.32
1	24	140.136	35.6223	2000	12	19	3	70.58	1	48	40.26
1	18	140.093	36.2408	2000	12	23	3	54.72	6	23	0.34
0	18	140.089	36.6418	2000	12	24	2.7	114.68	7	27	19.18
0	24	139.825	35.2122	2000	12	24	3	68.82	18	20	55.93
0	18	139.645	37.0295	2000	12	25	2.5	8.66	0	51	9.4
0	18	139.456	36.6237	2000	12	29	2.6	9.93	5	8	30.66
0	24	140.101	35.6623	2000	12	29	2.5	68.01	10	43	42.53
0	24	139.334	35.9373	2000	12	29	2.9	18.64	11	48	33.71
0	24	139.372	35.2345	2000	12	30	3	15.04	23	20	0.1
