gen	min     	avg     	max     	std    
0  	-15676.7	-5520.2 	-3664.64	1139.78
1  	-29619.2	-5353.73	-3664.64	2410.41
2  	-10208.9	-4868.91	-3583.3 	799.749
3  	-7308.1 	-4715.31	-3583.3 	567.575
4  	-7052.03	-4829   	-3583.3 	657.308
5  	-9858.17	-4954.61	-3583.3 	915.447
6  	-20884.2	-7443.56	-3486.92	5372.64
7  	-20364.6	-5708.63	-3486.92	2852.84
8  	-35079.2	-6584.8 	-3446.77	4789.44
9  	-39428.7	-6732.85	-3446.77	5523.17
10 	-14273.5	-5715.85	-3446.77	1177.95
11 	-22324.4	-5718.59	-3446.77	3412.73
12 	-23420.3	-6606.11	-3387.79	4798.34
13 	-44958.7	-5412.1 	-3387.79	3697.51
14 	-13542.2	-6116.95	-3387.79	1700.84
15 	-33702  	-11465.9	-3387.79	11282.4
16 	-22926.6	-6528.16	-3387.79	3899.64
17 	-22561.9	-6469.99	-3387.79	3356.76
18 	-25859.4	-7535.99	-3202.74	5441.93
19 	-24389.1	-6932.18	-3202.74	3284.01
20 	-14755.5	-5935.22	-3202.74	1396.26
21 	-22518.1	-6145.73	-3202.74	2957.52
22 	-24751.1	-6795.16	-3202.74	1574.57
23 	-15137.1	-7217.35	-3202.74	2166.44
24 	-219556 	-21563.2	-3202.74	54325.5
25 	-240615 	-20856.2	-3202.74	29166.7
26 	-212507 	-6130.75	-3202.74	9551.86
27 	-12213.6	-6114.36	-3202.74	2165.72
28 	-10114.4	-4305.59	-3202.74	1045.49
29 	-7313.09	-4335.83	-3202.74	568.332
30 	-24244.6	-9007.97	-3202.74	7010.72
31 	-24306.8	-6311.87	-3202.74	4101.14
32 	-7945.2 	-5912.62	-3202.74	660.797
33 	-11718.2	-7570.4 	-3202.74	1787.03
34 	-10264.2	-6269.37	-3202.74	1264.13
35 	-9064.32	-4749.52	-3202.74	998.331
36 	-13981  	-6949.16	-3202.74	3005.28
37 	-9427.78	-6875.68	-3202.74	2062.55
38 	-8957.13	-5182.93	-3202.74	831.46 
39 	-11857.9	-5042.78	-3202.74	1073.8 
40 	-8069.27	-6150.59	-3202.74	741.339
41 	-6423.79	-5407.59	-3202.74	641.185
42 	-18161.9	-11835.1	-3202.74	5929.49
43 	-16669.1	-5850.51	-3202.74	1268   
44 	-14811.4	-9233.85	-3202.74	2615.98
45 	-10855.2	-5856.35	-3202.74	1545.38
46 	-9220.12	-6220.44	-3202.74	1369.57
47 	-8441.98	-5371.06	-3202.74	818.989
48 	-10407.1	-7472.5 	-3202.74	1964.56
49 	-9364.53	-4351.47	-3202.74	559.309
50 	-11617.7	-6435.39	-3202.74	3202.67
51 	-10457  	-5144.75	-3202.74	712.852
52 	-6631.73	-5477.72	-3202.74	529.891
53 	-7034.42	-5798.13	-3202.74	671.879
54 	-37069  	-33459.4	-3202.74	8129.62
55 	-35823.8	-8017.08	-3202.74	8185.89
56 	-8263.68	-5248.28	-3202.74	1120.13
57 	-10233.1	-7391.77	-3202.74	883.318
58 	-9178.76	-8048.78	-3202.74	1064.49
59 	-8598.11	-7105.52	-3202.74	578.752
60 	-8981.55	-6184.77	-3202.74	675.378
61 	-13248.1	-9487.35	-3202.74	3805.66
62 	-12456  	-5566.29	-3202.74	1085.16
63 	-5892.33	-4353.4 	-3202.74	750.093
64 	-10700.4	-8775.67	-3202.74	1355.48
65 	-9033.63	-4426.87	-3202.74	1457.03
66 	-7804.4 	-6577.03	-3202.74	725.035
67 	-6753.54	-5654.06	-3202.74	358.994
68 	-14281.8	-12477.5	-3202.74	2283.78
69 	-13090.3	-5342.2 	-3202.74	1620.58
70 	-6020.49	-5050.77	-3202.74	245.993
71 	-7992.21	-7305.66	-3202.74	746.231
72 	-7586.17	-4387.87	-3202.74	910.715
73 	-5852.35	-4993.66	-3202.74	581.498
74 	-5230.64	-4694.75	-3202.74	182.334
75 	-4791.74	-4552.53	-3202.74	129.561
76 	-14976.3	-13550.7	-3202.74	2743.34
77 	-14418.2	-5779.82	-3202.74	2243.88
78 	-8301.28	-7009.69	-3202.74	841.905
79 	-7425.71	-6296.56	-3202.74	289.763
80 	-6283.8 	-5754.85	-3202.74	356.662
81 	-118814 	-104948 	-3202.74	36762.5
82 	-118593 	-11479.9	-3202.74	25545  
83 	-8967.89	-5852.32	-3202.74	1043.61
84 	-6663.92	-5782.15	-3202.74	351.804
85 	-6192.98	-5648.82	-3202.74	391.109
86 	-5948.07	-4825.43	-3202.74	208.325
87 	-8144.61	-7493.4 	-3202.74	873.952
88 	-8108.21	-5137.44	-3202.74	1236.15
89 	-7356.08	-6518.91	-3202.74	735.482
90 	-8998.54	-8592.72	-3202.74	924.608
91 	-8908.42	-5228.14	-3202.74	992.796
92 	-6011.89	-5555.05	-3202.74	281.671
93 	-5665.05	-5314.76	-3202.74	203.803
94 	-5642.44	-4995.1 	-3202.74	183.835
95 	-11499.1	-10554.8	-3202.74	2228.66
96 	-11436.1	-6047.45	-3202.74	1374.22
97 	-7181.56	-6917.31	-3202.74	399.589
98 	-6996.71	-4718.39	-3202.74	670.043
99 	-7978.41	-6666.73	-3202.74	811.244
