gen	min     	avg     	max     	std    
0  	-2215.52	-1896.89	-1696.88	90.616 
1  	-3061.42	-1838.5 	-1695.88	112.044
2  	-1998.66	-1778.49	-1689.66	80.388 
3  	-3018.55	-1809.96	-1682.48	140.727
4  	-2090.98	-1846.48	-1682.48	97.5651
5  	-2046.35	-1812.11	-1682.48	100.303
6  	-1997.8 	-1768.13	-1679.03	86.2538
7  	-1949.11	-1769.32	-1679.03	79.4059
8  	-2122.46	-1823.99	-1679.03	104.898
9  	-1951.11	-1776.79	-1679.03	87.0156
10 	-1945.49	-1780.2 	-1679.03	91.1362
11 	-2093.36	-1781.95	-1679.03	96.9901
12 	-2020.89	-1805.73	-1679.03	97.0896
13 	-2229.84	-1782.13	-1679.03	116.995
14 	-2163.76	-1814.73	-1674.14	106.182
15 	-1921.68	-1736.4 	-1674.14	52.3504
16 	-2283.06	-1851.83	-1674.14	106.149
17 	-1916.98	-1782.87	-1674.14	84.1341
18 	-1970.41	-1774.69	-1674.14	85.2781
19 	-1970.19	-1849.14	-1674.14	71.7618
20 	-1929.98	-1769.15	-1674.14	77.2187
21 	-1963.58	-1857.27	-1674.14	74.9227
22 	-2191.15	-1905.49	-1674.14	83.4812
23 	-1916.52	-1856.59	-1674.14	71.0073
24 	-2235.58	-1895.14	-1674.14	158.512
25 	-2069.84	-1876.15	-1674.14	79.4252
26 	-2075.14	-1877.91	-1674.14	73.3333
27 	-2084.14	-1813.98	-1674.14	133.392
28 	-2281.12	-1963.82	-1674.14	148.241
29 	-2082.18	-1810.2 	-1674.14	72.879 
30 	-3246.93	-1787.46	-1674.14	304.623
31 	-2887.35	-1842.06	-1674.14	107.033
32 	-3295.46	-1745.7 	-1674.14	117.299
33 	-3224.26	-1736.27	-1674.14	104.858
34 	-3139.53	-1799.13	-1674.14	97.351 
35 	-3345.18	-1845.51	-1673.49	177.671
36 	-3315.23	-1878.3 	-1673.49	104.991
37 	-2177.93	-2135.1 	-1673.49	92.8925
38 	-2162.14	-1978.71	-1673.49	103.061
39 	-2086   	-1753.88	-1673.49	66.9154
40 	-1931.28	-1875.65	-1673.49	64.0905
41 	-1897.41	-1731.86	-1673.49	39.7148
42 	-1926.06	-1879.3 	-1673.49	58.4985
43 	-1899.66	-1734.02	-1673.49	42.4869
44 	-1946.54	-1903.7 	-1673.49	44.6085
45 	-1923.98	-1805.76	-1673.49	36.238 
46 	-1900.66	-1721.06	-1673.49	25.74  
47 	-1946.88	-1802.69	-1673.49	94.4551
48 	-1905.71	-1845.19	-1673.49	82.8789
49 	-1899.36	-1714.59	-1673.49	45.9501
50 	-1901.61	-1709.89	-1673.49	36.4458
51 	-1906.06	-1733.17	-1673.49	58.6329
52 	-1925.44	-1882.88	-1673.49	64.6655
53 	-2024.53	-2007.1 	-1673.49	56.7398
54 	-2022.14	-1918.91	-1673.49	38.0373
55 	-1940.82	-1836.83	-1673.49	83.0396
56 	-1914.27	-1879.15	-1673.49	38.0361
57 	-1888.76	-1729.85	-1673.49	45.9912
58 	-1717.23	-1703.08	-1673.49	4.01304
59 	-1890.66	-1761.38	-1673.49	84.4429
60 	-1908.58	-1885.3 	-1673.49	58.7986
61 	-1914.11	-1903.01	-1673.49	33.1091
62 	-4303.29	-3941.92	-1673.49	855.04 
63 	-4298.14	-1903.07	-1673.49	660.828
64 	-1925.51	-1889.08	-1673.49	63.5389
65 	-1916.49	-1737.53	-1673.49	93.1169
66 	-1913.71	-1762.51	-1673.49	45.8147
67 	-8757.66	-8069.84	-1673.49	2068.39
68 	-8743.84	-2262.72	-1673.49	1609.32
69 	-1894.19	-1842.71	-1673.49	30.0835
70 	-1903.68	-1867.55	-1673.49	73.3519
71 	-2041.66	-1819.86	-1672.99	111.588
72 	-1888.66	-1722.93	-1672.99	31.1582
73 	-1851.36	-1752.16	-1672.99	45.798 
74 	-2186   	-1939.98	-1672.99	169.272
75 	-2008.14	-1753.29	-1672.99	83.1839
76 	-1980.75	-1698.11	-1672.99	27.9485
77 	-1792.98	-1765.52	-1672.99	25.241 
78 	-1899.66	-1888.31	-1672.99	41.2636
79 	-1899.66	-1886.58	-1672.99	23.4861
80 	-1889.76	-1708.48	-1672.99	41.5879
81 	-1773.23	-1763.04	-1672.99	21.8766
82 	-1770.23	-1715.04	-1672.99	16.0421
83 	-1931.89	-1900.55	-1672.99	70.9003
84 	-1929.89	-1697.89	-1672.99	51.0815
85 	-1956.9 	-1914.89	-1672.99	91.087 
86 	-2021.94	-2009.08	-1672.99	48.7496
87 	-2020.54	-1917.55	-1672.99	39.4349
88 	-1907.48	-1710.43	-1672.99	48.2408
89 	-1707.63	-1704.73	-1672.99	3.34599
90 	-1899.76	-1878.03	-1672.99	58.5404
91 	-1912.06	-1738.59	-1672.99	57.477 
92 	-1718.73	-1705.72	-1672.99	4.17129
93 	-1848.06	-1824.37	-1672.99	45.1593
94 	-1905.62	-1893.86	-1672.99	33.8839
95 	-1932.49	-1926.84	-1672.99	18.6956
96 	-1931.09	-1711.4 	-1672.99	71.1648
97 	-1754.25	-1746.75	-1672.99	16.5799
98 	-1763.14	-1760.19	-1672.99	7.48366
99 	-4231.09	-2025.34	-1672.99	568.317
