gen	min     	avg     	max     	std    
0  	-5084.45	-2702.09	-2353.97	291.8  
1  	-7274.22	-2598.93	-2353.97	338.194
2  	-5232.54	-2601.11	-2349.49	312.568
3  	-3368.63	-2585.39	-2332.49	253.996
4  	-3497.43	-2509.98	-2299.6 	196.953
5  	-120851 	-4945.57	-2299.6 	16541.4
6  	-3117.48	-2475.72	-2276.78	122.675
7  	-3046.79	-2441.9 	-2276.78	92.7768
8  	-2772.37	-2469.45	-2276.78	95.255 
9  	-2877.72	-2445.68	-2276.78	131.112
10 	-12483.3	-2844.79	-2276.78	1378.34
11 	-13234.6	-2612.33	-2276.78	839.422
12 	-3661.42	-2480.57	-2276.78	168.264
13 	-3533.41	-2479.87	-2276.78	223.517
14 	-4306.97	-2488.04	-2271.33	328.81 
15 	-7784.76	-3087.77	-2271.33	1705.05
16 	-7427.81	-2683.41	-2271.33	411.524
17 	-16895.3	-7897.17	-2271.33	6875.6 
18 	-16682.4	-2667.35	-2271.33	1542.55
19 	-3382.72	-2432.45	-2271.33	133.327
20 	-3432.55	-2434.82	-2271.33	95.0999
21 	-3122.76	-2646.52	-2271.33	160.743
22 	-2773.42	-2447.03	-2268.56	94.7506
23 	-3216.76	-2462.38	-2268.56	160.678
24 	-2829.17	-2442.34	-2268.56	70.992 
25 	-2722.3 	-2466.84	-2268.56	86.849 
26 	-2580.75	-2430.49	-2268.56	63.1963
27 	-3185.22	-2650.56	-2268.56	172.841
28 	-2925.48	-2734.91	-2268.56	125.235
29 	-2821.74	-2426.09	-2268.56	95.6664
30 	-5666.64	-2610.33	-2258.47	941.581
31 	-9465.37	-7091.65	-2258.47	2422.59
32 	-7970.18	-2693.44	-2258.47	1079.62
33 	-2489.23	-2376.76	-2258.47	47.2649
34 	-2824.55	-2593.33	-2258.47	112.349
35 	-2658.46	-2391.76	-2258.47	79.5316
36 	-2544.41	-2361.03	-2258.47	36.9985
37 	-3172.21	-2471.01	-2258.47	144.161
38 	-3526.7 	-2784.9 	-2258.47	235.982
39 	-4869.64	-2655.48	-2258.47	616.549
40 	-5411.97	-2454.06	-2258.47	274.184
41 	-2537.67	-2393.91	-2258.47	40.9816
42 	-2801.01	-2674.94	-2258.47	86.9061
43 	-2710.05	-2388.05	-2258.47	85.1057
44 	-2476.65	-2363.14	-2258.47	29.2822
45 	-2531.59	-2416.66	-2258.47	49.2648
46 	-2687.79	-2593.53	-2258.47	84.8561
47 	-5927.55	-5361.61	-2258.47	989.642
48 	-5649.93	-2823.14	-2258.47	669.364
49 	-2677.47	-2397.47	-2258.47	71.2665
50 	-4458.57	-3391.62	-2258.47	932.31 
51 	-4427.66	-2358.05	-2258.47	160.427
52 	-2994   	-2499.92	-2258.47	140.881
53 	-2970.89	-2461.41	-2258.47	70.8919
54 	-2476.37	-2435.56	-2258.47	54.4927
55 	-2709.26	-2648.9 	-2258.47	95.1468
56 	-2692.26	-2454.74	-2258.47	50.8953
57 	-4104.5 	-3455.33	-2258.47	729.576
58 	-3949.15	-2797.25	-2258.47	275.572
59 	-3567.52	-3085.37	-2258.47	379.739
60 	-3283.12	-2437.91	-2258.47	152.69 
61 	-12801.8	-2632.17	-2258.47	1022.42
62 	-2570.95	-2349.39	-2258.47	47.6077
63 	-3419.12	-3097.86	-2258.47	260.56 
64 	-3337.64	-2605.52	-2258.47	150.016
65 	-2619.34	-2397.25	-2258.47	50.6287
66 	-2390.33	-2362.86	-2258.47	11.9524
67 	-2865.9 	-2793.97	-2258.47	148.243
68 	-2845.3 	-2531.02	-2258.47	168.069
69 	-2678.48	-2399.56	-2258.47	30.6258
70 	-2789.45	-2681.34	-2258.47	115.246
71 	-5504.99	-5155.23	-2258.47	921.915
72 	-5487.39	-2657.93	-2258.47	685.978
73 	-2662.65	-2634.32	-2258.47	51.92  
74 	-2873.92	-2759.08	-2258.47	148.397
75 	-2822.28	-2407.54	-2258.47	110.095
76 	-2800.88	-2544.47	-2258.47	220.502
77 	-2761.35	-2531.84	-2258.47	59.2197
78 	-2550.73	-2365.78	-2258.47	47.5541
79 	-2519.78	-2454.93	-2258.47	36.4412
80 	-2465.78	-2361.3 	-2258.47	27.0423
81 	-2361.94	-2295.57	-2258.47	18.9892
82 	-2389.12	-2372.39	-2258.47	25.8377
83 	-2715.92	-2667.29	-2258.47	101.945
84 	-3137.64	-3065.9 	-2258.47	173.454
85 	-3132.64	-2849.25	-2258.47	88.8123
86 	-2841.36	-2527.75	-2258.47	101.077
87 	-2502.84	-2469.66	-2258.47	19.5306
88 	-2527.67	-2508.87	-2258.47	23.0491
89 	-30983.1	-28292.6	-2258.47	8307.96
90 	-70809.3	-65638.9	-2258.47	14901.3
91 	-70807.5	-5906.81	-2258.47	14062  
92 	-2555.63	-2533.19	-2258.47	57.7764
93 	-2771.77	-2738.64	-2258.47	86.5021
94 	-2766.43	-2663.82	-2258.47	43.8156
95 	-2656.99	-2631.68	-2258.47	23.2253
96 	-2632.9 	-2440.52	-2258.47	61.5474
97 	-2423.02	-2375.74	-2258.47	18.4297
98 	-2812.52	-2769.95	-2258.47	125.519
99 	-2812.52	-2760.8 	-2258.47	61.0574
