gen	min     	avg     	max     	std    
0  	-9735.78	-2476.92	-1695.71	551.661
1  	-9930.32	-2535.09	-1684.42	1385.22
2  	-5753.88	-2183.48	-1684.42	544.383
3  	-7727.34	-2887.3 	-1569.54	1228.5 
4  	-6873.92	-2507.53	-1537.12	982.183
5  	-16555.2	-2852.35	-1537.12	2112.48
6  	-8355.91	-2394.16	-1537.12	805.892
7  	-9118.67	-2374.46	-1537.12	986.917
8  	-8700.72	-2296.89	-1537.12	578.362
9  	-4456.16	-2437.63	-1537.12	517.982
10 	-5611.25	-2786.37	-1537.12	848.883
11 	-4576.85	-2429.48	-1537.12	555.006
12 	-4168.86	-2469.51	-1537.12	396.994
13 	-7849.67	-2742.36	-1537.12	1113.01
14 	-12256.1	-2250.09	-1537.12	822.68 
15 	-3729.7 	-2422.82	-1537.12	337.508
16 	-3544.2 	-2511.3 	-1537.12	430.049
17 	-4079.95	-2656.07	-1537.12	387.778
18 	-3395.3 	-2522.15	-1537.12	342.086
19 	-7666.48	-2504.11	-1537.12	908.087
20 	-7024.64	-2642.85	-1537.12	1098.82
21 	-3679.87	-2505.19	-1537.12	565.943
22 	-4558.57	-2457.18	-1537.12	510.091
23 	-23876.7	-2920.25	-1537.12	1690.07
24 	-56294.7	-10253  	-1537.12	18693.3
25 	-60517.6	-3625.09	-1537.12	3308.5 
26 	-14598.6	-5099.26	-1537.12	4929.5 
27 	-13987.8	-2870.37	-1537.12	1623.87
28 	-14289.3	-2199.23	-1537.12	1184.91
29 	-53759.6	-3321.94	-1537.12	6422.92
30 	-52904.8	-2373.46	-1537.12	2392.72
31 	-14403.4	-2916.52	-1537.12	1475.01
32 	-54816  	-4781.4 	-1537.12	8570.1 
33 	-15223.8	-3226.8 	-1537.12	1875.87
34 	-5291.5 	-3071.2 	-1537.11	996.638
35 	-3918.88	-2429.6 	-1537.11	399.555
36 	-4361.01	-2630.71	-1537.11	726.133
37 	-12156.4	-3049.83	-1537.11	2244.83
38 	-14959.7	-4006.4 	-1537.11	1982.34
39 	-5388.82	-2394.98	-1537.11	542.683
40 	-5582.17	-2605.23	-1537.11	614.025
41 	-3421.41	-2435.05	-1537.11	261.604
42 	-3279.55	-2344.55	-1537.11	560.98 
43 	-3624.58	-2439.96	-1537.11	415.356
44 	-2817.13	-2162.11	-1537.11	140.544
45 	-2612.37	-2106.47	-1537.11	201.697
46 	-3052.74	-2444.5 	-1537.11	273.841
47 	-4609.89	-3172.82	-1537.11	831.707
48 	-5071.6 	-3453.31	-1537.11	801.35 
49 	-3952.79	-2049.82	-1537.11	353.534
50 	-2996.98	-2185.69	-1537.11	278.408
51 	-3654.26	-3058.17	-1537.11	542.432
52 	-3014.43	-2297.91	-1537.11	204.229
53 	-6723.01	-2691.27	-1537.11	573.357
54 	-7809.89	-4770.63	-1537.11	2597.89
55 	-9395.67	-3637.33	-1537.11	2522.78
56 	-14895  	-8910.28	-1537.11	5769.74
57 	-13999.7	-2421.76	-1537.11	929.707
58 	-3327.39	-2937.48	-1537.11	338.372
59 	-3874.5 	-2687.2 	-1537.11	393.28 
60 	-2488.62	-1915.88	-1537.11	190.053
61 	-4261.68	-2517.49	-1537.11	380.894
62 	-2720.99	-2296.41	-1537.11	176.186
63 	-3189.57	-2819.77	-1537.11	357.834
64 	-3492.8 	-3121.32	-1537.11	281.144
65 	-3263.8 	-2488.91	-1537.11	216.202
66 	-3550.42	-3153.29	-1537.11	439.399
67 	-3419.59	-2074.73	-1537.11	218.773
68 	-2408.39	-1990.05	-1537.11	177.21 
69 	-3040.08	-2593   	-1537.11	264.909
70 	-3351.48	-2328.1 	-1537.11	358.853
71 	-2943.94	-2520.97	-1537.11	184.824
72 	-3674.32	-3078.45	-1537.11	566.404
73 	-112023 	-46773.1	-1537.11	53002.5
74 	-110467 	-3227.34	-1537.11	8334.92
75 	-2548.9 	-2221.15	-1537.11	208.842
76 	-2549.7 	-2037   	-1537.11	121.479
77 	-5197.39	-4043.73	-1537.11	1191.97
78 	-4656.12	-2691.35	-1537.11	473.363
79 	-2878.58	-2252.79	-1537.11	129.223
80 	-3751.97	-2183.73	-1537.11	227.645
81 	-2794.71	-2373.08	-1537.11	254.889
82 	-3577.07	-2052.26	-1537.11	180.415
83 	-4107.15	-2127.35	-1537.11	202.893
84 	-3856.1 	-2394.94	-1537.11	222.324
85 	-13901.8	-12100  	-1537.11	2666.76
86 	-13335.8	-4803.91	-1537.11	2293.02
87 	-5714.57	-2794.5 	-1537.11	1348.65
88 	-5955.22	-2677.88	-1537.11	330.771
89 	-3600.88	-2358.46	-1537.11	217.692
90 	-2822.43	-2332.79	-1537.11	122.828
91 	-9078.85	-7477.89	-1537.11	1955.29
92 	-8174.15	-2378.85	-1537.11	1299.45
93 	-2598.75	-2351.32	-1537.11	149.306
94 	-4147.39	-3885.43	-1537.11	574.772
95 	-6037.3 	-5699.36	-1537.11	922.483
96 	-9954.75	-5071.45	-1537.11	2881.62
97 	-8094.46	-2470.71	-1537.11	568.823
98 	-2826.67	-2035.96	-1537.11	112.543
99 	-3426.4 	-3120.26	-1537.11	438.088
