gen	min     	avg     	max     	std    
0  	-3381.18	-2526.52	-1717.43	305.081
1  	-6264.05	-2362.61	-1641.43	481.031
2  	-11929.8	-2517.79	-1538.3 	1767.25
3  	-5115.02	-2184.78	-1501.88	344.939
4  	-4262.79	-2359.36	-1501.88	478.174
5  	-189745 	-28112  	-1501.88	64523.1
6  	-13286.6	-2658.52	-1501.88	2038.71
7  	-23221.3	-5499.17	-1501.88	6433.71
8  	-22241.7	-2456.85	-1501.88	1403.26
9  	-23969.5	-2903.72	-1501.88	3732.04
10 	-12365.8	-2606.11	-1501.88	1276.99
11 	-12229.4	-2510.07	-1501.88	762.78 
12 	-12931.4	-3206.54	-1501.88	1818.41
13 	-50631.6	-5407.72	-1501.88	10454.2
14 	-8007   	-2512.52	-1501.88	807.035
15 	-5046.16	-2538.55	-1501.88	674.958
16 	-4030.67	-2524.31	-1501.88	431.447
17 	-5832.27	-2928.77	-1501.88	935.718
18 	-7091.15	-3208.55	-1501.88	1275.6 
19 	-7683.94	-3361.35	-1501.88	1719.59
20 	-5174.26	-2348.82	-1496.07	652.655
21 	-5825.72	-2588.28	-1496.07	689.943
22 	-3015.45	-2292.5 	-1496.07	313.844
23 	-6677.58	-3821.59	-1496.07	1768.09
24 	-6576.97	-2695.57	-1496.07	1154.67
25 	-6292.03	-2310.76	-1496.07	682.213
26 	-6159.79	-2359.51	-1496.07	663.508
27 	-6406.94	-2382.39	-1496.07	520.092
28 	-3491.59	-2050.65	-1496.07	376.572
29 	-8547.86	-4322.25	-1496.07	1594.5 
30 	-6873.66	-2390.05	-1496.07	775.464
31 	-2576.56	-2044.67	-1496.07	206.626
32 	-6782.67	-2215.24	-1496.07	414.161
33 	-7147.52	-3139.19	-1496.07	737.334
34 	-6258.09	-2630.38	-1496.07	401.937
35 	-6809.02	-2999   	-1496.07	633.473
36 	-6742.04	-3265.13	-1496.07	741.095
37 	-7585.31	-3386.03	-1496.07	744.783
38 	-6010.52	-3382.12	-1496.07	1079.11
39 	-14787.1	-3834.3 	-1496.07	2801.25
40 	-13776.5	-3924.73	-1496.07	981.504
41 	-4218.5 	-2307.24	-1496.07	392.557
42 	-3273.33	-2372.02	-1496.07	287.069
43 	-2866.86	-2342.82	-1496.07	142.146
44 	-3958.34	-2827.47	-1496.07	618.157
45 	-8011.25	-2370.41	-1496.07	380.259
46 	-3719.23	-2548.25	-1496.07	393.364
47 	-7141.73	-4921.67	-1496.07	1062.1 
48 	-9838.66	-4738.01	-1496.07	2662.92
49 	-8928.97	-3001.49	-1496.07	1477.07
50 	-3534.83	-2215.56	-1496.07	291.365
51 	-8535.8 	-2104.28	-1496.07	424.249
52 	-8270.6 	-1957.34	-1496.07	302.462
53 	-3049.9 	-2712.6 	-1496.07	336.989
54 	-3885.86	-3283.35	-1496.07	391.473
55 	-3429.15	-2136.96	-1496.07	374.723
56 	-5440.44	-3437.3 	-1496.07	1197.18
57 	-4628.12	-2398.74	-1496.07	289.511
58 	-3460.24	-2820.05	-1496.07	285.71 
59 	-4051.98	-3156.64	-1496.07	753.954
60 	-3744.98	-2302.73	-1496.07	243.572
61 	-2688.56	-1943.46	-1496.07	247.025
62 	-2697.22	-2038.95	-1496.07	196.262
63 	-3015.12	-2718.92	-1496.07	341.292
64 	-3223.12	-2738.01	-1496.07	357.122
65 	-3115.31	-2581.67	-1496.07	231.948
66 	-3176.83	-2520.45	-1496.07	509.076
67 	-8339.75	-2123.14	-1496.07	803.592
68 	-3347.3 	-2468.3 	-1496.07	308.762
69 	-3452.29	-2278.9 	-1496.07	263.286
70 	-2853.97	-1843.1 	-1496.07	222.784
71 	-2602.68	-1981.77	-1496.07	223.398
72 	-2973.26	-2562.5 	-1496.07	300.945
73 	-8439.46	-6819.91	-1496.07	2499.66
74 	-8158.56	-2457.5 	-1496.07	1297.65
75 	-2959.64	-2566.1 	-1496.07	282.317
76 	-3751.9 	-2267.2 	-1496.07	225.697
77 	-2872.76	-1926.69	-1496.07	152.376
78 	-3136.21	-2287.6 	-1496.07	183.231
79 	-14141.8	-12829.1	-1496.07	3505.53
80 	-13994.7	-3176.77	-1496.07	2424.36
81 	-2927.64	-2512.64	-1496.07	137.556
82 	-2988.46	-2052.07	-1496.07	269.679
83 	-2618.83	-2215.07	-1496.07	256.583
84 	-2827.19	-2625.64	-1496.07	222.477
85 	-4541.88	-4172.69	-1496.07	784.113
86 	-6326.31	-4232.37	-1496.07	1150.75
87 	-5595.4 	-2177.29	-1496.07	514.523
88 	-4733.92	-1797.82	-1496.07	284.401
89 	-5609.02	-2189.16	-1496.07	839.569
90 	-4153.7 	-2432.11	-1496.07	383.717
91 	-3793.52	-3242.96	-1496.07	537.15 
92 	-3776.08	-2317.41	-1496.07	219.304
93 	-3132.83	-2560.46	-1496.07	140.142
94 	-2860.06	-2337.19	-1496.07	97.2157
95 	-3151.27	-2168.55	-1496.07	88.2492
96 	-3048.08	-2148.22	-1496.07	76.4849
97 	-3090.29	-2743.62	-1496.07	218.882
98 	-2928.4 	-1838.32	-1496.07	316.222
99 	-3101.73	-2610.26	-1496.07	281.567
