gen	min     	avg     	max     	std    
0  	-17871.9	-5742.39	-3892.36	1464.67
1  	-7855.84	-5213.85	-3829.76	715.45 
2  	-10614  	-5086.78	-3654.26	1076.43
3  	-143342 	-8754.65	-3654.26	18452.5
4  	-75885.2	-5146.42	-3427.5 	3282.99
5  	-9708.68	-5106.95	-3427.5 	930.419
6  	-8381.01	-5114.91	-3305.64	1061.4 
7  	-18816.6	-6459.7 	-3305.64	3827.18
8  	-20411.8	-5707.63	-3305.64	2297.35
9  	-42741.9	-5967.17	-3305.64	4392.45
10 	-45857.8	-8114.69	-3305.64	9242.65
11 	-11763.9	-6293.21	-3305.64	1642.28
12 	-127780 	-7798.74	-3305.64	13867.4
13 	-127642 	-6096.13	-3305.64	9500.81
14 	-127290 	-6594.8 	-3305.64	9430.12
15 	-24373.8	-7581.41	-3305.64	4943.53
16 	-23602.1	-6180.98	-3305.64	2980.44
17 	-14576.9	-6211.17	-3305.64	1957.82
18 	-10854.5	-5720.1 	-3305.64	1425.21
19 	-13194.8	-6004.71	-3305.64	1694.32
20 	-16367.2	-5993.18	-3305.64	2473.96
21 	-11900.1	-5902.45	-3305.64	1486.24
22 	-8398.16	-5039.62	-3186.84	1048.57
23 	-41717.7	-6293.72	-3186.84	5238.12
24 	-11406.2	-5939.92	-3186.84	1526.73
25 	-115936 	-40862.2	-3186.84	50982.8
26 	-115180 	-19613.7	-3186.84	36636.6
27 	-114261 	-7516.21	-3186.84	15170.5
28 	-15776.4	-5962.13	-3186.84	2524.59
29 	-116073 	-6695.03	-3186.84	8600.98
30 	-113660 	-7445.73	-3186.84	13076.9
31 	-114721 	-5621.58	-3186.84	8986.95
32 	-112868 	-7418.33	-3186.84	8716.52
33 	-113127 	-6048.58	-3186.84	11846  
34 	-11252.2	-5117.39	-3186.84	1390.69
35 	-116759 	-8297.31	-3186.84	6684.98
36 	-113372 	-7684.93	-3186.84	11136.2
37 	-112355 	-5540.96	-3186.84	5355.37
38 	-117466 	-6906.68	-3186.84	5796.1 
39 	-9012.84	-5641.2 	-3186.84	1218.69
40 	-14815.6	-8082.6 	-3186.84	4167.5 
41 	-13876.4	-6498.46	-3186.84	1396.03
42 	-114587 	-5745.03	-3186.84	8500.36
43 	-115230 	-6374.4 	-3186.84	5021.05
44 	-115530 	-6198.41	-3186.84	5032.09
45 	-8823.66	-6118.16	-3186.84	899.273
46 	-32237.1	-5288.24	-3186.84	3889.75
47 	-8231.56	-6026.25	-3186.84	755.931
48 	-115896 	-5769.23	-3186.84	8554.85
49 	-9436.07	-6027.73	-3186.84	1066.27
50 	-115098 	-5711.67	-3186.84	8535.59
51 	-117183 	-7576.42	-3186.84	13972.3
52 	-114794 	-5346.25	-3186.84	4937.37
53 	-5813.79	-4652.57	-3186.84	473.757
54 	-116374 	-6125.75	-3186.84	8538.37
55 	-5669.95	-4824.58	-3186.84	328.027
56 	-115466 	-6362.28	-3186.84	7491.58
57 	-116097 	-6418.96	-3186.84	8508.9 
58 	-17229.3	-6493.44	-3186.84	3299.24
59 	-16204.1	-5938.8 	-3186.84	1646.55
60 	-10047.3	-6566.32	-3186.84	1121.14
61 	-20305.2	-8405.92	-3186.84	3219.44
62 	-16309.9	-8328.99	-3186.84	2607.05
63 	-15825.3	-6061.93	-3186.84	1824.87
64 	-24919.7	-8168.2 	-3186.84	6918.08
65 	-23275.2	-5447.29	-3186.84	3812.78
66 	-24107.6	-6551.04	-3186.84	2696.17
67 	-8660.26	-5119.17	-3186.84	683.895
68 	-8918.62	-6021.48	-3186.84	809.54 
69 	-10601.3	-5528.76	-3186.84	1691.7 
70 	-34365.3	-6911.28	-3186.84	7463.43
71 	-31676.6	-6110.84	-3186.84	3058.85
72 	-7779.79	-6466.23	-3186.84	731.714
73 	-8538.86	-6160.62	-3186.84	1082.87
74 	-7749.66	-5321.93	-3186.84	807.039
75 	-6712.26	-4684.91	-3186.84	380.621
76 	-9548.49	-6215.68	-3186.84	1280.56
77 	-10547.4	-6827.62	-3186.84	1205.67
78 	-11671.8	-6394.07	-3186.84	1766.11
79 	-11248.5	-5933.8 	-3186.84	2036.5 
80 	-12074.9	-9468.32	-3186.84	2307.5 
81 	-11297.7	-5789.24	-3186.84	1153.91
82 	-9629.78	-5452.09	-3186.84	1335.18
83 	-9441.47	-6262.71	-3186.84	1376.22
84 	-9961.31	-6322.05	-3186.84	1112.19
85 	-7947.04	-4807.75	-3186.84	1058.25
86 	-9859.29	-4519.36	-3186.84	758.781
87 	-9082.59	-5450.75	-3186.84	1090.37
88 	-12306.2	-6484.81	-3186.84	2239.6 
89 	-9905.25	-6167.09	-3186.84	1916.3 
90 	-9193.59	-5659.04	-3186.84	830.065
91 	-7085.05	-5022.82	-3186.84	561.025
92 	-11829.6	-8512.75	-3186.84	2682.89
93 	-10899.8	-6570.26	-3186.84	975.165
94 	-7430.39	-5344.07	-3186.84	472.413
95 	-6750.51	-4393.36	-3186.84	495.547
96 	-6674.2 	-4612.95	-3186.84	379.224
97 	-6208.14	-5164   	-3186.84	394.484
98 	-7320.45	-5725.08	-3186.84	717.112
99 	-7110.68	-4994.26	-3186.84	911.575
