% function evaluation | noise-free fitness - Fopt (2.997000000000e+01) | best noise-free fitness - Fopt | measured fitness | best measured fitness | x1 | x2...
1 +3.382297983e+03 +3.382297983e+03 +3.412267983e+03 +3.412267983e+03
520 +2.469296496e+03 +2.469296496e+03 +2.499266496e+03 +2.499266496e+03
713 +1.548877202e+03 +1.548877202e+03 +1.578847202e+03 +1.578847202e+03
822 +9.374246709e+02 +9.374246709e+02 +9.673946709e+02 +9.673946709e+02
1115 +6.128053269e+02 +6.128053269e+02 +6.427753269e+02 +6.427753269e+02
1335 +3.963672045e+02 +3.963672045e+02 +4.263372045e+02 +4.263372045e+02
1507 +2.504351253e+02 +2.504351253e+02 +2.804051253e+02 +2.804051253e+02
1695 +1.530243373e+02 +1.530243373e+02 +1.829943373e+02 +1.829943373e+02
1878 +9.839083874e+01 +9.839083874e+01 +1.283608387e+02 +1.283608387e+02
2150 +6.228572144e+01 +6.228572144e+01 +9.225572144e+01 +9.225572144e+01
2329 +3.903624921e+01 +3.903624921e+01 +6.900624921e+01 +6.900624921e+01
2561 +2.483147247e+01 +2.483147247e+01 +5.480147247e+01 +5.480147247e+01
3035 +1.576204338e+01 +1.576204338e+01 +4.573204338e+01 +4.573204338e+01
% function evaluation | noise-free fitness - Fopt (-5.171000000000e+01) | best noise-free fitness - Fopt | measured fitness | best measured fitness | x1 | x2...
1 +5.052953291e+03 +5.052953291e+03 +5.001243291e+03 +5.001243291e+03
291 +3.665613786e+03 +3.665613786e+03 +3.613903786e+03 +3.613903786e+03
512 +2.497797927e+03 +2.497797927e+03 +2.446087927e+03 +2.446087927e+03
802 +1.562325521e+03 +1.562325521e+03 +1.510615521e+03 +1.510615521e+03
943 +9.723275105e+02 +9.723275105e+02 +9.206175105e+02 +9.206175105e+02
1118 +5.778612586e+02 +5.778612586e+02 +5.261512586e+02 +5.261512586e+02
1312 +3.975261630e+02 +3.975261630e+02 +3.458161630e+02 +3.458161630e+02
1549 +2.499345366e+02 +2.499345366e+02 +1.982245366e+02 +1.982245366e+02
1773 +1.574148436e+02 +1.574148436e+02 +1.057048436e+02 +1.057048436e+02
1957 +9.975845945e+01 +9.975845945e+01 +4.804845945e+01 +4.804845945e+01
2276 +6.181008373e+01 +6.181008373e+01 +1.010008373e+01 +1.010008373e+01
2557 +3.886098508e+01 +3.886098508e+01 -1.284901492e+01 -1.284901492e+01
2780 +2.490572256e+01 +2.490572256e+01 -2.680427744e+01 -2.680427744e+01
3226 +1.560515892e+01 +1.560515892e+01 -3.610484108e+01 -3.610484108e+01
% function evaluation | noise-free fitness - Fopt (-2.799500000000e+02) | best noise-free fitness - Fopt | measured fitness | best measured fitness | x1 | x2...
1 +5.318028430e+03 +5.318028430e+03 +5.038078430e+03 +5.038078430e+03
324 +3.850196412e+03 +3.850196412e+03 +3.570246412e+03 +3.570246412e+03
550 +2.479352534e+03 +2.479352534e+03 +2.199402534e+03 +2.199402534e+03
743 +1.560580357e+03 +1.560580357e+03 +1.280630357e+03 +1.280630357e+03
924 +9.836610979e+02 +9.836610979e+02 +7.037110979e+02 +7.037110979e+02
1108 +6.249535097e+02 +6.249535097e+02 +3.450035097e+02 +3.450035097e+02
1342 +3.830568832e+02 +3.830568832e+02 +1.031068832e+02 +1.031068832e+02
1522 +2.486907699e+02 +2.486907699e+02 -3.125923009e+01 -3.125923009e+01
1734 +1.515753622e+02 +1.515753622e+02 -1.283746378e+02 -1.283746378e+02
1952 +9.760358028e+01 +9.760358028e+01 -1.823464197e+02 -1.823464197e+02
2083 +6.250094143e+01 +6.250094143e+01 -2.174490586e+02 -2.174490586e+02
2289 +3.970932469e+01 +3.970932469e+01 -2.402406753e+02 -2.402406753e+02
2641 +2.498650930e+01 +2.498650930e+01 -2.549634907e+02 -2.549634907e+02
2929 +1.553890012e+01 +1.553890012e+01 -2.644110999e+02 -2.644110999e+02
3378 +9.966873676e+00 +9.966873676e+00 -2.699831263e+02 -2.699831263e+02
% function evaluation | noise-free fitness - Fopt (9.319900000000e+02) | best noise-free fitness - Fopt | measured fitness | best measured fitness | x1 | x2...
1 +4.818060762e+03 +4.818060762e+03 +5.750050762e+03 +5.750050762e+03
272 +3.886440348e+03 +3.886440348e+03 +4.818430348e+03 +4.818430348e+03
564 +2.356653879e+03 +2.356653879e+03 +3.288643879e+03 +3.288643879e+03
716 +1.536579650e+03 +1.536579650e+03 +2.468569650e+03 +2.468569650e+03
862 +9.610652232e+02 +9.610652232e+02 +1.893055223e+03 +1.893055223e+03
1151 +6.254397455e+02 +6.254397455e+02 +1.557429745e+03 +1.557429745e+03
1381 +3.946525090e+02 +3.946525090e+02 +1.326642509e+03 +1.326642509e+03
1585 +2.371093869e+02 +2.371093869e+02 +1.169099387e+03 +1.169099387e+03
1698 +1.523025464e+02 +1.523025464e+02 +1.084292546e+03 +1.084292546e+03
1850 +9.835153864e+01 +9.835153864e+01 +1.030341539e+03 +1.030341539e+03
2137 +6.288633162e+01 +6.288633162e+01 +9.948763316e+02 +9.948763316e+02
2278 +3.937412748e+01 +3.937412748e+01 +9.713641275e+02 +9.713641275e+02
2502 +2.452609424e+01 +2.452609424e+01 +9.565160942e+02 +9.565160942e+02
2727 +1.565020763e+01 +1.565020763e+01 +9.476402076e+02 +9.476402076e+02
2980 +9.605097944e+00 +9.605097944e+00 +9.415950979e+02 +9.415950979e+02
3279 +6.300533993e+00 +6.300533993e+00 +9.382905340e+02 +9.382905340e+02
3584 +3.978335050e+00 +3.978335050e+00 +9.359683351e+02 +9.359683351e+02
4746 +2.510331753e+00 +2.510331753e+00 +9.345003318e+02 +9.345003318e+02
% function evaluation | noise-free fitness - Fopt (1.133100000000e+02) | best noise-free fitness - Fopt | measured fitness | best measured fitness | x1 | x2...
1 +4.537539282e+03 +4.537539282e+03 +4.650849282e+03 +4.650849282e+03
257 +3.879347051e+03 +3.879347051e+03 +3.992657051e+03 +3.992657051e+03
491 +2.508546612e+03 +2.508546612e+03 +2.621856612e+03 +2.621856612e+03
649 +1.578904071e+03 +1.578904071e+03 +1.692214071e+03 +1.692214071e+03
932 +9.644596914e+02 +9.644596914e+02 +1.077769691e+03 +1.077769691e+03
1108 +6.216627408e+02 +6.216627408e+02 +7.349727408e+02 +7.349727408e+02
1311 +3.971282562e+02 +3.971282562e+02 +5.104382562e+02 +5.104382562e+02
1473 +2.486370521e+02 +2.486370521e+02 +3.619470521e+02 +3.619470521e+02
1690 +1.566085270e+02 +1.566085270e+02 +2.699185270e+02 +2.699185270e+02
1997 +9.936655605e+01 +9.936655605e+01 +2.126765561e+02 +2.126765561e+02
2228 +6.285462721e+01 +6.285462721e+01 +1.761646272e+02 +1.761646272e+02
2451 +3.978267643e+01 +3.978267643e+01 +1.530926764e+02 +1.530926764e+02
2718 +2.435718702e+01 +2.435718702e+01 +1.376671870e+02 +1.376671870e+02
3039 +1.582290417e+01 +1.582290417e+01 +1.291329042e+02 +1.291329042e+02
3472 +9.950169142e+00 +9.950169142e+00 +1.232601691e+02 +1.232601691e+02
% function evaluation | noise-free fitness - Fopt (-2.879000000000e+01) | best noise-free fitness - Fopt | measured fitness | best measured fitness | x1 | x2...
1 +5.047194051e+03 +5.047194051e+03 +5.018404051e+03 +5.018404051e+03
320 +3.952056931e+03 +3.952056931e+03 +3.923266931e+03 +3.923266931e+03
411 +2.332872742e+03 +2.332872742e+03 +2.304082742e+03 +2.304082742e+03
754 +1.542523875e+03 +1.542523875e+03 +1.513733875e+03 +1.513733875e+03
917 +9.795786873e+02 +9.795786873e+02 +9.507886873e+02 +9.507886873e+02
1090 +6.172396988e+02 +6.172396988e+02 +5.884496988e+02 +5.884496988e+02
1328 +3.829237042e+02 +3.829237042e+02 +3.541337042e+02 +3.541337042e+02
1477 +2.423784518e+02 +2.423784518e+02 +2.135884518e+02 +2.135884518e+02
1756 +1.545016700e+02 +1.545016700e+02 +1.257116700e+02 +1.257116700e+02
1920 +9.809854097e+01 +9.809854097e+01 +6.930854097e+01 +6.930854097e+01
2080 +6.284611412e+01 +6.284611412e+01 +3.405611412e+01 +3.405611412e+01
2304 +3.895596634e+01 +3.895596634e+01 +1.016596634e+01 +1.016596634e+01
2505 +2.424521346e+01 +2.424521346e+01 -4.544786536e+00 -4.544786536e+00
2766 +1.522046210e+01 +1.522046210e+01 -1.356953790e+01 -1.356953790e+01
3006 +9.739406193e+00 +9.739406193e+00 -1.905059381e+01 -1.905059381e+01
3366 +6.291285529e+00 +6.291285529e+00 -2.249871447e+01 -2.249871447e+01
3757 +3.975704143e+00 +3.975704143e+00 -2.481429586e+01 -2.481429586e+01
% function evaluation | noise-free fitness - Fopt (3.588000000000e+01) | best noise-free fitness - Fopt | measured fitness | best measured fitness | x1 | x2...
1 +4.588163341e+03 +4.588163341e+03 +4.624043341e+03 +4.624043341e+03
259 +3.785540903e+03 +3.785540903e+03 +3.821420903e+03 +3.821420903e+03
440 +2.470113133e+03 +2.470113133e+03 +2.505993133e+03 +2.505993133e+03
763 +1.487677290e+03 +1.487677290e+03 +1.523557290e+03 +1.523557290e+03
984 +9.612348625e+02 +9.612348625e+02 +9.971148625e+02 +9.971148625e+02
1142 +5.987652819e+02 +5.987652819e+02 +6.346452819e+02 +6.346452819e+02
1349 +3.849638096e+02 +3.849638096e+02 +4.208438096e+02 +4.208438096e+02
1570 +2.481648596e+02 +2.481648596e+02 +2.840448596e+02 +2.840448596e+02
1729 +1.567036866e+02 +1.567036866e+02 +1.925836866e+02 +1.925836866e+02
1959 +9.627077484e+01 +9.627077484e+01 +1.321507748e+02 +1.321507748e+02
2247 +6.244061419e+01 +6.244061419e+01 +9.832061419e+01 +9.832061419e+01
2415 +3.933982533e+01 +3.933982533e+01 +7.521982533e+01 +7.521982533e+01
2736 +2.420107742e+01 +2.420107742e+01 +6.008107742e+01 +6.008107742e+01
2969 +1.563331156e+01 +1.563331156e+01 +5.151331156e+01 +5.151331156e+01
3208 +9.957978388e+00 +9.957978388e+00 +4.583797839e+01 +4.583797839e+01
3412 +6.230110002e+00 +6.230110002e+00 +4.211011000e+01 +4.211011000e+01
3883 +3.980843705e+00 +3.980843705e+00 +3.986084371e+01 +3.986084371e+01
% function evaluation | noise-free fitness - Fopt (2.392000000000e+01) | best noise-free fitness - Fopt | measured fitness | best measured fitness | x1 | x2...
1 +4.076973225e+03 +4.076973225e+03 +4.100893225e+03 +4.100893225e+03
166 +3.969467932e+03 +3.969467932e+03 +3.993387932e+03 +3.993387932e+03
396 +2.400883596e+03 +2.400883596e+03 +2.424803596e+03 +2.424803596e+03
642 +1.537146993e+03 +1.537146993e+03 +1.561066993e+03 +1.561066993e+03
895 +9.510848783e+02 +9.510848783e+02 +9.750048783e+02 +9.750048783e+02
1046 +6.309096535e+02 +6.309096535e+02 +6.548296535e+02 +6.548296535e+02
1253 +3.939487829e+02 +3.939487829e+02 +4.178687829e+02 +4.178687829e+02
1554 +2.440327985e+02 +2.440327985e+02 +2.679527985e+02 +2.679527985e+02
1794 +1.503490525e+02 +1.503490525e+02 +1.742690525e+02 +1.742690525e+02
1934 +9.995412457e+01 +9.995412457e+01 +1.238741246e+02 +1.238741246e+02
2107 +6.101344191e+01 +6.101344191e+01 +8.493344191e+01 +8.493344191e+01
2383 +3.957641470e+01 +3.957641470e+01 +6.349641470e+01 +6.349641470e+01
2550 +2.502736716e+01 +2.502736716e+01 +4.894736716e+01 +4.894736716e+01
2784 +1.529160092e+01 +1.529160092e+01 +3.921160092e+01 +3.921160092e+01
3017 +9.905556754e+00 +9.905556754e+00 +3.382555675e+01 +3.382555675e+01
3199 +6.078460806e+00 +6.078460806e+00 +2.999846081e+01 +2.999846081e+01
3406 +3.913239844e+00 +3.913239844e+00 +2.783323984e+01 +2.783323984e+01
3603 +2.498097523e+00 +2.498097523e+00 +2.641809752e+01 +2.641809752e+01
3981 +1.584695224e+00 +1.584695224e+00 +2.550469522e+01 +2.550469522e+01
4530 +9.957181291e-01 +9.957181291e-01 +2.491571813e+01 +2.491571813e+01
% function evaluation | noise-free fitness - Fopt (6.507500000000e+02) | best noise-free fitness - Fopt | measured fitness | best measured fitness | x1 | x2...
1 +4.693092587e+03 +4.693092587e+03 +5.343842587e+03 +5.343842587e+03
255 +3.880963175e+03 +3.880963175e+03 +4.531713175e+03 +4.531713175e+03
481 +2.461733391e+03 +2.461733391e+03 +3.112483391e+03 +3.112483391e+03
663 +1.555164103e+03 +1.555164103e+03 +2.205914103e+03 +2.205914103e+03
955 +9.674444070e+02 +9.674444070e+02 +1.618194407e+03 +1.618194407e+03
1041 +6.164777230e+02 +6.164777230e+02 +1.267227723e+03 +1.267227723e+03
1311 +3.930072302e+02 +3.930072302e+02 +1.043757230e+03 +1.043757230e+03
1571 +2.380164953e+02 +2.380164953e+02 +8.887664953e+02 +8.887664953e+02
1789 +1.571027713e+02 +1.571027713e+02 +8.078527713e+02 +8.078527713e+02
2065 +9.663694821e+01 +9.663694821e+01 +7.473869482e+02 +7.473869482e+02
2259 +6.123779315e+01 +6.123779315e+01 +7.119877932e+02 +7.119877932e+02
2482 +3.940986688e+01 +3.940986688e+01 +6.901598669e+02 +6.901598669e+02
2805 +2.471992877e+01 +2.471992877e+01 +6.754699288e+02 +6.754699288e+02
3032 +1.583817211e+01 +1.583817211e+01 +6.665881721e+02 +6.665881721e+02
3280 +9.655583199e+00 +9.655583199e+00 +6.604055832e+02 +6.604055832e+02
3642 +6.206516724e+00 +6.206516724e+00 +6.569565167e+02 +6.569565167e+02
% function evaluation | noise-free fitness - Fopt (3.808600000000e+02) | best noise-free fitness - Fopt | measured fitness | best measured fitness | x1 | x2...
1 +3.796716148e+03 +3.796716148e+03 +4.177576148e+03 +4.177576148e+03
436 +2.471155702e+03 +2.471155702e+03 +2.852015702e+03 +2.852015702e+03
647 +1.536171483e+03 +1.536171483e+03 +1.917031483e+03 +1.917031483e+03
881 +9.897464555e+02 +9.897464555e+02 +1.370606455e+03 +1.370606455e+03
959 +6.186249516e+02 +6.186249516e+02 +9.994849516e+02 +9.994849516e+02
1114 +3.932494957e+02 +3.932494957e+02 +7.741094957e+02 +7.741094957e+02
1374 +2.361768891e+02 +2.361768891e+02 +6.170368891e+02 +6.170368891e+02
1552 +1.572235599e+02 +1.572235599e+02 +5.380835599e+02 +5.380835599e+02
1746 +9.755739949e+01 +9.755739949e+01 +4.784173995e+02 +4.784173995e+02
1932 +6.107395776e+01 +6.107395776e+01 +4.419339578e+02 +4.419339578e+02
2142 +3.969509341e+01 +3.969509341e+01 +4.205550934e+02 +4.205550934e+02
2257 +2.491694654e+01 +2.491694654e+01 +4.057769465e+02 +4.057769465e+02
2503 +1.578250928e+01 +1.578250928e+01 +3.966425093e+02 +3.966425093e+02
2563 +9.854187220e+00 +9.854187220e+00 +3.907141872e+02 +3.907141872e+02
2863 +6.260918681e+00 +6.260918681e+00 +3.871209187e+02 +3.871209187e+02
3053 +3.923072241e+00 +3.923072241e+00 +3.847830722e+02 +3.847830722e+02
3292 +2.487286798e+00 +2.487286798e+00 +3.833472868e+02 +3.833472868e+02
3436 +1.533164332e+00 +1.533164332e+00 +3.823931643e+02 +3.823931643e+02
3656 +9.972821399e-01 +9.972821399e-01 +3.818572821e+02 +3.818572821e+02
3791 +6.196426542e-01 +6.196426542e-01 +3.814796427e+02 +3.814796427e+02
3994 +3.888710561e-01 +3.888710561e-01 +3.812488711e+02 +3.812488711e+02
4241 +2.498690809e-01 +2.498690809e-01 +3.811098691e+02 +3.811098691e+02
4482 +1.575021754e-01 +1.575021754e-01 +3.810175022e+02 +3.810175022e+02
4698 +9.916747298e-02 +9.916747298e-02 +3.809591675e+02 +3.809591675e+02
5034 +6.278602835e-02 +6.278602835e-02 +3.809227860e+02 +3.809227860e+02
5460 +3.967444411e-02 +3.967444411e-02 +3.808996744e+02 +3.808996744e+02
% function evaluation | noise-free fitness - Fopt (-2.282700000000e+02) | best noise-free fitness - Fopt | measured fitness | best measured fitness | x1 | x2...
1 +3.692136621e+03 +3.692136621e+03 +3.463866621e+03 +3.463866621e+03
424 +2.461132314e+03 +2.461132314e+03 +2.232862314e+03 +2.232862314e+03
657 +1.482019891e+03 +1.482019891e+03 +1.253749891e+03 +1.253749891e+03
864 +9.968029148e+02 +9.968029148e+02 +7.685329148e+02 +7.685329148e+02
1062 +6.307235925e+02 +6.307235925e+02 +4.024535925e+02 +4.024535925e+02
1338 +3.961742961e+02 +3.961742961e+02 +1.679042961e+02 +1.679042961e+02
1548 +2.456028798e+02 +2.456028798e+02 +1.733287979e+01 +1.733287979e+01
1731 +1.571455666e+02 +1.571455666e+02 -7.112443344e+01 -7.112443344e+01
1900 +9.357912164e+01 +9.357912164e+01 -1.346908784e+02 -1.346908784e+02
2064 +5.933089829e+01 +5.933089829e+01 -1.689391017e+02 -1.689391017e+02
2230 +3.717834536e+01 +3.717834536e+01 -1.910916546e+02 -1.910916546e+02
2351 +2.233669864e+01 +2.233669864e+01 -2.059333014e+02 -2.059333014e+02
2545 +1.513189004e+01 +1.513189004e+01 -2.131381100e+02 -2.131381100e+02
2796 +9.753463839e+00 +9.753463839e+00 -2.185165362e+02 -2.185165362e+02
3022 +6.299181833e+00 +6.299181833e+00 -2.219708182e+02 -2.219708182e+02
3353 +3.979765066e+00 +3.979765066e+00 -2.242902349e+02 -2.242902349e+02
4004 +2.503053879e+00 +2.503053879e+00 -2.257669461e+02 -2.257669461e+02
% function evaluation | noise-free fitness - Fopt (1.000000000000e+03) | best noise-free fitness - Fopt | measured fitness | best measured fitness | x1 | x2...
1 +5.138163957e+03 +5.138163957e+03 +6.138163957e+03 +6.138163957e+03
212 +3.362994207e+03 +3.362994207e+03 +4.362994207e+03 +4.362994207e+03
544 +2.431029821e+03 +2.431029821e+03 +3.431029821e+03 +3.431029821e+03
704 +1.578192773e+03 +1.578192773e+03 +2.578192773e+03 +2.578192773e+03
881 +9.986547566e+02 +9.986547566e+02 +1.998654757e+03 +1.998654757e+03
1105 +6.095567385e+02 +6.095567385e+02 +1.609556738e+03 +1.609556738e+03
1246 +3.895350472e+02 +3.895350472e+02 +1.389535047e+03 +1.389535047e+03
1518 +2.418670200e+02 +2.418670200e+02 +1.241867020e+03 +1.241867020e+03
1680 +1.526535716e+02 +1.526535716e+02 +1.152653572e+03 +1.152653572e+03
1867 +9.567607835e+01 +9.567607835e+01 +1.095676078e+03 +1.095676078e+03
2109 +6.284970097e+01 +6.284970097e+01 +1.062849701e+03 +1.062849701e+03
2287 +3.888692208e+01 +3.888692208e+01 +1.038886922e+03 +1.038886922e+03
2710 +2.507138356e+01 +2.507138356e+01 +1.025071384e+03 +1.025071384e+03
3780 +1.584007043e+01 +1.584007043e+01 +1.015840070e+03 +1.015840070e+03
% function evaluation | noise-free fitness - Fopt (6.551000000000e+01) | best noise-free fitness - Fopt | measured fitness | best measured fitness | x1 | x2...
1 +3.793582156e+03 +3.793582156e+03 +3.859092156e+03 +3.859092156e+03
436 +2.427360889e+03 +2.427360889e+03 +2.492870889e+03 +2.492870889e+03
644 +1.560910153e+03 +1.560910153e+03 +1.626420153e+03 +1.626420153e+03
853 +9.761271183e+02 +9.761271183e+02 +1.041637118e+03 +1.041637118e+03
1045 +5.915770583e+02 +5.915770583e+02 +6.570870583e+02 +6.570870583e+02
1317 +3.790587200e+02 +3.790587200e+02 +4.445687200e+02 +4.445687200e+02
1440 +2.463312748e+02 +2.463312748e+02 +3.118412748e+02 +3.118412748e+02
1574 +1.453725679e+02 +1.453725679e+02 +2.108825679e+02 +2.108825679e+02
1758 +9.913260213e+01 +9.913260213e+01 +1.646426021e+02 +1.646426021e+02
1994 +6.260235588e+01 +6.260235588e+01 +1.281123559e+02 +1.281123559e+02
2176 +3.728730382e+01 +3.728730382e+01 +1.027973038e+02 +1.027973038e+02
2338 +2.457669266e+01 +2.457669266e+01 +9.008669266e+01 +9.008669266e+01
2591 +1.540797435e+01 +1.540797435e+01 +8.091797435e+01 +8.091797435e+01
2836 +9.811943825e+00 +9.811943825e+00 +7.532194383e+01 +7.532194383e+01
3101 +6.084914828e+00 +6.084914828e+00 +7.159491483e+01 +7.159491483e+01
3438 +3.963603380e+00 +3.963603380e+00 +6.947360338e+01 +6.947360338e+01
3889 +2.510965075e+00 +2.510965075e+00 +6.802096507e+01 +6.802096507e+01
% function evaluation | noise-free fitness - Fopt (-1.028600000000e+02) | best noise-free fitness - Fopt | measured fitness | best measured fitness | x1 | x2...
1 +4.445782224e+03 +4.445782224e+03 +4.342922224e+03 +4.342922224e+03
234 +3.537512457e+03 +3.537512457e+03 +3.434652457e+03 +3.434652457e+03
349 +2.431721420e+03 +2.431721420e+03 +2.328861420e+03 +2.328861420e+03
545 +1.560089855e+03 +1.560089855e+03 +1.457229855e+03 +1.457229855e+03
794 +9.965441375e+02 +9.965441375e+02 +8.936841375e+02 +8.936841375e+02
1044 +6.027424355e+02 +6.027424355e+02 +4.998824355e+02 +4.998824355e+02
1248 +3.732396520e+02 +3.732396520e+02 +2.703796520e+02 +2.703796520e+02
1434 +2.412740169e+02 +2.412740169e+02 +1.384140169e+02 +1.384140169e+02
1661 +1.580978659e+02 +1.580978659e+02 +5.523786587e+01 +5.523786587e+01
1923 +9.836101968e+01 +9.836101968e+01 -4.498980320e+00 -4.498980320e+00
2123 +6.069650675e+01 +6.069650675e+01 -4.216349325e+01 -4.216349325e+01
2423 +3.944510020e+01 +3.944510020e+01 -6.341489980e+01 -6.341489980e+01
2690 +2.484518547e+01 +2.484518547e+01 -7.801481453e+01 -7.801481453e+01
3199 +1.574297513e+01 +1.574297513e+01 -8.711702487e+01 -8.711702487e+01
% function evaluation | noise-free fitness - Fopt (-1.787700000000e+02) | best noise-free fitness - Fopt | measured fitness | best measured fitness | x1 | x2...
1 +4.150319079e+03 +4.150319079e+03 +3.971549079e+03 +3.971549079e+03
228 +3.873068413e+03 +3.873068413e+03 +3.694298413e+03 +3.694298413e+03
487 +2.488920239e+03 +2.488920239e+03 +2.310150239e+03 +2.310150239e+03
723 +1.565757642e+03 +1.565757642e+03 +1.386987642e+03 +1.386987642e+03
936 +9.979018281e+02 +9.979018281e+02 +8.191318281e+02 +8.191318281e+02
1104 +6.113496356e+02 +6.113496356e+02 +4.325796356e+02 +4.325796356e+02
1251 +3.955034762e+02 +3.955034762e+02 +2.167334762e+02 +2.167334762e+02
1461 +2.505271854e+02 +2.505271854e+02 +7.175718539e+01 +7.175718539e+01
1699 +1.582058755e+02 +1.582058755e+02 -2.056412449e+01 -2.056412449e+01
1934 +9.996482905e+01 +9.996482905e+01 -7.880517095e+01 -7.880517095e+01
2132 +6.294724933e+01 +6.294724933e+01 -1.158227507e+02 -1.158227507e+02
2330 +3.923612292e+01 +3.923612292e+01 -1.395338771e+02 -1.395338771e+02
2480 +2.484867677e+01 +2.484867677e+01 -1.539213232e+02 -1.539213232e+02
2653 +1.567368157e+01 +1.567368157e+01 -1.630963184e+02 -1.630963184e+02
2950 +9.767656434e+00 +9.767656434e+00 -1.690023436e+02 -1.690023436e+02
3108 +6.248597900e+00 +6.248597900e+00 -1.725214021e+02 -1.725214021e+02
3264 +3.704549074e+00 +3.704549074e+00 -1.750654509e+02 -1.750654509e+02
3355 +2.503907919e+00 +2.503907919e+00 -1.762660921e+02 -1.762660921e+02
3639 +1.519415604e+00 +1.519415604e+00 -1.772505844e+02 -1.772505844e+02
3831 +9.581681259e-01 +9.581681259e-01 -1.778118319e+02 -1.778118319e+02
4069 +6.054427088e-01 +6.054427088e-01 -1.781645573e+02 -1.781645573e+02
4248 +3.927732215e-01 +3.927732215e-01 -1.783772268e+02 -1.783772268e+02
4416 +2.471299112e-01 +2.471299112e-01 -1.785228701e+02 -1.785228701e+02
4610 +1.570904459e-01 +1.570904459e-01 -1.786129096e+02 -1.786129096e+02
4909 +9.946440838e-02 +9.946440838e-02 -1.786705356e+02 -1.786705356e+02
5122 +6.298419062e-02 +6.298419062e-02 -1.787070158e+02 -1.787070158e+02
5580 +3.936113885e-02 +3.936113885e-02 -1.787306389e+02 -1.787306389e+02
6587 +2.511712407e-02 +2.511712407e-02 -1.787448829e+02 -1.787448829e+02
