% function evaluation | noise-free fitness - Fopt (-5.235000000000e+01) | best noise-free fitness - Fopt | measured fitness | best measured fitness | x1 | x2...
1 +7.774068784e+01 +7.774068784e+01 +2.539068784e+01 +2.539068784e+01 +0.0000e+00 +0.0000e+00 +0.0000e+00 +0.0000e+00 +0.0000e+00 +0.0000e+00 +0.0000e+00 +0.0000e+00 +0.0000e+00 +0.0000e+00
2 +5.913218822e+01 +5.913218822e+01 +6.782188224e+00 +6.782188224e+00 +8.9627e-01 +1.9016e-01 +4.3528e-02 +1.1562e-02 +3.2171e-01 +7.6753e-01 +5.9383e-02 +5.0269e-01 +2.7520e-01 +2.0456e-01
11 +5.263908960e+01 +5.263908960e+01 +2.890895967e-01 +2.890895967e-01 +8.2612e-01 +9.3165e-01 +6.9262e-01 +6.4176e-01 +7.7457e-01 +8.8292e-01 +2.1633e-01 +4.4200e-01 +5.8486e-01 +6.8532e-02
41 +4.786949536e+01 +4.786949536e+01 -4.480504635e+00 -4.480504635e+00 +7.5330e-01 +9.0500e-01 +7.0563e-02 +9.8228e-01 +9.8328e-01 +5.1681e-01 +6.1049e-02 +7.2469e-01 +7.1626e-01 +1.8852e-01
61 +4.695225393e+01 +4.695225393e+01 -5.397746065e+00 -5.397746065e+00 +4.2787e-01 +3.5339e-01 +5.8066e-01 +4.8199e-01 +7.4459e-01 +8.9408e-01 +5.4380e-02 +2.7423e-02 +9.9644e-01 +1.4142e-01
355 +4.484271713e+01 +4.484271713e+01 -7.507282866e+00 -7.507282866e+00 +1.1712e-01 +6.1390e-01 +3.3798e-01 +3.7437e-01 +4.9347e-01 +9.2569e-01 +1.2895e-01 +8.5383e-01 +9.8513e-01 +3.9393e-01
477 +4.422978041e+01 +4.422978041e+01 -8.120219591e+00 -8.120219591e+00 +5.0092e-02 +8.8680e-01 +5.7704e-01 +7.0527e-01 +2.7190e-01 +6.0689e-01 +1.5756e-02 +9.6867e-01 +9.6758e-01 +1.2293e-01
1526 +4.259522741e+01 +4.259522741e+01 -9.754772588e+00 -9.754772588e+00 +9.4484e-01 +5.9018e-01 +6.0459e-02 +1.9587e-01 +2.7190e-01 +6.0689e-01 +1.5756e-02 +9.6867e-01 +9.6758e-01 +1.2293e-01
2738 +4.082373546e+01 +4.082373546e+01 -1.152626454e+01 -1.152626454e+01 +2.9833e-01 +7.4289e-01 +3.8531e-01 +8.0776e-02 +5.8943e-01 +9.8927e-01 +1.0150e-01 +7.4702e-01 +9.4549e-01 +1.4213e-01
7380 +4.068485946e+01 +4.068485946e+01 -1.166514054e+01 -1.166514054e+01 +7.1093e-01 +6.7465e-01 +2.9479e-01 +8.0776e-02 +5.8943e-01 +9.8927e-01 +1.0150e-01 +7.4702e-01 +9.4549e-01 +1.4213e-01
14332 +3.931009466e+01 +3.931009466e+01 -1.303990534e+01 -1.303990534e+01 +7.1093e-01 +6.7465e-01 +2.9479e-01 +8.0776e-02 +5.8943e-01 +9.8927e-01 +1.0150e-01 +7.4702e-01 +9.4685e-01 +9.6908e-03
25817 +3.809303861e+01 +3.809303861e+01 -1.425696139e+01 -1.425696139e+01 +2.7094e-01 +9.8189e-01 +2.9479e-01 +6.5809e-01 +8.0401e-01 +9.5098e-01 +5.7599e-02 +8.6174e-01 +9.4685e-01 +9.6908e-03
30226 +3.784404730e+01 +3.784404730e+01 -1.450595270e+01 -1.450595270e+01 +9.6350e-01 +9.8189e-01 +2.9479e-01 +6.5809e-01 +8.0401e-01 +9.5098e-01 +5.7599e-02 +8.6174e-01 +9.4685e-01 +9.6908e-03
60654 +3.712188345e+01 +3.712188345e+01 -1.522811655e+01 -1.522811655e+01 +7.1117e-01 +5.4987e-01 +1.8123e-01 +3.3338e-01 +9.8459e-01 +9.5098e-01 +5.7599e-02 +8.9139e-01 +9.7423e-01 +1.7527e-02
69197 +3.599932955e+01 +3.599932955e+01 -1.635067045e+01 -1.635067045e+01 +2.5854e-01 +9.8645e-01 +1.8123e-01 +3.3338e-01 +9.8459e-01 +9.5098e-01 +5.7599e-02 +8.9139e-01 +9.7423e-01 +1.7527e-02
89680 +3.457107597e+01 +3.457107597e+01 -1.777892403e+01 -1.777892403e+01 +8.8938e-01 +9.9247e-01 +7.1231e-02 +3.9265e-02 +7.7679e-01 +9.9066e-01 +1.4971e-02 +9.4435e-01 +9.7423e-01 +1.7527e-02
% function evaluation | noise-free fitness - Fopt (-1.795400000000e+02) | best noise-free fitness - Fopt | measured fitness | best measured fitness | x1 | x2...
1 +7.941703082e+01 +7.941703082e+01 -1.001229692e+02 -1.001229692e+02 +0.0000e+00 +0.0000e+00 +0.0000e+00 +0.0000e+00 +0.0000e+00 +0.0000e+00 +0.0000e+00 +0.0000e+00 +0.0000e+00 +0.0000e+00
2 +5.689117764e+01 +5.689117764e+01 -1.226488224e+02 -1.226488224e+02 +6.9289e-01 +1.9776e-01 +4.0924e-01 +3.7958e-01 +4.2148e-01 +8.6230e-01 +7.3881e-01 +8.2375e-01 +9.2727e-01 +6.8840e-01
6 +5.358489840e+01 +5.358489840e+01 -1.259551016e+02 -1.259551016e+02 +1.2953e-01 +7.0952e-01 +7.0140e-02 +4.4817e-01 +1.7293e-01 +3.5838e-01 +7.7918e-01 +9.9234e-01 +5.5144e-02 +1.7671e-01
21 +4.957183335e+01 +4.957183335e+01 -1.299681667e+02 -1.299681667e+02 +1.2142e-01 +6.9323e-01 +2.0048e-01 +8.1887e-01 +3.0524e-01 +9.4799e-01 +7.9102e-01 +9.8845e-01 +6.6964e-01 +3.0001e-01
28 +4.619203201e+01 +4.619203201e+01 -1.333479680e+02 -1.333479680e+02 +1.2099e-01 +1.7405e-01 +6.9626e-02 +7.6581e-01 +7.7498e-01 +2.6398e-01 +3.2191e-01 +8.2399e-01 +4.4909e-01 +1.2467e-01
108 +4.565929234e+01 +4.565929234e+01 -1.338807077e+02 -1.338807077e+02 +2.5884e-02 +4.1951e-01 +1.7692e-02 +5.2187e-01 +4.8753e-01 +1.3407e-01 +5.8862e-01 +9.1616e-01 +6.2058e-01 +1.8180e-02
701 +4.178656647e+01 +4.178656647e+01 -1.377534335e+02 -1.377534335e+02 +4.7960e-01 +1.6193e-02 +3.7529e-01 +7.1102e-01 +9.1746e-01 +7.5929e-01 +8.6988e-01 +9.5664e-01 +9.6390e-01 +5.5549e-01
5402 +4.042079713e+01 +4.042079713e+01 -1.391192029e+02 -1.391192029e+02 +4.7960e-01 +1.6193e-02 +3.7529e-01 +7.1102e-01 +9.1746e-01 +8.6697e-02 +8.6988e-01 +9.5664e-01 +3.6323e-01 +3.0790e-02
9449 +3.978475001e+01 +3.978475001e+01 -1.397552500e+02 -1.397552500e+02 +6.7064e-01 +4.4570e-02 +2.7817e-01 +9.7745e-01 +9.5159e-01 +6.0624e-02 +8.7927e-01 +9.9234e-01 +4.1402e-01 +2.2779e-01
10273 +3.772228791e+01 +3.772228791e+01 -1.418177121e+02 -1.418177121e+02 +5.1885e-02 +1.6193e-02 +3.7529e-01 +7.1102e-01 +9.1746e-01 +8.6697e-02 +8.6988e-01 +9.5664e-01 +3.6323e-01 +3.0790e-02
22771 +3.673546151e+01 +3.673546151e+01 -1.428045385e+02 -1.428045385e+02 +3.3938e-01 +7.6411e-02 +1.4226e-01 +8.0276e-01 +9.1480e-01 +6.8446e-01 +9.8486e-01 +9.9406e-01 +4.2056e-01 +8.3620e-02
25737 +3.546581128e+01 +3.546581128e+01 -1.440741887e+02 -1.440741887e+02 +2.8708e-01 +1.2642e-02 +1.0070e-01 +8.0276e-01 +9.1480e-01 +6.8446e-01 +9.8486e-01 +9.9406e-01 +4.2056e-01 +8.3620e-02
28186 +3.397794979e+01 +3.397794979e+01 -1.455620502e+02 -1.455620502e+02 +2.8708e-01 +1.2642e-02 +1.0070e-01 +8.0276e-01 +9.1480e-01 +6.8446e-01 +9.8486e-01 +9.9406e-01 +9.9038e-01 +1.5069e-01
43767 +3.364650283e+01 +3.364650283e+01 -1.458934972e+02 -1.458934972e+02 +2.8708e-01 +1.2642e-02 +1.0070e-01 +8.0276e-01 +9.1480e-01 +6.8446e-01 +9.8486e-01 +9.9406e-01 +9.9038e-01 +8.3620e-02
57870 +3.287240903e+01 +3.287240903e+01 -1.466675910e+02 -1.466675910e+02 +1.8230e-01 +1.2983e-02 +1.4278e-01 +8.4493e-01 +9.6848e-01 +6.8446e-01 +9.8486e-01 +9.9406e-01 +9.9038e-01 +8.3620e-02
84542 +3.183982873e+01 +3.183982873e+01 -1.477001713e+02 -1.477001713e+02 +1.5494e-01 +1.6193e-02 +1.7692e-02 +8.0276e-01 +9.1746e-01 +4.2467e-01 +9.8486e-01 +9.9406e-01 +9.9038e-01 +3.2785e-03
85683 +3.154186173e+01 +3.154186173e+01 -1.479981383e+02 -1.479981383e+02 +1.2011e-03 +1.2983e-02 +1.4278e-01 +8.4493e-01 +9.6848e-01 +6.8446e-01 +9.8486e-01 +9.9406e-01 +9.9038e-01 +3.2785e-03
% function evaluation | noise-free fitness - Fopt (7.731000000000e+01) | best noise-free fitness - Fopt | measured fitness | best measured fitness | x1 | x2...
1 +2.208590858e+01 +2.208590858e+01 +9.939590858e+01 +9.939590858e+01 +0.0000e+00 +0.0000e+00 +0.0000e+00 +0.0000e+00 +0.0000e+00 +0.0000e+00 +0.0000e+00 +0.0000e+00 +0.0000e+00 +0.0000e+00
3 +2.157172270e+01 +2.157172270e+01 +9.888172270e+01 +9.888172270e+01 +8.8742e-01 +8.8370e-01 +9.2521e-01 +4.0232e-01 +7.3039e-01 +3.5051e-01 +6.4363e-01 +1.3626e-01 +8.0111e-01 +3.3135e-01
30 +1.918983982e+01 +1.918983982e+01 +9.649983982e+01 +9.649983982e+01 +6.9788e-01 +2.3329e-01 +8.1945e-01 +7.0890e-01 +8.2134e-01 +4.6593e-03 +4.5651e-01 +4.0591e-02 +9.2372e-01 +8.1600e-01
105 +1.816730008e+01 +1.816730008e+01 +9.547730008e+01 +9.547730008e+01 +5.4860e-01 +5.8649e-02 +4.7509e-01 +1.1522e-01 +9.7111e-01 +3.5503e-01 +4.8489e-02 +4.0490e-02 +1.0241e-01 +9.9631e-01
154 +1.676726544e+01 +1.676726544e+01 +9.407726544e+01 +9.407726544e+01 +6.2337e-01 +1.5569e-02 +1.8834e-01 +3.1755e-01 +6.5201e-01 +4.0249e-03 +2.4450e-01 +1.3565e-01 +5.7655e-01 +8.3955e-01
2622 +1.654221821e+01 +1.654221821e+01 +9.385221821e+01 +9.385221821e+01 +9.4114e-01 +4.1647e-01 +1.8834e-01 +3.1755e-01 +6.5201e-01 +4.0249e-03 +2.4450e-01 +1.3565e-01 +9.6838e-01 +4.5320e-01
10253 +1.621367188e+01 +1.621367188e+01 +9.352367188e+01 +9.352367188e+01 +9.8971e-01 +2.8147e-02 +4.7509e-01 +1.1522e-01 +9.0623e-01 +3.6758e-03 +8.3884e-01 +1.3565e-01 +4.6493e-01 +9.3163e-01
21712 +1.584159181e+01 +1.584159181e+01 +9.315159181e+01 +9.315159181e+01 +7.6477e-01 +2.4362e-01 +3.0208e-01 +2.0027e-01 +9.6158e-01 +4.8634e-02 +2.4878e-01 +1.3565e-01 +7.7836e-01 +8.6577e-01
24607 +1.527057771e+01 +1.527057771e+01 +9.258057771e+01 +9.258057771e+01 +9.5482e-01 +6.6120e-01 +1.4326e-01 +7.4096e-02 +9.6158e-01 +4.8634e-02 +2.4878e-01 +1.3565e-01 +7.7836e-01 +8.6577e-01
35845 +1.502239073e+01 +1.502239073e+01 +9.233239073e+01 +9.233239073e+01 +7.0557e-01 +3.3821e-01 +3.3995e-01 +1.0807e-01 +8.1033e-01 +8.1397e-02 +2.3990e-01 +1.1696e-03 +9.3716e-01 +9.9256e-01
37011 +1.439116452e+01 +1.439116452e+01 +9.170116452e+01 +9.170116452e+01 +8.8326e-01 +3.4413e-01 +3.5382e-01 +1.0807e-01 +8.1033e-01 +8.1397e-02 +2.3990e-01 +1.1696e-03 +9.3716e-01 +9.9256e-01
85872 +1.406806107e+01 +1.406806107e+01 +9.137806107e+01 +9.137806107e+01 +9.8971e-01 +1.0247e-02 +2.6787e-01 +1.7026e-01 +9.8914e-01 +1.3642e-01 +3.0064e-01 +1.8542e-02 +7.8042e-01 +9.9256e-01
% function evaluation | noise-free fitness - Fopt (3.992000000000e+01) | best noise-free fitness - Fopt | measured fitness | best measured fitness | x1 | x2...
1 +3.181434307e+01 +3.181434307e+01 +7.173434307e+01 +7.173434307e+01 +0.0000e+00 +0.0000e+00 +0.0000e+00 +0.0000e+00 +0.0000e+00 +0.0000e+00 +0.0000e+00 +0.0000e+00 +0.0000e+00 +0.0000e+00
3 +2.567263883e+01 +2.567263883e+01 +6.559263883e+01 +6.559263883e+01 +4.6358e-01 +2.1408e-01 +3.6162e-01 +6.7289e-01 +2.7880e-02 +7.7590e-01 +1.7886e-01 +6.4109e-01 +8.0176e-01 +6.5365e-01
6 +2.420261758e+01 +2.420261758e+01 +6.412261758e+01 +6.412261758e+01 +5.3447e-01 +5.2090e-01 +8.1909e-01 +5.7871e-02 +5.4654e-01 +6.2544e-01 +4.2907e-01 +9.5776e-01 +1.0893e-01 +9.4201e-01
8 +2.320334362e+01 +2.320334362e+01 +6.312334362e+01 +6.312334362e+01 +4.3160e-01 +8.5475e-01 +9.1165e-01 +3.2132e-01 +1.2837e-01 +5.0539e-01 +9.1778e-01 +3.5210e-01 +9.7968e-01 +6.5517e-01
9 +1.955686579e+01 +1.955686579e+01 +5.947686579e+01 +5.947686579e+01 +5.7954e-01 +2.4911e-02 +9.6968e-01 +5.4056e-02 +4.6532e-01 +6.3527e-01 +1.0598e-02 +8.1156e-01 +9.9183e-01 +3.6006e-01
551 +1.917545197e+01 +1.917545197e+01 +5.909545197e+01 +5.909545197e+01 +2.4401e-02 +5.8490e-01 +8.8247e-01 +1.3715e-02 +1.0506e-03 +9.9171e-02 +3.0965e-01 +6.2652e-01 +8.6030e-01 +2.5742e-01
884 +1.826645819e+01 +1.826645819e+01 +5.818645819e+01 +5.818645819e+01 +4.3500e-02 +4.2092e-01 +9.4197e-01 +5.0144e-02 +6.6435e-02 +7.9459e-01 +7.9271e-01 +9.2313e-01 +5.5603e-01 +6.1789e-01
5500 +1.776119514e+01 +1.776119514e+01 +5.768119514e+01 +5.768119514e+01 +3.1164e-01 +1.8690e-01 +6.3127e-01 +1.0298e-01 +8.1825e-02 +6.0504e-01 +4.7030e-01 +8.6915e-01 +9.0049e-01 +9.4655e-01
16111 +1.614736698e+01 +1.614736698e+01 +5.606736698e+01 +5.606736698e+01 +2.9081e-01 +1.6229e-01 +9.7844e-01 +7.7651e-02 +4.8911e-02 +6.0504e-01 +4.7030e-01 +8.6915e-01 +9.0049e-01 +9.4655e-01
29275 +1.584720165e+01 +1.584720165e+01 +5.576720165e+01 +5.576720165e+01 +1.7111e-01 +4.9428e-02 +9.7844e-01 +7.7651e-02 +4.8911e-02 +6.0504e-01 +4.7030e-01 +8.6915e-01 +9.0049e-01 +9.4655e-01
86925 +1.517834395e+01 +1.517834395e+01 +5.509834395e+01 +5.509834395e+01 +1.7111e-01 +4.9428e-02 +9.6859e-01 +9.7623e-03 +8.7020e-03 +8.6470e-01 +1.3485e-01 +9.4078e-01 +9.5430e-01 +9.8576e-01
% function evaluation | noise-free fitness - Fopt (-5.661000000000e+01) | best noise-free fitness - Fopt | measured fitness | best measured fitness | x1 | x2...
1 +6.971858804e+01 +6.971858804e+01 +1.310858804e+01 +1.310858804e+01 +0.0000e+00 +0.0000e+00 +0.0000e+00 +0.0000e+00 +0.0000e+00 +0.0000e+00 +0.0000e+00 +0.0000e+00 +0.0000e+00 +0.0000e+00
5 +6.269266118e+01 +6.269266118e+01 +6.082661181e+00 +6.082661181e+00 +1.8355e-01 +3.5698e-01 +6.2191e-01 +7.3769e-01 +2.1182e-01 +9.4595e-01 +7.9680e-01 +2.4116e-01 +1.4823e-01 +9.6966e-01
12 +5.964467924e+01 +5.964467924e+01 +3.034679244e+00 +3.034679244e+00 +3.9538e-01 +9.0470e-01 +3.8634e-01 +5.7884e-01 +7.0156e-02 +9.9449e-01 +8.6519e-01 +8.7523e-03 +4.5866e-01 +3.7444e-01
94 +5.820473415e+01 +5.820473415e+01 +1.594734155e+00 +1.594734155e+00 +6.6009e-01 +1.7639e-01 +7.0534e-01 +5.4419e-01 +4.5122e-02 +1.3635e-01 +8.5281e-01 +1.8984e-01 +5.5807e-01 +9.5740e-01
5467 +5.613162651e+01 +5.613162651e+01 -4.783734861e-01 -4.783734861e-01 +5.2601e-01 +5.0947e-01 +5.4015e-01 +2.6796e-01 +1.8844e-01 +1.5311e-01 +9.9187e-01 +1.0457e-02 +5.8242e-02 +2.6575e-01
9273 +5.492964701e+01 +5.492964701e+01 -1.680352991e+00 -1.680352991e+00 +8.6739e-01 +5.0947e-01 +5.4015e-01 +2.6796e-01 +1.8844e-01 +1.5311e-01 +9.9187e-01 +1.0457e-02 +1.1001e-01 +5.0456e-01
16029 +5.349529003e+01 +5.349529003e+01 -3.114709969e+00 -3.114709969e+00 +7.8418e-01 +2.3597e-01 +9.1240e-01 +2.6796e-01 +1.8844e-01 +1.5311e-01 +9.9187e-01 +1.0457e-02 +1.1001e-01 +8.5778e-01
19891 +5.224935701e+01 +5.224935701e+01 -4.360642988e+00 -4.360642988e+00 +6.5871e-01 +2.8276e-01 +8.0109e-01 +4.7489e-01 +8.0451e-02 +6.9335e-02 +9.9187e-01 +1.0457e-02 +1.1001e-01 +8.6006e-01
36290 +5.101185450e+01 +5.101185450e+01 -5.598145496e+00 -5.598145496e+00 +5.9294e-01 +2.0483e-01 +6.2213e-01 +3.7421e-01 +2.4437e-03 +6.9335e-02 +9.9187e-01 +8.7523e-03 +2.7323e-02 +8.6254e-01
60226 +4.961084256e+01 +4.961084256e+01 -6.999157435e+00 -6.999157435e+00 +8.1512e-01 +9.5121e-02 +9.9076e-01 +3.7421e-01 +2.4437e-03 +6.9335e-02 +9.9187e-01 +8.7523e-03 +2.7323e-02 +9.0695e-01
% function evaluation | noise-free fitness - Fopt (-3.745400000000e+02) | best noise-free fitness - Fopt | measured fitness | best measured fitness | x1 | x2...
1 +4.822961763e+01 +4.822961763e+01 -3.263103824e+02 -3.263103824e+02 +0.0000e+00 +0.0000e+00 +0.0000e+00 +0.0000e+00 +0.0000e+00 +0.0000e+00 +0.0000e+00 +0.0000e+00 +0.0000e+00 +0.0000e+00
25 +4.706454195e+01 +4.706454195e+01 -3.274754580e+02 -3.274754580e+02 +2.9152e-01 +5.9879e-01 +8.4268e-03 +3.8615e-01 +2.2975e-01 +1.2368e-01 +7.8730e-01 +9.9640e-01 +8.0620e-01 +2.1493e-01
72 +4.458902614e+01 +4.458902614e+01 -3.299509739e+02 -3.299509739e+02 +1.6016e-01 +5.0430e-01 +8.7192e-01 +1.4680e-01 +2.8329e-02 +9.2976e-01 +8.1533e-01 +8.0932e-01 +5.8758e-01 +3.0246e-01
422 +4.231182112e+01 +4.231182112e+01 -3.322281789e+02 -3.322281789e+02 +1.4857e-01 +6.7239e-01 +2.3185e-02 +4.6494e-02 +4.1218e-02 +5.9548e-01 +9.7346e-01 +8.5684e-01 +2.7142e-01 +6.7414e-01
2732 +3.923773011e+01 +3.923773011e+01 -3.353022699e+02 -3.353022699e+02 +2.1984e-01 +6.7239e-01 +2.3185e-02 +4.6494e-02 +4.1218e-02 +5.9548e-01 +9.7346e-01 +8.5684e-01 +4.3883e-01 +7.1180e-03
7514 +3.878615039e+01 +3.878615039e+01 -3.357538496e+02 -3.357538496e+02 +2.1984e-01 +6.7239e-01 +2.3185e-02 +4.6494e-02 +4.1218e-02 +5.9548e-01 +9.7346e-01 +9.9640e-01 +8.0620e-01 +2.1493e-01
9274 +3.734613034e+01 +3.734613034e+01 -3.371938697e+02 -3.371938697e+02 +9.9407e-02 +6.7239e-01 +2.3185e-02 +4.6494e-02 +4.1218e-02 +5.9548e-01 +9.7346e-01 +9.9640e-01 +8.0620e-01 +2.1493e-01
14910 +3.701128728e+01 +3.701128728e+01 -3.375287127e+02 -3.375287127e+02 +9.9407e-02 +6.7239e-01 +2.3185e-02 +4.6494e-02 +4.1218e-02 +5.9548e-01 +9.7346e-01 +9.9640e-01 +8.0620e-01 +1.2762e-01
26497 +3.541975874e+01 +3.541975874e+01 -3.391202413e+02 -3.391202413e+02 +1.1651e-02 +9.0058e-01 +2.3185e-02 +4.6494e-02 +4.1218e-02 +5.9548e-01 +9.7346e-01 +9.9640e-01 +9.1631e-01 +1.2762e-01
33199 +3.454623805e+01 +3.454623805e+01 -3.399937619e+02 -3.399937619e+02 +1.1651e-02 +9.0058e-01 +2.3185e-02 +4.6494e-02 +4.1218e-02 +1.8652e-01 +9.7346e-01 +9.9792e-01 +9.1631e-01 +1.2762e-01
% function evaluation | noise-free fitness - Fopt (6.596500000000e+02) | best noise-free fitness - Fopt | measured fitness | best measured fitness | x1 | x2...
1 +1.984660174e+01 +1.984660174e+01 +6.794966017e+02 +6.794966017e+02 +0.0000e+00 +0.0000e+00 +0.0000e+00 +0.0000e+00 +0.0000e+00 +0.0000e+00 +0.0000e+00 +0.0000e+00 +0.0000e+00 +0.0000e+00
4 +1.807136935e+01 +1.807136935e+01 +6.777213693e+02 +6.777213693e+02 +5.6665e-01 +7.6205e-02 +3.2333e-01 +9.3018e-01 +1.5898e-01 +4.3262e-01 +3.2241e-01 +4.6575e-01 +2.0133e-01 +4.3057e-01
5 +1.767768560e+01 +1.767768560e+01 +6.773276856e+02 +6.773276856e+02 +5.1115e-01 +5.9889e-01 +4.4100e-01 +4.9654e-01 +1.7542e-01 +7.9012e-01 +4.2142e-01 +9.7071e-01 +7.3680e-01 +4.6248e-01
8 +1.706413862e+01 +1.706413862e+01 +6.767141386e+02 +6.767141386e+02 +2.5653e-01 +1.8413e-01 +6.7549e-01 +9.4732e-02 +2.4393e-01 +6.7841e-01 +4.2408e-01 +9.9399e-01 +9.8137e-01 +3.6237e-01
13 +1.644036809e+01 +1.644036809e+01 +6.760903681e+02 +6.760903681e+02 +1.1807e-02 +6.9064e-01 +6.1952e-01 +3.0779e-01 +1.7168e-02 +5.6797e-01 +6.0315e-01 +3.9921e-01 +9.3604e-01 +1.1026e-01
31 +1.597487583e+01 +1.597487583e+01 +6.756248758e+02 +6.756248758e+02 +1.3726e-01 +5.0766e-01 +3.7768e-01 +7.7153e-01 +1.8418e-01 +6.9066e-02 +2.1820e-01 +8.3888e-01 +7.8643e-01 +7.1226e-01
430 +1.515170646e+01 +1.515170646e+01 +6.748017065e+02 +6.748017065e+02 +2.4730e-01 +5.3124e-01 +7.3523e-01 +9.6767e-01 +1.3298e-01 +5.0613e-01 +4.1186e-01 +5.8798e-01 +9.3652e-01 +3.6733e-01
496 +1.468174635e+01 +1.468174635e+01 +6.743317463e+02 +6.743317463e+02 +6.4191e-01 +4.2842e-01 +8.5740e-01 +8.5569e-01 +7.7422e-02 +3.0302e-02 +5.1061e-02 +8.2190e-01 +8.9031e-01 +1.4818e-01
1601 +1.440793386e+01 +1.440793386e+01 +6.740579339e+02 +6.740579339e+02 +4.7488e-01 +2.6326e-01 +7.4881e-01 +8.5569e-01 +7.7422e-02 +3.0302e-02 +5.1061e-02 +8.2190e-01 +8.9031e-01 +1.4818e-01
13041 +1.352104212e+01 +1.352104212e+01 +6.731710421e+02 +6.731710421e+02 +3.6571e-02 +2.6075e-01 +8.6618e-01 +8.5569e-01 +7.7422e-02 +3.0302e-02 +5.1061e-02 +8.2190e-01 +8.9031e-01 +1.4818e-01
15031 +1.340879043e+01 +1.340879043e+01 +6.730587904e+02 +6.730587904e+02 +3.6571e-02 +2.6075e-01 +8.6618e-01 +8.5569e-01 +7.7422e-02 +3.0302e-02 +5.1061e-02 +8.2564e-01 +9.4965e-01 +1.4818e-01
92349 +1.313300129e+01 +1.313300129e+01 +6.727830013e+02 +6.727830013e+02 +2.5484e-02 +5.9236e-02 +8.6618e-01 +8.5569e-01 +6.3293e-03 +2.4719e-01 +2.0853e-02 +5.9090e-01 +9.5762e-01 +6.9801e-02
% function evaluation | noise-free fitness - Fopt (-1.340000000000e+00) | best noise-free fitness - Fopt | measured fitness | best measured fitness | x1 | x2...
1 +5.848852284e+01 +5.848852284e+01 +5.714852284e+01 +5.714852284e+01 +0.0000e+00 +0.0000e+00 +0.0000e+00 +0.0000e+00 +0.0000e+00 +0.0000e+00 +0.0000e+00 +0.0000e+00 +0.0000e+00 +0.0000e+00
3 +5.746220143e+01 +5.746220143e+01 +5.612220143e+01 +5.612220143e+01 +9.8870e-01 +2.3019e-01 +3.6316e-01 +6.8000e-01 +1.1715e-01 +2.0533e-01 +2.8603e-02 +6.2651e-01 +5.4852e-01 +4.8695e-01
6 +5.109763509e+01 +5.109763509e+01 +4.975763509e+01 +4.975763509e+01 +5.4447e-01 +8.9911e-01 +5.4346e-01 +1.2524e-01 +5.0673e-01 +7.1149e-01 +3.1899e-01 +7.0564e-01 +8.9507e-01 +7.7287e-01
14 +4.485638035e+01 +4.485638035e+01 +4.351638035e+01 +4.351638035e+01 +3.9163e-01 +1.3980e-01 +6.1630e-03 +1.1736e-01 +7.1760e-01 +9.2303e-01 +4.7163e-01 +4.5269e-01 +6.9434e-01 +1.2188e-01
24 +4.382884770e+01 +4.382884770e+01 +4.248884770e+01 +4.248884770e+01 +2.2126e-01 +6.2462e-01 +1.9194e-01 +6.6684e-01 +9.5126e-01 +3.8879e-01 +5.5488e-02 +6.4514e-01 +7.1550e-01 +7.9409e-01
28 +4.245411286e+01 +4.245411286e+01 +4.111411286e+01 +4.111411286e+01 +5.6115e-01 +2.3328e-01 +3.6696e-01 +9.7024e-01 +9.8056e-01 +4.5411e-01 +3.8050e-01 +8.0928e-01 +8.3556e-01 +9.3325e-01
57 +3.964608434e+01 +3.964608434e+01 +3.830608434e+01 +3.830608434e+01 +1.1652e-01 +5.1658e-01 +3.7256e-02 +4.4868e-01 +7.6690e-01 +5.1753e-01 +1.4500e-01 +4.7619e-01 +4.8343e-01 +8.9568e-01
110 +3.808176700e+01 +3.808176700e+01 +3.674176700e+01 +3.674176700e+01 +1.2626e-02 +3.7713e-01 +2.1130e-01 +2.2934e-01 +5.4068e-01 +9.7127e-01 +8.1561e-01 +3.5155e-01 +8.1922e-01 +9.1534e-01
111 +3.674911879e+01 +3.674911879e+01 +3.540911879e+01 +3.540911879e+01 +6.8135e-02 +4.9470e-02 +2.8685e-01 +4.2362e-01 +3.4732e-01 +3.5883e-01 +4.0333e-01 +6.2628e-01 +8.8284e-01 +8.8900e-01
214 +3.529090044e+01 +3.529090044e+01 +3.395090044e+01 +3.395090044e+01 +9.5776e-03 +6.5276e-01 +2.5359e-01 +3.3528e-01 +8.9710e-01 +6.1912e-01 +2.0118e-01 +9.7065e-01 +7.5397e-01 +9.6364e-01
280 +3.328316479e+01 +3.328316479e+01 +3.194316479e+01 +3.194316479e+01 +1.0388e-01 +1.7864e-01 +3.1558e-02 +4.9193e-01 +1.7659e-01 +3.1281e-01 +4.3864e-01 +9.3479e-01 +6.4682e-01 +9.6914e-01
1712 +3.282483056e+01 +3.282483056e+01 +3.148483056e+01 +3.148483056e+01 +4.7277e-03 +5.3399e-01 +5.5384e-02 +1.4652e-01 +9.5750e-01 +8.5662e-01 +4.5815e-02 +9.3929e-01 +3.4213e-01 +8.4267e-01
2803 +3.113396680e+01 +3.113396680e+01 +2.979396680e+01 +2.979396680e+01 +3.9856e-02 +2.6473e-01 +1.6168e-03 +2.5676e-02 +4.5854e-01 +9.8417e-01 +3.0559e-02 +5.1344e-01 +2.0155e-01 +9.7173e-01
15003 +2.701001193e+01 +2.701001193e+01 +2.567001193e+01 +2.567001193e+01 +1.5183e-01 +2.2277e-01 +1.6168e-03 +2.5676e-02 +4.5854e-01 +9.8417e-01 +1.7593e-02 +9.5749e-01 +6.8232e-01 +9.1559e-01
31486 +2.673950761e+01 +2.673950761e+01 +2.539950761e+01 +2.539950761e+01 +7.9909e-01 +7.1703e-02 +1.6168e-03 +2.5676e-02 +1.2109e-01 +9.8334e-01 +1.0389e-01 +9.6803e-01 +9.9948e-01 +9.5245e-01
37819 +2.435968256e+01 +2.435968256e+01 +2.301968256e+01 +2.301968256e+01 +3.9856e-02 +7.1703e-02 +1.6168e-03 +2.5676e-02 +1.2109e-01 +9.8334e-01 +1.0389e-01 +9.6803e-01 +9.7726e-01 +9.8167e-01
% function evaluation | noise-free fitness - Fopt (-2.745800000000e+02) | best noise-free fitness - Fopt | measured fitness | best measured fitness | x1 | x2...
1 +8.625568800e+01 +8.625568800e+01 -1.883243120e+02 -1.883243120e+02 +0.0000e+00 +0.0000e+00 +0.0000e+00 +0.0000e+00 +0.0000e+00 +0.0000e+00 +0.0000e+00 +0.0000e+00 +0.0000e+00 +0.0000e+00
298 +8.506864427e+01 +8.506864427e+01 -1.895113557e+02 -1.895113557e+02 +7.8659e-02 +7.8117e-01 +9.4050e-02 +8.1550e-02 +1.2794e-02 +9.5488e-01 +9.3065e-02 +1.6087e-01 +3.3937e-01 +6.7365e-01
16670 +8.151479257e+01 +8.151479257e+01 -1.930652074e+02 -1.930652074e+02 +3.1728e-02 +9.6976e-01 +9.4050e-02 +2.0387e-02 +1.2794e-02 +9.2777e-01 +7.3651e-02 +1.6087e-01 +3.3937e-01 +7.1947e-01
24721 +7.857102737e+01 +7.857102737e+01 -1.960089726e+02 -1.960089726e+02 +3.1728e-02 +9.6976e-01 +9.4050e-02 +2.0387e-02 +1.2794e-02 +9.2777e-01 +7.3651e-02 +1.6087e-01 +3.3937e-01 +9.7030e-01
30046 +7.757295450e+01 +7.757295450e+01 -1.970070455e+02 -1.970070455e+02 +3.1728e-02 +9.6976e-01 +9.4050e-02 +2.0387e-02 +1.1918e-02 +3.4581e-01 +1.5478e-01 +1.0386e-03 +3.3937e-01 +7.4441e-01
70575 +7.272338458e+01 +7.272338458e+01 -2.018566154e+02 -2.018566154e+02 +9.1218e-03 +9.6976e-01 +9.4050e-02 +2.0387e-02 +1.1918e-02 +2.1484e-01 +1.5478e-01 +1.0386e-03 +7.9481e-02 +8.9116e-01
80103 +7.172414762e+01 +7.172414762e+01 -2.028558524e+02 -2.028558524e+02 +9.1218e-03 +9.6976e-01 +9.4050e-02 +2.0387e-02 +1.1918e-02 +2.1484e-01 +1.5478e-01 +1.0386e-03 +7.9481e-02 +9.8096e-01
% function evaluation | noise-free fitness - Fopt (-1.435600000000e+02) | best noise-free fitness - Fopt | measured fitness | best measured fitness | x1 | x2...
1 +9.088820666e+00 +9.088820666e+00 -1.344711793e+02 -1.344711793e+02 +0.0000e+00 +0.0000e+00 +0.0000e+00 +0.0000e+00 +0.0000e+00 +0.0000e+00 +0.0000e+00 +0.0000e+00 +0.0000e+00 +0.0000e+00
5 +8.498738435e+00 +8.498738435e+00 -1.350612616e+02 -1.350612616e+02 +6.1631e-01 +2.0486e-01 +2.6688e-01 +9.1756e-02 +8.3335e-01 +9.6039e-01 +1.4014e-01 +5.2015e-01 +7.1184e-01 +2.4337e-02
21 +6.882074947e+00 +6.882074947e+00 -1.366779251e+02 -1.366779251e+02 +9.2883e-02 +9.3077e-02 +9.0427e-01 +4.0894e-01 +9.3412e-01 +5.3765e-01 +3.8198e-01 +1.0311e-01 +5.7300e-01 +8.3883e-02
3570 +6.732032384e+00 +6.732032384e+00 -1.368279676e+02 -1.368279676e+02 +4.1365e-02 +1.6102e-01 +4.6169e-01 +8.4657e-01 +8.4968e-01 +4.4853e-01 +7.5660e-02 +7.4177e-02 +5.7043e-01 +2.6626e-03
52260 +6.531930930e+00 +6.531930930e+00 -1.370280691e+02 -1.370280691e+02 +9.7439e-02 +1.3394e-01 +3.1179e-01 +7.2467e-01 +8.9658e-01 +7.8382e-01 +2.1939e-01 +7.4177e-02 +5.7043e-01 +2.6626e-03
79999 +6.363431272e+00 +6.363431272e+00 -1.371965687e+02 -1.371965687e+02 +2.9914e-01 +1.1286e-02 +4.2998e-01 +6.9219e-01 +9.5388e-01 +9.9838e-01 +3.8326e-01 +2.1857e-03 +4.5162e-01 +2.6626e-03
% function evaluation | noise-free fitness - Fopt (-2.426000000000e+01) | best noise-free fitness - Fopt | measured fitness | best measured fitness | x1 | x2...
1 +2.632912270e+01 +2.632912270e+01 +2.069122696e+00 +2.069122696e+00 +0.0000e+00 +0.0000e+00 +0.0000e+00 +0.0000e+00 +0.0000e+00 +0.0000e+00 +0.0000e+00 +0.0000e+00 +0.0000e+00 +0.0000e+00
58 +2.562255971e+01 +2.562255971e+01 +1.362559711e+00 +1.362559711e+00 +8.5281e-01 +7.7551e-01 +8.0184e-01 +5.2148e-01 +5.3668e-01 +3.6150e-01 +7.2077e-01 +1.9999e-01 +3.3218e-01 +3.8177e-02
132 +2.360895735e+01 +2.360895735e+01 -6.510426541e-01 -6.510426541e-01 +9.2410e-01 +5.0283e-01 +3.2779e-01 +3.9238e-01 +5.5565e-01 +8.5895e-02 +8.9960e-01 +1.8765e-02 +3.5269e-02 +3.1282e-01
1584 +2.341358460e+01 +2.341358460e+01 -8.464154001e-01 -8.464154001e-01 +9.6432e-01 +5.0571e-01 +7.7411e-01 +2.9191e-01 +3.4385e-01 +2.4995e-01 +4.9996e-01 +1.6641e-01 +6.2009e-03 +7.0037e-02
1615 +2.280150986e+01 +2.280150986e+01 -1.458490144e+00 -1.458490144e+00 +9.6684e-01 +2.4940e-01 +3.2377e-01 +2.9191e-01 +3.4385e-01 +2.4995e-01 +4.9996e-01 +1.6641e-01 +6.2009e-03 +7.0037e-02
7364 +2.204582712e+01 +2.204582712e+01 -2.214172878e+00 -2.214172878e+00 +9.9442e-01 +1.0756e-01 +4.4175e-02 +2.9555e-01 +2.8609e-01 +1.8840e-01 +6.4573e-01 +2.2461e-02 +1.3321e-01 +6.0058e-02
29362 +2.187555549e+01 +2.187555549e+01 -2.384444511e+00 -2.384444511e+00 +9.8157e-01 +8.4481e-02 +6.8789e-01 +1.4574e-01 +4.5326e-01 +4.1232e-01 +9.6241e-01 +2.8936e-02 +1.3321e-01 +6.0058e-02
73289 +2.133885450e+01 +2.133885450e+01 -2.921145498e+00 -2.921145498e+00 +9.9442e-01 +1.0756e-01 +4.6991e-01 +1.0212e-01 +3.6545e-01 +4.0132e-01 +7.9355e-01 +1.7387e-02 +1.0937e-04 +6.0058e-02
% function evaluation | noise-free fitness - Fopt (2.814500000000e+02) | best noise-free fitness - Fopt | measured fitness | best measured fitness | x1 | x2...
1 +2.813421747e+01 +2.813421747e+01 +3.095842175e+02 +3.095842175e+02 +0.0000e+00 +0.0000e+00 +0.0000e+00 +0.0000e+00 +0.0000e+00 +0.0000e+00 +0.0000e+00 +0.0000e+00 +0.0000e+00 +0.0000e+00
2 +2.611495123e+01 +2.611495123e+01 +3.075649512e+02 +3.075649512e+02 +5.7559e-01 +9.9300e-01 +7.7612e-01 +6.2569e-01 +5.7716e-01 +1.4610e-01 +5.6882e-01 +8.3182e-01 +2.6046e-01 +6.8014e-01
3 +2.220315621e+01 +2.220315621e+01 +3.036531562e+02 +3.036531562e+02 +6.5559e-01 +7.3895e-01 +4.1994e-01 +6.9778e-01 +2.4663e-01 +3.7898e-01 +1.5140e-01 +5.5438e-01 +5.3407e-01 +3.1333e-01
6 +2.004082424e+01 +2.004082424e+01 +3.014908242e+02 +3.014908242e+02 +2.6677e-01 +6.7894e-01 +9.1385e-01 +9.6957e-01 +4.7877e-01 +8.5001e-01 +3.4435e-01 +7.4004e-01 +9.9610e-02 +6.2964e-01
7 +1.478363661e+01 +1.478363661e+01 +2.962336366e+02 +2.962336366e+02 +1.3200e-01 +6.6468e-01 +5.4851e-01 +7.8747e-01 +6.7531e-01 +1.4642e-01 +1.3261e-01 +8.8295e-01 +4.9379e-01 +1.5712e-01
64 +1.402789356e+01 +1.402789356e+01 +2.954778936e+02 +2.954778936e+02 +3.1844e-01 +4.5740e-01 +3.3729e-01 +7.3669e-01 +6.4184e-01 +8.2283e-01 +9.9127e-01 +8.8291e-01 +6.0067e-01 +1.0018e-01
142 +1.351252022e+01 +1.351252022e+01 +2.949625202e+02 +2.949625202e+02 +3.4691e-01 +1.6958e-01 +9.3407e-01 +8.1533e-01 +2.7156e-01 +6.3241e-01 +6.9839e-01 +8.8206e-01 +9.9577e-01 +8.2412e-02
192 +1.334242434e+01 +1.334242434e+01 +2.947924243e+02 +2.947924243e+02 +6.7465e-02 +3.1253e-01 +3.3155e-02 +6.4016e-01 +3.0813e-01 +7.7001e-01 +8.5866e-01 +6.4829e-01 +6.4923e-01 +3.1843e-02
773 +1.301546888e+01 +1.301546888e+01 +2.944654689e+02 +2.944654689e+02 +6.2071e-03 +7.4583e-01 +4.7416e-03 +9.4423e-01 +9.2607e-01 +2.8756e-01 +2.6907e-01 +6.2592e-01 +7.6622e-01 +5.3760e-01
824 +1.240912130e+01 +1.240912130e+01 +2.938591213e+02 +2.938591213e+02 +1.5002e-02 +4.7423e-01 +5.2877e-01 +9.9642e-01 +7.6038e-01 +8.2586e-01 +2.1512e-01 +9.9386e-01 +6.3990e-01 +3.9698e-01
2864 +1.179539268e+01 +1.179539268e+01 +2.932453927e+02 +2.932453927e+02 +2.0077e-01 +8.2829e-01 +2.0872e-01 +9.3842e-01 +3.8153e-01 +3.5361e-01 +7.0892e-01 +9.5212e-01 +9.6898e-01 +1.4811e-02
9528 +1.126752269e+01 +1.126752269e+01 +2.927175227e+02 +2.927175227e+02 +1.5181e-02 +8.8589e-01 +1.3114e-01 +9.4241e-01 +9.2000e-01 +6.3147e-01 +8.4253e-01 +7.6042e-01 +9.5514e-01 +2.2941e-01
16157 +1.058884688e+01 +1.058884688e+01 +2.920388469e+02 +2.920388469e+02 +1.5181e-02 +2.9548e-01 +1.3114e-01 +9.4241e-01 +8.7843e-01 +9.0410e-01 +9.6414e-01 +6.6946e-01 +8.9393e-01 +1.3131e-01
24646 +1.024505063e+01 +1.024505063e+01 +2.916950506e+02 +2.916950506e+02 +3.9263e-03 +2.2966e-01 +5.9835e-01 +9.4507e-01 +4.9088e-01 +1.3214e-01 +6.9859e-01 +9.6762e-01 +8.5318e-01 +5.8388e-02
37179 +1.001098484e+01 +1.001098484e+01 +2.914609848e+02 +2.914609848e+02 +1.5181e-02 +4.3092e-01 +3.0093e-01 +8.4312e-01 +9.6734e-01 +1.9666e-01 +9.7071e-01 +9.1235e-01 +8.5386e-01 +2.2255e-03
47344 +9.991681571e+00 +9.991681571e+00 +2.914416816e+02 +2.914416816e+02 +2.0500e-02 +1.9016e-01 +6.0477e-01 +9.8038e-01 +5.8622e-01 +6.3541e-01 +9.0913e-01 +9.1235e-01 +8.5386e-01 +2.2255e-03
92408 +9.653582298e+00 +9.653582298e+00 +2.911035823e+02 +2.911035823e+02 +3.9263e-03 +7.9583e-01 +2.0872e-01 +9.8205e-01 +9.6734e-01 +2.5184e-01 +9.8765e-01 +9.7244e-01 +9.1739e-01 +6.1975e-02
% function evaluation | noise-free fitness - Fopt (-4.818000000000e+01) | best noise-free fitness - Fopt | measured fitness | best measured fitness | x1 | x2...
1 +4.390915487e+01 +4.390915487e+01 -4.270845129e+00 -4.270845129e+00 +0.0000e+00 +0.0000e+00 +0.0000e+00 +0.0000e+00 +0.0000e+00 +0.0000e+00 +0.0000e+00 +0.0000e+00 +0.0000e+00 +0.0000e+00
9 +4.362280026e+01 +4.362280026e+01 -4.557199735e+00 -4.557199735e+00 +1.9528e-01 +8.6482e-01 +4.6640e-01 +9.0839e-02 +2.3032e-01 +8.4185e-01 +8.0935e-01 +7.8997e-01 +2.5053e-01 +7.4029e-01
50 +4.061048717e+01 +4.061048717e+01 -7.569512830e+00 -7.569512830e+00 +2.6925e-01 +3.7601e-01 +4.0666e-01 +2.3660e-02 +5.0010e-01 +8.2819e-01 +4.3257e-01 +7.4267e-01 +9.5022e-02 +1.4350e-01
270 +3.871373208e+01 +3.871373208e+01 -9.466267917e+00 -9.466267917e+00 +4.1743e-02 +6.0740e-01 +3.0511e-01 +2.3339e-02 +9.4128e-01 +9.4253e-01 +7.9567e-01 +6.0084e-01 +3.8093e-01 +7.5085e-02
6562 +3.796031916e+01 +3.796031916e+01 -1.021968084e+01 -1.021968084e+01 +4.1743e-02 +6.0740e-01 +3.0511e-01 +2.3339e-02 +9.4128e-01 +9.4253e-01 +5.6335e-01 +5.8323e-01 +1.0117e-01 +4.3136e-01
20840 +3.630130274e+01 +3.630130274e+01 -1.187869726e+01 -1.187869726e+01 +1.9004e-02 +8.8055e-01 +1.0299e-01 +2.3339e-02 +9.4128e-01 +9.4253e-01 +7.9567e-01 +5.8323e-01 +1.0117e-01 +4.3136e-01
47402 +3.522501459e+01 +3.522501459e+01 -1.295498541e+01 -1.295498541e+01 +1.9004e-02 +5.8060e-01 +5.9283e-03 +2.3339e-02 +9.2329e-01 +9.7750e-01 +8.8056e-01 +8.3935e-01 +5.6557e-02 +7.9459e-02
85028 +3.452765616e+01 +3.452765616e+01 -1.365234384e+01 -1.365234384e+01 +1.8462e-02 +9.1040e-01 +5.9283e-03 +2.3339e-02 +9.2329e-01 +9.7750e-01 +8.8056e-01 +4.7139e-01 +4.6088e-02 +2.5291e-02
% function evaluation | noise-free fitness - Fopt (3.030600000000e+02) | best noise-free fitness - Fopt | measured fitness | best measured fitness | x1 | x2...
1 +4.505620204e+01 +4.505620204e+01 +3.481162020e+02 +3.481162020e+02 +0.0000e+00 +0.0000e+00 +0.0000e+00 +0.0000e+00 +0.0000e+00 +0.0000e+00 +0.0000e+00 +0.0000e+00 +0.0000e+00 +0.0000e+00
7 +4.000710677e+01 +4.000710677e+01 +3.430671068e+02 +3.430671068e+02 +7.0910e-01 +5.5477e-01 +8.6939e-01 +7.8183e-01 +5.3131e-01 +3.2753e-01 +1.4868e-01 +5.4711e-01 +5.3466e-01 +7.3306e-01
38 +3.707492077e+01 +3.707492077e+01 +3.401349208e+02 +3.401349208e+02 +1.7226e-01 +6.0924e-01 +2.0417e-02 +9.6897e-01 +8.6114e-01 +3.3097e-02 +9.3909e-01 +5.2294e-01 +8.3874e-01 +9.3133e-01
71 +3.630142944e+01 +3.630142944e+01 +3.393614294e+02 +3.393614294e+02 +9.1138e-01 +5.0099e-01 +2.6942e-01 +6.8253e-01 +8.5496e-01 +1.3051e-02 +6.5629e-01 +3.4308e-02 +7.9549e-02 +7.7707e-01
103 +3.542012911e+01 +3.542012911e+01 +3.384801291e+02 +3.384801291e+02 +3.5185e-01 +1.1068e-02 +3.9992e-01 +5.0881e-01 +6.8804e-01 +2.6934e-01 +2.6837e-02 +6.0464e-01 +9.8881e-01 +7.1006e-01
279 +3.315416638e+01 +3.315416638e+01 +3.362141664e+02 +3.362141664e+02 +8.5665e-01 +6.6132e-01 +8.1367e-01 +8.4329e-01 +4.5411e-01 +4.7058e-02 +4.0221e-03 +4.6738e-03 +7.2617e-01 +5.1169e-01
713 +3.230989621e+01 +3.230989621e+01 +3.353698962e+02 +3.353698962e+02 +9.6460e-01 +4.9357e-02 +9.8444e-01 +9.5332e-01 +5.7601e-01 +2.4204e-01 +1.9251e-01 +4.9279e-02 +5.0387e-01 +7.3963e-01
1615 +3.124087622e+01 +3.124087622e+01 +3.343008762e+02 +3.343008762e+02 +5.8477e-01 +2.1027e-01 +2.5017e-01 +9.8196e-01 +5.3079e-01 +9.9825e-02 +3.1106e-01 +6.5561e-01 +7.1032e-01 +8.9955e-01
2527 +3.024698206e+01 +3.024698206e+01 +3.333069821e+02 +3.333069821e+02 +7.5033e-01 +3.6668e-01 +4.8226e-01 +8.4336e-01 +4.5411e-01 +4.7058e-02 +4.0221e-03 +4.6738e-03 +7.2617e-01 +5.1169e-01
2800 +2.916877894e+01 +2.916877894e+01 +3.322287789e+02 +3.322287789e+02 +4.6399e-01 +2.2472e-01 +2.6001e-01 +8.5016e-01 +7.1940e-01 +2.0353e-01 +7.5065e-02 +3.9676e-02 +8.9443e-01 +8.2710e-01
11084 +2.836260379e+01 +2.836260379e+01 +3.314226038e+02 +3.314226038e+02 +7.0789e-01 +4.5765e-01 +1.1417e-02 +9.7444e-01 +7.5145e-01 +7.9003e-02 +9.6044e-02 +5.7237e-01 +6.7514e-01 +9.9967e-01
20911 +2.512915434e+01 +2.512915434e+01 +3.281891543e+02 +3.281891543e+02 +7.9639e-01 +9.4697e-02 +1.3080e-01 +9.7425e-01 +8.6114e-01 +4.7873e-02 +7.5065e-02 +3.9676e-02 +8.9443e-01 +5.9305e-01
25345 +2.501566299e+01 +2.501566299e+01 +3.280756630e+02 +3.280756630e+02 +9.0221e-01 +9.4697e-02 +1.3080e-01 +9.7425e-01 +8.6114e-01 +4.7873e-02 +7.5065e-02 +3.9676e-02 +8.9443e-01 +5.1723e-01
30304 +2.385597320e+01 +2.385597320e+01 +3.269159732e+02 +3.269159732e+02 +9.0221e-01 +9.4697e-02 +1.3080e-01 +9.7425e-01 +8.6114e-01 +4.7873e-02 +7.5065e-02 +3.9676e-02 +8.1671e-01 +9.8742e-01
34157 +2.339589092e+01 +2.339589092e+01 +3.264558909e+02 +3.264558909e+02 +9.1805e-01 +4.6046e-03 +1.3080e-01 +9.7425e-01 +8.6114e-01 +4.7873e-02 +7.5065e-02 +1.5711e-02 +8.1671e-01 +9.8742e-01
% function evaluation | noise-free fitness - Fopt (-7.989000000000e+01) | best noise-free fitness - Fopt | measured fitness | best measured fitness | x1 | x2...
1 +2.490348548e+01 +2.490348548e+01 -5.498651452e+01 -5.498651452e+01 +0.0000e+00 +0.0000e+00 +0.0000e+00 +0.0000e+00 +0.0000e+00 +0.0000e+00 +0.0000e+00 +0.0000e+00 +0.0000e+00 +0.0000e+00
16 +2.292635036e+01 +2.292635036e+01 -5.696364964e+01 -5.696364964e+01 +2.7850e-01 +7.9485e-02 +3.9469e-01 +6.7716e-01 +2.8106e-01 +3.4691e-01 +5.2600e-01 +8.0949e-02 +4.3475e-01 +6.9018e-01
33 +1.900419513e+01 +1.900419513e+01 -6.088580487e+01 -6.088580487e+01 +4.6567e-01 +1.3164e-01 +6.2664e-02 +3.4934e-01 +4.8609e-02 +1.1817e-01 +6.0508e-01 +2.9550e-01 +8.0205e-01 +6.5113e-01
344 +1.781679608e+01 +1.781679608e+01 -6.207320392e+01 -6.207320392e+01 +4.1524e-01 +7.7755e-01 +1.5619e-01 +9.3939e-01 +4.8404e-02 +1.7303e-01 +8.9104e-01 +3.1305e-01 +7.4475e-01 +8.6261e-01
938 +1.768272706e+01 +1.768272706e+01 -6.220727294e+01 -6.220727294e+01 +8.4803e-02 +8.2727e-01 +9.5784e-04 +1.2542e-01 +1.4644e-01 +6.1729e-01 +8.3010e-01 +5.5293e-02 +5.8462e-01 +9.3615e-01
3557 +1.679127241e+01 +1.679127241e+01 -6.309872759e+01 -6.309872759e+01 +1.1272e-01 +4.3269e-02 +1.9329e-01 +8.3183e-02 +2.5257e-02 +1.3321e-01 +9.5357e-01 +2.2629e-01 +8.2371e-01 +7.5171e-01
17995 +1.579312841e+01 +1.579312841e+01 -6.409687159e+01 -6.409687159e+01 +4.3697e-02 +2.4149e-01 +1.9329e-01 +8.3183e-02 +2.5257e-02 +1.3321e-01 +9.5357e-01 +2.2629e-01 +8.2371e-01 +9.3404e-01
27788 +1.541405407e+01 +1.541405407e+01 -6.447594593e+01 -6.447594593e+01 +1.6852e-02 +2.2239e-01 +1.8762e-01 +8.3183e-02 +2.5257e-02 +1.3321e-01 +9.5357e-01 +2.2629e-01 +8.5650e-01 +9.8806e-01
35974 +1.506543452e+01 +1.506543452e+01 -6.482456548e+01 -6.482456548e+01 +2.2523e-01 +5.6809e-01 +4.2272e-03 +2.8922e-01 +2.5257e-02 +4.0469e-02 +9.5357e-01 +2.2629e-01 +8.5650e-01 +9.8806e-01
42708 +1.444264695e+01 +1.444264695e+01 -6.544735305e+01 -6.544735305e+01 +1.2786e-02 +8.6354e-02 +4.2272e-03 +2.8922e-01 +2.5257e-02 +4.0469e-02 +9.5357e-01 +2.2629e-01 +8.5650e-01 +9.8806e-01
66807 +1.410187411e+01 +1.410187411e+01 -6.578812589e+01 -6.578812589e+01 +3.6931e-02 +1.0616e-01 +4.2272e-03 +2.8922e-01 +2.5257e-02 +4.0469e-02 +9.5357e-01 +9.2943e-02 +9.3433e-01 +9.9604e-01
