-2099.06046877
-2099.06046877
-2099.06046877
-2099.06046877
-2099.06046877
-2099.06046877
-2099.06046877
-2099.06046877
-2099.06046877
-2099.06046877
-2099.06046877
-2099.06046877
-2099.06046877
-2099.06046877
-2099.06046877
-2099.06046877
-2099.06046877
-2099.06046877
-2099.06046877
-2099.06046877
-2099.06046877
-2099.06046877
-2099.06046877
-2099.06046877
-2099.06046877
-2099.06046877
-2099.06046877
-2099.06046877
-2099.06046877
-2099.06046877
-2099.06046877
-2099.06046877
-2099.06046877
-2099.06046877
