gen	depth	min     	avg     	max     	std    
   	100  	-1167.47	-725.297	-613.641	116.606
   	100  	-1166.8 	-700.622	-613.641	104.121
   	100  	-1162.37	-712.069	-613.641	120.501
   	100  	-1162.96	-741.855	-613.641	156.834
   	100  	-1194.52	-768.836	-613.641	183.319
   	100  	-1158.19	-758.674	-613.641	164.559
   	100  	-1181.33	-748.199	-613.641	150.902
   	100  	-1165.7 	-761.105	-613.641	165.184
   	100  	-1194.19	-850.359	-613.641	212.431
   	100  	-1208.39	-922.93 	-613.641	227.777
   	100  	-1203.83	-830.429	-613.641	207.065
   	100  	-1194.36	-740.175	-613.641	119.342
   	100  	-1195.51	-836.533	-613.641	205.245
   	100  	-1187.12	-780.846	-613.641	174.99 
   	100  	-1181.24	-800.09 	-613.641	179.081
   	100  	-1162.28	-718.526	-613.641	110.365
   	100  	-1168.35	-908.738	-613.641	209.238
   	100  	-1189.41	-930.462	-613.641	204.472
   	100  	-1160.62	-749.329	-613.641	138.355
   	100  	-1182.37	-787.556	-613.641	175.69 
   	100  	-1203.2 	-979.781	-613.641	215.412
   	100  	-1199.99	-759.308	-613.641	149.808
   	100  	-1164.27	-878.499	-613.641	213.843
   	100  	-1182.22	-766.031	-613.641	160.334
   	100  	-1170.23	-777.092	-613.641	146.976
   	100  	-1169.93	-912.314	-613.641	203.408
   	100  	-1189.06	-948.811	-613.641	209.782
   	100  	-1184.97	-920.292	-613.641	216.368
   	100  	-1162   	-753.322	-613.641	158.806
   	100  	-1177.69	-774.502	-613.641	187.313
   	100  	-1143.9 	-725.136	-613.641	109.849
   	100  	-1141.32	-724.319	-613.641	113.095
   	100  	-1185.55	-912.89 	-613.641	227.081
   	100  	-1171.73	-709.58 	-613.641	80.6557
   	100  	-1129.74	-668.989	-613.641	67.6673
   	100  	-1128.82	-703.104	-613.641	92.0259
   	100  	-1162.16	-967.745	-613.641	222.009
   	100  	-1141.32	-706.647	-613.641	103.365
   	100  	-1176.6 	-985.973	-613.641	209.02 
   	100  	-1184.79	-943.02 	-613.641	222.421
   	100  	-1191.34	-764.81 	-613.641	128.496
   	100  	-1143.38	-771.793	-613.641	105.044
   	100  	-1134.64	-712.663	-613.641	36.8911
   	100  	-1179.11	-1105.57	-613.641	95.65  
   	100  	-1213.97	-1137.05	-613.641	71.2469
   	100  	-1164.65	-1039.34	-613.641	150.853
   	100  	-1175.7 	-902.631	-613.641	223.867
   	100  	-1150.53	-709.166	-613.641	42.1794
   	100  	-798.298	-719.445	-613.641	28.5915
   	100  	-1178.9 	-975.828	-613.641	211.813
   	100  	-1146.69	-735.035	-613.641	46.9998
   	100  	-1154.58	-1035.4 	-613.641	167.221
   	100  	-1172.25	-759.647	-613.641	141.743
   	100  	-1210.18	-994.285	-613.641	204.994
   	100  	-1163   	-719.358	-613.641	96.6539
   	100  	-1189.38	-880.763	-613.641	195.003
   	100  	-1197.9 	-827.37 	-613.641	147.408
   	100  	-1168.93	-777.19 	-613.641	70.0011
   	100  	-1175.17	-872.847	-613.641	179.925
   	100  	-1194.81	-1076.72	-613.641	135.628
   	100  	-1216.89	-843.428	-613.641	186.756
   	100  	-828.252	-755.841	-613.641	24.237 
   	100  	-781.923	-740.899	-613.641	15.4928
   	100  	-1167.47	-870.296	-613.641	201.485
   	100  	-1172.18	-715.599	-613.641	44.7235
   	100  	-1161.06	-745.907	-613.641	146.362
   	100  	-768.428	-727.019	-613.641	24.2155
   	100  	-1202.96	-1101.77	-613.641	147.996
   	100  	-1158.96	-733.667	-613.641	102.28 
   	100  	-774.376	-662.618	-613.641	16.9774
   	100  	-1123.73	-702.602	-613.641	83.3374
   	100  	-1156.44	-1087.25	-613.641	141.908
   	100  	-1171.6 	-1096.92	-613.641	103.344
   	100  	-1155.53	-1050.15	-613.641	151.499
   	100  	-1172.43	-1029.09	-613.641	175.642
   	100  	-1159.47	-823.214	-613.641	193.025
   	100  	-1123.07	-724.153	-613.641	109.566
   	100  	-1197.66	-1106.03	-613.641	147.014
   	100  	-1226.34	-868.683	-613.641	233.787
   	100  	-1186.27	-747.911	-613.641	100.591
   	100  	-1212.72	-841.565	-613.641	204.933
   	100  	-1165.62	-879.829	-613.641	214.183
   	100  	-1216.28	-1099.06	-613.641	173.315
   	100  	-1195.14	-901.766	-613.641	218.278
   	100  	-1148.62	-755.489	-613.641	138.087
   	100  	-1241.68	-814.115	-613.641	179.084
   	100  	-1157   	-1073.59	-613.641	114.825
   	100  	-1105.05	-706.798	-613.641	79.1122
   	100  	-1159.28	-702.157	-613.641	65.1247
   	100  	-1177.91	-765.838	-613.641	125.77 
   	100  	-1191.94	-698.012	-613.641	63.9536
   	100  	-743.786	-711.065	-613.641	14.0039
   	100  	-1085.05	-657.696	-613.641	32.2756
   	100  	-775.171	-729.223	-613.641	31.7416
   	100  	-1179.49	-1067.32	-613.641	119.739
   	100  	-1165.34	-1130.53	-613.641	68.9087
   	100  	-1157.83	-1128.68	-613.641	30.0848
   	100  	-1136.32	-720.802	-613.641	161.624
   	100  	-752.213	-695.448	-613.641	13.9882
   	100  	-1173.31	-677.231	-613.641	39.2486
gen	depth	min     	avg     	max     	std    
   	100  	-1174.75	-729.635	-609.369	123.489
   	100  	-1189.46	-707.584	-609.369	113.551
   	100  	-1154.72	-699.534	-609.369	97.0545
   	100  	-1157.73	-726.637	-609.369	139.617
   	100  	-1157.46	-731.323	-609.369	152.438
   	100  	-1180.75	-770.509	-609.369	182.097
   	100  	-1185.49	-782.977	-609.369	182.706
   	100  	-1163.42	-731.446	-609.369	139.065
   	100  	-1172.86	-723.259	-609.369	122.559
   	100  	-1198.42	-763.086	-609.369	164.57 
   	100  	-1161.37	-755.462	-609.369	159.325
   	100  	-1217.51	-894.912	-609.369	227.229
   	100  	-1185.28	-822.27 	-609.369	201.995
   	100  	-1189.96	-821.067	-601.537	194.947
   	100  	-1230.52	-887.112	-601.537	223.468
   	100  	-1206.69	-738.171	-601.537	130.278
   	100  	-1176.92	-744.911	-601.537	128.943
   	100  	-1191.88	-769.55 	-601.537	149.447
   	100  	-1203.66	-904.385	-601.537	210.48 
   	100  	-1185   	-874.282	-601.537	211.01 
   	100  	-1198.89	-1009.88	-601.537	197.545
   	100  	-1182.11	-880.622	-601.537	219.277
   	100  	-1238.71	-950.965	-601.537	236.154
   	100  	-1171.76	-809.567	-601.537	198.703
   	100  	-1187.55	-868.201	-601.537	224.157
   	100  	-1187.55	-1053.29	-601.537	177.074
   	100  	-1190   	-912.869	-601.537	205.105
   	100  	-1215.12	-817.654	-601.537	194.866
   	100  	-1223.52	-756.101	-601.537	142.098
   	100  	-1185.57	-876.164	-601.537	202.963
   	100  	-1242.78	-756.507	-601.537	137.702
   	100  	-1202.55	-1051.34	-601.537	182.754
   	100  	-1151.2 	-708.639	-601.537	98.8359
   	100  	-1169.31	-743.759	-601.537	132.858
   	100  	-1176.83	-724.227	-601.537	75.8407
   	100  	-1138.54	-712.578	-601.537	73.5944
   	100  	-1150.29	-654.993	-601.537	35.6982
   	100  	-702.151	-641.746	-601.537	15.0566
   	100  	-1173.88	-765.446	-601.537	176.211
   	100  	-700.916	-654.483	-601.537	11.3535
   	100  	-688.387	-666.29 	-601.537	8.14252
   	100  	-761.21 	-725.88 	-601.537	29.6875
   	100  	-747.05 	-665.964	-601.537	18.2232
   	100  	-1178.44	-952.263	-601.537	226.867
   	100  	-1154.75	-732.196	-601.537	66.6279
   	100  	-1168.21	-1077.68	-601.537	136.231
   	100  	-1195.32	-1148.28	-601.537	45.9339
   	100  	-1181.72	-1156.64	-601.537	42.4963
   	100  	-1168.53	-731.149	-601.537	124.607
   	100  	-1196.53	-1140.03	-601.537	117.959
   	100  	-1173.22	-707.049	-601.537	118.9  
   	100  	-1148.86	-964.742	-601.537	198.771
   	100  	-1178.42	-778.808	-601.537	153.445
   	100  	-772.502	-748.128	-601.537	14.8046
   	100  	-1161.9 	-1098.2 	-601.537	107.262
   	100  	-1125.42	-703.684	-601.537	127.008
   	100  	-736.767	-710.907	-601.537	20.2931
   	100  	-723.746	-661.278	-601.537	15.2874
   	100  	-1131.51	-1072.4 	-601.537	128.641
   	100  	-1162.2 	-1139.25	-601.537	84.6002
   	100  	-1158.1 	-732.509	-601.537	125.655
   	100  	-719.576	-699.843	-601.537	8.55667
   	100  	-1175.12	-1012.78	-601.537	195.456
   	100  	-1146.74	-993.808	-601.537	200.509
   	100  	-1135.02	-706.625	-601.537	69.8354
   	100  	-1174.54	-766.904	-601.537	126.437
   	100  	-1174.31	-1106.8 	-601.537	131.034
   	100  	-1154.26	-715.254	-601.537	92.7901
   	100  	-749.247	-689.428	-601.537	23.5782
   	100  	-1168.2 	-1104.31	-601.537	126.75 
   	100  	-1139.64	-879.696	-601.537	218.897
   	100  	-1161.78	-1095.47	-601.537	120.422
   	100  	-1134.01	-758.35 	-601.537	167.207
   	100  	-1131.4 	-1080.74	-601.537	107.842
   	100  	-1177.92	-726.789	-601.537	123.066
   	100  	-722.818	-705.581	-601.537	13.5936
   	100  	-758.034	-731.873	-601.537	18.0359
   	100  	-770.466	-719.643	-601.537	18.3731
   	100  	-1152.66	-700.349	-601.537	27.2295
   	100  	-1137.26	-1075.24	-601.537	129.343
   	100  	-1123.7 	-764.497	-601.537	105.177
   	100  	-1122.96	-1068.27	-601.537	106.914
   	100  	-1133.55	-765.495	-601.537	121.639
   	100  	-737.023	-711.62 	-601.537	8.20113
   	100  	-715.014	-688.413	-601.537	8.58196
   	100  	-743.943	-725.546	-601.537	17.2025
   	100  	-746.908	-702.933	-601.537	17.6055
   	100  	-728.208	-681.831	-601.537	17.0918
   	100  	-1136.9 	-773.611	-601.537	192.287
   	100  	-797.232	-751.661	-601.537	30.8193
   	100  	-773.838	-698.506	-601.537	16.2682
   	100  	-1120.71	-700.946	-601.537	42.4097
   	100  	-751.292	-723.461	-601.537	15.3684
   	100  	-1159.11	-709.823	-601.537	120.507
   	100  	-734.241	-703.461	-601.537	12.7276
   	100  	-711.899	-691.438	-601.537	7.35008
   	100  	-1157.1 	-1074.03	-601.537	125.229
   	100  	-1122.89	-1076.53	-601.537	68.6435
   	100  	-1148.2 	-1126.29	-601.537	51.705 
   	100  	-1139.64	-725.46 	-601.537	112.522
gen	depth	min     	avg     	max     	std    
   	100  	-1175.38	-732.561	-620.28 	127.452
   	100  	-1144.98	-695.141	-612.443	84.3443
   	100  	-1150.65	-705.587	-605.484	115.61 
   	100  	-1187.94	-739.777	-603.702	164.704
   	100  	-1154.34	-701.015	-603.702	100.413
   	100  	-1159.7 	-708.707	-603.702	112.187
   	100  	-1151.59	-736.771	-603.702	162.987
   	100  	-1145.11	-748.864	-603.702	168.286
   	100  	-1163.56	-905.035	-600.861	222.236
   	100  	-1168.75	-739.786	-600.861	144.193
   	100  	-1168.83	-772.64 	-600.861	170.309
   	100  	-1176.95	-898.75 	-600.861	223.056
   	100  	-1198.16	-838.621	-600.861	189.629
   	100  	-1225.47	-814.261	-600.861	176.627
   	100  	-1174.84	-845.842	-600.861	197.359
   	100  	-1173.5 	-737.455	-600.861	139.493
   	100  	-1167.85	-766.693	-600.861	149.959
   	100  	-1216.58	-810.343	-600.861	181.341
   	100  	-1204.35	-968.777	-600.861	217.679
   	100  	-1219.03	-934.455	-600.861	212.941
   	100  	-1202.04	-899.888	-600.861	214.17 
   	100  	-1198.52	-989.135	-600.861	187.088
   	100  	-1183.58	-978.531	-600.861	203.132
   	100  	-1183.63	-794.751	-600.861	179.113
   	100  	-1175.9 	-857.556	-600.861	203.561
   	100  	-1201.09	-1021.14	-600.861	168.951
   	100  	-1181.67	-863.472	-600.861	207.673
   	100  	-1184.35	-851.186	-600.861	212.632
   	100  	-1155.98	-705.071	-600.861	77.4259
   	100  	-1209.38	-764.263	-600.861	113.149
   	100  	-1194.56	-716.823	-600.861	52.5473
   	100  	-1182.66	-754.8  	-600.861	184.125
   	100  	-1200.46	-1047.09	-600.861	190.76 
   	100  	-1176.77	-780.445	-600.861	174.908
   	100  	-1189.28	-1072.33	-600.861	146.2  
   	100  	-1197.16	-1103.11	-600.861	124.433
   	100  	-1186.28	-780.072	-600.861	120.513
   	100  	-1145.02	-711.422	-600.861	54.8708
   	100  	-719.06 	-658.425	-600.861	21.4753
   	100  	-1140.76	-677.56 	-600.861	41.9446
   	100  	-719.663	-679.068	-600.861	11.5251
   	100  	-1162.46	-1053.15	-600.861	167.878
   	100  	-1128.56	-708.309	-600.861	81.6524
   	100  	-757.618	-710.767	-600.861	17.8824
   	100  	-1220.93	-865.436	-600.861	188.218
   	100  	-775.999	-719.069	-600.861	23.1294
   	100  	-1195.08	-895.799	-600.861	195.644
   	100  	-1185.7 	-725.312	-600.861	47.3201
   	100  	-1175.01	-930.264	-600.861	195.283
   	100  	-1183.64	-750.597	-600.861	57.3471
   	100  	-1188.19	-771.39 	-600.861	136.962
   	100  	-1169.5 	-723.666	-600.861	57.3195
   	100  	-1142.3 	-915.862	-600.861	208.474
   	100  	-1204.13	-1114.04	-600.861	122.121
   	100  	-1203.41	-1154.36	-600.861	54.4668
   	100  	-1164.95	-1106.17	-600.861	118.561
   	100  	-1203.94	-829.035	-600.861	169.859
   	100  	-1222.42	-1124.15	-600.861	128.111
   	100  	-1166.82	-736.232	-600.861	131.24 
   	100  	-709.986	-666.977	-600.861	11.0881
   	100  	-1084.75	-1033.15	-600.861	109.108
   	100  	-1065.26	-728.273	-600.861	94.4589
   	100  	-736.586	-729.577	-600.861	13.2517
   	100  	-1117.77	-703.842	-600.861	68.7047
   	100  	-730.683	-695.127	-600.861	7.3854 
   	100  	-762.91 	-753.006	-600.861	18.8881
   	100  	-1137.44	-686.419	-600.861	51.8812
   	100  	-706.64 	-686.73 	-600.861	9.31242
   	100  	-720.951	-691.563	-600.861	8.8176 
   	100  	-1120.9 	-1054.59	-600.861	131.77 
   	100  	-1107.15	-746.274	-600.861	99.68  
   	100  	-720.647	-665.88 	-600.861	19.1276
   	100  	-1164.66	-1105.52	-600.861	137.476
   	100  	-1152.07	-1111.38	-600.861	113.801
   	100  	-1195.14	-768.415	-600.861	108.466
   	100  	-1151.55	-863.045	-600.861	210.03 
   	100  	-1136.49	-729.747	-600.861	115.532
   	100  	-738.363	-706.064	-600.861	16.7632
   	100  	-1136.92	-842.554	-600.861	184.677
   	100  	-1170.5 	-1040.86	-600.861	194.572
   	100  	-1150.42	-1067.25	-600.861	104.927
   	100  	-1200.31	-932.921	-600.861	203.464
   	100  	-1158.65	-754.263	-600.861	78.3753
   	100  	-1159.79	-746.41 	-600.861	137.034
   	100  	-1122.61	-1041.9 	-600.861	136.894
   	100  	-1095.04	-725.006	-600.861	96.6304
   	100  	-1211.17	-1110.79	-600.861	136.069
   	100  	-1143.89	-731.136	-600.861	89.7068
   	100  	-1160.93	-1096.97	-600.861	121.331
   	100  	-1194.5 	-762.945	-600.861	136.969
   	100  	-1194.52	-732.768	-600.861	86.819 
   	100  	-1187.84	-1081.36	-600.861	120.289
   	100  	-1165.72	-908.481	-600.861	226.247
   	100  	-776.236	-733.753	-600.861	24.1355
   	100  	-763.575	-653.04 	-600.861	21.2752
   	100  	-1181.31	-1091.81	-600.861	164.976
   	100  	-1188.38	-1006.71	-600.861	213.664
   	100  	-1152.51	-1058.62	-600.861	166.613
   	100  	-1133.78	-746.077	-600.861	84.8614
   	100  	-1192.14	-1122.44	-600.861	130.987
gen	depth	min     	avg     	max     	std    
   	100  	-1165.84	-734.927	-636.684	126.152
   	100  	-1167.89	-704.03 	-630.544	102.168
   	100  	-1143.24	-706.722	-615.616	117.007
   	100  	-1130.9 	-689.866	-611.356	86.8994
   	100  	-1157.76	-698.536	-611.356	113.568
   	100  	-1140.95	-690.734	-611.356	94.5673
   	100  	-1150.99	-712.859	-611.356	118.982
   	100  	-1167.87	-784.395	-610.038	192.926
   	100  	-1162.32	-760.552	-610.038	168.516
   	100  	-1158.17	-743.972	-610.038	143.009
   	100  	-1188.74	-747.732	-610.038	134.952
   	100  	-1187.74	-729.621	-610.038	127.488
   	100  	-1185.73	-814.883	-610.038	194.95 
   	100  	-1164.19	-785.681	-610.038	180.375
   	100  	-1166.69	-720.339	-610.038	105.234
   	100  	-1182.01	-836.976	-610.038	199.619
   	100  	-1200.3 	-773.947	-610.038	156.386
   	100  	-1144.77	-723.976	-610.038	82.2211
   	100  	-1193.99	-786.197	-610.038	157.172
   	100  	-1191.1 	-863.661	-610.038	210.926
   	100  	-1232.13	-798.436	-610.038	195.668
   	100  	-1205.21	-778.72 	-610.038	182.052
   	100  	-1195.59	-791.688	-610.038	178.692
   	100  	-1185.93	-756.962	-610.038	145.097
   	100  	-1189.93	-872.241	-610.038	220.042
   	100  	-1182.86	-824.028	-610.038	201.045
   	100  	-1207.33	-802.222	-610.038	174.654
   	100  	-1235.82	-747.945	-610.038	121.526
   	100  	-1191.75	-750.272	-610.038	109.359
   	100  	-1250.24	-1058.35	-610.038	190.279
   	100  	-1217.48	-856.399	-610.038	205.951
   	100  	-1182.29	-763.288	-610.038	123.583
   	100  	-1233.61	-905.808	-610.038	220.932
   	100  	-1100.83	-703.988	-610.038	40.2036
   	100  	-1201.62	-941.942	-610.038	211.876
   	100  	-1165.05	-773.394	-610.038	161.355
   	100  	-1176.86	-808.428	-610.038	186.503
   	100  	-1212.07	-953.067	-610.038	228.909
   	100  	-1205.71	-796.81 	-610.038	178.124
   	100  	-1209.19	-811.474	-610.038	176.064
   	100  	-1177.22	-750.244	-610.038	136.72 
   	100  	-1176.03	-720.423	-610.038	87.4329
   	100  	-1225.77	-938.935	-610.038	225.072
   	100  	-1198.15	-1110.74	-610.038	115.133
   	100  	-1161.56	-787.159	-610.038	121.387
   	100  	-1201.89	-816.47 	-610.038	152.256
   	100  	-1166.55	-712.781	-610.038	79.3079
   	100  	-1118.58	-688.235	-610.038	30.7138
   	100  	-1159.4 	-904.932	-610.038	191.642
   	100  	-1190.73	-1096.83	-610.038	132.501
   	100  	-1159.66	-764.935	-610.038	156.353
   	100  	-1167.94	-969.323	-610.038	209.961
   	100  	-1165.33	-852.263	-610.038	196.029
   	100  	-1126.47	-735.025	-610.038	125.142
   	100  	-763.929	-704.321	-610.038	25.4185
   	100  	-1188.52	-1034.97	-610.038	162.043
   	100  	-1132.85	-689.995	-610.038	89.2281
   	100  	-1172.38	-783.351	-610.038	143.825
   	100  	-1160.86	-1041.26	-610.038	156.171
   	100  	-1166.42	-810.694	-610.038	184.951
   	100  	-1180.36	-1000.63	-610.038	200.499
   	100  	-1197.33	-943.28 	-610.038	214.642
   	100  	-1206.27	-765.591	-610.038	182.34 
   	100  	-1160.47	-1049.74	-610.038	143.288
   	100  	-1160.61	-843.982	-610.038	202.493
   	100  	-1128.27	-1009.33	-610.038	139.354
   	100  	-1170.9 	-1096.75	-610.038	108.622
   	100  	-1171.02	-731.04 	-610.038	143.959
   	100  	-1208.96	-1102.58	-610.038	158.691
   	100  	-1181.89	-1143.01	-610.038	91.4825
   	100  	-1170.29	-723.91 	-610.038	109.708
   	100  	-1177.93	-1113.74	-610.038	143.68 
   	100  	-1212.09	-805.755	-610.038	174.844
   	100  	-1137.99	-1025.46	-610.038	154.333
   	100  	-1103.36	-748.963	-610.038	66.4763
   	100  	-1140.37	-1069.48	-610.038	134.412
   	100  	-1153.75	-983.396	-610.038	205.164
   	100  	-1214.57	-1095.56	-610.038	189.572
   	100  	-1210.08	-738.817	-610.038	85.7482
   	100  	-736.161	-712.37 	-610.038	10.1131
   	100  	-1172.24	-1116.66	-610.038	97.8056
   	100  	-1147.57	-1113.9 	-610.038	63.1963
   	100  	-1125.53	-739.193	-610.038	98.1685
   	100  	-1134.68	-700.201	-610.038	109.038
   	100  	-1165.2 	-1098.88	-610.038	140.059
   	100  	-1144.42	-754.788	-610.038	98.7153
   	100  	-1135.61	-737.699	-610.038	83.1434
   	100  	-775.831	-736.096	-610.038	10.3277
   	100  	-754.128	-705.769	-610.038	14.6994
   	100  	-1150.61	-1091.72	-610.038	123.237
   	100  	-1133.21	-729.069	-610.038	97.0313
   	100  	-773.614	-744.182	-610.038	20.5506
   	100  	-765.333	-662.314	-610.038	20.4382
   	100  	-1129.87	-1081.99	-610.038	124.691
   	100  	-1185.81	-1124.57	-610.038	74.7441
   	100  	-1137.08	-766.83 	-610.038	121.756
   	100  	-1185.62	-1139.02	-610.038	135.534
   	100  	-1199.16	-742.355	-610.038	128.148
   	100  	-767.925	-720.886	-610.038	13.0003
   	100  	-730.653	-676.9  	-610.038	13.2334
gen	depth	min     	avg     	max     	std    
   	100  	-1162.07	-733.711	-626.787	128.766
   	100  	-1169.54	-713.921	-626.394	116.53 
   	100  	-1169.81	-717.927	-626.394	130.837
   	100  	-1162.02	-713.82 	-620.624	132.375
   	100  	-1147.09	-723.115	-620.624	143.107
   	100  	-1162.89	-748.81 	-613.736	168.596
   	100  	-1172.24	-820.702	-613.736	197.693
   	100  	-1180.98	-865.944	-613.736	222.191
   	100  	-1190.91	-795.568	-613.736	188.001
   	100  	-1181.66	-754.625	-613.736	158.933
   	100  	-1165.15	-727.057	-613.736	131.449
   	100  	-1174.28	-792.332	-613.736	189.365
   	100  	-1196.77	-862.468	-613.736	218.228
   	100  	-1229.83	-918.722	-613.736	236.363
   	100  	-1194.55	-802.911	-613.736	178.672
   	100  	-1212.55	-890.339	-613.736	204.431
   	100  	-1196.25	-856.567	-613.736	200.412
   	100  	-1221.89	-843.021	-613.736	199.238
   	100  	-1228.7 	-934.204	-613.736	215.367
   	100  	-1207.29	-886.075	-613.736	217.482
   	100  	-1217.11	-919.213	-613.736	217.676
   	100  	-1224.96	-833.019	-613.736	202.131
   	100  	-1217.52	-800.374	-613.736	176.779
   	100  	-1187.52	-821.962	-613.736	191.557
   	100  	-1213.49	-892.046	-613.736	223.295
   	100  	-1178.48	-902.512	-613.736	216.566
   	100  	-1179.59	-784.002	-613.736	159.583
   	100  	-1155.13	-726.982	-613.736	54.877 
   	100  	-1181.22	-745.312	-613.736	140.247
   	100  	-1201.75	-896.213	-613.736	217.174
   	100  	-1169.92	-763.867	-613.736	130.248
   	100  	-1196.13	-737.463	-613.736	128.51 
   	100  	-1212.85	-867.962	-613.736	218.567
   	100  	-1203.03	-804.426	-613.736	180.871
   	100  	-1186.76	-898.904	-613.736	221.609
   	100  	-1169.7 	-822.118	-613.736	199.386
   	100  	-1162.34	-741.799	-613.736	105.302
   	100  	-1213.42	-754.697	-613.736	135.176
   	100  	-1168.96	-1072.04	-613.736	132.82 
   	100  	-1211.02	-929.965	-613.736	231.718
   	100  	-1157.03	-950.068	-613.736	203.144
   	100  	-1159.28	-1018.25	-613.736	165.548
   	100  	-1105.31	-715.678	-613.736	79.1287
   	100  	-1194.3 	-1036.27	-613.736	183.438
   	100  	-1167.8 	-840.097	-613.736	204.722
   	100  	-1195.44	-752.6  	-613.736	151.52 
   	100  	-1136.19	-672.384	-613.736	40.0604
   	100  	-1198.62	-833.831	-613.736	205.999
   	100  	-1193.07	-1118.73	-613.736	127.753
   	100  	-1174.1 	-875.468	-613.736	217.564
   	100  	-1160.44	-892.161	-613.736	207.77 
   	100  	-1150.16	-758.996	-613.736	121.338
   	100  	-1181.37	-706.785	-613.736	45.6345
   	100  	-1213.09	-1065.39	-613.736	187.52 
   	100  	-1230.55	-1017.72	-613.736	221.195
   	100  	-1221.36	-755.338	-613.736	114.635
   	100  	-1221.45	-728.306	-613.736	48.4815
   	100  	-1216.33	-696.729	-613.736	68.9986
   	100  	-1159.97	-709.96 	-613.736	55.4366
   	100  	-767.17 	-723.733	-613.736	23.2159
   	100  	-1214.88	-1073.42	-613.736	187.327
   	100  	-1166.86	-719.964	-613.736	124.699
   	100  	-1099.8 	-715.683	-613.736	41.3914
   	100  	-1134.88	-712.637	-613.736	93.5155
   	100  	-1204.9 	-1024.76	-613.736	218.549
   	100  	-1223.08	-1143.59	-613.736	134.683
   	100  	-1214.5 	-872.874	-613.736	169.997
   	100  	-1209.9 	-1112.61	-613.736	108.5  
   	100  	-1200.57	-1038.78	-613.736	113.072
   	100  	-1198.03	-1062.73	-613.736	171.898
   	100  	-1170.27	-728.803	-613.736	92.9893
   	100  	-1196.52	-1042.66	-613.736	185.459
   	100  	-1149.45	-738.892	-613.736	94.0541
   	100  	-1170.74	-750.012	-613.736	160.098
   	100  	-1142.65	-808.627	-613.736	186.936
   	100  	-1149.94	-1082.59	-613.736	115.82 
   	100  	-1116.9 	-804.172	-613.736	203.461
   	100  	-1183.33	-1118.76	-613.736	115.438
   	100  	-1153.71	-796.22 	-613.736	130.201
   	100  	-1165.99	-960.94 	-613.736	201.522
   	100  	-1116.89	-700.629	-613.736	53.2056
   	100  	-1140.07	-696.105	-613.736	50.2493
   	100  	-751.137	-699.972	-613.736	19.376 
   	100  	-1141.47	-706.079	-613.736	81.7898
   	100  	-1151.81	-829.453	-613.736	197.115
   	100  	-1188.02	-1130.43	-613.736	118.723
   	100  	-1163.32	-705.477	-613.736	122.335
   	100  	-733.203	-696.829	-613.736	11.1427
   	100  	-1153.36	-1083.02	-613.736	112.784
   	100  	-1115.13	-741.45 	-613.736	99.0316
   	100  	-1115.47	-680.484	-613.736	29.5098
   	100  	-1178.89	-1103.26	-613.736	138.352
   	100  	-1147.96	-730.313	-613.736	114.71 
   	100  	-1182.45	-1141.21	-613.736	129.857
   	100  	-1182.45	-782.405	-613.736	118.109
   	100  	-1125.53	-1071.07	-613.736	101.132
   	100  	-1156.56	-1120.71	-613.736	59.6467
   	100  	-1193.41	-845.422	-613.736	211.768
   	100  	-1174.97	-1109.15	-613.736	118.807
   	100  	-1142.53	-709.66 	-613.736	124.993
gen	depth	min     	avg     	max     	std    
   	100  	-1166.99	-717.763	-623.409	108.681
   	100  	-1146.52	-699.229	-619.142	100.845
   	100  	-1165.72	-717.275	-610.15 	134.038
   	100  	-1147.13	-683.602	-598.403	94.7324
   	100  	-1143.23	-698.607	-598.403	124.453
   	100  	-1133.01	-704.835	-598.403	77.2049
   	100  	-1187.62	-773.147	-598.403	180.918
   	100  	-1151.15	-749.151	-598.403	164.609
   	100  	-1183.11	-752.711	-598.403	171.458
   	100  	-1189.62	-793.948	-598.403	195.511
   	100  	-1137.04	-743.351	-598.403	141.684
   	100  	-1197.18	-755.989	-598.403	160.72 
   	100  	-1176.02	-892.662	-598.403	211.921
   	100  	-1171.85	-736.521	-598.403	114.028
   	100  	-1172.88	-835.923	-598.403	190.925
   	100  	-1172.69	-810.621	-598.403	190.342
   	100  	-1197.05	-732.237	-598.403	101.237
   	100  	-1167.2 	-796.455	-598.403	185.342
   	100  	-1163.27	-847.982	-598.403	207.544
   	100  	-1171.48	-808.921	-598.403	186.988
   	100  	-1177.42	-925.305	-598.403	215.162
   	100  	-1178.31	-735.279	-598.403	127.808
   	100  	-1170.65	-809.785	-598.403	197.061
   	100  	-1206.7 	-889.081	-598.403	219.645
   	100  	-1215.91	-850.785	-598.403	214.109
   	100  	-1179.06	-990.758	-598.403	211.56 
   	100  	-1209.73	-994.002	-598.403	202.053
   	100  	-1184.03	-1067.6 	-598.403	149.133
   	100  	-1185.71	-965.706	-598.403	201.35 
   	100  	-1207.7 	-1035.03	-598.403	186.122
   	100  	-1143.9 	-755.625	-598.403	131.405
   	100  	-1178.45	-781.664	-598.403	169.113
   	100  	-1195.86	-1050.91	-598.403	169.557
   	100  	-1174.77	-789.097	-598.403	181.823
   	100  	-1192.45	-933.15 	-598.403	219.91 
   	100  	-1152.44	-728.797	-598.403	126.963
   	100  	-1131.03	-687.481	-598.403	94.1088
   	100  	-1130.07	-744.625	-598.403	144.087
   	100  	-1168.07	-792.383	-598.403	155.533
   	100  	-1191.91	-1008.74	-598.403	194.792
   	100  	-1197.72	-925.797	-598.403	210.711
   	100  	-1170.56	-904.184	-598.403	209.943
   	100  	-1141.52	-721.502	-598.403	103.967
   	100  	-1192.09	-1052.76	-598.403	178.856
   	100  	-1173.18	-802.944	-598.403	174.897
   	100  	-1136.37	-670.088	-598.403	33.0665
   	100  	-761.727	-722.936	-598.403	20.8837
   	100  	-737.623	-701.048	-598.403	23.3143
   	100  	-1149.16	-1070.68	-598.403	108.557
   	100  	-1189.77	-1099.45	-598.403	72.8291
   	100  	-1203.92	-1137.76	-598.403	47.3521
   	100  	-1159.46	-789.443	-598.403	169.981
   	100  	-1121.63	-721.03 	-598.403	28.4728
   	100  	-1225.03	-748.205	-598.403	108.013
   	100  	-734.378	-710.498	-598.403	11.0315
   	100  	-1203.72	-1099.79	-598.403	138.656
   	100  	-1195.92	-723.82 	-598.403	111.667
   	100  	-1160.05	-679.287	-598.403	48.6615
   	100  	-1144.52	-1080.33	-598.403	137.041
   	100  	-1131.47	-1105.08	-598.403	84.8241
   	100  	-1123.08	-757.526	-598.403	99.0317
   	100  	-782.019	-742.851	-598.403	12.5683
   	100  	-1197.49	-1085.81	-598.403	103.59 
   	100  	-1219.4 	-761.165	-598.403	121.964
   	100  	-726.263	-702.249	-598.403	8.29591
   	100  	-1191.04	-754.211	-598.403	38.5317
   	100  	-1217.75	-1129.12	-598.403	110.937
   	100  	-1163.81	-728.502	-598.403	121.412
   	100  	-1217.41	-700.683	-598.403	24.16  
   	100  	-754.147	-685.844	-598.403	8.40568
   	100  	-1194.86	-686.778	-598.403	39.521 
   	100  	-1198.18	-726.164	-598.403	27.5534
   	100  	-1156.25	-705.204	-598.403	24.0178
   	100  	-757.81 	-709.684	-598.403	7.69138
   	100  	-806.669	-781.843	-598.403	28.4846
   	100  	-1205.55	-702.795	-598.403	50.7884
   	100  	-1150.91	-1080.98	-598.403	136.707
   	100  	-1127.51	-1068.47	-598.403	66.2316
   	100  	-1093.63	-704.613	-598.403	112.907
   	100  	-1152.82	-1066.9 	-598.403	144.957
   	100  	-1158.8 	-1075.77	-598.403	84.4809
   	100  	-1188.54	-734.122	-598.403	104.447
   	100  	-706.025	-699.117	-598.403	7.99964
   	100  	-1154.65	-728.352	-598.403	58.3847
   	100  	-1164.85	-1106.73	-598.403	112.062
   	100  	-1145.46	-1108.78	-598.403	64.8893
   	100  	-1120.52	-752.354	-598.403	110.87 
   	100  	-1089.88	-722.677	-598.403	20.5174
   	100  	-1170.91	-854.669	-598.403	210.765
   	100  	-1137.72	-1014.56	-598.403	177.146
   	100  	-1111.35	-794.393	-598.403	60.5458
   	100  	-1191.15	-1070.12	-598.403	172.985
   	100  	-1157.62	-759.219	-598.403	77.5978
   	100  	-767.143	-717.84 	-598.403	18.237 
   	100  	-1185.25	-847.922	-598.403	211.633
   	100  	-1209.35	-990.135	-598.403	220.806
   	100  	-1159.95	-980.848	-598.403	196.539
   	100  	-1121.66	-745.851	-598.403	62.7033
   	100  	-1148.71	-910.613	-598.403	202.9  
   	100  	-1095.46	-749.244	-598.403	43.5933
gen	depth	min     	avg     	max     	std    
   	100  	-1163.52	-734.852	-636.758	131.294
   	100  	-1167.86	-727.816	-626.724	137.202
   	100  	-1165.45	-716.543	-626.082	122.804
   	100  	-1136.33	-716.241	-626.082	118.099
   	100  	-1151.89	-697.689	-618.263	94.3428
   	100  	-1123.09	-687.321	-618.263	48.8682
   	100  	-1173.04	-697.039	-618.263	79.4504
   	100  	-1140.47	-698.073	-618.263	92.286 
   	100  	-1169.8 	-769.343	-618.263	185.535
   	100  	-1177.89	-751.341	-618.263	156.068
   	100  	-1173.55	-752.971	-618.263	147.59 
   	100  	-1193.92	-788.103	-618.263	189.28 
   	100  	-1218.36	-887.058	-618.263	218.066
   	100  	-1179.06	-856.29 	-618.263	211.437
   	100  	-1180.53	-770.719	-618.263	167.246
   	100  	-1180.13	-759.596	-618.263	153.104
   	100  	-1169.06	-734.031	-618.263	106.116
   	100  	-1170.62	-770.332	-618.263	158.993
   	100  	-1172.93	-758.009	-618.263	146.283
   	100  	-1182.8 	-733.725	-618.263	69.1303
   	100  	-1183.32	-766.046	-618.263	143.826
   	100  	-1168.58	-860.45 	-618.263	202.362
   	100  	-1184.03	-792.881	-618.263	172.453
   	100  	-1216.55	-811.572	-618.263	189.048
   	100  	-1206.94	-845.451	-618.263	185.601
   	100  	-1182.93	-797.554	-618.263	151.208
   	100  	-1235.49	-827.777	-618.263	161.868
   	100  	-1206.75	-758.17 	-618.263	156.9  
   	100  	-1184.34	-785.656	-618.263	173.981
   	100  	-1158.7 	-990.483	-618.263	182.565
   	100  	-1178.07	-940.143	-618.263	212.908
   	100  	-1177.84	-854.018	-618.263	210.253
   	100  	-1193.51	-919.164	-618.263	222.424
   	100  	-1137.56	-707.914	-618.263	73.2282
   	100  	-1167.29	-732.388	-618.263	102.329
   	100  	-1174.96	-755.26 	-618.263	132.41 
   	100  	-1188.67	-977.805	-618.263	220.441
   	100  	-1179.11	-752.083	-618.263	144.786
   	100  	-1167.1 	-749.832	-618.263	110.003
   	100  	-1191.71	-1084.63	-618.263	133.468
   	100  	-1177.15	-764.993	-618.263	134.665
   	100  	-766.779	-716.032	-618.263	18.8601
   	100  	-1132.41	-715.858	-618.263	44.6123
   	100  	-1194.31	-716.406	-617.226	132.679
   	100  	-1142   	-727.295	-617.226	115.308
   	100  	-1143.98	-810.577	-617.226	172.606
   	100  	-1168.86	-816.135	-617.226	190.319
   	100  	-1165.91	-810.891	-617.226	205.839
   	100  	-1201.32	-774.869	-617.226	124.149
   	100  	-1176.65	-706.081	-617.226	113.829
   	100  	-1123.17	-688.941	-617.226	36.1474
   	100  	-746.093	-701.158	-617.226	24.7603
   	100  	-742.132	-691.837	-617.226	14.5764
   	100  	-1137.3 	-678.386	-617.226	29.9758
   	100  	-733.337	-694.604	-617.226	14.7597
   	100  	-708.074	-672.17 	-617.226	9.87234
   	100  	-1132.86	-691.803	-617.226	49.3088
   	100  	-699.927	-672.532	-617.226	7.47455
   	100  	-734.855	-708.494	-617.226	19.0069
   	100  	-732.541	-704.12 	-617.226	10.6941
   	100  	-707.771	-686.031	-617.226	10.9419
   	100  	-1201.71	-728.74 	-617.226	46.0326
   	100  	-1111.99	-752.297	-617.226	154.131
   	100  	-1075.66	-702.697	-617.226	20.7551
   	100  	-1104.89	-757.317	-617.226	46.3775
   	100  	-784.011	-748.458	-617.226	17.861 
   	100  	-1172.53	-1105.78	-617.226	131.017
   	100  	-1147.36	-735.383	-617.226	115.943
   	100  	-728.851	-700.462	-617.226	10.878 
   	100  	-1113.75	-678.124	-617.226	79.1015
   	100  	-722.882	-713.756	-617.226	16.3007
   	100  	-1122.56	-1074.11	-617.226	126.608
   	100  	-1118.91	-756.63 	-617.226	92.1223
   	100  	-736.182	-693.955	-617.226	11.5304
   	100  	-711.58 	-687.846	-617.226	7.30382
   	100  	-736.758	-729.007	-617.226	13.797 
   	100  	-733.049	-682.185	-617.226	14.3284
   	100  	-1121.72	-1072.62	-617.226	136.23 
   	100  	-1119.53	-730.989	-617.226	108.198
   	100  	-701.736	-687.442	-617.226	4.88132
   	100  	-706.287	-694.811	-617.226	5.07467
   	100  	-727.233	-720.049	-617.226	11.5206
   	100  	-1153.57	-1118.26	-617.226	112.834
   	100  	-1173.48	-1151.63	-617.226	60.8457
   	100  	-1170.95	-1160.03	-617.226	37.5515
   	100  	-1163.37	-701.603	-617.226	133.749
   	100  	-762.784	-733.54 	-617.226	19.42  
   	100  	-738.685	-737.724	-617.226	8.05862
   	100  	-1135.13	-1092.84	-617.226	121.103
   	100  	-1134.24	-725.706	-617.226	97.5725
   	100  	-723.185	-705.534	-617.226	4.65495
   	100  	-706.923	-703.098	-617.226	4.06324
   	100  	-736.771	-731.102	-617.226	10.5628
   	100  	-734.672	-725.741	-617.226	7.18258
   	100  	-727.705	-686.275	-617.226	13.6881
   	100  	-750.411	-742.537	-617.226	18.6746
   	100  	-749.759	-680.304	-617.226	16.7838
   	100  	-756.52 	-741.735	-617.226	20.184 
   	100  	-747.7  	-705.639	-617.226	12.1159
   	100  	-1143.27	-1089.62	-617.226	127.489
gen	depth	min     	avg     	max     	std    
   	100  	-1197.76	-747.31 	-637.97 	139.676
   	100  	-1154.4 	-699.435	-623.126	79.3478
   	100  	-1157.15	-716.193	-618.462	117.958
   	100  	-1161.23	-745.701	-618.462	160.67 
   	100  	-1158.45	-718.505	-618.462	133.949
   	100  	-1173.85	-702.442	-618.462	102.885
   	100  	-1175.72	-729.122	-618.462	137.574
   	100  	-1164.26	-778.502	-616.556	183.808
   	100  	-1188.1 	-799.766	-616.556	189.789
   	100  	-1197.46	-793.049	-616.556	186.827
   	100  	-1175.62	-825.072	-616.556	202.689
   	100  	-1180.07	-759.204	-616.556	164.909
   	100  	-1193.03	-817.134	-616.556	201.887
   	100  	-1202.3 	-825.396	-616.556	213.052
   	100  	-1186.94	-708.82 	-616.556	107.573
   	100  	-1171.06	-761.773	-616.556	124.351
   	100  	-1187.46	-922.545	-616.556	214.541
   	100  	-1199.2 	-917.228	-616.556	219.558
   	100  	-1209.42	-767.457	-616.556	172.944
   	100  	-1197.01	-851.469	-616.556	210.193
   	100  	-1166.65	-716.117	-616.556	75.5016
   	100  	-1186.95	-833.258	-616.556	199.953
   	100  	-1175.96	-833.056	-616.556	203.558
   	100  	-1200.4 	-872.824	-616.556	216.351
   	100  	-1189.66	-923.131	-616.556	210.172
   	100  	-1224.1 	-836.891	-616.556	200.461
   	100  	-1188.42	-727.59 	-616.556	96.4629
   	100  	-1193.53	-748.599	-616.556	123.937
   	100  	-1141.36	-743.138	-616.556	147.112
   	100  	-1204.18	-781.708	-616.556	169.657
   	100  	-1180.48	-730.027	-616.556	110.022
   	100  	-1176.86	-806.551	-616.556	177.299
   	100  	-1174.03	-737.411	-616.556	142.396
   	100  	-1198.79	-947.602	-616.556	214.829
   	100  	-1190.9 	-779.546	-616.556	156.78 
   	100  	-1231.93	-853.104	-616.556	215.03 
   	100  	-1187.7 	-1084.87	-616.556	150.49 
   	100  	-1186.96	-825.596	-616.556	196.58 
   	100  	-1104.65	-724.195	-616.556	35.8007
   	100  	-1205.4 	-853.105	-616.556	204.562
   	100  	-1211.5 	-966.081	-616.556	199.204
   	100  	-1218.95	-754.156	-616.556	115.153
   	100  	-1206.4 	-1082.89	-616.556	138.045
   	100  	-1215.5 	-1108.66	-616.556	128.153
   	100  	-1191.76	-1062.4 	-616.556	133.143
   	100  	-1199.95	-870.316	-616.556	195.66 
   	100  	-1143.83	-702.827	-616.556	103.579
   	100  	-1183.19	-965.014	-616.556	218.434
   	100  	-1192.88	-855.266	-616.556	208.3  
   	100  	-1270.99	-1130.82	-616.556	150.2  
   	100  	-1190.07	-783.417	-616.556	160.146
   	100  	-1194.42	-987.293	-616.556	217.668
   	100  	-1193.81	-840.503	-616.556	203.093
   	100  	-1178.1 	-750.968	-616.556	135.254
   	100  	-1194.59	-767.041	-616.556	147.413
   	100  	-1201.09	-917.23 	-616.556	206.317
   	100  	-1206.39	-816.088	-616.556	193.28 
   	100  	-1177.28	-1008.02	-616.556	170.301
   	100  	-1191.88	-806.066	-616.556	168.71 
   	100  	-1213.14	-1068.86	-616.556	192.209
   	100  	-1218.13	-877.993	-616.556	204.548
   	100  	-1197.6 	-1048.22	-616.556	174.028
   	100  	-1142.45	-721.086	-616.556	114.001
   	100  	-1144.76	-779.105	-616.556	167.891
   	100  	-1151.96	-827.549	-616.556	195.518
   	100  	-1196.88	-912.767	-616.556	227.112
   	100  	-1175.14	-1068.38	-616.556	138.506
   	100  	-1157.05	-1096.56	-616.556	87.4845
   	100  	-1160.96	-1108.19	-616.556	58.1531
   	100  	-1180.49	-820.274	-616.556	168.496
   	100  	-1162.51	-989.831	-616.556	203.387
   	100  	-1170.79	-746.303	-616.556	137.291
   	100  	-1182.09	-821.634	-616.556	175.708
   	100  	-1186.71	-986.733	-616.556	208.374
   	100  	-1139.85	-728.598	-616.556	92.6591
   	100  	-1131.36	-789.674	-616.556	173.883
   	100  	-1142.37	-716.892	-616.556	50.3015
   	100  	-1101.61	-723.428	-616.556	36.322 
   	100  	-1156.34	-890.49 	-616.556	202.409
   	100  	-1146.07	-693.118	-616.556	89.4011
   	100  	-1144.29	-826.306	-616.556	184.721
   	100  	-1162.61	-1011.09	-616.556	189.517
   	100  	-1197.37	-1055.25	-616.556	158.389
   	100  	-1168.55	-758.466	-616.556	157.979
   	100  	-1167.33	-754.81 	-616.556	53.7426
   	100  	-1186.66	-753.133	-616.556	141.248
   	100  	-753.139	-695.519	-616.556	18.8865
   	100  	-766.757	-727.834	-616.556	22.7959
   	100  	-1186.86	-721.647	-616.556	48.1745
   	100  	-734.333	-688.795	-616.556	16.4648
   	100  	-713.002	-673.939	-616.556	15.8043
   	100  	-1202.98	-868.518	-616.556	216.964
   	100  	-1173.93	-771.685	-616.556	164.908
   	100  	-1128.44	-694.478	-616.556	72.463 
   	100  	-1192.09	-910.957	-616.556	207.433
   	100  	-1134.98	-700.311	-616.556	29.689 
   	100  	-721.338	-690.064	-616.556	13.5385
   	100  	-1166.5 	-1095.17	-616.556	138.53 
   	100  	-1220.06	-1069.49	-616.556	199.282
   	100  	-1172.37	-691.156	-616.556	94.6282
gen	depth	min     	avg     	max     	std    
   	100  	-1170.11	-729.734	-601.343	118.314
   	100  	-1150.63	-691.136	-601.343	85.2691
   	100  	-1190.01	-728.867	-601.343	153.384
   	100  	-1156.61	-719.892	-601.343	129.211
   	100  	-1150.79	-689.511	-601.343	85.6995
   	100  	-1178.94	-760.563	-601.343	172.008
   	100  	-1172.43	-710.243	-601.343	117.67 
   	100  	-1160.17	-740.859	-601.343	153.534
   	100  	-1209.18	-721.909	-601.343	134.439
   	100  	-1184.8 	-881.998	-601.343	219.984
   	100  	-1154.5 	-754.938	-601.343	162.665
   	100  	-1214.17	-838.721	-601.343	207.018
   	100  	-1226.66	-777.772	-601.343	175.892
   	100  	-1184.37	-904.475	-601.343	212.159
   	100  	-1188.86	-794.133	-601.343	170.457
   	100  	-1204   	-858.992	-601.343	207.699
   	100  	-1199.64	-779.229	-601.343	169.972
   	100  	-1184.25	-865.92 	-601.343	219.749
   	100  	-1181.19	-745.626	-601.343	123.802
   	100  	-1203.13	-1023.72	-601.343	206.905
   	100  	-1202.16	-1030.4 	-601.343	191.72 
   	100  	-1172.57	-840.464	-601.343	191.411
   	100  	-1149.5 	-737.627	-601.343	76.7934
   	100  	-1175.43	-723.608	-601.343	115.093
   	100  	-1174.1 	-782.055	-601.343	162.729
   	100  	-1143.83	-945.347	-601.343	197.128
   	100  	-1190.34	-980.438	-601.343	208.745
   	100  	-1184.92	-742.873	-601.343	106.108
   	100  	-1177.23	-739.653	-601.343	136.91 
   	100  	-1126.83	-694.698	-601.343	98.1041
   	100  	-742.228	-685.8  	-601.343	23.7365
   	100  	-1150.4 	-728.873	-601.343	93.2993
   	100  	-1158.66	-853.359	-601.343	210.673
   	100  	-1168.97	-928.832	-601.343	216.422
   	100  	-1160.31	-827.612	-601.343	177.491
   	100  	-1185.65	-693.758	-601.343	81.5593
   	100  	-1155.88	-976.624	-601.343	199.199
   	100  	-1162.8 	-1072.86	-601.343	138.826
   	100  	-1199.65	-1018.69	-601.343	211.537
   	100  	-1167.62	-702.856	-601.343	77.8441
   	100  	-1191.1 	-799.534	-601.343	144.949
   	100  	-761.667	-698.747	-601.343	21.0509
   	100  	-769.444	-722.485	-601.343	23.6149
   	100  	-1172.05	-992.609	-601.343	202.258
   	100  	-1142.36	-797.033	-601.343	180.306
   	100  	-797.943	-736.626	-601.343	24.3586
   	100  	-1121.48	-747.394	-601.343	176.509
   	100  	-1174.82	-903.71 	-601.343	201.769
   	100  	-1090.7 	-696.705	-601.343	33.9396
   	100  	-1176.97	-744.245	-601.343	143.982
   	100  	-1168.34	-707.807	-601.343	54.356 
   	100  	-1165.89	-786.676	-601.343	164.594
   	100  	-1146.11	-704.953	-601.343	105.988
   	100  	-738.009	-698.202	-601.343	15.1922
   	100  	-1082.35	-661.372	-601.343	23.8228
   	100  	-770.442	-718.424	-601.343	29.1984
   	100  	-1103.77	-702.94 	-601.343	22.7739
   	100  	-1110.3 	-920.921	-601.343	209.785
   	100  	-1101.5 	-699.05 	-601.343	41.9846
   	100  	-1199.52	-1100.89	-601.343	141.81 
   	100  	-1179.81	-1108.83	-601.343	109.426
   	100  	-1174.89	-740.629	-601.343	126.435
   	100  	-1144.99	-691.658	-601.343	22.5985
   	100  	-1115.59	-1048.82	-601.343	115.844
   	100  	-1089.11	-737.373	-601.343	97.9494
   	100  	-716.916	-682.42 	-601.343	9.38106
   	100  	-761.881	-707.124	-601.343	20.2679
   	100  	-717.938	-681.856	-601.343	9.7776 
   	100  	-1180.4 	-1122.57	-601.343	132.593
   	100  	-1162.71	-676.068	-601.343	119.487
   	100  	-716.179	-689.15 	-601.343	18.1643
   	100  	-1150.81	-1078.11	-601.343	151.185
   	100  	-1201.85	-1139.04	-601.343	84.0635
   	100  	-1171.08	-813.457	-601.343	215.449
   	100  	-1198.77	-757.245	-601.343	153.669
   	100  	-739.427	-713.948	-601.343	18.9547
   	100  	-1103.83	-708.769	-601.343	23.4429
   	100  	-1197.48	-1112   	-601.343	121.05 
   	100  	-1191.31	-1135.22	-601.343	78.7407
   	100  	-1156.82	-1096.9 	-601.343	40.7279
   	100  	-1188.62	-844.118	-601.343	204.683
   	100  	-1200.73	-788.014	-601.343	176.744
   	100  	-729.586	-682.52 	-601.343	12.0799
   	100  	-804.61 	-697.561	-601.343	14.8526
   	100  	-1206.37	-982.589	-601.343	227.094
   	100  	-1182.25	-1096.47	-601.343	116.398
   	100  	-1169.84	-1136.85	-601.343	64.4985
   	100  	-1205.27	-1160.48	-601.343	56.4525
   	100  	-1176.72	-790.793	-601.343	123.528
   	100  	-765.512	-702.302	-601.343	18.2377
   	100  	-726.694	-685.99 	-601.343	10.8315
   	100  	-1165.41	-794.611	-601.343	171.176
   	100  	-1198.49	-806.132	-601.343	161.539
   	100  	-1188.29	-1104.3 	-601.343	141.67 
   	100  	-1193.68	-1159.76	-601.343	87.2636
   	100  	-1203.92	-1144.96	-601.343	69.8028
   	100  	-1208.14	-782.236	-601.343	124.3  
   	100  	-753.008	-694.41 	-601.343	21.4802
   	100  	-1170.54	-914.548	-601.343	235.543
   	100  	-1163.51	-818.603	-601.343	215.369
gen	depth	min     	avg     	max     	std    
   	100  	-1153.13	-727.808	-628.321	118.858
   	100  	-1153.26	-705.799	-617.187	105.381
   	100  	-1145.41	-712.39 	-617.187	131.982
   	100  	-1158.73	-713.356	-617.187	130.566
   	100  	-1160.25	-707.999	-615.803	119.65 
   	100  	-1165.5 	-728.221	-615.803	138.121
   	100  	-1156.54	-704.122	-615.803	101.587
   	100  	-1151.64	-724.051	-615.803	131.149
   	100  	-1166.08	-751.429	-615.803	169.711
   	100  	-1148.19	-711.924	-615.803	124.49 
   	100  	-1158.03	-714.612	-615.803	94.9828
   	100  	-1181.86	-738.02 	-615.803	134.144
   	100  	-1109.34	-695.607	-615.803	44.5816
   	100  	-1183.64	-752.915	-615.803	158.946
   	100  	-1148.63	-727.425	-615.803	97.2535
   	100  	-1189.21	-760.608	-615.803	152.287
   	100  	-1160.77	-766.287	-615.803	157.932
   	100  	-1177.54	-770.148	-615.803	146.716
   	100  	-1193.73	-787.65 	-615.803	156.551
   	100  	-1185.58	-869.327	-615.803	199.872
   	100  	-1163.53	-755.384	-615.803	148.453
   	100  	-1188.65	-798.364	-615.803	185.465
   	100  	-1187.83	-792.666	-615.803	183.648
   	100  	-1181.57	-829.06 	-615.803	200.986
   	100  	-1198.17	-782.218	-615.803	170.783
   	100  	-1165.22	-943.102	-615.803	211.083
   	100  	-1188.4 	-823.37 	-615.803	201.686
   	100  	-1224.28	-1002.47	-615.803	209.608
   	100  	-1185.67	-815.589	-615.803	193.816
   	100  	-1184.2 	-1036.4 	-615.803	184.304
   	100  	-1207.49	-930.934	-615.803	218.587
   	100  	-1169.18	-862.96 	-605.037	218.184
   	100  	-1182.41	-898.693	-605.037	222.311
   	100  	-1198.87	-1064   	-605.037	146.995
   	100  	-1218.99	-963.737	-605.037	205.945
   	100  	-1185.76	-744.451	-605.037	114.2  
   	100  	-1200.16	-725.244	-605.037	65.1982
   	100  	-1167.12	-714.128	-605.037	108.266
   	100  	-1216.21	-1103.83	-605.037	157.947
   	100  	-1236.14	-1079.08	-605.037	192.176
   	100  	-1188.22	-707.006	-605.037	88.1871
   	100  	-1183.97	-1111.78	-605.037	116.132
   	100  	-1148   	-887.563	-605.037	203.964
   	100  	-1195.09	-689.062	-605.037	74.823 
   	100  	-782.527	-696.397	-605.037	19.1738
   	100  	-732.674	-694.793	-605.037	14.8101
   	100  	-1182.13	-1054.34	-605.037	187.924
   	100  	-1197.27	-1155.72	-605.037	82.8842
   	100  	-1187.3 	-761.413	-605.037	105.862
   	100  	-752.962	-691.024	-605.037	17.52  
   	100  	-1146.59	-883.577	-605.037	209.839
   	100  	-1115.85	-721.969	-605.037	55.299 
   	100  	-749.748	-700.982	-605.037	19.8221
   	100  	-1169.81	-1082.94	-605.037	127.994
   	100  	-1119.66	-743.21 	-605.037	97.8878
   	100  	-1173.59	-1097.78	-605.037	138.191
   	100  	-1150.09	-780.656	-605.037	110.897
   	100  	-761.703	-683.362	-605.037	16.232 
   	100  	-1167.52	-1100.48	-605.037	147.507
   	100  	-1154.18	-708.431	-605.037	155.448
   	100  	-744.195	-703.003	-605.037	24.1268
   	100  	-1117.75	-675.52 	-605.037	41.1233
   	100  	-719.802	-650.174	-605.037	9.00558
   	100  	-717.154	-672.442	-605.037	19.9144
   	100  	-714.982	-675.643	-605.037	10.1739
   	100  	-1186.16	-972.227	-605.037	199.11 
   	100  	-1172.34	-1132.36	-605.037	93.9793
   	100  	-1191.29	-969.576	-605.037	215.725
   	100  	-1169.95	-711.811	-605.037	36.5077
   	100  	-1177.82	-1120.77	-605.037	111.618
   	100  	-1155.76	-756.704	-605.037	117.714
   	100  	-1189.28	-736.849	-605.037	145.889
   	100  	-1209.61	-1143.03	-605.037	148.852
   	100  	-1192.35	-727.462	-605.037	131.647
   	100  	-1117.97	-1055.46	-605.037	133.832
   	100  	-1104.96	-722.066	-605.037	102.156
   	100  	-751.017	-717.659	-605.037	11.6025
   	100  	-1165.53	-704.043	-605.037	46.3805
   	100  	-736.924	-707.089	-605.037	17.5556
   	100  	-1111.31	-992.098	-605.037	178.194
   	100  	-1189.26	-1123.94	-605.037	137.02 
   	100  	-1169.84	-736.465	-605.037	120.867
   	100  	-1092.18	-681.522	-605.037	24.3219
   	100  	-741.732	-698.892	-605.037	13.1671
   	100  	-1159.49	-1115.19	-605.037	129.757
   	100  	-1157   	-1089.81	-605.037	71.0527
   	100  	-1145.71	-737.56 	-605.037	93.6271
   	100  	-747.843	-729.911	-605.037	12.0525
   	100  	-736.48 	-695.691	-605.037	12.6482
   	100  	-707.498	-679.316	-605.037	5.89046
   	100  	-705.195	-688.656	-605.037	7.89006
   	100  	-1150.6 	-690.722	-605.037	22.167 
   	100  	-1203.24	-1140.23	-605.037	159.262
   	100  	-1197.37	-736.292	-605.037	124.266
   	100  	-1167.96	-1096.7 	-605.037	136.31 
   	100  	-1171.89	-756.745	-605.037	141.504
   	100  	-1160.87	-955.096	-605.037	206.252
   	100  	-1211.89	-1147.65	-605.037	117.833
   	100  	-1198.36	-1058.42	-605.037	157.234
   	100  	-1202.49	-1143.86	-605.037	78.5826
