gen	depth	min     	avg     	max     	std    
   	100  	-754.715	-670.852	-605.094	22.2338
   	100  	-724.556	-662.11 	-605.094	20.9057
   	100  	-735.169	-655.833	-592.349	23.0528
   	100  	-740.506	-655.81 	-587.296	23.264 
   	100  	-726.76 	-663.601	-587.296	25.6549
   	100  	-751.582	-668.366	-587.296	27.8856
   	100  	-725.218	-657.616	-585.204	24.228 
   	100  	-749.558	-671.053	-585.204	28.625 
   	100  	-766.896	-678.963	-585.204	31.8058
   	100  	-753.593	-672.949	-585.204	24.3019
   	100  	-726.894	-666.913	-585.204	23.4244
   	100  	-744.835	-681.912	-585.204	28.6649
   	100  	-746.578	-669.965	-585.204	26.3932
   	100  	-721.822	-658.931	-585.204	24.7658
   	100  	-741.131	-677.443	-585.204	29.5773
   	100  	-759.403	-679.83 	-585.204	31.4699
   	100  	-759.424	-683.411	-585.204	28.7855
   	100  	-754.678	-682.388	-585.204	24.0864
   	100  	-741.356	-684.223	-585.204	25.6955
   	100  	-765.16 	-683.152	-585.204	31.3145
   	100  	-746.067	-670.473	-585.204	30.0914
   	100  	-748.565	-676.688	-585.204	24.7827
   	100  	-753.839	-688.524	-585.204	27.6239
   	100  	-755.218	-695.693	-585.204	25.7121
   	100  	-754.174	-681.595	-585.204	21.7047
   	100  	-752.529	-683.21 	-585.204	28.6553
   	100  	-772.999	-696.054	-585.204	28.1154
   	100  	-776.607	-697.982	-585.204	24.9327
   	100  	-739.463	-688.759	-585.204	15.9934
   	100  	-727.82 	-685.687	-585.204	19.2692
   	100  	-749.721	-675.498	-585.204	21.5044
   	100  	-744.629	-658.958	-585.204	29.3501
   	100  	-748.84 	-693.356	-585.204	25.481 
   	100  	-759.113	-717.28 	-585.204	31.5734
   	100  	-737.666	-665.636	-585.204	24.4273
   	100  	-740.406	-680.539	-585.204	22.967 
   	100  	-744.318	-689.326	-585.204	20.1254
   	100  	-776.91 	-715.132	-585.204	29.2062
   	100  	-743.915	-684.805	-585.204	19.6454
   	100  	-745.288	-688.921	-585.204	17.9569
   	100  	-741.416	-669.45 	-585.204	18.9645
   	100  	-754.088	-688.114	-585.204	29.0618
   	100  	-765.819	-701.608	-585.204	27.8268
   	100  	-732.542	-670.907	-585.204	23.1756
   	100  	-763.892	-681.67 	-585.204	25.4401
   	100  	-763.003	-700.703	-585.204	23.5125
   	100  	-723.974	-677.772	-585.204	17.939 
   	100  	-793.624	-715.911	-585.204	28.2231
   	100  	-729.492	-665.013	-585.204	22.1893
   	100  	-752.981	-692.852	-585.204	24.0695
   	100  	-711.274	-662.178	-585.204	18.6112
   	100  	-761.46 	-702.665	-585.204	25.5137
   	100  	-751.084	-679.406	-585.204	21.5489
   	100  	-752.018	-695.404	-585.204	24.2783
   	100  	-758.474	-722.157	-585.204	30.6573
   	100  	-740.752	-676.695	-585.204	18.7645
   	100  	-748.112	-687.34 	-585.204	20.876 
   	100  	-777.488	-718.245	-585.204	28.9072
   	100  	-773.131	-696.502	-585.204	21.7072
   	100  	-767.091	-711.681	-585.204	24.0812
   	100  	-762.245	-713.025	-585.204	18.6915
   	100  	-765.2  	-694.552	-585.204	29.9357
   	100  	-720.906	-656.343	-585.204	12.9571
   	100  	-715.955	-679.249	-585.204	15.5385
   	100  	-733.006	-687.656	-585.204	14.1307
   	100  	-739.927	-688.346	-585.204	13.2439
   	100  	-727.308	-671.269	-585.204	11.4526
   	100  	-789.235	-719.127	-585.204	27.3733
   	100  	-746.421	-688.983	-585.204	16.7331
   	100  	-769.422	-729.557	-585.204	20.6141
   	100  	-739.889	-691.311	-585.204	15.7557
   	100  	-771.603	-668.737	-585.204	20.5951
   	100  	-744.25 	-704.689	-585.204	24.7957
   	100  	-729.074	-651.163	-585.204	22.0976
   	100  	-730.718	-675.684	-585.204	18.9807
   	100  	-729.899	-678.414	-585.204	11.9217
   	100  	-729.524	-676.531	-585.204	14.0964
   	100  	-712.314	-626.457	-585.204	19.1851
   	100  	-711.54 	-658.32 	-585.204	19.4401
   	100  	-719.45 	-689.191	-585.204	17.9001
   	100  	-702.502	-674.339	-585.204	12.4087
   	100  	-746.673	-710.364	-585.204	20.5657
   	100  	-737.13 	-699.523	-585.204	11.2123
   	100  	-745.07 	-677.902	-585.204	16.4043
   	100  	-730.44 	-706.182	-585.204	19.854 
   	100  	-716.21 	-652.15 	-585.204	22.8058
   	100  	-750.412	-709.634	-585.204	23.3566
   	100  	-715.571	-666.044	-585.204	17.4858
   	100  	-705.607	-656.464	-585.204	17.9313
   	100  	-693.759	-662.918	-585.204	10.6617
   	100  	-698.933	-673.477	-585.204	7.92762
   	100  	-726.338	-689.433	-585.204	14.3323
   	100  	-699.542	-680.239	-585.204	8.63033
   	100  	-722.572	-684.981	-585.204	13.7944
   	100  	-707.515	-677.288	-585.204	10.2352
   	100  	-723.31 	-685.591	-585.204	14.7996
   	100  	-732.065	-692.236	-585.204	13.8475
   	100  	-709.301	-672.027	-585.204	14.6605
   	100  	-743.067	-687.404	-585.204	23.4304
   	100  	-760.991	-707.996	-585.204	31.7415
gen	depth	min     	avg     	max     	std    
   	100  	-752.235	-673.024	-599.022	23.7808
   	100  	-731.19 	-658.632	-599.022	21.4095
   	100  	-733.691	-659.804	-599.022	23.8619
   	100  	-738.842	-665.854	-599.022	23.5012
   	100  	-749.635	-664.817	-599.022	27.286 
   	100  	-754.315	-667.024	-599.022	24.7286
   	100  	-738.396	-670.017	-599.022	26.4719
   	100  	-732.45 	-660.434	-599.022	23.0271
   	100  	-728.514	-661.407	-599.022	24.9065
   	100  	-747.636	-658.835	-599.022	22.2566
   	100  	-721.265	-665.943	-599.022	20.2907
   	100  	-761.559	-678.343	-599.022	27.7303
   	100  	-765.806	-681.175	-599.022	30.1673
   	100  	-742.61 	-675.352	-599.022	26.303 
   	100  	-738.241	-677.655	-599.022	22.6398
   	100  	-764.705	-682.429	-599.022	27.4283
   	100  	-756.041	-695.717	-599.022	28.7884
   	100  	-759.662	-688.933	-599.022	28.3814
   	100  	-749.59 	-677.552	-599.022	24.5147
   	100  	-748.194	-683.646	-599.022	23.8911
   	100  	-746.795	-686.404	-599.022	26.7598
   	100  	-739.605	-676.264	-599.022	22.7649
   	100  	-750.022	-681.337	-599.022	25.4129
   	100  	-746.076	-679.026	-599.022	20.8743
   	100  	-796.621	-696.969	-599.022	31.5989
   	100  	-743.444	-677.738	-599.022	20.7193
   	100  	-780.854	-700.921	-599.022	27.0922
   	100  	-760.287	-689.05 	-599.022	24.3208
   	100  	-743.737	-676.156	-599.022	21.2194
   	100  	-764.606	-687.221	-599.022	30.5417
   	100  	-761.206	-693.526	-599.022	25.0149
   	100  	-760.295	-706.216	-599.022	26.8979
   	100  	-740.187	-681.252	-599.022	20.3127
   	100  	-748.931	-686.455	-599.022	24.8815
   	100  	-725.415	-669.707	-599.022	15.762 
   	100  	-702.171	-656.322	-599.022	15.9958
   	100  	-794.375	-709.182	-599.022	29.0073
   	100  	-744.661	-679.232	-599.022	20.0666
   	100  	-773.132	-701.766	-599.022	27.2035
   	100  	-730.258	-671.719	-599.022	21.8684
   	100  	-733.304	-685.046	-599.022	24.6994
   	100  	-744.131	-673.043	-599.022	21.023 
   	100  	-757.449	-692.672	-599.022	21.0878
   	100  	-720.428	-669.776	-599.022	19.9924
   	100  	-746.898	-663.677	-599.022	21.5372
   	100  	-765.082	-702.782	-599.022	28.351 
   	100  	-724.735	-670.992	-599.022	24.8698
   	100  	-766.35 	-698.08 	-599.022	27.1868
   	100  	-728.082	-657.598	-599.022	20.8151
   	100  	-758.521	-667.098	-596.279	31.1819
   	100  	-731.78 	-661.532	-596.279	18.9633
   	100  	-761.695	-693.795	-596.279	27.5524
   	100  	-753.656	-698.143	-596.279	24.3537
   	100  	-743.126	-694.04 	-596.279	19.867 
   	100  	-739.58 	-665.934	-596.279	21.3404
   	100  	-703.672	-666.76 	-596.279	14.0462
   	100  	-754.602	-690.469	-596.279	22.22  
   	100  	-742.991	-692.497	-596.279	17.2431
   	100  	-755.811	-715.136	-596.279	23.9827
   	100  	-764.704	-711.966	-596.279	17.4127
   	100  	-730.09 	-678.516	-596.279	18.8454
   	100  	-750.362	-707.676	-596.279	19.8864
   	100  	-765.882	-710.38 	-596.279	19.5126
   	100  	-743.297	-700.656	-596.279	19.3874
   	100  	-765.498	-703.791	-596.279	15.4083
   	100  	-755.219	-715.264	-596.279	18.1667
   	100  	-721.086	-685.318	-596.279	12.6308
   	100  	-724.725	-671.158	-596.279	14.4251
   	100  	-750.335	-721.148	-596.279	29.9509
   	100  	-744.186	-668.196	-596.279	16.8902
   	100  	-727.292	-687.571	-596.279	18.7628
   	100  	-697.373	-669.345	-596.279	13.5244
   	100  	-695.714	-662.273	-596.279	9.52668
   	100  	-742.89 	-707.666	-596.279	26.3697
   	100  	-731.743	-700.996	-596.279	15.5799
   	100  	-743.94 	-712.165	-596.279	19.0391
   	100  	-726.747	-685.192	-596.279	22.6494
   	100  	-721.573	-684.893	-596.279	15.1508
   	100  	-704.447	-682.39 	-596.279	13.7946
   	100  	-696.522	-648.161	-596.279	17.8611
   	100  	-701.998	-674.065	-596.279	15.1667
   	100  	-721.31 	-698.339	-596.279	16.3364
   	100  	-705.953	-673.821	-596.279	9.03765
   	100  	-714.153	-702.995	-596.279	12.7576
   	100  	-708.549	-684.087	-596.279	11.5475
   	100  	-727.319	-698.197	-596.279	17.3935
   	100  	-721.699	-698.033	-596.279	11.8738
   	100  	-699.383	-660.66 	-596.279	13.0166
   	100  	-711.367	-691.509	-596.279	13.7849
   	100  	-724.293	-703.501	-596.279	10.3113
   	100  	-708.369	-693.214	-596.279	8.592  
   	100  	-714.146	-691.164	-596.279	6.10983
   	100  	-722.053	-714.513	-596.279	10.9717
   	100  	-718.993	-642.684	-596.279	22.4636
   	100  	-663.061	-641.479	-596.279	5.24959
   	100  	-668.856	-662.554	-596.279	7.2268 
   	100  	-704.593	-689.902	-596.279	10.921 
   	100  	-738.02 	-730.077	-596.279	16.7767
   	100  	-736.122	-698.828	-596.279	11.7695
   	100  	-698.604	-680.967	-596.279	7.04052
gen	depth	min     	avg     	max     	std    
   	100  	-748.094	-670.033	-606.438	21.5014
   	100  	-743.42 	-659.015	-603.557	22.4858
   	100  	-740.461	-656.19 	-603.557	22.9028
   	100  	-734.631	-656.141	-601.769	23.4184
   	100  	-731.365	-652.187	-593.203	23.7488
   	100  	-732.473	-657.841	-593.203	24.2871
   	100  	-729.224	-658.653	-593.203	23.9071
   	100  	-729.986	-655.79 	-593.203	24.1656
   	100  	-741.491	-661.004	-593.203	21.624 
   	100  	-724.493	-662.571	-593.203	23.839 
   	100  	-734.116	-669.687	-593.203	24.0222
   	100  	-737.599	-682.178	-593.203	24.3235
   	100  	-743.806	-680.128	-593.203	25.0839
   	100  	-735.569	-676.218	-593.203	22.6675
   	100  	-784.093	-696.161	-593.203	29.8274
   	100  	-793.045	-700.597	-593.203	35.3203
   	100  	-776.023	-694.51 	-593.203	23.6973
   	100  	-753.756	-690.855	-593.203	25.3079
   	100  	-747.413	-682.311	-593.203	26.2762
   	100  	-788.31 	-690.914	-593.203	31.9106
   	100  	-761.44 	-690.41 	-593.203	26.4473
   	100  	-760.249	-689.155	-593.203	25.1032
   	100  	-765.568	-697.077	-593.203	25.8873
   	100  	-749.68 	-687.796	-593.203	22.2312
   	100  	-760.279	-688.109	-593.203	25.0847
   	100  	-759.615	-684.007	-593.203	24.0864
   	100  	-797.352	-707.873	-593.203	30.3898
   	100  	-799.673	-700.44 	-593.203	31.784 
   	100  	-756.576	-677.862	-593.203	32.2258
   	100  	-760.247	-665.037	-593.203	26.5603
   	100  	-745.614	-683.092	-593.203	27.3272
   	100  	-763.691	-685.694	-593.203	28.4898
   	100  	-764.858	-705.48 	-593.203	28.8178
   	100  	-746.969	-676.571	-593.203	23.7766
   	100  	-750.987	-691.739	-593.203	22.572 
   	100  	-806.653	-688.965	-593.203	25.346 
   	100  	-759.204	-688.074	-593.203	23.0581
   	100  	-743.556	-675.511	-593.203	27.3125
   	100  	-759.902	-697.169	-593.203	21.8317
   	100  	-742.582	-691.814	-593.203	19.2976
   	100  	-736.191	-661.547	-593.203	20.952 
   	100  	-758.824	-700.999	-593.203	24.9053
   	100  	-738.97 	-677.422	-593.203	20.8808
   	100  	-737.989	-685.455	-593.203	17.982 
   	100  	-713.149	-667.468	-593.203	12.3954
   	100  	-742.42 	-706.296	-593.203	26.2074
   	100  	-726.447	-663.044	-593.203	18.3452
   	100  	-775.95 	-713.884	-593.203	25.2064
   	100  	-743.66 	-672.147	-593.203	25.0872
   	100  	-760.316	-674.956	-593.203	22.3704
   	100  	-779.257	-725.71 	-593.203	26.4593
   	100  	-744.84 	-664.682	-593.203	21.4353
   	100  	-751.5  	-706.357	-593.203	26.1507
   	100  	-727.331	-684.342	-593.203	17.2929
   	100  	-711.539	-655.93 	-593.203	18.3307
   	100  	-727.429	-686.738	-593.203	21.1524
   	100  	-727.829	-672.97 	-593.203	16.4229
   	100  	-720.162	-678.171	-593.203	15.2012
   	100  	-715.035	-684.354	-593.203	10.6036
   	100  	-742.367	-668.88 	-593.203	19.9248
   	100  	-757.85 	-716.071	-593.203	21.7216
   	100  	-730.646	-682.209	-593.203	19.6914
   	100  	-721.792	-672.148	-593.203	13.3362
   	100  	-705.36 	-666.955	-593.203	11.0348
   	100  	-701.2  	-665.364	-593.203	8.71464
   	100  	-707.478	-683.527	-593.203	12.5456
   	100  	-711.692	-670.132	-593.203	15.2797
   	100  	-720.23 	-662.31 	-593.203	15.4438
   	100  	-751.341	-716.178	-593.203	24.2672
   	100  	-754.086	-682.312	-593.203	17.3298
   	100  	-734.712	-696.553	-593.203	23.5206
   	100  	-719.359	-695.478	-593.203	14.1274
   	100  	-768.496	-708.639	-593.203	21.7828
   	100  	-735.649	-693.361	-593.203	20.9577
   	100  	-775.195	-719.788	-593.203	29.3085
   	100  	-745.086	-695.306	-593.203	18.8   
   	100  	-726.79 	-679.044	-593.203	22.5302
   	100  	-789.52 	-724.143	-593.203	40.6634
   	100  	-770.706	-699.146	-593.203	24.1928
   	100  	-777.088	-711.265	-593.203	20.2679
   	100  	-755.049	-705.699	-593.203	19.8676
   	100  	-752.453	-692.408	-593.203	17.3402
   	100  	-724.443	-675.968	-593.203	16.9483
   	100  	-775.543	-737.614	-593.203	23.8905
   	100  	-743.251	-658.665	-593.203	21.0248
   	100  	-725.774	-691.634	-593.203	24.9286
   	100  	-743.925	-682.886	-593.203	21.5773
   	100  	-746.701	-700.322	-593.203	20.6382
   	100  	-731.038	-697.141	-593.203	15.1352
   	100  	-723.731	-689.85 	-593.203	17.7487
   	100  	-742.956	-688.211	-593.203	20.9392
   	100  	-734.616	-685.04 	-593.203	16.3571
   	100  	-724.774	-668.947	-593.203	22.4018
   	100  	-808.065	-730.241	-593.203	29.6866
   	100  	-740.17 	-693.97 	-593.203	18.4149
   	100  	-715.696	-655.929	-593.203	20.4655
   	100  	-764.971	-722.886	-593.203	30.2471
   	100  	-741.727	-662.549	-593.203	19.8504
   	100  	-757.75 	-695.08 	-593.203	25.1423
   	100  	-746.356	-688.905	-593.203	21.7384
gen	depth	min     	avg     	max     	std    
   	100  	-726.928	-669.294	-606.443	21.9071
   	100  	-735.088	-658.377	-602.02 	19.4107
   	100  	-722.732	-653.617	-602.02 	19.4796
   	100  	-723.823	-656.202	-602.02 	24.0851
   	100  	-715.326	-654.733	-597.15 	24.5409
   	100  	-735.204	-658.286	-590.086	26.8243
   	100  	-737.821	-662.852	-590.086	24.5271
   	100  	-746.906	-669.869	-590.086	28.0266
   	100  	-773.102	-671.441	-590.086	27.0608
   	100  	-743.105	-669.712	-590.086	24.6966
   	100  	-744.528	-676.983	-590.086	26.6836
   	100  	-751.334	-681.479	-590.086	22.999 
   	100  	-748.4  	-676.913	-590.086	23.5176
   	100  	-758.299	-680.222	-590.086	26.6519
   	100  	-753.756	-688.435	-590.086	26.7887
   	100  	-796.036	-678.692	-590.086	31.1114
   	100  	-732.549	-667.137	-590.086	22.6507
   	100  	-738.166	-675.883	-590.086	24.9224
   	100  	-766.695	-681.809	-590.086	22.8818
   	100  	-728.851	-666.933	-590.086	21.3566
   	100  	-719.81 	-662.635	-590.086	16.6944
   	100  	-738.738	-691.066	-590.086	23.9859
   	100  	-785.631	-708.968	-590.086	36.8544
   	100  	-778.749	-699.195	-590.086	26.4169
   	100  	-743.515	-685.462	-590.086	27.5289
   	100  	-754.726	-688.814	-590.086	28.0986
   	100  	-752.419	-681.297	-590.086	26.9358
   	100  	-732.573	-671.175	-590.086	22.6881
   	100  	-731.621	-679.864	-590.086	24.5417
   	100  	-735.409	-669.569	-590.086	24.4958
   	100  	-771.228	-686.559	-590.086	27.0357
   	100  	-743.807	-688.555	-590.086	25.0003
   	100  	-736.181	-676.234	-590.086	21.7189
   	100  	-756.807	-676.767	-590.086	26.5595
   	100  	-767.062	-687.153	-590.086	27.1646
   	100  	-740.302	-662.71 	-590.086	26.6276
   	100  	-736.877	-672.267	-590.086	26.1093
   	100  	-750.861	-664.613	-590.086	22.9394
   	100  	-743.318	-685.043	-590.086	21.3886
   	100  	-735.921	-675.091	-590.086	21.2475
   	100  	-767.658	-693.425	-590.086	25.6961
   	100  	-775.751	-715.708	-590.086	27.1597
   	100  	-738.773	-666.298	-590.086	24.8245
   	100  	-771.936	-699.241	-590.086	25.005 
   	100  	-713.58 	-673.748	-590.086	17.3012
   	100  	-767.396	-706.709	-590.086	26.3077
   	100  	-731.001	-678.244	-590.086	19.5942
   	100  	-741.748	-703.693	-590.086	18.9334
   	100  	-737.964	-703.582	-590.086	14.5946
   	100  	-731.747	-685.495	-590.086	16.2396
   	100  	-757.408	-711.237	-590.086	21.7864
   	100  	-719.982	-656.836	-590.086	17.6086
   	100  	-723.097	-673.562	-590.086	14.4415
   	100  	-726.722	-683.305	-590.086	16.9885
   	100  	-698.858	-666.277	-590.086	10.984 
   	100  	-726.595	-694.685	-590.086	18.3895
   	100  	-742.01 	-705.804	-590.086	15.7716
   	100  	-730.932	-694.281	-590.086	12.289 
   	100  	-700.824	-670.414	-590.086	12.0015
   	100  	-743.992	-701.165	-590.086	20.0578
   	100  	-722.688	-676.013	-590.086	17.0589
   	100  	-709.159	-668.79 	-590.086	15.6067
   	100  	-743.004	-690.337	-590.086	21.1665
   	100  	-716.378	-670.688	-590.086	12.7338
   	100  	-742.106	-701.648	-590.086	25.1305
   	100  	-731.158	-689.856	-590.086	15.6144
   	100  	-769.159	-715.766	-590.086	22.1621
   	100  	-753.536	-697.735	-590.086	25.9801
   	100  	-756.792	-674.788	-590.086	25.4088
   	100  	-732.272	-672.478	-590.086	16.4765
   	100  	-768.684	-666.257	-590.086	24.3334
   	100  	-742.41 	-700.717	-590.086	22.4877
   	100  	-747.57 	-707.214	-590.086	23.1316
   	100  	-746.028	-704.954	-590.086	17.4326
   	100  	-721.952	-674.142	-590.086	19.8206
   	100  	-741.87 	-686.659	-590.086	20.6072
   	100  	-735.285	-686.495	-590.086	14.8585
   	100  	-718.344	-696.351	-590.086	14.0733
   	100  	-758.687	-708.564	-590.086	23.5235
   	100  	-728.346	-675.875	-590.086	14.7287
   	100  	-714.931	-671.448	-590.086	14.5573
   	100  	-710.595	-685.863	-590.086	14.1497
   	100  	-733.307	-698.094	-590.086	16.1465
   	100  	-727.029	-685.348	-590.086	21.6783
   	100  	-724.013	-681.048	-590.086	13.3187
   	100  	-756.876	-700.425	-590.086	22.9949
   	100  	-763.569	-701.712	-590.086	16.5877
   	100  	-772.258	-722.238	-590.086	23.4035
   	100  	-756.58 	-704.768	-590.086	17.3476
   	100  	-774.554	-726.741	-590.086	24.5832
   	100  	-747.293	-673.799	-590.086	24.006 
   	100  	-770.998	-723.473	-590.086	28.6535
   	100  	-763.31 	-709.103	-590.086	26.4348
   	100  	-762.797	-696.919	-590.086	17.5281
   	100  	-760.749	-691.373	-590.086	26.2828
   	100  	-719.042	-687.619	-590.086	13.5379
   	100  	-735.197	-677.546	-590.086	16.9852
   	100  	-752.08 	-709.674	-590.086	20.9617
   	100  	-727.72 	-677.459	-590.086	16.0428
   	100  	-718.711	-672.392	-590.086	16.2299
gen	depth	min     	avg     	max     	std    
   	100  	-737.957	-670.233	-604.778	23.9241
   	100  	-731.941	-658.966	-604.778	20.2746
   	100  	-722.063	-651.987	-590.654	22.6809
   	100  	-735.928	-655.255	-590.654	23.6167
   	100  	-721.127	-657.311	-590.654	21.9261
   	100  	-733.195	-663.803	-590.654	23.9077
   	100  	-736.995	-656.03 	-590.654	22.5935
   	100  	-745.711	-667.307	-590.654	25.8481
   	100  	-743.584	-678.521	-590.654	25.5254
   	100  	-740.645	-674.861	-590.654	26.7158
   	100  	-737.895	-668.273	-590.654	24.0755
   	100  	-755.065	-684.136	-590.654	29.5522
   	100  	-768.429	-684.815	-590.654	28.0114
   	100  	-760.719	-681.52 	-590.654	27.9073
   	100  	-748.686	-682.612	-590.654	25.8625
   	100  	-741.788	-660.927	-588.047	25.6935
   	100  	-767.592	-700.896	-588.047	31.8715
   	100  	-759.545	-694.239	-588.047	28.5045
   	100  	-743.808	-681.346	-588.047	22.424 
   	100  	-761.671	-688.375	-588.047	26.2929
   	100  	-761.028	-687.513	-588.047	23.295 
   	100  	-777.072	-694.143	-588.047	25.3479
   	100  	-757.466	-690.654	-588.047	26.5272
   	100  	-757.89 	-687.531	-588.047	25.9731
   	100  	-750.796	-678.126	-588.047	26.7144
   	100  	-762.571	-696.437	-588.047	26.533 
   	100  	-735.226	-674.523	-588.047	25.0582
   	100  	-745.207	-686.688	-588.047	23.1061
   	100  	-744.03 	-681.119	-588.047	23.4683
   	100  	-749.09 	-681.612	-588.047	22.9274
   	100  	-766.591	-702.47 	-588.047	23.6248
   	100  	-748.83 	-698.177	-588.047	25.6939
   	100  	-753.883	-693.548	-588.047	27.2608
   	100  	-775.251	-690.381	-588.047	26.2241
   	100  	-742.206	-674.775	-588.047	23.9387
   	100  	-730.482	-675.355	-588.047	20.3512
   	100  	-770.853	-683.658	-588.047	26.1913
   	100  	-775.958	-685.504	-588.047	25.7007
   	100  	-760.103	-704.588	-588.047	26.5766
   	100  	-765.955	-686.585	-588.047	24.4207
   	100  	-734.743	-683.1  	-588.047	20.1981
   	100  	-737.494	-677.999	-588.047	22.9966
   	100  	-754.585	-688.91 	-588.047	23.6777
   	100  	-757.329	-684.549	-588.047	25.2987
   	100  	-741.24 	-683.123	-588.047	22.6714
   	100  	-776.715	-714.045	-588.047	28.6647
   	100  	-793.331	-717.362	-588.047	33.8564
   	100  	-753.295	-688.498	-588.047	24.0008
   	100  	-750.506	-694.8  	-588.047	16.9463
   	100  	-757.031	-700.225	-588.047	20.3192
   	100  	-779.782	-721.484	-588.047	28.8926
   	100  	-743.871	-676.075	-588.047	24.007 
   	100  	-760.189	-696.438	-588.047	27.7071
   	100  	-764.644	-696.218	-588.047	32.0154
   	100  	-750.849	-672.071	-588.047	25.9265
   	100  	-726.256	-686.456	-588.047	19.8376
   	100  	-764.954	-701.235	-588.047	28.6482
   	100  	-745.951	-686.307	-588.047	24.9917
   	100  	-762.71 	-697.803	-588.047	25.9143
   	100  	-751.059	-687.884	-588.047	21.3888
   	100  	-710.006	-658.483	-588.047	19.4142
   	100  	-753.503	-683.44 	-588.047	25.2124
   	100  	-729.047	-683.894	-588.047	20.247 
   	100  	-739.635	-682.531	-588.047	21.6552
   	100  	-703.208	-656.574	-588.047	16.6916
   	100  	-701.932	-662.575	-588.047	12.1615
   	100  	-702.933	-665.73 	-588.047	14.382 
   	100  	-753.928	-694.718	-588.047	19.9427
   	100  	-715.988	-655.875	-588.047	14.6638
   	100  	-751.697	-707.291	-588.047	26.5055
   	100  	-730.447	-672.997	-588.047	13.0474
   	100  	-744.207	-659.961	-588.047	17.7713
   	100  	-731.744	-685.992	-588.047	16.3209
   	100  	-702.036	-679.165	-588.047	8.10181
   	100  	-682.996	-661.487	-588.047	9.38189
   	100  	-732.483	-701.435	-588.047	15.2314
   	100  	-708.958	-658.769	-588.047	14.55  
   	100  	-713.824	-679.432	-588.047	12.3684
   	100  	-714.78 	-687.014	-588.047	10.1007
   	100  	-692.41 	-661.836	-588.047	13.0891
   	100  	-730.893	-691.962	-588.047	17.3211
   	100  	-758.473	-724.43 	-588.047	18.3774
   	100  	-756.803	-730.473	-588.047	12.7992
   	100  	-733.178	-700.381	-588.047	11.6274
   	100  	-697.761	-665.221	-588.047	10.4526
   	100  	-696.8  	-682.349	-588.047	10.6865
   	100  	-696.67 	-678.125	-588.047	7.59179
   	100  	-707.166	-689.069	-588.047	9.69992
   	100  	-692.257	-668.074	-588.047	11.593 
   	100  	-698.625	-660.581	-588.047	7.86426
   	100  	-708.872	-667.625	-588.047	13.166 
   	100  	-741.624	-711.594	-588.047	18.9224
   	100  	-717.73 	-695.059	-588.047	15.9801
   	100  	-768.286	-716.499	-588.047	29.8532
   	100  	-753.103	-682.798	-588.047	14.3834
   	100  	-739.703	-683.358	-588.047	18.2007
   	100  	-723.529	-679.198	-588.047	22.6266
   	100  	-707.367	-659.274	-588.047	17.6696
   	100  	-757.992	-683.468	-588.047	20.5408
   	100  	-729.742	-693.587	-588.047	23.3823
gen	depth	min     	avg     	max     	std    
   	100  	-745.352	-670.98 	-610.99 	23.8376
   	100  	-726.969	-661.265	-610.99 	20.4844
   	100  	-733.267	-660.772	-605.034	22.1417
   	100  	-729.807	-658.296	-605.034	20.2396
   	100  	-720.352	-660.556	-603.091	22.9416
   	100  	-747.176	-667.258	-600.199	26.5429
   	100  	-731.768	-663.032	-600.199	24.856 
   	100  	-742.549	-665.031	-600.199	27.1434
   	100  	-764.816	-684.155	-600.199	29.1928
   	100  	-742.819	-661.69 	-587.462	31.4617
   	100  	-741.673	-666.815	-587.462	22.4872
   	100  	-778.967	-678.195	-587.462	31.6712
   	100  	-764.754	-673.347	-587.462	26.7226
   	100  	-742.195	-673.149	-587.462	25.6318
   	100  	-759.013	-678.051	-587.462	30.383 
   	100  	-749.297	-675.517	-587.462	26.7332
   	100  	-766.43 	-687.57 	-587.462	29.1354
   	100  	-749.174	-689.075	-587.462	26.0777
   	100  	-737.273	-675.705	-587.462	22.8219
   	100  	-761.765	-691.585	-587.462	25.4121
   	100  	-768.237	-684.703	-587.462	23.5364
   	100  	-731.549	-667.573	-587.462	22.0322
   	100  	-733.723	-671.603	-587.462	22.3042
   	100  	-732.715	-664.797	-587.462	21.6725
   	100  	-766.261	-695.387	-587.462	28.9567
   	100  	-747.695	-679.813	-587.462	21.9402
   	100  	-727.754	-664.904	-587.462	18.6179
   	100  	-724.665	-682.155	-587.462	23.3023
   	100  	-759.319	-699.364	-587.462	24.9618
   	100  	-768.545	-686.592	-587.462	25.0217
   	100  	-734.575	-684.343	-587.462	20.5085
   	100  	-762.575	-694.067	-587.462	23.6282
   	100  	-757.289	-700.567	-587.462	23.6975
   	100  	-784.714	-705.822	-587.462	27.6771
   	100  	-781.421	-690.369	-587.462	24.0007
   	100  	-786.553	-724.757	-587.462	26.4089
   	100  	-781.81 	-718.171	-587.462	26.1186
   	100  	-762.008	-702.397	-587.462	24.2823
   	100  	-741.664	-680.663	-587.462	23.6061
   	100  	-763.223	-694.049	-587.462	21.7079
   	100  	-760.08 	-676.373	-587.462	22.3496
   	100  	-747.242	-692.988	-587.462	23.4181
   	100  	-744.132	-690.981	-587.462	20.1193
   	100  	-729.304	-671.053	-587.462	19.0483
   	100  	-741.84 	-682.946	-587.462	20.0527
   	100  	-770.552	-704.773	-587.462	27.7305
   	100  	-732.308	-672.733	-587.462	21.7773
   	100  	-742.336	-704.074	-587.462	20.3183
   	100  	-768.265	-698.403	-587.462	23.7215
   	100  	-783.323	-689.824	-587.462	20.4178
   	100  	-753.304	-686.338	-587.462	23.9289
   	100  	-727.33 	-681.051	-587.462	19.0773
   	100  	-763.919	-698.558	-587.462	24.7187
   	100  	-737.159	-682.841	-587.462	16.125 
   	100  	-777.195	-732.229	-587.462	29.2809
   	100  	-743.772	-681.063	-587.462	22.5624
   	100  	-738.414	-692.297	-587.462	18.5054
   	100  	-736.213	-673.513	-587.462	19.3768
   	100  	-736.283	-674.827	-587.462	19.0164
   	100  	-706.632	-663.186	-587.462	17.8199
   	100  	-739.561	-672.426	-587.462	19.7965
   	100  	-730.355	-685.952	-587.462	14.3658
   	100  	-738.878	-688.292	-587.462	16.3803
   	100  	-736.991	-694.511	-587.462	17.2338
   	100  	-710.095	-650.018	-587.462	21.2151
   	100  	-718.6  	-672.909	-587.462	17.4754
   	100  	-685.804	-643.84 	-587.462	13.2166
   	100  	-709.225	-670.482	-587.462	16.9504
   	100  	-676.149	-638.502	-587.462	16.0072
   	100  	-767.019	-716.189	-587.462	33.0678
   	100  	-780.364	-739.253	-587.462	25.877 
   	100  	-747.581	-725.621	-587.462	14.1788
   	100  	-731.451	-685.727	-587.462	16.0265
   	100  	-750.602	-713.854	-587.462	17.6938
   	100  	-756.766	-699.493	-587.462	13.4557
   	100  	-747.114	-670.43 	-587.462	14.7562
   	100  	-751.537	-693.833	-587.462	27.1915
   	100  	-748.433	-699.77 	-587.462	16.899 
   	100  	-745.962	-712.044	-587.462	14.8603
   	100  	-732.133	-690.403	-587.462	18.4055
   	100  	-795.71 	-767.157	-587.462	29.9759
   	100  	-781.042	-670.726	-587.462	32.2824
   	100  	-748.42 	-686.206	-587.462	16.6173
   	100  	-708.042	-676.602	-587.462	10.8591
   	100  	-742.709	-715.896	-587.462	17.2232
   	100  	-749.83 	-720.496	-587.462	17.6088
   	100  	-727.823	-685.804	-587.462	12.2914
   	100  	-694.06 	-664.182	-587.462	12.7342
   	100  	-739.043	-696.732	-587.462	20.7044
   	100  	-744.976	-690.065	-587.462	16.7807
   	100  	-720.591	-683.215	-587.462	18.5404
   	100  	-726.647	-688.993	-587.462	17.752 
   	100  	-736.122	-691.865	-587.462	15.1348
   	100  	-749.657	-721.102	-587.462	23.9064
   	100  	-734.671	-682.99 	-587.462	17.0018
   	100  	-737.808	-690.152	-587.462	18.4217
   	100  	-752.303	-684.566	-587.462	17.3587
   	100  	-733.191	-682.534	-587.462	15.6883
   	100  	-702.952	-660.761	-587.462	13.6384
   	100  	-738.835	-696.055	-587.462	23.2335
gen	depth	min     	avg     	max     	std    
   	100  	-741.498	-670.864	-600.013	23.3612
   	100  	-730.593	-662.458	-592.347	20.4362
   	100  	-744.416	-659.607	-592.347	23.8921
   	100  	-730.967	-656.684	-592.347	21.9829
   	100  	-734.168	-660.995	-592.347	26.2034
   	100  	-723.796	-663.897	-592.347	22.8288
   	100  	-740.923	-665.61 	-592.347	23.2741
   	100  	-761.21 	-681.512	-592.347	26.9982
   	100  	-758.418	-682.9  	-592.347	25.7272
   	100  	-744.387	-678.455	-592.347	23.7121
   	100  	-740.466	-669.193	-592.347	23.4791
   	100  	-765.133	-680.085	-592.347	28.1228
   	100  	-780.519	-685.747	-592.347	29.4853
   	100  	-759.35 	-685.131	-592.347	26.4107
   	100  	-750.977	-667.314	-592.347	24.7375
   	100  	-749.391	-680.031	-592.347	25.7887
   	100  	-780.252	-685.112	-592.347	28.5925
   	100  	-747.655	-683.164	-592.347	25.4663
   	100  	-749.867	-688.707	-592.347	24.4079
   	100  	-734.224	-683.812	-592.347	18.0712
   	100  	-774.552	-681.446	-592.347	27.206 
   	100  	-741.226	-674.574	-592.347	20.5169
   	100  	-788.609	-679.697	-592.347	26.9116
   	100  	-740.287	-679.174	-592.347	24.638 
   	100  	-760.365	-685.897	-592.347	26.6945
   	100  	-799.483	-703.162	-592.347	33.6054
   	100  	-743.549	-682.781	-592.347	23.5158
   	100  	-756.586	-674.539	-592.347	29.1439
   	100  	-746.213	-693.052	-592.347	23.925 
   	100  	-756.729	-695.163	-592.347	26.2355
   	100  	-763.246	-685.447	-592.347	27.3035
   	100  	-741.017	-688.991	-592.347	23.0102
   	100  	-750.474	-687.455	-592.347	22.9796
   	100  	-730.209	-680.008	-592.347	21.3964
   	100  	-758.953	-693.851	-592.347	26.2076
   	100  	-738.698	-679.451	-592.347	22.6185
   	100  	-736.819	-682.011	-592.347	20.5793
   	100  	-742.413	-689.498	-592.347	22.6904
   	100  	-741.459	-677.185	-592.347	24.4333
   	100  	-765.371	-677.099	-590.058	33.6258
   	100  	-747.2  	-676.55 	-590.058	25.892 
   	100  	-772.966	-681.254	-590.058	26.9558
   	100  	-768.033	-680.453	-590.058	25.8652
   	100  	-737.784	-677.685	-590.058	22.0513
   	100  	-760.075	-676.763	-590.058	24.6841
   	100  	-768.897	-682.672	-590.058	27.6589
   	100  	-771.014	-677.804	-590.058	27.0186
   	100  	-758.685	-680.307	-590.058	24.2288
   	100  	-738.755	-677.529	-590.058	21.0088
   	100  	-766.289	-696.269	-590.058	28.8845
   	100  	-750.628	-683.711	-590.058	24.7533
   	100  	-727.703	-672.463	-590.058	24.6128
   	100  	-715.78 	-651.501	-590.058	20.495 
   	100  	-757.38 	-682.928	-590.058	26.6656
   	100  	-765.771	-688.487	-590.058	24.6871
   	100  	-751.2  	-697.453	-590.058	21.9252
   	100  	-743.541	-686.025	-590.058	20.1534
   	100  	-750.809	-695.09 	-590.058	22.1835
   	100  	-755.75 	-690.233	-590.058	25.6337
   	100  	-744.921	-683.409	-590.058	26.9122
   	100  	-742.887	-695.71 	-590.058	24.0822
   	100  	-777.255	-690.774	-590.058	26.7763
   	100  	-749.077	-685.062	-590.058	19.0759
   	100  	-739.625	-683.479	-590.058	24.3537
   	100  	-750.249	-688.974	-590.058	23.1657
   	100  	-787.351	-725.332	-590.058	29.4665
   	100  	-757.814	-688.471	-590.058	26.7832
   	100  	-792.537	-702.296	-590.058	23.5112
   	100  	-759.157	-686.717	-590.058	23.7684
   	100  	-711.609	-665.483	-590.058	15.0676
   	100  	-771.17 	-701.494	-590.058	34.0035
   	100  	-791.523	-724.407	-590.058	33.7174
   	100  	-745.409	-687.464	-590.058	20.8843
   	100  	-759.711	-694.362	-590.058	21.0717
   	100  	-746.999	-673.944	-590.058	21.5177
   	100  	-765.122	-692.958	-590.058	26.4421
   	100  	-732.44 	-673.646	-590.058	19.9026
   	100  	-726.991	-676.791	-590.058	23.944 
   	100  	-754.523	-704.444	-590.058	22.8686
   	100  	-746.587	-700.864	-590.058	22.8999
   	100  	-729.34 	-680.809	-590.058	18.3251
   	100  	-775.688	-695.621	-590.058	30.3954
   	100  	-756.949	-700.345	-590.058	29.7652
   	100  	-775.942	-708.826	-590.058	22.5661
   	100  	-735.751	-694.059	-590.058	21.3939
   	100  	-745.335	-683.235	-590.058	21.0029
   	100  	-748.201	-691.972	-590.058	21.9129
   	100  	-728.779	-683.525	-590.058	16.7075
   	100  	-742.817	-679.556	-590.058	23.9093
   	100  	-712.959	-664.632	-590.058	16.4648
   	100  	-734.67 	-680.006	-590.058	25.1328
   	100  	-735.929	-694.73 	-590.058	18.0826
   	100  	-739.193	-694.471	-590.058	18.0399
   	100  	-757.907	-697.117	-590.058	19.6584
   	100  	-733.554	-682.572	-590.058	22.2189
   	100  	-707.747	-663.058	-590.058	16.0363
   	100  	-728.578	-680.034	-590.058	21.3255
   	100  	-741.068	-686.568	-590.058	17.4049
   	100  	-753.694	-684.15 	-590.058	24.1815
   	100  	-688.291	-644.393	-590.058	15.8911
gen	depth	min     	avg     	max    	std    
   	100  	-738.142	-669.437	-590.42	24.6378
   	100  	-730.336	-656.883	-590.42	23.3934
   	100  	-727.096	-662.336	-590.42	25.4199
   	100  	-718.632	-655.027	-590.42	23.817 
   	100  	-733.669	-663.024	-590.42	26.919 
   	100  	-730.76 	-665.377	-590.42	24.2707
   	100  	-753.409	-663.338	-590.42	24.6417
   	100  	-744.605	-664.235	-590.42	23.2021
   	100  	-739.764	-676.27 	-590.42	25.6588
   	100  	-740.586	-674.264	-590.42	25.3782
   	100  	-751.475	-674.549	-590.42	26.2609
   	100  	-748.057	-672.274	-590.42	24.6572
   	100  	-736.408	-667.46 	-590.42	22.2299
   	100  	-741.236	-672.428	-590.42	24.8418
   	100  	-743.485	-680.232	-590.42	24.6435
   	100  	-741.887	-674.279	-590.42	26.3903
   	100  	-745.202	-687.409	-590.42	23.477 
   	100  	-749.217	-666.944	-590.42	24.9571
   	100  	-769.912	-697.931	-590.42	32.4457
   	100  	-748.745	-688.121	-590.42	28.1979
   	100  	-764.018	-691.527	-590.42	33.0215
   	100  	-746.317	-678.12 	-590.42	24.2567
   	100  	-763.374	-678.072	-590.42	25.513 
   	100  	-745.513	-675.055	-590.42	24.2741
   	100  	-783.178	-665.542	-590.42	28.3885
   	100  	-754.963	-694.425	-590.42	27.3067
   	100  	-796.368	-696.775	-590.42	39.1237
   	100  	-756.997	-684.825	-590.42	25.5984
   	100  	-759.543	-687.45 	-590.42	23.7478
   	100  	-759.221	-683.43 	-590.42	24.5785
   	100  	-740.559	-670.38 	-590.42	24.665 
   	100  	-758.724	-663.402	-590.42	25.3429
   	100  	-761.366	-696.181	-590.42	24.1973
   	100  	-746.187	-677.601	-590.42	24.8482
   	100  	-771.286	-700.109	-590.42	31.6543
   	100  	-790.976	-693.106	-590.42	31.8807
   	100  	-766.795	-665.96 	-590.42	23.543 
   	100  	-766.643	-709.653	-590.42	26.5318
   	100  	-757.371	-672.668	-590.42	21.4116
   	100  	-764.885	-714.591	-590.42	26.5996
   	100  	-744.318	-672.296	-590.42	31.9635
   	100  	-735.423	-682.472	-590.42	21.7494
   	100  	-752.082	-695.797	-590.42	29.3532
   	100  	-765.463	-698.237	-590.42	25.2081
   	100  	-750.523	-682.109	-590.42	19.8257
   	100  	-759.462	-704.425	-590.42	23.2913
   	100  	-766.558	-716.44 	-590.42	23.1839
   	100  	-785.971	-710.554	-590.42	20.3032
   	100  	-764.151	-695.607	-590.42	18.7321
   	100  	-709.196	-666.549	-590.42	18.0226
   	100  	-748.27 	-708.27 	-590.42	23.234 
   	100  	-734.684	-700.681	-590.42	16.8617
   	100  	-734.615	-689.719	-590.42	20.42  
   	100  	-747.504	-698.36 	-590.42	17.3881
   	100  	-730.04 	-671.512	-590.42	22.9697
   	100  	-741.697	-663.815	-590.42	21.6659
   	100  	-755.095	-688.034	-590.42	19.0215
   	100  	-734.77 	-689.138	-590.42	18.2862
   	100  	-697.935	-658.304	-590.42	13.8669
   	100  	-732.592	-702.652	-590.42	22.0824
   	100  	-715.042	-663.294	-590.42	16.4407
   	100  	-696.705	-648.793	-590.42	16.3599
   	100  	-712.797	-671.403	-590.42	19.0303
   	100  	-790.147	-723.375	-590.42	29.8743
   	100  	-730.174	-644.27 	-590.42	22.2929
   	100  	-704.67 	-644.48 	-590.42	19.8045
   	100  	-710.157	-661.603	-590.42	15.2539
   	100  	-710.272	-644.033	-590.42	13.8463
   	100  	-718.702	-673.448	-590.42	16.7733
   	100  	-761.838	-719.414	-590.42	24.1501
   	100  	-755.158	-706.125	-590.42	17.8152
   	100  	-714.412	-684.169	-590.42	9.62416
   	100  	-747.88 	-717.474	-590.42	15.5346
   	100  	-722.448	-688.604	-590.42	10.3111
   	100  	-714.099	-659.609	-590.42	13.539 
   	100  	-727.04 	-692.271	-590.42	21.9289
   	100  	-707.594	-676.564	-590.42	9.64724
   	100  	-759.37 	-710.542	-590.42	19.4741
   	100  	-710.148	-680.806	-590.42	13.4658
   	100  	-758.653	-646.861	-590.42	39.7749
   	100  	-714.041	-655.462	-590.42	14.75  
   	100  	-787.177	-759.974	-590.42	32.0581
   	100  	-773.424	-676.369	-590.42	29.9475
   	100  	-735.543	-697.193	-590.42	14.4291
   	100  	-751.801	-715.465	-590.42	16.9235
   	100  	-728.175	-682.792	-590.42	18.0631
   	100  	-775.935	-685.713	-590.42	15.7271
   	100  	-739.594	-707.601	-590.42	13.5083
   	100  	-722.497	-688.067	-590.42	9.49696
   	100  	-718.356	-690.313	-590.42	10.0357
   	100  	-721.541	-705.663	-590.42	10.6676
   	100  	-750.532	-717.498	-590.42	17.6333
   	100  	-734.196	-675.487	-590.42	16.6385
   	100  	-719.428	-690.924	-590.42	14.7746
   	100  	-708.653	-655.949	-590.42	11.1245
   	100  	-739.987	-709.374	-590.42	25.3336
   	100  	-727.954	-681.905	-590.42	15.1683
   	100  	-727.826	-693.962	-590.42	16.6433
   	100  	-725.686	-705.558	-590.42	16.5354
   	100  	-738.513	-710.194	-590.42	13.4215
gen	depth	min     	avg     	max     	std    
   	100  	-735.987	-669.673	-601.336	23.8421
   	100  	-728.874	-658.129	-601.336	22.6996
   	100  	-729.906	-654.96 	-598.628	22.395 
   	100  	-722.394	-655.184	-598.191	21.9777
   	100  	-735.867	-651.327	-598.191	22.5389
   	100  	-732.304	-657.305	-590.134	25.1166
   	100  	-736.177	-658.772	-590.134	25.2065
   	100  	-740.659	-660.828	-590.134	26.0261
   	100  	-735.29 	-656.173	-590.134	26.9302
   	100  	-735.146	-663.129	-590.134	24.2369
   	100  	-743.084	-673.943	-590.134	24.1587
   	100  	-777.868	-690.844	-590.134	36.2817
   	100  	-754.457	-680.293	-590.134	28.7728
   	100  	-768.094	-674.239	-590.134	27.2838
   	100  	-766.578	-673.868	-590.134	23.9444
   	100  	-747.245	-688.105	-590.134	25.0652
   	100  	-759.675	-696.64 	-590.134	25.2977
   	100  	-761.78 	-692.939	-590.134	25.7156
   	100  	-780.125	-694.727	-590.134	31.668 
   	100  	-765.115	-694.636	-590.134	25.3577
   	100  	-759.963	-684.583	-590.134	25.082 
   	100  	-757.633	-684.531	-590.134	26.2352
   	100  	-740.592	-674.899	-590.134	24.465 
   	100  	-755.406	-679.908	-590.134	25.2631
   	100  	-794.22 	-687.864	-590.134	21.5397
   	100  	-763.355	-675.274	-590.134	29.1751
   	100  	-751.941	-699.084	-590.134	33.4101
   	100  	-809.243	-683.041	-590.134	26.3887
   	100  	-735.29 	-668.431	-590.134	27.605 
   	100  	-800.509	-686.887	-590.134	27.8238
   	100  	-754.947	-689.768	-590.134	26.3034
   	100  	-735.184	-693.303	-590.134	21.6938
   	100  	-785.456	-686.534	-590.134	20.6333
   	100  	-778.211	-694.302	-590.134	24.0165
   	100  	-738.124	-673.611	-590.134	23.1212
   	100  	-751.956	-661.798	-590.134	20.962 
   	100  	-761.858	-687.262	-590.134	25.7353
   	100  	-745.572	-684.249	-590.134	25.5372
   	100  	-731.551	-681.61 	-590.134	15.6234
   	100  	-746.831	-700.923	-590.134	22.1668
   	100  	-771.319	-719.224	-590.134	23.0696
   	100  	-757.303	-698.853	-590.134	20.0972
   	100  	-781.473	-715.123	-590.134	28.5006
   	100  	-753.327	-676.083	-590.134	25.9441
   	100  	-753.472	-691.081	-590.134	23.8384
   	100  	-735.028	-656.157	-590.134	26.1349
   	100  	-781.469	-721.817	-590.134	37.5776
   	100  	-743.989	-699.097	-590.134	24.3729
   	100  	-734.003	-680.267	-590.134	22.8898
   	100  	-728.179	-674.28 	-590.134	18.4741
   	100  	-709.665	-658.172	-590.134	16.1103
   	100  	-728.91 	-670.072	-590.134	20.83  
   	100  	-710.365	-656.121	-590.134	20.5151
   	100  	-729.813	-678.89 	-590.134	22.4208
   	100  	-762.705	-680.295	-590.134	23.2601
   	100  	-746.964	-690.086	-590.134	23.2287
   	100  	-744.447	-672.441	-590.134	20.3414
   	100  	-730.07 	-677.668	-590.134	19.7981
   	100  	-719.381	-671.033	-590.134	21.7181
   	100  	-733.274	-667.009	-590.134	23.7292
   	100  	-762.699	-695.622	-590.134	26.6021
   	100  	-806.397	-721.886	-590.134	39.1997
   	100  	-753.975	-688.895	-590.134	24.6253
   	100  	-756.589	-667.438	-590.134	23.6841
   	100  	-719.703	-656.24 	-590.134	15.1919
   	100  	-759.779	-712.762	-590.134	26.5383
   	100  	-759.964	-700.889	-590.134	27.6741
   	100  	-771.487	-692.145	-590.134	21.181 
   	100  	-728.904	-680.419	-590.134	14.6791
   	100  	-729.563	-689.489	-590.134	15.3042
   	100  	-731.379	-702.131	-590.134	14.5367
   	100  	-741.641	-696.492	-590.134	22.7303
   	100  	-745.492	-702.081	-590.134	18.6034
   	100  	-747.867	-697.165	-590.134	18.3813
   	100  	-707.789	-663.84 	-590.134	17.4386
   	100  	-745.783	-687.763	-590.134	21.1249
   	100  	-760.853	-680.786	-590.134	21.3714
   	100  	-774.502	-709.575	-590.134	21.9479
   	100  	-753.838	-706.381	-590.134	23.0684
   	100  	-719.269	-657.84 	-590.134	21.2244
   	100  	-735.835	-672.624	-590.134	26.4485
   	100  	-730.289	-687.987	-590.134	18.5893
   	100  	-754.024	-699.79 	-590.134	18.1603
   	100  	-761.413	-688.41 	-590.134	29.4177
   	100  	-752.988	-683.79 	-590.134	22.5302
   	100  	-739.279	-690.418	-590.134	16.7322
   	100  	-706.74 	-674.025	-590.134	11.8256
   	100  	-726.564	-687.031	-590.134	15.7523
   	100  	-697.441	-664.498	-590.134	14.5042
   	100  	-734.11 	-703.786	-590.134	20.8596
   	100  	-712.029	-671.801	-590.134	16.7806
   	100  	-720.237	-674.455	-590.134	15.7191
   	100  	-754.034	-693.769	-590.134	19.3938
   	100  	-729.752	-691.752	-590.134	15.5213
   	100  	-723.373	-665.511	-590.134	25.9279
   	100  	-722.917	-684.3  	-590.134	19.3312
   	100  	-707.606	-676.803	-590.134	15.3334
   	100  	-783.929	-730.043	-590.134	29.1888
   	100  	-750.818	-700.604	-590.134	21.6965
   	100  	-735.838	-701.286	-590.134	17.9405
gen	depth	min     	avg     	max    	std    
   	100  	-747.603	-674.267	-591.73	22.5689
   	100  	-731.358	-664.327	-591.73	22.5842
   	100  	-729.089	-662.284	-591.73	24.4176
   	100  	-760.337	-658.965	-587.07	24.7695
   	100  	-745.331	-659.566	-587.07	28.1795
   	100  	-729.878	-662.543	-587.07	23.5924
   	100  	-751.739	-658.904	-587.07	24.8013
   	100  	-718.864	-657.004	-587.07	22.0394
   	100  	-729.807	-662.462	-587.07	23.6131
   	100  	-739.413	-668.85 	-587.07	23.3756
   	100  	-739.753	-674.71 	-587.07	27.9843
   	100  	-753.682	-677.33 	-587.07	26.5367
   	100  	-744.708	-675.179	-587.07	27.5908
   	100  	-752.378	-677.451	-587.07	27.7915
   	100  	-760.07 	-678.594	-587.07	23.3564
   	100  	-751.337	-675.095	-587.07	31.021 
   	100  	-776.833	-704.885	-587.07	33.5773
   	100  	-750.248	-688.8  	-587.07	28.0409
   	100  	-745.104	-678.687	-587.07	23.5788
   	100  	-752.293	-677.508	-587.07	22.7572
   	100  	-755.32 	-684.757	-587.07	26.8778
   	100  	-776.765	-685.651	-587.07	26.3733
   	100  	-731.473	-673.593	-587.07	24.3085
   	100  	-782.018	-688.891	-587.07	29.0377
   	100  	-745.868	-686.863	-587.07	23.9523
   	100  	-766.965	-692.738	-587.07	26.2516
   	100  	-772.089	-698.291	-587.07	27.0034
   	100  	-755.676	-669.956	-587.07	27.7581
   	100  	-756.907	-693.629	-587.07	24.6464
   	100  	-748.984	-685.455	-587.07	21.9098
   	100  	-757.92 	-687.967	-587.07	25.2857
   	100  	-767.031	-696.295	-587.07	25.5367
   	100  	-751.843	-690.483	-587.07	23.4669
   	100  	-764.036	-701.641	-587.07	26.6844
   	100  	-748.57 	-701.211	-587.07	23.3824
   	100  	-756.056	-687.567	-587.07	25.2733
   	100  	-769.295	-680.29 	-587.07	27.2236
   	100  	-784.177	-686.436	-587.07	33.5978
   	100  	-786.04 	-710.152	-587.07	30.2975
   	100  	-769.188	-697.871	-587.07	25.1707
   	100  	-753.572	-696.772	-587.07	19.0997
   	100  	-732.463	-674.559	-587.07	24.0787
   	100  	-783.211	-685.071	-587.07	37.8055
   	100  	-742.852	-676.916	-587.07	20.3557
   	100  	-762.843	-694.117	-587.07	23.2382
   	100  	-773.328	-707.26 	-587.07	21.4482
   	100  	-758.517	-685.525	-587.07	24.899 
   	100  	-757.859	-708.169	-587.07	22.5384
   	100  	-742.562	-688.922	-587.07	19.8656
   	100  	-757.635	-707.146	-587.07	24.1221
   	100  	-742.773	-693.726	-587.07	18.8493
   	100  	-751.656	-690.31 	-587.07	20.0846
   	100  	-776.382	-718.762	-587.07	21.8422
   	100  	-745.595	-673.703	-587.07	24.5928
   	100  	-776.972	-704.929	-587.07	26.5233
   	100  	-755.864	-691.005	-587.07	26.0088
   	100  	-747.108	-668.193	-587.07	26.4507
   	100  	-764.613	-693.306	-587.07	26.0459
   	100  	-747.974	-677.188	-587.07	18.8391
   	100  	-708.88 	-662.654	-587.07	15.7069
   	100  	-755.085	-690.457	-587.07	23.3847
   	100  	-756.196	-675.926	-587.07	25.6004
   	100  	-736.599	-683.394	-587.07	20.4449
   	100  	-742.236	-702.263	-587.07	19.889 
   	100  	-729.328	-664.862	-587.07	21.1262
   	100  	-735.417	-683.126	-587.07	22.1952
   	100  	-749.358	-676.871	-587.07	14.1906
   	100  	-743.624	-707.925	-587.07	19.5059
   	100  	-751.952	-706.007	-587.07	16.497 
   	100  	-738.679	-673.674	-587.07	16.9967
   	100  	-710.109	-680.18 	-587.07	11.0482
   	100  	-758.173	-688.212	-587.07	15.2504
   	100  	-732.219	-695.313	-587.07	16.2687
   	100  	-756.749	-718.393	-587.07	17.2413
   	100  	-730.541	-699.966	-587.07	11.831 
   	100  	-723.067	-667.388	-587.07	17.0287
   	100  	-719.162	-681.043	-587.07	20.3352
   	100  	-745.242	-691.267	-587.07	14.5139
   	100  	-764.604	-717.096	-587.07	18.4566
   	100  	-786.568	-719.477	-587.07	20.38  
   	100  	-742.068	-672.425	-587.07	18.5626
   	100  	-712.504	-682.25 	-587.07	12.2288
   	100  	-755.441	-711.501	-587.07	19.5154
   	100  	-748.842	-700.384	-587.07	12.0716
   	100  	-706.784	-667.708	-587.07	11.7118
   	100  	-731.963	-688.472	-587.07	13.9461
   	100  	-797.386	-763.932	-587.07	30.414 
   	100  	-771.185	-684.219	-587.07	24.5537
   	100  	-727.993	-682.062	-587.07	23.2706
   	100  	-733.259	-697.655	-587.07	20.2291
   	100  	-748.304	-690.429	-587.07	19.7005
   	100  	-716.726	-695.156	-587.07	14.244 
   	100  	-753.958	-706.332	-587.07	21.921 
   	100  	-717.022	-683.667	-587.07	11.9805
   	100  	-773.852	-699.102	-587.07	26.545 
   	100  	-713.856	-679.794	-587.07	11.6447
   	100  	-718.035	-675.544	-587.07	9.43413
   	100  	-729.511	-699.932	-587.07	13.2681
   	100  	-725.739	-680.162	-587.07	27.2483
   	100  	-776.743	-743.913	-587.07	33.7824
