gen	depth	min     	avg     	max     	std    
   	25   	-1151.25	-702.133	-601.189	118.359
   	25   	-1125.37	-682.773	-600.69 	113.755
   	25   	-1128.21	-688.742	-598.117	129.081
   	25   	-1119.31	-677.592	-591.968	117.571
   	25   	-1122.98	-731.628	-591.968	159.492
   	25   	-1154.87	-743.086	-583.239	183.029
   	25   	-1150.57	-705.586	-583.239	150.548
   	25   	-1148.14	-683.279	-583.239	111.163
   	25   	-1155.41	-821.809	-583.239	219.976
   	25   	-1167.93	-781.485	-583.239	203.447
   	25   	-1162.28	-685.817	-583.239	114.171
   	25   	-1180.31	-720.303	-583.239	155.19 
   	25   	-1165.83	-768.096	-583.239	195.206
   	25   	-1169.76	-771.616	-583.239	191.519
   	25   	-1177.36	-855.223	-583.239	223.265
   	25   	-1160.91	-764.799	-583.239	183.35 
   	25   	-1200.56	-836.539	-583.239	217.803
   	25   	-1177.91	-863.163	-583.239	212.697
   	25   	-1162.3 	-847.757	-583.239	216.551
   	25   	-1175.13	-968.839	-583.239	201.885
   	25   	-1204.71	-958.538	-583.239	220.944
   	25   	-1188.75	-963.973	-583.239	218.269
   	25   	-1206.97	-846.603	-583.239	214.222
   	25   	-1209.51	-969.246	-583.239	216.13 
   	25   	-1183.36	-921.968	-583.239	212.496
   	25   	-1162.54	-881.357	-583.239	209.694
   	25   	-1164.53	-754.096	-583.239	164.846
   	25   	-1179.81	-945.388	-583.239	218.882
   	25   	-1175.66	-1037.38	-583.239	161.839
   	25   	-1184.07	-908.417	-583.239	209.537
   	25   	-1190.57	-940.297	-583.239	214.156
   	25   	-1184.32	-770.101	-583.239	166.103
   	25   	-1139.07	-707.112	-583.239	104.726
   	25   	-1185.55	-1057.82	-583.239	159.265
   	25   	-1174.98	-840.195	-583.239	200.295
   	25   	-1183.82	-689.416	-583.239	133.661
   	25   	-1196.54	-809.657	-583.239	221.806
   	25   	-1175.27	-686.593	-583.239	121.689
   	25   	-1144.45	-1009.09	-583.239	167.638
   	25   	-1184.27	-879.483	-583.239	219.503
   	25   	-1190.5 	-977.649	-583.239	213.515
   	25   	-1161.01	-1017.08	-583.239	189.901
   	25   	-1161.42	-1083.33	-583.239	107.852
   	25   	-1134.64	-711.061	-583.239	101.929
   	25   	-1137.56	-694.213	-583.239	44.7367
   	25   	-1185   	-715.39 	-583.239	73.8831
   	25   	-715.45 	-662.281	-583.239	16.5992
   	25   	-1165.1 	-856.141	-583.239	205.427
   	25   	-1141.91	-1043.35	-583.239	138.905
   	25   	-1184.45	-826.009	-583.239	201.782
   	25   	-1147.25	-757.249	-583.239	173.756
   	25   	-1177.38	-878.091	-583.239	225.09 
   	25   	-1177.03	-978.552	-583.239	203.877
   	25   	-1143.09	-693.916	-583.239	111.391
   	25   	-1153.11	-998.94 	-583.239	193.691
   	25   	-1141.95	-840.972	-583.239	214.194
   	25   	-1088.42	-697.641	-583.239	26.1969
   	25   	-1144.93	-1040.29	-583.239	106.742
   	25   	-1067.11	-715.625	-583.239	113.154
   	25   	-1144.64	-1067.25	-583.239	122.712
   	25   	-1180.59	-1082.77	-583.239	70.6267
   	25   	-1161.48	-1124.01	-583.239	57.8515
   	25   	-1138.01	-708.444	-583.239	136.252
   	25   	-707.316	-669.935	-583.239	17.3166
   	25   	-694.498	-667.164	-583.239	15.0041
   	25   	-713.055	-683.19 	-583.239	16.5855
   	25   	-1137.98	-713.548	-583.239	141.083
   	25   	-706.416	-661.74 	-583.239	17.4403
   	25   	-1098.67	-805.79 	-583.239	205.532
   	25   	-1066.36	-692.814	-583.239	31.7275
   	25   	-1117.43	-739.784	-583.239	165.501
   	25   	-716.633	-683.123	-583.239	19.844 
   	25   	-1158.26	-927.512	-583.239	227.227
   	25   	-1116.6 	-709.807	-583.239	149.878
   	25   	-1151.37	-696.148	-583.239	95.552 
   	25   	-1154.44	-1087.43	-583.239	137.113
   	25   	-1133.21	-990.743	-583.239	191.621
   	25   	-1133.08	-705.852	-583.239	120.633
   	25   	-1131.21	-1071.51	-583.239	120.733
   	25   	-1111.7 	-720.013	-583.239	91.7284
   	25   	-1132.11	-1059.66	-583.239	117.372
   	25   	-1112.38	-717.424	-583.239	103.793
   	25   	-1128.42	-677.714	-583.239	56.0272
   	25   	-1126.75	-681.786	-583.239	49.5892
   	25   	-1171.08	-959.208	-583.239	215.433
   	25   	-1148.18	-718.57 	-583.239	25.839 
   	25   	-761.945	-675.336	-583.239	14.6268
   	25   	-1165.87	-765.879	-583.239	198.826
   	25   	-1076.84	-616.982	-583.239	25.561 
   	25   	-1136.07	-1061.95	-583.239	144.691
   	25   	-1137.14	-804.748	-583.239	178.1  
   	25   	-1157.94	-1070.46	-583.239	123.6  
   	25   	-1178.47	-1154.7 	-583.239	59.6988
   	25   	-1176.06	-1134.29	-583.239	35.7014
   	25   	-1173.83	-1123.4 	-583.239	29.3215
   	25   	-1169.07	-1131.55	-583.239	27.5787
   	25   	-1138.29	-710.39 	-583.239	122.155
   	25   	-686.177	-663.364	-583.239	9.14618
   	25   	-716.857	-685.587	-583.239	13.1302
   	25   	-1099.39	-964.379	-583.239	189.323
gen	depth	min     	avg     	max     	std    
   	25   	-1163.06	-715.851	-606.784	139.901
   	25   	-1110.52	-678.465	-592.433	98.2232
   	25   	-1137.67	-684.624	-584.53 	124.898
   	25   	-1121.81	-664.556	-584.53 	101.682
   	25   	-1145.58	-689.378	-584.53 	128.451
   	25   	-1126.89	-725.929	-584.53 	150.085
   	25   	-1147.87	-750.899	-584.53 	181.463
   	25   	-1151.43	-693.851	-584.53 	123.821
   	25   	-1141.18	-699.618	-584.53 	135.638
   	25   	-1165.63	-768.078	-584.53 	195.679
   	25   	-1146.04	-716.169	-584.53 	143.68 
   	25   	-1161.7 	-783.596	-584.53 	203.669
   	25   	-1158.88	-859.556	-584.53 	231.877
   	25   	-1159.22	-785.531	-584.53 	186.658
   	25   	-1155.62	-764.495	-584.53 	183.898
   	25   	-1172.46	-808.473	-584.53 	201.302
   	25   	-1168.42	-718.79 	-584.53 	116.488
   	25   	-1161.43	-756.926	-584.53 	175.505
   	25   	-1140.44	-781.665	-584.53 	189.132
   	25   	-1183.13	-834.021	-584.53 	219.412
   	25   	-1199.38	-829.457	-584.53 	206.066
   	25   	-1151.53	-733.897	-584.53 	147.739
   	25   	-1172.88	-1072.01	-584.53 	151.244
   	25   	-1201.54	-970.128	-584.53 	219.369
   	25   	-1196.83	-853.67 	-584.53 	212.747
   	25   	-1178.73	-821.206	-584.53 	204.022
   	25   	-1187.7 	-735.804	-584.53 	153.842
   	25   	-1172.87	-761.263	-584.53 	172.979
   	25   	-1143.7 	-769.704	-584.53 	193.768
   	25   	-1098.69	-650.772	-584.53 	35.325 
   	25   	-1151.74	-741.006	-584.53 	122.495
   	25   	-1175.14	-829.089	-584.53 	226.913
   	25   	-1183.86	-1013.89	-584.53 	184.435
   	25   	-1165.74	-1090.17	-584.53 	95.913 
   	25   	-1168.98	-1044.86	-584.53 	161.489
   	25   	-1169.87	-859.902	-584.53 	221.808
   	25   	-1200.78	-1056.4 	-584.53 	178.442
   	25   	-1203.96	-995.11 	-584.53 	205.326
   	25   	-1137.34	-1019.68	-584.53 	153.689
   	25   	-1162.13	-700.711	-584.53 	86.1347
   	25   	-1208.13	-841.051	-584.53 	199.313
   	25   	-1168.21	-702.078	-584.53 	44.0973
   	25   	-1173.26	-909.241	-584.53 	219.501
   	25   	-1192.94	-718.785	-584.53 	151.954
   	25   	-1158.97	-971.797	-584.53 	189.696
   	25   	-1169.92	-1081.47	-584.53 	112.026
   	25   	-1203.29	-1137.21	-584.53 	49.4597
   	25   	-1160.55	-894.916	-584.53 	231.936
   	25   	-1189.16	-1084.43	-584.53 	133.439
   	25   	-1171.74	-1085.73	-584.53 	61.2425
   	25   	-1130.83	-716.914	-584.53 	150.674
   	25   	-1159.84	-772.1  	-584.53 	196.116
   	25   	-1150.56	-813.725	-584.53 	209.117
   	25   	-1173.51	-773.251	-584.53 	183.257
   	25   	-1213.09	-1106.05	-584.53 	172.987
   	25   	-1185.79	-1007.57	-584.53 	142.958
   	25   	-1186.55	-779.82 	-584.53 	125.525
   	25   	-1168.08	-972.22 	-584.53 	198.393
   	25   	-1170.27	-854.545	-584.53 	233.022
   	25   	-1169.09	-1049.6 	-584.53 	155.478
   	25   	-1171.95	-1119.79	-584.53 	74.0829
   	25   	-1178.68	-812.145	-584.53 	177.567
   	25   	-1147.27	-927.536	-584.53 	208.834
   	25   	-1187.23	-872.085	-584.53 	227.505
   	25   	-1179.8 	-1095.76	-584.53 	151.35 
   	25   	-1149.82	-683.37 	-584.53 	133.307
   	25   	-1161.78	-692.84 	-584.53 	85.3459
   	25   	-759.099	-723.935	-584.53 	25.6676
   	25   	-1125.65	-693.829	-584.53 	97.7388
   	25   	-1164.33	-674.133	-584.53 	81.0596
   	25   	-1162.22	-696.451	-584.53 	38.3524
   	25   	-1175.65	-1107.48	-584.53 	135.475
   	25   	-1173.28	-1013.97	-584.53 	192.361
   	25   	-1180.11	-1050.83	-584.53 	184.285
   	25   	-1147.98	-708.807	-584.53 	101.866
   	25   	-740.639	-672.607	-584.53 	18.191 
   	25   	-1129.25	-688.81 	-584.53 	74.1813
   	25   	-678.058	-638.677	-584.53 	10.7982
   	25   	-1148.1 	-1086.22	-584.53 	150.218
   	25   	-1144.05	-680.728	-584.53 	107.956
   	25   	-1130.35	-1076.31	-584.53 	133.025
   	25   	-1151.16	-1120.99	-584.53 	75.6557
   	25   	-1140.37	-1116.31	-584.53 	46.0648
   	25   	-1141.72	-999.752	-584.53 	163.244
   	25   	-1120.97	-862.507	-584.53 	224.78 
   	25   	-1137.86	-711.457	-584.53 	67.5275
   	25   	-1128.89	-763.187	-584.53 	195.752
   	25   	-1111.94	-700.379	-584.53 	88.6447
   	25   	-693.256	-665.196	-584.53 	16.7167
   	25   	-732.337	-695.947	-584.53 	16.543 
   	25   	-1075.62	-1008.34	-584.53 	133.42 
   	25   	-1169.81	-1096.14	-584.53 	140.855
   	25   	-1187.18	-1135.65	-584.53 	75.2726
   	25   	-1155.72	-768.116	-584.53 	160.736
   	25   	-1162.41	-729.927	-584.53 	56.4232
   	25   	-1134.99	-698.5  	-584.53 	134.293
   	25   	-705.663	-668.256	-584.53 	15.0122
   	25   	-1124.31	-1066.39	-584.53 	115.419
   	25   	-1119.17	-730.497	-584.53 	107.429
   	25   	-724.563	-677.111	-584.53 	21.0787
gen	depth	min     	avg     	max     	std    
   	25   	-1167.53	-716.188	-590.777	137.667
   	25   	-1151.78	-688.568	-590.777	115.315
   	25   	-1115.58	-680.49 	-590.777	111.945
   	25   	-1149.2 	-705.01 	-588.472	158.649
   	25   	-1135.13	-675.188	-588.472	117.254
   	25   	-1135.75	-691.218	-588.472	135.36 
   	25   	-1170.11	-724.534	-588.472	173.26 
   	25   	-1161.86	-758.904	-588.472	182.28 
   	25   	-1143.55	-745.094	-588.472	179.752
   	25   	-1142.39	-768.303	-588.472	195.496
   	25   	-1157.32	-804.133	-588.472	206.257
   	25   	-1156.65	-895.925	-588.472	215.572
   	25   	-1175.26	-832.337	-588.472	214.567
   	25   	-1169.55	-799.981	-588.472	193.008
   	25   	-1174.37	-784.663	-588.472	174.308
   	25   	-1191.44	-795.936	-588.472	186.262
   	25   	-1147.84	-706.871	-588.472	122.293
   	25   	-1164.11	-702.634	-588.472	118.845
   	25   	-1187.13	-842.09 	-588.472	218.734
   	25   	-1182.91	-853.113	-588.472	227.713
   	25   	-1175.44	-852.071	-588.472	226.871
   	25   	-1211.07	-1022.02	-588.472	190.011
   	25   	-1171.1 	-852.075	-588.472	206.885
   	25   	-1171.24	-801.349	-588.472	130.712
   	25   	-1184.66	-934.171	-588.472	212.455
   	25   	-1194.68	-921.914	-588.472	231.968
   	25   	-1159.03	-960.343	-588.472	189.985
   	25   	-1180.8 	-947.209	-588.472	213.612
   	25   	-1174.97	-1030.52	-588.472	174.109
   	25   	-1169.3 	-779.405	-588.472	176.236
   	25   	-1175.04	-1082.7 	-588.472	132.65 
   	25   	-1169.33	-931.272	-588.472	218.72 
   	25   	-1158.64	-693.386	-588.472	114.621
   	25   	-1190.8 	-863.767	-588.472	225.316
   	25   	-1200.33	-891.14 	-588.472	206.619
   	25   	-1191.62	-856.749	-588.472	217.28 
   	25   	-1186.47	-892.71 	-588.472	227.915
   	25   	-1151.97	-688.202	-588.472	71.0096
   	25   	-1163.6 	-983.082	-588.472	197.759
   	25   	-1141.7 	-662.342	-588.472	92.3269
   	25   	-1175.73	-1096.16	-588.472	146.271
   	25   	-1153.07	-974.345	-588.472	191.278
   	25   	-1160.75	-706.972	-588.472	73.8829
   	25   	-1170.76	-890.093	-588.472	220.76 
   	25   	-1169.75	-670.872	-588.472	64.2   
   	25   	-1164.3 	-674.03 	-588.472	41.0094
   	25   	-1159.55	-873.132	-588.472	220.559
   	25   	-1153.94	-989.288	-588.472	190.36 
   	25   	-1171.08	-900.426	-588.472	197.338
   	25   	-1181.96	-921.457	-588.472	206.125
   	25   	-1181.84	-726.542	-588.472	68.679 
   	25   	-1171.28	-679.396	-588.472	63.1222
   	25   	-1167.43	-699.03 	-588.472	80.4055
   	25   	-1181.95	-1080.41	-588.472	119.368
   	25   	-1206.65	-1127.99	-588.472	59.3096
   	25   	-1150.25	-738.256	-588.472	123.808
   	25   	-1150.25	-1064.5 	-588.472	124.183
   	25   	-1152.34	-865.489	-588.472	225.016
   	25   	-698.912	-656.359	-588.472	8.75825
   	25   	-1152.34	-1062.53	-588.472	138.059
   	25   	-1150.71	-746.717	-588.472	165.002
   	25   	-1153.37	-692.849	-588.472	52.5421
   	25   	-1155.92	-696.971	-588.472	91.0644
   	25   	-1151.86	-664.223	-588.472	24.2014
   	25   	-1149.35	-671.318	-588.472	59.4912
   	25   	-1190.5 	-1124.26	-588.472	132.111
   	25   	-1165.39	-726.995	-588.472	107.319
   	25   	-1157.16	-782.591	-588.472	195.392
   	25   	-1140.85	-658.693	-588.472	53.2347
   	25   	-1166.84	-1099.02	-588.472	144.833
   	25   	-1147.87	-738.401	-588.472	120.999
   	25   	-1180.42	-656.502	-588.472	43.6792
   	25   	-1181.27	-682.68 	-588.472	41.2217
   	25   	-1166.1 	-727.376	-588.472	35.8989
   	25   	-722.591	-662.843	-588.472	24.2522
   	25   	-676.171	-661.701	-588.472	8.44089
   	25   	-1075.04	-669.527	-588.472	19.8288
   	25   	-1162.74	-1105.83	-588.472	124.598
   	25   	-1142   	-1098.81	-588.472	75.1123
   	25   	-1109.71	-710.83 	-588.472	107.824
   	25   	-717.875	-642.087	-588.472	16.2966
   	25   	-681.481	-660.081	-588.472	12.1863
   	25   	-1138.61	-1031.2 	-588.472	185.673
   	25   	-1128.73	-1091.39	-588.472	91.6353
   	25   	-1123.87	-737.254	-588.472	99.2287
   	25   	-1097.74	-700.259	-588.472	29.6845
   	25   	-1137.13	-947.668	-588.472	212.36 
   	25   	-1127.57	-911.296	-588.472	207.267
   	25   	-1134.68	-900.211	-588.472	216.799
   	25   	-1105.12	-699.611	-588.472	36.6338
   	25   	-1167   	-923.628	-588.472	213.972
   	25   	-1125.67	-705.697	-588.472	117.827
   	25   	-1169.64	-1066.08	-588.472	142.399
   	25   	-1157.88	-805.884	-588.472	199.847
   	25   	-1124.91	-676.583	-588.472	67.6735
   	25   	-1146.23	-730.826	-588.472	82.5228
   	25   	-1134.67	-960.596	-588.472	177.701
   	25   	-1206.6 	-1087.55	-588.472	112.623
   	25   	-1158.63	-738.914	-588.472	154.605
   	25   	-1136.15	-724.045	-588.472	101.202
gen	depth	min     	avg     	max     	std    
   	25   	-1169.1 	-701.71 	-594.273	122.13 
   	25   	-1145.98	-703.598	-593.373	139.902
   	25   	-1121.64	-662.282	-593.373	80.9405
   	25   	-1138.57	-664.477	-593.373	92.746 
   	25   	-1134.75	-719.28 	-593.373	166.99 
   	25   	-1155.04	-731.52 	-593.373	175    
   	25   	-1148.92	-794.512	-591.235	206.699
   	25   	-1179.32	-771.222	-591.235	191.685
   	25   	-1167.07	-777.154	-591.235	196.053
   	25   	-1151.23	-800.522	-591.235	202.375
   	25   	-1158.91	-760.387	-591.235	181.553
   	25   	-1174.82	-749.901	-591.235	162.643
   	25   	-1146.43	-719.424	-591.235	145.969
   	25   	-1138.79	-782.023	-586.339	186.348
   	25   	-1168.15	-774.224	-586.339	198.441
   	25   	-1161.18	-790.29 	-586.339	188.099
   	25   	-1186.87	-823.914	-586.339	219.561
   	25   	-1192.78	-923.482	-586.339	231.097
   	25   	-1205.19	-920.947	-586.339	228.862
   	25   	-1203.21	-858.79 	-586.339	214.564
   	25   	-1190.4 	-939.232	-586.339	218.265
   	25   	-1170.97	-775.61 	-586.339	173.292
   	25   	-1166.03	-859.756	-586.339	215.29 
   	25   	-1174.98	-882.294	-586.339	219.818
   	25   	-1168.93	-765.729	-586.339	111.08 
   	25   	-1170.99	-1087.07	-586.339	124.46 
   	25   	-1147.65	-743.459	-586.339	167.855
   	25   	-1153.15	-762.298	-586.339	160.989
   	25   	-1170.29	-885.327	-586.339	228.945
   	25   	-1169.26	-982.348	-586.339	197.55 
   	25   	-1106.95	-674.098	-586.339	80.3582
   	25   	-1144.48	-807.59 	-586.339	209.782
   	25   	-1165.37	-914.1  	-586.339	206.002
   	25   	-1117.28	-674.278	-586.339	80.4976
   	25   	-1168.94	-696.018	-586.339	75.8171
   	25   	-1136.57	-1023.54	-586.339	152.738
   	25   	-1133.28	-720.854	-586.339	97.2499
   	25   	-1175.45	-709.563	-586.339	51.0608
   	25   	-1104.23	-683.304	-586.339	117.783
   	25   	-696.747	-661.33 	-586.339	17.1252
   	25   	-1156.1 	-784.622	-586.339	194.158
   	25   	-1151.59	-887.399	-586.339	224.676
   	25   	-1135.02	-760.756	-586.339	167.884
   	25   	-1135.62	-934.206	-586.339	216.868
   	25   	-1156.66	-706.132	-586.339	93.4287
   	25   	-1216.44	-1134.4 	-586.339	138.31 
   	25   	-1186.6 	-708.084	-586.339	135.145
   	25   	-751.713	-706.668	-586.339	22.6022
   	25   	-1193.02	-1039.04	-586.339	188.175
   	25   	-1190.28	-839.382	-586.339	187.962
   	25   	-1177.96	-1096.66	-586.339	112.299
   	25   	-1147.55	-875.255	-586.339	208.253
   	25   	-1116.11	-679.145	-586.339	55.1678
   	25   	-1135.81	-771.281	-586.339	190.24 
   	25   	-1148.08	-878.718	-586.339	217.13 
   	25   	-1161.76	-906.84 	-586.339	224.7  
   	25   	-1166.07	-896.458	-586.339	217.721
   	25   	-1105.84	-699.907	-586.339	129.13 
   	25   	-1163.75	-821.43 	-586.339	210.933
   	25   	-1186.69	-1103.95	-586.339	127.294
   	25   	-1162.05	-1106.37	-586.339	73.9111
   	25   	-1175.04	-753.723	-586.339	135.776
   	25   	-1125.39	-698.982	-586.339	100.549
   	25   	-778.765	-716.725	-586.339	26.5692
   	25   	-1149.47	-695.147	-586.339	72.4103
   	25   	-702.788	-678.757	-586.339	6.31856
   	25   	-1171.32	-953.983	-586.339	220.793
   	25   	-1150.83	-668.324	-586.339	71.2039
   	25   	-1154.2 	-1051.04	-586.339	182.801
   	25   	-1150.86	-736.97 	-586.339	72.8951
   	25   	-722.311	-669.579	-586.339	15.5753
   	25   	-770.771	-711.712	-586.339	17.686 
   	25   	-754.736	-737.809	-586.339	15.1523
   	25   	-1192.76	-1137.08	-586.339	140.654
   	25   	-1186.12	-688.688	-586.339	98.6095
   	25   	-719.343	-701.099	-586.339	14.6405
   	25   	-707.307	-662.052	-586.339	8.98002
   	25   	-664.451	-645.247	-586.339	7.25976
   	25   	-663.023	-643.886	-586.339	7.5816 
   	25   	-647.172	-620.115	-586.339	9.28287
   	25   	-676.112	-653.991	-586.339	14.9329
   	25   	-1140.5 	-1066.76	-586.339	139.491
   	25   	-1162.75	-1046.32	-586.339	191.048
   	25   	-1157.57	-701.575	-586.339	101.635
   	25   	-702.132	-685.506	-586.339	8.96482
   	25   	-691.631	-641.773	-586.339	19.5782
   	25   	-684.813	-653.994	-586.339	9.35568
   	25   	-1088.34	-1035.52	-586.339	140.101
   	25   	-1085.87	-667.396	-586.339	97.7759
   	25   	-679.216	-668.116	-586.339	8.51895
   	25   	-746.692	-712.298	-586.339	19.8008
   	25   	-714.425	-667.678	-586.339	10.5274
   	25   	-1145.6 	-1096.04	-586.339	141.19 
   	25   	-1142.08	-670.782	-586.339	110.477
   	25   	-700.453	-695.693	-586.339	15.3885
   	25   	-716.265	-712.336	-586.339	13.7649
   	25   	-716.265	-705.546	-586.339	9.45021
   	25   	-711.604	-671.175	-586.339	12.0162
   	25   	-674.029	-670.862	-586.339	4.87427
   	25   	-1152.43	-1110.52	-586.339	136.186
gen	depth	min     	avg     	max     	std    
   	25   	-1131.96	-708.883	-603.892	126.532
   	25   	-1137.56	-685.979	-603.892	114.392
   	25   	-1131.78	-687.398	-600.946	125.872
   	25   	-1130.47	-691.124	-576.49 	138.181
   	25   	-1160.14	-709.969	-576.49 	151.065
   	25   	-1148.66	-693.886	-576.49 	129.656
   	25   	-1114.08	-665.998	-576.49 	71.5608
   	25   	-1139.67	-698.069	-576.49 	128.518
   	25   	-1149.15	-719.325	-576.49 	151.845
   	25   	-1170.16	-732.058	-576.49 	157.65 
   	25   	-1129.84	-732.676	-576.49 	156.926
   	25   	-1158.85	-766.147	-576.49 	178.233
   	25   	-1162.65	-737.481	-576.49 	159.879
   	25   	-1189.38	-715.861	-576.49 	140.182
   	25   	-1184.05	-842.404	-576.49 	219.162
   	25   	-1190.08	-787.888	-576.49 	195.206
   	25   	-1190.92	-916.986	-576.49 	223.556
   	25   	-1185.79	-828.541	-576.49 	214.164
   	25   	-1170.14	-705.896	-576.49 	123.53 
   	25   	-1168.74	-695.219	-576.49 	73.8038
   	25   	-1187.05	-692.678	-576.49 	114.071
   	25   	-726.526	-666.142	-576.49 	27.2334
   	25   	-1181.11	-672.676	-576.49 	77.1759
   	25   	-1209.24	-674.445	-576.49 	68.6393
   	25   	-752.328	-682.264	-576.49 	24.1892
   	25   	-1166.21	-673.697	-576.49 	45.5616
   	25   	-1172.11	-700.348	-576.49 	128.485
   	25   	-1143.05	-698.913	-576.49 	72.5595
   	25   	-1171.38	-700.48 	-576.49 	63.8336
   	25   	-1188.18	-697.04 	-576.49 	64.8783
   	25   	-1180.5 	-680.501	-576.49 	28.7948
   	25   	-1180.5 	-686.795	-576.49 	41.3251
   	25   	-729.993	-664.608	-576.49 	23.7699
   	25   	-1151.43	-665.884	-576.49 	31.4087
   	25   	-1180.5 	-654.66 	-576.49 	28.204 
   	25   	-1166.77	-691.907	-576.49 	60.3882
   	25   	-1165.05	-686.908	-576.49 	51.3288
   	25   	-1158.64	-683.322	-576.49 	39.3248
   	25   	-1160.32	-685.616	-576.49 	54.7617
   	25   	-1138.63	-666.948	-576.49 	41.5509
   	25   	-1174.01	-675.347	-576.49 	56.0685
   	25   	-1156.84	-663.546	-576.49 	48.0144
   	25   	-1099.21	-663.035	-576.49 	25.6754
   	25   	-706.461	-659.009	-576.49 	16.2645
   	25   	-1138.6 	-658.856	-576.49 	35.6648
   	25   	-1118.58	-663.248	-576.49 	67.5017
   	25   	-1128.33	-677.316	-576.49 	41.5762
   	25   	-1141.32	-668.666	-576.49 	32.7338
   	25   	-1169.3 	-671.234	-576.49 	76.5929
   	25   	-1161   	-628.26 	-576.49 	27.3878
   	25   	-1163.11	-669.705	-576.49 	33.0979
   	25   	-679.967	-627.852	-576.49 	13.4101
   	25   	-1167.6 	-676.521	-576.49 	57.0764
   	25   	-1082.14	-691.011	-576.49 	28.8869
   	25   	-695.932	-659.771	-576.49 	13.0829
   	25   	-1143.73	-662.128	-576.49 	59.5707
   	25   	-1143.73	-686.27 	-576.49 	32.1502
   	25   	-766.124	-695.944	-576.49 	25.5819
   	25   	-1152.74	-694.156	-576.49 	52.6085
   	25   	-1154.07	-688.263	-576.49 	31.5542
   	25   	-1153.69	-691.509	-576.49 	69.8479
   	25   	-1119.39	-664.792	-576.49 	43.0616
   	25   	-1152.05	-680.582	-576.49 	42.3188
   	25   	-734.836	-684.15 	-576.49 	22.1016
   	25   	-1102.65	-657.107	-576.49 	25.8163
   	25   	-751.948	-681.213	-576.49 	16.2482
   	25   	-1139.29	-654.598	-576.49 	24.13  
   	25   	-1128.73	-680.442	-576.49 	30.9434
   	25   	-1128.73	-655.506	-576.49 	34.2799
   	25   	-701.129	-665.758	-576.49 	16.5966
   	25   	-704.174	-663.871	-576.49 	15.9925
   	25   	-1096.45	-671.34 	-576.49 	34.9755
   	25   	-1097.91	-686.698	-576.49 	23.1608
   	25   	-1115.17	-687.26 	-576.49 	30.3857
   	25   	-687.54 	-664.291	-576.49 	13.1378
   	25   	-698.391	-664.749	-576.49 	13.3669
   	25   	-692.057	-657.318	-576.49 	12.0769
   	25   	-1061.39	-633.778	-576.49 	31.0212
   	25   	-744.403	-702.661	-576.49 	31.9572
   	25   	-722.672	-635.738	-576.49 	22.9654
   	25   	-721.957	-687.438	-576.49 	22.772 
   	25   	-1127.55	-671.198	-576.49 	26.2239
   	25   	-1095.7 	-655.686	-576.49 	66.973 
   	25   	-1086.65	-697.375	-576.49 	55.0653
   	25   	-1070.83	-678.345	-576.49 	43.2613
   	25   	-1146.84	-672.896	-576.49 	48.8764
   	25   	-1077.06	-679.068	-576.49 	24.1846
   	25   	-1120.15	-651.436	-576.49 	27.3096
   	25   	-741.932	-694.198	-576.49 	20.9238
   	25   	-719.073	-674.947	-576.49 	19.0616
   	25   	-727.157	-675.841	-576.49 	19.4504
   	25   	-717.222	-671.201	-576.49 	16.9263
   	25   	-712.839	-675.665	-576.49 	18.7394
   	25   	-1153.14	-678.824	-576.49 	50.5856
   	25   	-698.291	-649.601	-576.49 	22.3274
   	25   	-717.546	-677.514	-576.49 	25.173 
   	25   	-710.728	-637.311	-576.49 	21.3768
   	25   	-726.333	-666.646	-576.49 	26.0374
   	25   	-753.165	-686.475	-576.49 	21.6788
   	25   	-1123.48	-650.37 	-576.49 	53.643 
gen	depth	min     	avg     	max     	std    
   	25   	-1159.05	-705.684	-604.587	123.51 
   	25   	-1133.65	-683.34 	-596.73 	110.824
   	25   	-1140.62	-720.196	-596.73 	161.3  
   	25   	-1134.38	-719.257	-589.023	161.935
   	25   	-1131.85	-742.474	-589.023	178.059
   	25   	-1128.94	-701.999	-586.091	143.825
   	25   	-1161.51	-733.966	-586.091	179.968
   	25   	-1168.93	-815.46 	-586.091	224.764
   	25   	-1143.4 	-703.962	-586.091	138.992
   	25   	-1151.83	-709.09 	-586.091	123.448
   	25   	-1158.96	-759.493	-586.091	185.859
   	25   	-1136.71	-725.827	-586.091	161.113
   	25   	-1149.38	-814.831	-586.091	207.222
   	25   	-1161.78	-768.395	-586.091	192.977
   	25   	-1168.73	-846.132	-586.091	218.172
   	25   	-1161.64	-912.715	-586.091	216.767
   	25   	-1165.8 	-749.789	-586.091	162.653
   	25   	-1201.41	-770.228	-586.091	183.782
   	25   	-1170.19	-865.49 	-586.091	210.042
   	25   	-1130.17	-757.75 	-586.091	171.451
   	25   	-1125.01	-883.408	-586.091	195.838
   	25   	-1195.04	-843.153	-586.091	217.096
   	25   	-1191.48	-808.442	-586.091	206.582
   	25   	-1178.4 	-758.423	-586.091	174.605
   	25   	-1175.41	-716.152	-586.091	76.65  
   	25   	-1149.16	-881.011	-586.091	202.093
   	25   	-1182.42	-953.503	-586.091	204.58 
   	25   	-1181.16	-816.685	-586.091	193.745
   	25   	-1180.32	-829.393	-586.091	203.812
   	25   	-1203.91	-779.505	-586.091	180.214
   	25   	-1194.15	-802.995	-586.091	202.209
   	25   	-1178.49	-911.815	-586.091	230.459
   	25   	-1159.2 	-904.924	-586.091	221.183
   	25   	-1158.53	-765.094	-586.091	160.791
   	25   	-1147.15	-693.274	-586.091	66.2222
   	25   	-1145.85	-693.244	-586.091	95.9858
   	25   	-1173.28	-816.201	-586.091	213.656
   	25   	-1174.74	-796.201	-586.091	190.458
   	25   	-1165.07	-837.227	-586.091	216.552
   	25   	-1137.92	-716.526	-586.091	123.906
   	25   	-1150.7 	-705.247	-586.091	101.136
   	25   	-1154.81	-813.85 	-586.091	208.997
   	25   	-1164.65	-733.821	-586.091	129.772
   	25   	-1174.97	-1023.35	-586.091	150.617
   	25   	-1167.67	-728.338	-586.091	141.459
   	25   	-1105.74	-699.586	-586.091	35.2513
   	25   	-1141.56	-685.146	-586.091	101.241
   	25   	-1163.33	-983.756	-586.091	206.384
   	25   	-1151.63	-1051.4 	-586.091	128.291
   	25   	-1134.86	-831.526	-586.091	199.117
   	25   	-1155.36	-1078.61	-586.091	103    
   	25   	-1166.53	-731.699	-586.091	187.833
   	25   	-686.226	-660.454	-586.091	13.6315
   	25   	-1148.72	-1080.07	-586.091	131.655
   	25   	-1147.38	-1093.18	-586.091	61.0269
   	25   	-1141.64	-1039.92	-586.091	142.222
   	25   	-1129.28	-819.188	-586.091	206.978
   	25   	-1111.95	-684.121	-586.091	31.5963
   	25   	-1140.11	-1063.81	-586.091	146.217
   	25   	-1149.31	-701.476	-586.091	96.8381
   	25   	-1114.09	-740.043	-586.091	171.041
   	25   	-1128.42	-1005.19	-586.091	186.57 
   	25   	-1105.67	-705.836	-586.091	65.586 
   	25   	-1146.92	-954.701	-586.091	206.242
   	25   	-1168.51	-1086.84	-586.091	149.155
   	25   	-1142.65	-719.5  	-586.091	115.074
   	25   	-1157.75	-1048.68	-586.091	155.251
   	25   	-1151.44	-1035.77	-586.091	157.371
   	25   	-1115.43	-697.094	-586.091	91.9935
   	25   	-1147.63	-718.988	-586.091	93.036 
   	25   	-1174.48	-1081.3 	-586.091	123.597
   	25   	-1117.22	-724.839	-586.091	99.3987
   	25   	-714.171	-680.669	-586.091	14.3859
   	25   	-700.357	-674.363	-586.091	12.1468
   	25   	-1134.07	-678.607	-586.091	59.5892
   	25   	-699.207	-661.166	-586.091	14.5826
   	25   	-1151   	-1047.61	-586.091	152.5  
   	25   	-1129.02	-1090.29	-586.091	73.8467
   	25   	-1103.71	-687.485	-586.091	106.916
   	25   	-1147.18	-1051.52	-586.091	139.553
   	25   	-1138.32	-1069.19	-586.091	51.4594
   	25   	-1152.04	-1122.88	-586.091	35.9658
   	25   	-1130.32	-715.021	-586.091	147.358
   	25   	-1154.75	-1024.07	-586.091	181.868
   	25   	-1136.73	-1076.7 	-586.091	83.6449
   	25   	-1096.8 	-731.045	-586.091	117.149
   	25   	-725.338	-693.59 	-586.091	17.341 
   	25   	-706.001	-679.007	-586.091	17.0173
   	25   	-686.536	-654.86 	-586.091	14.9705
   	25   	-1149.52	-672.819	-586.091	65.8316
   	25   	-1144.19	-674.223	-586.091	70.2294
   	25   	-677.462	-655.075	-586.091	7.27276
   	25   	-1140.29	-1070.19	-586.091	135.151
   	25   	-1119.38	-1056.21	-586.091	62.7697
   	25   	-1116.86	-1096.27	-586.091	46.6445
   	25   	-1113.43	-702.995	-586.091	116.254
   	25   	-689.978	-666.037	-586.091	9.80044
   	25   	-667.926	-616.347	-586.091	16.061 
   	25   	-733.884	-712.586	-586.091	40.2412
   	25   	-1106.23	-987.4  	-586.091	165.286
gen	depth	min     	avg     	max     	std    
   	25   	-1148.19	-703.297	-597.435	119.695
   	25   	-1109.9 	-672.313	-591.997	82.975 
   	25   	-1126.1 	-675.619	-590.708	105.715
   	25   	-1104.35	-660.831	-590.708	60.2701
   	25   	-1137.58	-669.199	-590.708	99.8401
   	25   	-1143.38	-727.035	-590.708	159.862
   	25   	-1157.79	-720.878	-590.708	157.259
   	25   	-1121.22	-681.213	-590.708	98.9377
   	25   	-1153.69	-744.753	-590.708	170.238
   	25   	-1161.44	-730.852	-590.708	153.611
   	25   	-1140.9 	-693.198	-589.945	89.4171
   	25   	-1169.27	-715.649	-589.945	156.981
   	25   	-1140.65	-759.022	-589.945	184.82 
   	25   	-1170.47	-830.587	-589.945	209.029
   	25   	-1155.31	-758.177	-589.945	178.787
   	25   	-1143.17	-768.87 	-589.945	179.285
   	25   	-1189.63	-912.365	-589.945	224.745
   	25   	-1170.68	-818.06 	-589.945	200.353
   	25   	-1159.7 	-854.238	-589.945	224.963
   	25   	-1167.44	-780.432	-589.945	192.402
   	25   	-1196.55	-885.91 	-589.945	224.111
   	25   	-1191.65	-818.751	-589.945	205.494
   	25   	-1197.54	-949.265	-589.945	219.385
   	25   	-1180.81	-836.684	-589.945	212.39 
   	25   	-1186.84	-1001.13	-589.945	199.967
   	25   	-1182.82	-941.129	-589.945	205.127
   	25   	-1186.63	-932.195	-589.945	224.066
   	25   	-1206.41	-1036.9 	-589.945	173.685
   	25   	-1180.74	-869.354	-589.945	217.755
   	25   	-1170.72	-943.371	-589.945	226.423
   	25   	-1180.3 	-773.364	-589.945	186.896
   	25   	-1156.04	-888.69 	-589.945	212.704
   	25   	-1127.32	-685.783	-589.945	77.0881
   	25   	-1154.68	-969.527	-589.945	211.387
   	25   	-1141.62	-821.54 	-589.945	174.496
   	25   	-1159.76	-710.64 	-589.945	85.8314
   	25   	-1157.44	-987.796	-589.945	183.684
   	25   	-1152.78	-854.772	-589.945	201.282
   	25   	-1175.44	-752.937	-589.945	137.099
   	25   	-1182.04	-808.5  	-589.945	206.45 
   	25   	-1124.88	-685.625	-589.945	104.614
   	25   	-1156.01	-1056.08	-589.945	126.982
   	25   	-1123.75	-695.608	-589.945	107.196
   	25   	-1217.13	-1083.79	-589.945	176.664
   	25   	-1171.83	-1083.14	-589.945	131.381
   	25   	-1150.68	-749.405	-589.945	139.809
   	25   	-1212.51	-1092.48	-589.945	144.616
   	25   	-1137.88	-1082.9 	-589.945	80.8087
   	25   	-1146.21	-872.892	-589.945	223.725
   	25   	-1160.92	-696.854	-589.945	89.9056
   	25   	-1181.04	-861.494	-589.945	215.479
   	25   	-1199.4 	-816.984	-589.945	201.345
   	25   	-1152.89	-790.088	-589.945	187.408
   	25   	-1165.08	-826.264	-589.945	226.749
   	25   	-1182.17	-951.233	-589.945	222.732
   	25   	-1169.29	-853.259	-589.945	217.508
   	25   	-1180.29	-1098.33	-589.945	112.568
   	25   	-1145.55	-769.447	-589.945	154.953
   	25   	-1193.04	-1046.48	-589.945	192.078
   	25   	-1150.97	-870.776	-589.945	219.843
   	25   	-1141.66	-925.368	-589.945	215.551
   	25   	-1148.22	-1097.46	-589.945	103.452
   	25   	-1126.04	-769.738	-589.945	191.01 
   	25   	-1162.04	-1037.89	-589.945	162.552
   	25   	-1133.27	-995.013	-589.945	187.175
   	25   	-1101.1 	-722.373	-589.945	80.706 
   	25   	-1172.59	-835.841	-589.945	220.538
   	25   	-1152.53	-712.543	-589.945	62.6088
   	25   	-1162.4 	-1066.19	-589.945	121.919
   	25   	-1110.07	-698.505	-589.945	109.807
   	25   	-1104.86	-664.493	-589.945	24.1356
   	25   	-739.62 	-690.145	-589.945	25.2007
   	25   	-689.376	-649.345	-589.945	11.1823
   	25   	-1129.65	-940.548	-589.945	212.388
   	25   	-1151.02	-1076.7 	-589.945	118.944
   	25   	-1107.59	-696.208	-589.945	93.2476
   	25   	-1123.53	-669.582	-589.945	68.6851
   	25   	-698.867	-671.879	-589.945	14.1212
   	25   	-1100.38	-1052.64	-589.945	111.867
   	25   	-1090.07	-713.063	-589.945	95.0595
   	25   	-721.488	-684.042	-589.945	22.7904
   	25   	-1182.88	-1089.99	-589.945	165.917
   	25   	-1153.07	-1101.1 	-589.945	98.7417
   	25   	-1159.98	-743.877	-589.945	138.665
   	25   	-1089.37	-697.124	-589.945	22.4654
   	25   	-1174.07	-773.288	-589.945	165.824
   	25   	-1121.57	-1064.07	-589.945	124.214
   	25   	-1103.35	-739.495	-589.945	85.0636
   	25   	-1138.67	-1073.3 	-589.945	126.339
   	25   	-1185.38	-1158.89	-589.945	85.8023
   	25   	-1181.57	-743.984	-589.945	130.445
   	25   	-1152.44	-1082.75	-589.945	134.392
   	25   	-1127.23	-692.346	-589.945	92.7816
   	25   	-709.456	-676.97 	-589.945	9.04687
   	25   	-1161.59	-1107.91	-589.945	146.625
   	25   	-1158.18	-712.737	-589.945	95.2885
   	25   	-695.983	-675.053	-589.945	6.86785
   	25   	-707.763	-691.941	-589.945	7.52209
   	25   	-1140.76	-1104.2 	-589.945	120.379
   	25   	-1140.57	-1119.31	-589.945	66.3726
gen	depth	min     	avg     	max     	std    
   	25   	-1166.54	-719.824	-602.224	141.404
   	25   	-1134.6 	-687.365	-601.042	115.007
   	25   	-1154.1 	-678.848	-601.042	115.757
   	25   	-1134.37	-758.969	-598.849	193.945
   	25   	-1132.92	-686.297	-579.716	118.912
   	25   	-1170.5 	-682.975	-579.716	121.495
   	25   	-1156.97	-710.916	-579.716	150.907
   	25   	-1153.28	-705.713	-579.716	139.194
   	25   	-1148.76	-776.776	-579.716	197.825
   	25   	-1160.93	-769.815	-579.716	183.463
   	25   	-1184.51	-811.992	-579.716	216.2  
   	25   	-1173.59	-839.761	-579.716	211.979
   	25   	-1162.49	-895.421	-579.716	221.226
   	25   	-1154.3 	-763.27 	-579.716	188.138
   	25   	-1184.02	-829.415	-579.716	209.149
   	25   	-1181.21	-908.976	-579.716	221.923
   	25   	-1160.03	-800.14 	-579.716	199.272
   	25   	-1179.63	-762.012	-579.716	191.077
   	25   	-1176.13	-789.954	-579.716	203.723
   	25   	-1171.71	-861.334	-579.716	224.798
   	25   	-1170.02	-746.378	-579.716	185.635
   	25   	-1175.25	-833.701	-579.716	213.212
   	25   	-1180.27	-939.975	-579.716	225.332
   	25   	-1189.04	-916.217	-579.716	226.607
   	25   	-1197.25	-966.506	-579.716	212.004
   	25   	-1209.93	-928.254	-579.716	223.17 
   	25   	-1197.53	-777.061	-579.716	174.693
   	25   	-1168.73	-1001.74	-579.716	194.453
   	25   	-1201.97	-752.871	-579.716	159.077
   	25   	-1156.89	-703.409	-579.716	69.609 
   	25   	-1171.86	-706.991	-579.716	131.534
   	25   	-1138.32	-717.23 	-579.716	130.804
   	25   	-1192.2 	-831.629	-579.716	195.942
   	25   	-1171.97	-844.803	-579.716	219.002
   	25   	-1198.86	-1043.99	-579.716	194.854
   	25   	-1169.91	-828.767	-579.716	212.718
   	25   	-1174.31	-751.242	-579.716	170.038
   	25   	-1139.77	-762.805	-579.716	191.486
   	25   	-1103.31	-668.508	-579.716	40.5402
   	25   	-752.151	-715.286	-579.716	25.371 
   	25   	-1129.19	-950.787	-579.716	195.311
   	25   	-1133.46	-696.76 	-579.716	92.6577
   	25   	-1143.83	-686.645	-579.716	76.2089
   	25   	-1145.23	-712.274	-579.716	118.696
   	25   	-1157.4 	-1022.76	-579.716	179.262
   	25   	-1124.44	-721.457	-579.716	85.6705
   	25   	-1173.31	-710.375	-579.716	94.1832
   	25   	-1119.6 	-956.256	-579.716	186.432
   	25   	-1109.46	-871.083	-579.716	207.974
   	25   	-1162.57	-1015.19	-579.716	186.859
   	25   	-1145.12	-697.487	-579.716	89.9041
   	25   	-763.038	-705.629	-579.716	28.2381
   	25   	-1169.62	-753.103	-579.716	156.12 
   	25   	-1150.14	-994.601	-579.716	197.96 
   	25   	-1167.6 	-723.142	-579.716	104.197
   	25   	-1153.89	-870.997	-579.716	215.944
   	25   	-1105.8 	-685.686	-579.716	103.653
   	25   	-1178.24	-1056.99	-579.716	152.685
   	25   	-1174.86	-856.846	-579.716	225.888
   	25   	-1171.21	-1081.17	-579.716	151.194
   	25   	-1131.23	-732.333	-579.716	154.283
   	25   	-1152.78	-1047.51	-579.716	128.735
   	25   	-1122.99	-704.701	-579.716	116.621
   	25   	-1194.91	-801.197	-579.716	181.833
   	25   	-1143.04	-705.941	-579.716	107.262
   	25   	-1160.28	-1076.68	-579.716	147.271
   	25   	-1157.38	-1107.96	-579.716	70.6166
   	25   	-1134.05	-724.589	-579.716	173.061
   	25   	-1102.42	-1025.87	-579.716	133.434
   	25   	-1144.26	-1092.54	-579.716	102.722
   	25   	-1146.14	-806.904	-579.716	205.112
   	25   	-1154.46	-1015.15	-579.716	192.852
   	25   	-1150.51	-930.593	-579.716	193.628
   	25   	-1193.28	-1113.25	-579.716	126.561
   	25   	-1172.21	-1123.32	-579.716	75.8292
   	25   	-1144.98	-797.379	-579.716	203.072
   	25   	-1190.3 	-846.478	-579.716	207.491
   	25   	-1150.52	-713.916	-579.716	156.362
   	25   	-752.434	-724.737	-579.716	26.9799
   	25   	-1141.62	-957.453	-579.716	209.586
   	25   	-1189.74	-748.524	-579.716	146.287
   	25   	-1167.6 	-1032.44	-579.716	151.171
   	25   	-1091.27	-678.764	-579.716	70.1364
   	25   	-1134.51	-862.253	-579.716	227.21 
   	25   	-1131.59	-704.34 	-579.716	46.4096
   	25   	-1154.63	-745.098	-579.716	141.172
   	25   	-1169.59	-739.306	-579.716	126.554
   	25   	-1190.48	-1125.25	-579.716	97.5043
   	25   	-1151.4 	-805.071	-579.716	200.592
   	25   	-1106.84	-676.25 	-579.716	76.9215
   	25   	-736.952	-704.448	-579.716	21.2775
   	25   	-726.425	-680.634	-579.716	12.0107
   	25   	-722.901	-681.011	-579.716	17.2204
   	25   	-1128.33	-1064.38	-579.716	135.193
   	25   	-1112.63	-716.456	-579.716	122.05 
   	25   	-737.339	-714.94 	-579.716	22.0069
   	25   	-1164.75	-767.284	-579.716	160.254
   	25   	-1140.27	-1088.9 	-579.716	116.47 
   	25   	-1127.96	-803.885	-579.716	179.033
   	25   	-1149.76	-725.04 	-579.716	47.8287
gen	depth	min     	avg     	max     	std    
   	25   	-1143.33	-705.823	-587.426	121.772
   	25   	-1149.18	-697.004	-587.426	126.958
   	25   	-1156.99	-701.957	-587.426	141.455
   	25   	-1119.38	-662.632	-587.426	75.7747
   	25   	-1122.6 	-676.315	-587.426	98.2531
   	25   	-1128.56	-693.129	-587.426	122.905
   	25   	-1145.62	-721.43 	-587.426	158.509
   	25   	-1179.21	-716.447	-587.426	155.536
   	25   	-1172.09	-759.213	-587.426	183.248
   	25   	-1148.23	-706.567	-587.426	128.109
   	25   	-1144.19	-763.689	-587.426	187.149
   	25   	-1180.95	-748.01 	-587.426	173.502
   	25   	-1205.23	-862.293	-587.426	228.227
   	25   	-1169.51	-842.284	-587.426	216.744
   	25   	-1212.32	-854.01 	-587.426	217.873
   	25   	-1190.37	-838.353	-587.426	220.934
   	25   	-1164.16	-787.772	-587.426	196.428
   	25   	-1155.39	-739.202	-587.426	170.617
   	25   	-1150.77	-810.454	-587.426	204.017
   	25   	-1160.47	-820.08 	-587.426	202.307
   	25   	-1184.02	-826.948	-587.426	221.505
   	25   	-1170.01	-887.752	-587.426	213.161
   	25   	-1195.78	-884.048	-587.426	224.322
   	25   	-1196.65	-800.284	-587.426	204.233
   	25   	-1148.24	-710.171	-587.426	107.464
   	25   	-1157.4 	-727.712	-587.426	135.674
   	25   	-1179.7 	-891.938	-587.426	223.208
   	25   	-1191.98	-828.117	-587.426	206.11 
   	25   	-1171.28	-719.596	-587.426	117.591
   	25   	-1185.42	-899.801	-587.426	225.437
   	25   	-1182.79	-848.357	-587.426	215.51 
   	25   	-1166.88	-856.505	-587.426	216.346
   	25   	-1172.02	-761.413	-587.426	165.762
   	25   	-1196.55	-813.522	-587.426	195.264
   	25   	-1190.57	-1100.54	-587.426	113.072
   	25   	-1159.87	-953.357	-587.426	203.704
   	25   	-1168.01	-841.534	-587.426	206.94 
   	25   	-1161.98	-817.079	-587.426	194.67 
   	25   	-1204.91	-915.223	-587.426	217.23 
   	25   	-1183.38	-716.25 	-587.426	142.816
   	25   	-1189.71	-1038.41	-587.426	197.432
   	25   	-1214.76	-936.557	-587.426	221.207
   	25   	-1168.46	-1104.73	-587.426	100.71 
   	25   	-1168.25	-740.066	-587.426	169.629
   	25   	-1145.13	-756.574	-587.426	180.254
   	25   	-1149.46	-838.45 	-587.426	208.524
   	25   	-1140.59	-867.605	-587.426	216.412
   	25   	-1105.94	-723.566	-587.426	43.2715
   	25   	-1156.14	-999.585	-587.426	190.193
   	25   	-1194.95	-820.783	-587.426	176.803
   	25   	-1101.82	-674.039	-587.426	36.8736
   	25   	-1149.42	-698.451	-587.426	129.067
   	25   	-1177.03	-745.44 	-587.426	164.928
   	25   	-1150.59	-698.286	-587.426	103.876
   	25   	-1175.09	-678.824	-587.426	84.8805
   	25   	-1165.47	-749.243	-587.426	152.924
   	25   	-1122.62	-1059.86	-587.426	125.051
   	25   	-1167.79	-1061.67	-587.426	129.334
   	25   	-1165.27	-763.123	-587.426	124.868
   	25   	-734.328	-691.583	-587.426	13.9487
   	25   	-1159.33	-735.876	-587.426	65.3754
   	25   	-1130.56	-1023.09	-587.426	132.792
   	25   	-1136.15	-762.881	-587.426	157.981
   	25   	-1087.16	-695.519	-587.426	67.6632
   	25   	-1121.99	-690.327	-587.426	99.2101
   	25   	-1155.98	-1081.78	-587.426	125.94 
   	25   	-1137.87	-1078.28	-587.426	84.6033
   	25   	-1173.45	-893.769	-587.426	217.954
   	25   	-1101   	-703.436	-587.426	56.597 
   	25   	-1132.54	-684.089	-587.426	22.0712
   	25   	-691.895	-634.31 	-587.426	15.114 
   	25   	-702.917	-673.262	-587.426	14.8075
   	25   	-722.891	-666.656	-587.426	10.8564
   	25   	-1159.31	-1077.54	-587.426	153.422
   	25   	-1131.34	-726.252	-587.426	85.1155
   	25   	-1136.58	-721.037	-587.426	90.8625
   	25   	-729.665	-690.668	-587.426	9.70845
   	25   	-1162.23	-1106.64	-587.426	144.789
   	25   	-1157.42	-718.936	-587.426	120.196
   	25   	-700.158	-665.261	-587.426	12.1668
   	25   	-1157.25	-742.96 	-587.426	171.098
   	25   	-1166.44	-1086.71	-587.426	148.494
   	25   	-1167.67	-1110.79	-587.426	86.2483
   	25   	-1142.35	-826.94 	-587.426	203.172
   	25   	-1148.09	-1055.82	-587.426	131.091
   	25   	-1158.64	-745.763	-587.426	115.237
   	25   	-1163.54	-891.03 	-587.426	217.141
   	25   	-1192.21	-814.232	-587.426	201.493
   	25   	-1168.34	-682.334	-587.426	55.294 
   	25   	-1120.26	-638.639	-587.426	60.3277
   	25   	-1096.66	-666.451	-587.426	44.5548
   	25   	-1125.05	-1056.98	-587.426	115.31 
   	25   	-1174.58	-741.456	-587.426	134.471
   	25   	-1152.56	-678.128	-587.426	30.7688
   	25   	-1136.95	-684.779	-587.426	45.3564
   	25   	-1157.43	-1080.86	-587.426	118.623
   	25   	-1136.43	-1096.37	-587.426	57.4139
   	25   	-1146.11	-1106.02	-587.426	45.2836
   	25   	-1113.8 	-723.618	-587.426	124.727
   	25   	-1198.11	-1097.58	-587.426	143.561
gen	depth	min     	avg     	max     	std    
   	25   	-1156.33	-730.163	-608.904	147.872
   	25   	-1158.77	-708.908	-599.337	145.616
   	25   	-1148.4 	-688.548	-594.082	122.064
   	25   	-1127.39	-683.636	-583.302	130.752
   	25   	-1138.04	-696.757	-583.302	140.834
   	25   	-1166.03	-715.114	-583.302	143.983
   	25   	-1155.69	-741.184	-583.302	173.836
   	25   	-1148.72	-682.851	-583.302	90.2653
   	25   	-1144.42	-762.969	-583.302	180.335
   	25   	-1118.89	-690.863	-583.302	106.586
   	25   	-1158.37	-745.245	-583.302	175.993
   	25   	-1181.04	-725.541	-583.302	146.999
   	25   	-1181.2 	-793.512	-583.302	202.816
   	25   	-1164.55	-715.273	-583.302	135.214
   	25   	-1152.89	-747.16 	-583.302	176.936
   	25   	-1181.91	-728.88 	-583.302	149.92 
   	25   	-1184.18	-842.713	-583.302	212.486
   	25   	-1177.15	-823.302	-583.302	206.056
   	25   	-1192.11	-773.525	-583.302	181.809
   	25   	-1159.69	-845.564	-583.302	214.6  
   	25   	-1168.66	-781.6  	-583.302	196.176
   	25   	-1139.54	-728.017	-583.302	137.876
   	25   	-1188.53	-723.874	-583.302	136.304
   	25   	-1195.4 	-743.849	-583.302	138.491
   	25   	-1152.07	-753.397	-583.302	168.21 
   	25   	-1175.55	-716.304	-583.302	95.1987
   	25   	-1167.19	-776.321	-583.302	156.753
   	25   	-1150.77	-713.662	-583.302	138.192
   	25   	-1192.53	-766.444	-583.302	171.095
   	25   	-1160.24	-827.141	-583.302	200.497
   	25   	-1148.03	-710.746	-583.302	95.2389
   	25   	-1174.47	-1004.26	-583.302	178.408
   	25   	-1209.17	-1115.76	-583.302	121.39 
   	25   	-1198.96	-1117.37	-583.302	54.0964
   	25   	-1138.66	-840.6  	-583.302	193.911
   	25   	-1151.39	-889.465	-583.302	207.295
   	25   	-1162.84	-707.878	-583.302	137.59 
   	25   	-1181.98	-1001.11	-583.302	195.549
   	25   	-1199.16	-1051.73	-583.302	188.614
   	25   	-1185.87	-1107.35	-583.302	102.966
   	25   	-1214.72	-976.954	-583.302	227.602
   	25   	-1194.68	-974.515	-583.302	207.512
   	25   	-1169.45	-814.954	-583.302	201.245
   	25   	-1162.09	-856.566	-583.302	223.785
   	25   	-1129.07	-782.818	-583.302	203.231
   	25   	-1153.37	-782.941	-583.302	196.727
   	25   	-1113.15	-673.698	-583.302	76.9371
   	25   	-718.451	-657.756	-583.302	16.4736
   	25   	-1163.1 	-884.508	-583.302	230.611
   	25   	-1121.6 	-833.881	-583.302	204.228
   	25   	-1157.62	-712.815	-583.302	75.6873
   	25   	-1142.25	-695.62 	-583.302	83.0064
   	25   	-1129.3 	-907.149	-583.302	206.552
   	25   	-1154.44	-799.09 	-583.302	153.358
   	25   	-1131.35	-675.148	-583.302	54.7516
   	25   	-1151.17	-752.26 	-583.302	151.319
   	25   	-1156.44	-1064.37	-583.302	143.181
   	25   	-1147.57	-1087.13	-583.302	105.386
   	25   	-1198.03	-899.018	-583.302	209.156
   	25   	-1172.97	-719.126	-583.302	120.984
   	25   	-1154.76	-887.982	-583.302	208.064
   	25   	-1151.69	-774.094	-583.302	142.293
   	25   	-1170.5 	-951.149	-583.302	219.707
   	25   	-1132.61	-703.362	-583.302	102.809
   	25   	-1161.22	-860.163	-583.302	220.968
   	25   	-1166.46	-954.096	-583.302	204.978
   	25   	-1119.38	-703.662	-583.302	156.535
   	25   	-1139.33	-719.316	-583.302	149.492
   	25   	-1096.55	-647.406	-583.302	24.5678
   	25   	-1106.58	-684.434	-583.302	32.3371
   	25   	-686.59 	-649.754	-583.302	16.6822
   	25   	-697.694	-675.498	-583.302	14.2274
   	25   	-769.598	-725.85 	-583.302	26.9448
   	25   	-1164.8 	-1075.46	-583.302	158.839
   	25   	-1140.81	-708.8  	-583.302	87.4962
   	25   	-1168.93	-1062.92	-583.302	177.42 
   	25   	-1156.52	-1035.61	-583.302	185.06 
   	25   	-1143.29	-715.829	-583.302	116.863
   	25   	-1171.75	-729.673	-583.302	122.296
   	25   	-1171.34	-685.872	-583.302	76.1252
   	25   	-1136.07	-703.448	-583.302	119.811
   	25   	-1166.28	-1043.21	-583.302	135.379
   	25   	-1094.21	-693.671	-583.302	114.453
   	25   	-1137.24	-893.212	-583.302	217.313
   	25   	-1145.27	-727.045	-583.302	123.715
   	25   	-1086.58	-678.903	-583.302	36.1859
   	25   	-1154.27	-1104.36	-583.302	121.968
   	25   	-1147.78	-720.64 	-583.302	124.341
   	25   	-1135.26	-719.882	-583.302	122.065
   	25   	-1192.09	-1094.58	-583.302	141.747
   	25   	-1158.67	-990.656	-583.302	187.271
   	25   	-1147.08	-943.956	-583.302	214.83 
   	25   	-1146.63	-798.753	-583.302	198.196
   	25   	-1190.17	-1032.76	-583.302	203.255
   	25   	-1157.46	-783.403	-583.302	189.71 
   	25   	-1097.81	-685.685	-583.302	25.9145
   	25   	-1158.91	-746.055	-583.302	137.558
   	25   	-1169.67	-678.207	-583.302	51.6082
   	25   	-1146.88	-1079.23	-583.302	147.702
   	25   	-1135.49	-695.221	-583.302	110.985
