gen	depth	min     	avg     	max     	std    
   	25   	-906.229	-757.573	-673.505	44.2526
   	25   	-907.626	-737.601	-668.856	37.4453
   	25   	-906.828	-745.199	-668.856	51.4984
   	25   	-930.537	-739.294	-668.856	44.892 
   	25   	-907.49 	-750.906	-668.856	51.4512
   	25   	-918.374	-760.172	-668.856	55.2559
   	25   	-914.402	-746.234	-668.856	37.9498
   	25   	-908.296	-755.818	-668.856	51.5947
   	25   	-898.802	-754.608	-665.848	46.7448
   	25   	-934.245	-771.752	-665.848	58.9916
   	25   	-945.655	-757.396	-665.848	44.5857
   	25   	-930.634	-777.032	-665.848	65.3759
   	25   	-909.122	-765.513	-665.848	50.3899
   	25   	-916.471	-784.935	-665.848	56.4719
   	25   	-944.407	-775.809	-665.848	58.5106
   	25   	-926.842	-760.208	-665.848	44.6945
   	25   	-941.05 	-779.256	-665.848	61.8076
   	25   	-928.792	-751.895	-665.848	36.1067
   	25   	-945.5  	-762.041	-665.848	47.3494
   	25   	-904.222	-760.178	-665.848	35.5012
   	25   	-915.219	-768.01 	-665.848	55.3209
   	25   	-919.114	-748.075	-665.848	32.4455
   	25   	-914.272	-749.675	-665.848	43.6214
   	25   	-951.116	-789.292	-665.848	51.925 
   	25   	-900.755	-780.424	-665.848	32.9388
   	25   	-957.345	-830.847	-665.848	75.402 
   	25   	-932.105	-800.796	-665.848	69.4187
   	25   	-955.302	-770.227	-665.848	39.9908
   	25   	-875.054	-748.249	-665.848	27.7268
   	25   	-966.868	-775.188	-665.848	58.5707
   	25   	-946.098	-813.201	-665.848	63.2114
   	25   	-952.639	-763.244	-665.848	33.7761
   	25   	-974.336	-782.632	-665.848	71.0365
   	25   	-965.617	-827.736	-665.848	70.3644
   	25   	-965.682	-791.058	-665.848	57.5906
   	25   	-919.026	-830.327	-665.848	54.9579
   	25   	-914.71 	-784.99 	-665.848	68.5392
   	25   	-932.792	-781.59 	-665.848	56.2703
   	25   	-968.049	-752.168	-665.848	61.0543
   	25   	-912.16 	-754.227	-665.848	28.6111
   	25   	-965.366	-859.221	-665.848	44.397 
   	25   	-947.633	-885.287	-665.848	30.4958
   	25   	-899.102	-749.403	-665.848	40.9458
   	25   	-909.806	-772.271	-665.848	32.5132
   	25   	-803.508	-751.442	-665.848	19.986 
   	25   	-785.213	-749.377	-665.848	15.4905
   	25   	-899.569	-787.997	-665.848	30.6593
   	25   	-927.854	-803.742	-665.848	66.8956
   	25   	-901.027	-855.887	-665.848	40.7229
   	25   	-942.413	-804.958	-665.848	52.4103
   	25   	-915.276	-797.027	-665.848	43.0583
   	25   	-914.453	-861.704	-665.848	37.5726
   	25   	-882.891	-777.052	-665.848	31.0956
   	25   	-844.886	-758.883	-665.848	19.7028
   	25   	-941.868	-859.158	-665.848	56.0332
   	25   	-927.333	-808.823	-665.848	50.1285
   	25   	-957.957	-824.66 	-665.848	71.189 
   	25   	-954.272	-875.511	-665.848	47.1783
   	25   	-949.643	-835.723	-665.848	65.5324
   	25   	-897.637	-741.142	-665.848	29.1834
   	25   	-905.233	-810.781	-665.848	65.5251
   	25   	-926.296	-783.855	-665.848	39.5922
   	25   	-940.027	-879.476	-665.848	38.2311
   	25   	-893.812	-760.912	-665.848	41.2833
   	25   	-957.405	-886.249	-665.848	57.301 
   	25   	-916.6  	-764.767	-665.848	39.603 
   	25   	-800.702	-705.259	-665.848	22.0943
   	25   	-920.373	-851.512	-665.848	52.55  
   	25   	-902.825	-861.089	-665.848	34.978 
   	25   	-953.549	-809.142	-665.848	33.8787
   	25   	-939.064	-773.689	-665.848	32.1417
   	25   	-861.678	-822.35 	-665.848	22.6538
   	25   	-836.906	-721.517	-665.848	28.4276
   	25   	-774.476	-736.009	-665.848	17.595 
   	25   	-904.968	-767.011	-665.848	24.5092
   	25   	-957.529	-835.393	-665.848	55.925 
   	25   	-949.432	-733.774	-665.848	47.3677
   	25   	-930.761	-873.24 	-665.848	66.3348
   	25   	-913.055	-790.677	-665.848	29.6774
   	25   	-814.297	-788.178	-665.848	14.5001
   	25   	-910.651	-745.177	-665.848	29.5502
   	25   	-958.526	-810.5  	-665.848	31.739 
   	25   	-895.746	-753.66 	-665.848	47.0433
   	25   	-824.819	-785.657	-665.848	23.6654
   	25   	-830.7  	-802.55 	-665.848	19.0651
   	25   	-954.622	-799.435	-665.848	45.7681
   	25   	-794.286	-760.258	-665.848	11.6782
   	25   	-874.719	-787.9  	-665.848	20.9422
   	25   	-876.269	-729.395	-665.848	50.5855
   	25   	-899.106	-765.505	-665.848	29.3834
   	25   	-829.844	-758.449	-665.848	13.777 
   	25   	-900.998	-761.497	-665.848	24.1869
   	25   	-972.199	-875.095	-665.848	68.1839
   	25   	-924.34 	-834.908	-665.848	23.4526
   	25   	-897.28 	-764.775	-665.848	27.2132
   	25   	-939.676	-789.427	-665.848	53.3649
   	25   	-884.083	-788.269	-665.848	68.3999
   	25   	-936.766	-766.624	-665.848	41.2972
   	25   	-928.095	-743.572	-665.848	16.625 
   	25   	-892.511	-834.14 	-665.848	34.7866
gen	depth	min     	avg     	max     	std    
   	25   	-919.442	-753.401	-669.251	44.7972
   	25   	-892.776	-732.025	-668.48 	32.1902
   	25   	-880.803	-727.008	-668.48 	32.8958
   	25   	-886.382	-735.993	-668.48 	38.2973
   	25   	-887.013	-749.495	-668.48 	49.982 
   	25   	-888.425	-753.447	-668.48 	51.4794
   	25   	-894.798	-745.429	-668.48 	48.0491
   	25   	-927.025	-753.011	-668.48 	53.766 
   	25   	-936.7  	-756.724	-668.48 	62.4574
   	25   	-903.216	-772.46 	-668.48 	50.8099
   	25   	-932.726	-778.373	-668.48 	46.4129
   	25   	-947.269	-774.64 	-668.48 	56.4247
   	25   	-943.247	-770.753	-668.48 	64.2619
   	25   	-967.64 	-768.758	-668.48 	43.9546
   	25   	-938.028	-774.796	-668.48 	53.8078
   	25   	-937.931	-793.476	-668.48 	66.6184
   	25   	-949.944	-816.172	-668.48 	74.741 
   	25   	-952.573	-828.493	-668.48 	75.9496
   	25   	-945.025	-828.109	-668.48 	71.3247
   	25   	-964.989	-826.494	-668.48 	77.1053
   	25   	-950.957	-844.707	-668.48 	72.5165
   	25   	-941.833	-797.397	-668.48 	68.8343
   	25   	-947.91 	-829.041	-668.48 	59.3324
   	25   	-886.605	-742.282	-668.48 	33.2194
   	25   	-976.248	-875.421	-668.48 	66.2267
   	25   	-923.86 	-747.54 	-668.48 	36.2718
   	25   	-788.007	-729.781	-668.48 	19.4484
   	25   	-914.537	-781.751	-668.48 	73.7009
   	25   	-920.131	-785.635	-668.48 	56.1996
   	25   	-869.999	-735.885	-668.48 	42.4038
   	25   	-806.528	-744.696	-668.48 	22.7466
   	25   	-945.394	-793.079	-668.48 	74.2461
   	25   	-968.233	-888.419	-668.48 	64.3686
   	25   	-927.638	-866.097	-668.48 	58.6477
   	25   	-937.727	-761.956	-668.48 	44.2565
   	25   	-910.896	-871.171	-668.48 	44.6026
   	25   	-933.364	-773.251	-668.48 	60.1438
   	25   	-898.071	-762.569	-668.48 	33.6112
   	25   	-938.933	-830.654	-668.48 	73.8428
   	25   	-944.507	-864.314	-668.48 	51.39  
   	25   	-917.586	-813.202	-668.48 	60.8617
   	25   	-924.805	-753.247	-668.48 	20.1138
   	25   	-922.069	-768.421	-668.48 	24.2597
   	25   	-954.738	-754.654	-668.48 	25.0756
   	25   	-916.942	-895.587	-668.48 	38.6699
   	25   	-908.557	-757.703	-668.48 	42.4873
   	25   	-902.15 	-830.95 	-668.48 	35.3677
   	25   	-846.987	-743.872	-668.48 	26.7785
   	25   	-792.869	-748.166	-668.48 	12.1251
   	25   	-911.414	-783.287	-668.48 	18.7606
   	25   	-916.817	-879.475	-668.48 	43.7371
   	25   	-894.596	-861.839	-668.48 	17.6238
   	25   	-863.626	-745.102	-668.48 	37.5466
   	25   	-916.319	-740.328	-668.48 	29.1199
   	25   	-932.372	-771.982	-668.48 	25.5996
   	25   	-916.6  	-776.293	-668.48 	17.5531
   	25   	-970.845	-936.914	-668.48 	51.6537
   	25   	-968.893	-942.625	-668.48 	27.7642
   	25   	-954.568	-858.54 	-668.48 	28.4725
   	25   	-869.232	-787.133	-668.48 	20.9362
   	25   	-881.902	-852.119	-668.48 	28.544 
   	25   	-933.123	-891.122	-668.48 	29.0403
   	25   	-936.196	-888.641	-668.48 	19.0205
   	25   	-910.462	-769.698	-668.48 	41.4994
   	25   	-921.49 	-878.195	-668.48 	50.6263
   	25   	-921.215	-772.991	-668.48 	43.9533
   	25   	-924.332	-866.171	-668.48 	34.9923
   	25   	-884.72 	-726.006	-668.48 	43.2458
   	25   	-905.539	-798.2  	-668.48 	72.6317
   	25   	-886.899	-737.15 	-668.48 	22.9304
   	25   	-783.273	-766.36 	-668.48 	16.7768
   	25   	-903.974	-779.254	-668.48 	16.6224
   	25   	-903.961	-838.203	-668.48 	23.9196
   	25   	-898.864	-883.758	-668.48 	32.9979
   	25   	-911.3  	-818.975	-668.48 	68.1508
   	25   	-893.81 	-740.697	-668.48 	18.2238
   	25   	-884.678	-861.095	-668.48 	43.2203
   	25   	-877.563	-755.374	-668.48 	31.0239
   	25   	-781.095	-755.181	-668.48 	8.64988
   	25   	-755.13 	-740.751	-668.48 	5.70164
   	25   	-771.365	-702.686	-668.48 	12.6725
   	25   	-772.56 	-757.372	-668.48 	20.7093
   	25   	-796.735	-748.082	-668.48 	11.5642
   	25   	-795.568	-782.545	-668.48 	15.5528
   	25   	-871.101	-731.169	-668.48 	27.0157
   	25   	-884.561	-861.712	-668.48 	44.5688
   	25   	-960.309	-938.753	-668.48 	39.3264
   	25   	-956.066	-875.888	-668.48 	25.708 
   	25   	-878.774	-806.256	-668.48 	26.4428
   	25   	-813.151	-746.765	-668.48 	21.9209
   	25   	-790.78 	-767.554	-668.48 	19.5226
   	25   	-951.057	-806.518	-668.48 	62.4065
   	25   	-911.776	-842.181	-668.48 	55.7012
   	25   	-930.985	-795.905	-668.48 	56.1908
   	25   	-940.431	-861.252	-668.48 	41.1518
   	25   	-943.79 	-849.675	-668.48 	28.9872
   	25   	-975.944	-920.375	-668.48 	38.0316
   	25   	-941.415	-742.417	-668.48 	52.2515
   	25   	-788.61 	-764.25 	-668.48 	18.3144
   	25   	-818.128	-799.258	-668.48 	14.3102
gen	depth	min     	avg     	max     	std    
   	25   	-931.04 	-753.961	-680.769	42.7443
   	25   	-902.21 	-743.944	-680.699	42.6734
   	25   	-896.731	-737.044	-668.068	37.8519
   	25   	-884.033	-746.787	-668.068	48.7679
   	25   	-902.516	-741.864	-668.068	43.2103
   	25   	-909.823	-741.055	-668.068	43.7531
   	25   	-907.202	-752.711	-668.068	58.072 
   	25   	-887.673	-743.731	-661.708	46.7721
   	25   	-930.091	-761.197	-661.708	54.5661
   	25   	-933.99 	-762.387	-661.708	64.8462
   	25   	-944.474	-776.423	-661.708	64.8254
   	25   	-952.814	-762.03 	-661.708	46.8871
   	25   	-925.969	-777.138	-661.708	60.8479
   	25   	-923.348	-774.28 	-661.708	55.502 
   	25   	-920.343	-753.688	-661.708	50.4098
   	25   	-916.735	-760.949	-661.708	47.9112
   	25   	-963.367	-807.94 	-661.708	68.0668
   	25   	-927.794	-805.326	-661.708	58.3023
   	25   	-914.954	-791.659	-661.708	57.5158
   	25   	-938.573	-781.687	-661.708	61.6452
   	25   	-951.717	-762.665	-661.708	57.4032
   	25   	-957.821	-765.183	-661.51 	74.5483
   	25   	-943.438	-817.021	-661.51 	67.8603
   	25   	-951.291	-810.159	-661.51 	71.0112
   	25   	-928.633	-768.776	-661.51 	44.0253
   	25   	-920.526	-797.396	-661.51 	61.2024
   	25   	-940.865	-765.637	-661.51 	60.2969
   	25   	-935.2  	-816.745	-661.51 	69.3679
   	25   	-915.004	-758.562	-661.51 	48.4062
   	25   	-913.43 	-764.609	-660.962	67.1752
   	25   	-930.833	-766.077	-660.962	62.2289
   	25   	-949.497	-781.963	-660.962	66.3268
   	25   	-970.105	-809.248	-660.962	63.875 
   	25   	-940.919	-804.578	-660.962	65.4463
   	25   	-919.639	-811.256	-660.962	59.8807
   	25   	-923.549	-817.152	-660.962	53.1046
   	25   	-940.924	-758.357	-660.962	56.0998
   	25   	-943.665	-859.599	-660.962	57.2921
   	25   	-930.529	-812.587	-660.962	63.1182
   	25   	-991.317	-838.808	-660.962	80.6401
   	25   	-946.213	-838.09 	-660.962	73.7459
   	25   	-935.118	-815.685	-660.962	73.0127
   	25   	-917.105	-755.959	-660.962	56.0813
   	25   	-930.906	-753.351	-660.962	44.7072
   	25   	-958.194	-854.341	-660.962	58.2183
   	25   	-974.396	-801.981	-660.962	75.0929
   	25   	-963.027	-866.118	-660.962	51.3938
   	25   	-905.287	-767.997	-660.962	36.1966
   	25   	-784.543	-736.955	-660.962	18.3573
   	25   	-958.008	-818.183	-660.962	69.2933
   	25   	-907.237	-768.744	-660.962	39.4511
   	25   	-920.337	-810.056	-660.962	68.3231
   	25   	-907.337	-795.815	-660.962	63.2301
   	25   	-930.464	-877.648	-660.962	46.1323
   	25   	-921.814	-853.376	-660.962	51.641 
   	25   	-970.582	-852.712	-660.962	69.9814
   	25   	-897.97 	-772.079	-660.962	63.8592
   	25   	-944.928	-822.144	-660.962	69.5496
   	25   	-894.302	-776.485	-660.962	64.4372
   	25   	-892.173	-758.409	-660.962	27.1654
   	25   	-900.82 	-767.314	-660.962	49.48  
   	25   	-881.122	-747.723	-660.962	23.6011
   	25   	-922    	-788.524	-660.962	56.4328
   	25   	-882.146	-730.447	-660.962	38.2355
   	25   	-923.141	-861.726	-660.962	55.7057
   	25   	-936.315	-865.402	-660.962	38.0895
   	25   	-911.605	-794.636	-660.962	35.6777
   	25   	-841.634	-721.465	-660.962	19.8142
   	25   	-928.291	-844.453	-660.962	63.5455
   	25   	-891.936	-847.214	-660.962	46.1659
   	25   	-869.82 	-767.885	-660.962	17.2992
   	25   	-784.843	-758.856	-660.962	12.3765
   	25   	-875.883	-742.011	-660.962	18.0177
   	25   	-962.072	-870.002	-660.962	67.6372
   	25   	-910.115	-766.175	-660.962	63.5371
   	25   	-939.722	-767.113	-660.962	32.2789
   	25   	-779.32 	-721.71 	-660.962	14.9184
   	25   	-897.652	-738.78 	-660.962	22.4298
   	25   	-769.692	-714.171	-660.962	8.81567
   	25   	-775.879	-756.311	-660.962	17.5357
   	25   	-905.38 	-848.262	-660.962	57.2929
   	25   	-878.791	-730.786	-660.962	35.2814
   	25   	-947.921	-780.285	-660.962	28.4609
   	25   	-970.345	-942.183	-660.962	60.0383
   	25   	-962.768	-789.69 	-660.962	44.9899
   	25   	-780.104	-740.207	-660.962	13.3242
   	25   	-904.407	-873.114	-660.962	44.4658
   	25   	-890.997	-782.435	-660.962	32.0785
   	25   	-784.247	-743.546	-660.962	10.0232
   	25   	-882.044	-831.085	-660.962	34.0019
   	25   	-863.216	-788.205	-660.962	16.8985
   	25   	-793.207	-756.596	-660.962	15.5247
   	25   	-769.973	-754.88 	-660.962	7.42447
   	25   	-936.845	-903.154	-660.962	46.3699
   	25   	-922.601	-875.426	-660.962	31.6169
   	25   	-902.034	-880.135	-660.962	18.3553
   	25   	-888.51 	-779.776	-660.962	30.0247
   	25   	-908.063	-854.901	-660.962	49.4024
   	25   	-880.239	-755.641	-660.962	37.2711
   	25   	-894.903	-840.346	-660.962	67.4048
gen	depth	min     	avg     	max     	std    
   	25   	-920.779	-754.195	-670.955	42.3445
   	25   	-897.557	-736.062	-660.106	39.3777
   	25   	-892.803	-730.179	-660.106	34.6872
   	25   	-853.544	-721.328	-660.106	26.0831
   	25   	-873.778	-728.286	-660.106	33.7524
   	25   	-891.272	-741.184	-660.106	50.8238
   	25   	-909.27 	-762.334	-660.106	53.5554
   	25   	-970.853	-772.922	-660.106	71.3366
   	25   	-915.529	-759.436	-660.106	55.2715
   	25   	-923.151	-746.143	-660.106	46.9757
   	25   	-917.696	-753.621	-660.106	52.3253
   	25   	-925.704	-763.727	-660.106	54.8792
   	25   	-918.644	-750.962	-660.106	48.1766
   	25   	-943.443	-759.641	-660.106	57.1457
   	25   	-949.023	-769.943	-660.106	64.109 
   	25   	-935.345	-759.455	-660.106	56.0535
   	25   	-944.266	-822.257	-660.106	62.4934
   	25   	-968.151	-813.337	-660.106	71.648 
   	25   	-914.665	-744.938	-660.106	39.0749
   	25   	-926.973	-763.881	-660.106	60.3495
   	25   	-915.118	-811.937	-660.106	64.2393
   	25   	-927.881	-789.081	-660.106	56.6011
   	25   	-911.788	-793.053	-660.106	52.6016
   	25   	-929.745	-776.22 	-660.106	49.5741
   	25   	-924.673	-790.209	-660.106	66.7093
   	25   	-915.368	-758.27 	-660.106	36.7401
   	25   	-970.12 	-795.13 	-660.106	49.9121
   	25   	-956.888	-762.001	-660.106	30.0217
   	25   	-868.472	-729.417	-660.106	20.1752
   	25   	-951.089	-861.017	-660.106	62.0579
   	25   	-940.884	-774.903	-660.106	41.6729
   	25   	-961.245	-901.854	-660.106	72.5091
   	25   	-946.681	-794.832	-660.106	59.2324
   	25   	-939.871	-786.925	-660.106	33.6657
   	25   	-913.573	-823.149	-660.106	57.5871
   	25   	-908.923	-791.3  	-660.106	33.2155
   	25   	-889.159	-777.879	-660.106	41.8948
   	25   	-918.878	-807.388	-660.106	69.2724
   	25   	-930.163	-804.131	-660.106	56.125 
   	25   	-901.307	-793.668	-660.106	44.5416
   	25   	-913.413	-797.584	-660.106	49.5346
   	25   	-956.029	-776.088	-660.106	78.6864
   	25   	-963.122	-900.995	-660.106	61.9174
   	25   	-936.886	-763.01 	-660.106	38.4224
   	25   	-894.354	-749.257	-660.106	40.9738
   	25   	-927.838	-774.461	-660.106	42.6829
   	25   	-897.507	-752.315	-660.106	25.7669
   	25   	-949.43 	-804.939	-660.106	64.8609
   	25   	-968.123	-788.014	-660.106	49.5283
   	25   	-900.298	-754.324	-660.106	29.1052
   	25   	-903.055	-737.745	-660.106	56.9972
   	25   	-948.094	-755.107	-660.106	81.4708
   	25   	-940.862	-819.657	-660.106	68.9342
   	25   	-934.489	-746.704	-660.106	38.5622
   	25   	-777.844	-735.173	-660.106	20.9494
   	25   	-765.366	-721.514	-660.106	15.0946
   	25   	-959.951	-910.443	-660.106	71.7671
   	25   	-943.483	-831.844	-660.106	67.5927
   	25   	-869.235	-767.525	-660.106	21.6388
   	25   	-800.463	-745.951	-660.106	19.585 
   	25   	-938.365	-862.074	-660.106	75.3904
   	25   	-908.404	-765.648	-660.106	30.4393
   	25   	-818.234	-752.621	-660.106	28.7831
   	25   	-920.724	-789.552	-660.106	28.2118
   	25   	-957.716	-834.807	-660.106	52.6867
   	25   	-950.232	-807.413	-660.106	69.6647
   	25   	-937.692	-854.661	-660.106	67.9821
   	25   	-906.806	-767.313	-660.106	71.5224
   	25   	-958.703	-804.043	-660.106	71.0187
   	25   	-947.772	-829.687	-660.106	69.0645
   	25   	-930.37 	-857.118	-660.106	36.7065
   	25   	-960.822	-916.421	-660.106	38.4975
   	25   	-965.711	-907.843	-660.106	24.8138
   	25   	-943.438	-793.198	-660.106	59.6928
   	25   	-893.916	-835.963	-660.106	31.2466
   	25   	-910.668	-867.572	-660.106	52.3228
   	25   	-900.514	-744.364	-660.106	30.1048
   	25   	-913.243	-780.902	-660.106	47.5202
   	25   	-919.779	-877.094	-660.106	42.6311
   	25   	-909.328	-859.979	-660.106	28.5692
   	25   	-925.256	-822.597	-660.106	59.5098
   	25   	-892.694	-741.042	-660.106	29.8301
   	25   	-790.173	-756.162	-660.106	14.8717
   	25   	-931.404	-771.447	-660.106	35.0614
   	25   	-935.737	-885.421	-660.106	50.2707
   	25   	-956.062	-917.637	-660.106	35.4831
   	25   	-938.997	-778.44 	-660.106	46.8141
   	25   	-797.473	-770.528	-660.106	10.9372
   	25   	-888.719	-771.877	-660.106	13.9006
   	25   	-886.389	-789.065	-660.106	63.4318
   	25   	-898.128	-859.725	-660.106	44.472 
   	25   	-882.508	-786.411	-660.106	24.1219
   	25   	-970.067	-820.938	-660.106	32.0867
   	25   	-896.741	-845.769	-660.106	19.4126
   	25   	-856.279	-724.883	-660.106	42.5386
   	25   	-896.277	-751.281	-660.106	35.2683
   	25   	-791.104	-751.826	-660.106	16.6348
   	25   	-797.411	-764.652	-660.106	11.6969
   	25   	-833.642	-798.767	-660.106	21.3104
   	25   	-884.58 	-828.812	-660.106	27.2674
gen	depth	min     	avg     	max     	std    
   	25   	-920.215	-751.542	-674.045	39.8175
   	25   	-915.321	-740.67 	-668.927	37.611 
   	25   	-906.67 	-738.646	-668.927	42.4588
   	25   	-894.529	-743.089	-668.927	54.9162
   	25   	-906.87 	-750.75 	-668.927	55.1295
   	25   	-901.126	-744.865	-668.927	40.2801
   	25   	-907.295	-748.645	-668.927	52.5883
   	25   	-885.246	-739.031	-668.927	32.7365
   	25   	-925.7  	-755.911	-668.927	55.3007
   	25   	-946.093	-778.871	-668.927	61.2228
   	25   	-936.776	-783.735	-668.927	58.1084
   	25   	-939.414	-810.594	-668.927	69.9702
   	25   	-957.458	-784.187	-668.927	55.3519
   	25   	-945.48 	-787.896	-668.927	64.1161
   	25   	-953.17 	-789.269	-668.927	58.3723
   	25   	-948.547	-784.304	-668.927	64.5309
   	25   	-926.156	-770.301	-668.927	40.7842
   	25   	-950.955	-770.537	-668.927	53.908 
   	25   	-935.283	-836.247	-668.927	67.7713
   	25   	-962.671	-824.089	-642.059	76.894 
   	25   	-951.87 	-793.015	-642.059	71.0569
   	25   	-974.997	-815.746	-642.059	82.3156
   	25   	-918.144	-767.203	-642.059	52.0647
   	25   	-926.138	-819.636	-642.059	62.0723
   	25   	-889.563	-827.514	-642.059	38.8046
   	25   	-951.986	-824.697	-642.059	66.9599
   	25   	-965.944	-828.947	-642.059	65.0589
   	25   	-943.962	-789.727	-642.059	64.8863
   	25   	-888.737	-764.716	-642.059	25.955 
   	25   	-938.934	-826.528	-642.059	61.7046
   	25   	-949.331	-809.968	-642.059	54.8946
   	25   	-987.126	-803.311	-642.059	72.2369
   	25   	-933.954	-805.924	-642.059	61.5872
   	25   	-930.946	-785.999	-642.059	59.4849
   	25   	-887.693	-750.438	-642.059	26.1772
   	25   	-890.64 	-732.767	-642.059	30.8132
   	25   	-969.859	-805.452	-642.059	71.1196
   	25   	-928.629	-807.236	-642.059	57.7859
   	25   	-926.826	-828.213	-642.059	68.0507
   	25   	-895.69 	-758.81 	-642.059	46.234 
   	25   	-935.444	-791.494	-642.059	61.4267
   	25   	-937.045	-782.182	-642.059	68.6054
   	25   	-832.976	-745.747	-642.059	26.1479
   	25   	-793.52 	-748.681	-642.059	19.5172
   	25   	-925.846	-752.384	-642.059	38.3324
   	25   	-919.213	-824.523	-642.059	67.1091
   	25   	-933.061	-795.308	-642.059	60.9749
   	25   	-877.389	-764.666	-642.059	24.9281
   	25   	-959.255	-836.504	-642.059	71.8623
   	25   	-923.338	-760.287	-642.059	48.0912
   	25   	-942.874	-776.859	-642.059	50.83  
   	25   	-903.082	-731.003	-642.059	35.2157
   	25   	-961.9  	-794.319	-642.059	70.6827
   	25   	-921.286	-754.679	-642.059	28.9324
   	25   	-917.696	-766.933	-642.059	20.2837
   	25   	-927.064	-858.217	-642.059	50.5525
   	25   	-882.148	-777.402	-642.059	29.6492
   	25   	-938.602	-842.467	-642.059	62.6439
   	25   	-907.658	-781.315	-642.059	35.4239
   	25   	-891.218	-762.566	-642.059	29.3168
   	25   	-869.58 	-779.297	-642.059	49.5779
   	25   	-932.146	-846.666	-642.059	51.5577
   	25   	-968.8  	-821.623	-642.059	70.6844
   	25   	-945.038	-788.333	-642.059	67.3848
   	25   	-850.483	-752.852	-642.059	24.1589
   	25   	-904.006	-750.855	-642.059	22.6988
   	25   	-925.919	-843.029	-642.059	71.3793
   	25   	-906.212	-872.132	-642.059	34.951 
   	25   	-946.294	-872.497	-642.059	68.5448
   	25   	-954.812	-868.672	-642.059	38.136 
   	25   	-922.855	-802.014	-642.059	28.7532
   	25   	-807.528	-728.101	-642.059	28.2686
   	25   	-928.263	-783.464	-642.059	60.7751
   	25   	-897.175	-738.596	-642.059	27.6071
   	25   	-810.53 	-776.305	-642.059	23.4269
   	25   	-911.013	-766.638	-642.059	33.3702
   	25   	-784.555	-765.632	-642.059	10.9014
   	25   	-901.932	-815.03 	-642.059	55.8449
   	25   	-883.542	-750.566	-642.059	24.9284
   	25   	-911.631	-772.033	-642.059	66.3434
   	25   	-898.146	-743.345	-642.059	29.8757
   	25   	-892.059	-757.382	-642.059	53.7161
   	25   	-905.716	-830.336	-642.059	40.6801
   	25   	-907.756	-772.388	-642.059	26.4051
   	25   	-778.016	-748.529	-642.059	15.996 
   	25   	-897.24 	-843.484	-642.059	42.1813
   	25   	-918.94 	-779.355	-642.059	44.5752
   	25   	-930.016	-799.239	-642.059	57.9687
   	25   	-915.694	-769.542	-642.059	46.9563
   	25   	-926.168	-828.355	-642.059	72.329 
   	25   	-915.174	-759.728	-642.059	49.1089
   	25   	-927.555	-778.439	-642.059	55.1703
   	25   	-894.649	-845.175	-642.059	33.793 
   	25   	-858.866	-788.62 	-642.059	24.645 
   	25   	-889.481	-741.39 	-642.059	32.0088
   	25   	-948.077	-767.391	-642.059	47.6398
   	25   	-863.973	-791.178	-642.059	62.2815
   	25   	-942.736	-905.025	-642.059	54.4065
   	25   	-923.738	-851.611	-642.059	38.9408
   	25   	-901.481	-851.233	-642.059	23.6567
gen	depth	min     	avg     	max     	std    
   	25   	-925.787	-754.015	-677.279	40.8503
   	25   	-926.692	-740.769	-677.279	37.7198
   	25   	-908.281	-738.979	-670.224	43.0721
   	25   	-862.227	-727.181	-670.224	33.0191
   	25   	-947.163	-737.536	-670.224	40.8939
   	25   	-877.109	-739.449	-664.72 	39.2503
   	25   	-951.255	-752.583	-664.72 	51.2408
   	25   	-937.806	-757.422	-664.72 	52.3987
   	25   	-926.085	-799.283	-664.72 	68.7761
   	25   	-923.338	-794.399	-664.72 	66.8832
   	25   	-929.538	-780.823	-664.72 	60.9215
   	25   	-892.903	-750.963	-664.72 	51.2665
   	25   	-918.706	-759.414	-664.72 	57.3163
   	25   	-926.838	-768.92 	-664.72 	58.9856
   	25   	-928.968	-766.77 	-664.72 	53.4526
   	25   	-945.95 	-762.437	-664.72 	41.6016
   	25   	-958.947	-805.443	-664.72 	71.5521
   	25   	-947.824	-802.83 	-664.72 	70.3906
   	25   	-941.712	-803.379	-664.72 	60.5608
   	25   	-927.817	-775.674	-664.72 	37.5201
   	25   	-963.483	-789.75 	-664.72 	65.2579
   	25   	-963.26 	-813.792	-664.72 	60.1646
   	25   	-952.639	-778.335	-664.72 	50.2521
   	25   	-904.872	-783.405	-664.72 	55.3956
   	25   	-938.538	-794.354	-664.72 	56.4842
   	25   	-973.111	-822.395	-664.72 	69.7693
   	25   	-960.704	-812.523	-664.72 	65.9486
   	25   	-970.595	-815.768	-664.72 	68.1821
   	25   	-991.105	-871.437	-664.72 	76.5193
   	25   	-950.189	-761.59 	-664.72 	43.943 
   	25   	-934.785	-769.907	-664.72 	35.2883
   	25   	-960.142	-850.756	-664.72 	56.7899
   	25   	-909.724	-771.347	-664.72 	30.3379
   	25   	-927.29 	-756.923	-664.72 	29.7182
   	25   	-856.752	-778.626	-664.72 	31.9826
   	25   	-874.302	-760.967	-664.72 	24.506 
   	25   	-912.729	-787.965	-664.72 	55.406 
   	25   	-967.911	-813.64 	-664.72 	75.0531
   	25   	-944.711	-868.729	-664.72 	55.7966
   	25   	-959.588	-789.084	-664.72 	54.357 
   	25   	-925.659	-784.649	-664.72 	53.1237
   	25   	-884.907	-734.734	-664.72 	29.4681
   	25   	-919.476	-741.827	-664.72 	33.6433
   	25   	-838.629	-728.353	-664.72 	22.3203
   	25   	-958.896	-893.657	-664.72 	80.2512
   	25   	-939.936	-843.469	-664.72 	64.9828
   	25   	-969.539	-821.34 	-664.72 	66.5096
   	25   	-979.504	-832.079	-664.72 	56.711 
   	25   	-836.391	-745.748	-664.72 	22.6933
   	25   	-905.041	-739.23 	-664.72 	29.7096
   	25   	-954.706	-851.934	-664.72 	48.2073
   	25   	-874.762	-769.097	-664.72 	32.8247
   	25   	-771.534	-741.555	-664.72 	14.0569
   	25   	-763.964	-719.214	-664.72 	13.3575
   	25   	-902.477	-746.406	-664.72 	41.6906
   	25   	-817.423	-768.562	-664.72 	27.0045
   	25   	-916.96 	-766.762	-664.72 	26.4819
   	25   	-897.097	-842.806	-664.72 	35.4135
   	25   	-937.356	-796.861	-664.72 	46.5021
   	25   	-913.808	-732.043	-664.72 	19.4309
   	25   	-740.54 	-703.543	-664.72 	11.0216
   	25   	-715.891	-665.628	-651.269	12.4262
   	25   	-869.8  	-839.827	-651.269	59.5529
   	25   	-861.03 	-736.404	-651.269	33.0784
   	25   	-737.741	-715.554	-651.269	8.07195
   	25   	-744.528	-716.077	-651.269	5.39154
   	25   	-783.908	-760.787	-651.269	19.8559
   	25   	-777.979	-763.789	-651.269	13.4261
   	25   	-769.424	-748.441	-651.269	10.0059
   	25   	-860.812	-830.763	-651.269	28.8927
   	25   	-840.291	-796.364	-651.269	16.2602
   	25   	-870.816	-765.271	-651.269	49.4187
   	25   	-739.753	-701.067	-651.269	12.8241
   	25   	-773.659	-756.719	-651.269	23.7786
   	25   	-912.733	-861.408	-651.269	44.7292
   	25   	-879.454	-737.96 	-651.269	43.3255
   	25   	-776.377	-767.41 	-651.269	16.854 
   	25   	-869.215	-856.884	-651.269	28.5935
   	25   	-906.943	-899.052	-651.269	25.4971
   	25   	-906.914	-796.996	-651.269	30.3496
   	25   	-939.494	-923.759	-651.269	39.5186
   	25   	-936.784	-763.058	-651.269	41.0824
   	25   	-862.488	-832.244	-651.269	52.3826
   	25   	-861.646	-848.431	-651.269	28.1003
   	25   	-856.297	-738.204	-651.269	37.3024
   	25   	-761.368	-748.284	-651.269	9.32042
   	25   	-783.396	-777.65 	-651.269	13.2019
   	25   	-786.147	-770.93 	-651.269	9.57429
   	25   	-774.184	-728.475	-651.269	13.5782
   	25   	-763.119	-756.781	-651.269	11.3529
   	25   	-800.342	-792.969	-651.269	16.9137
   	25   	-797.161	-732.522	-651.269	19.2377
   	25   	-756.238	-745.407	-651.269	8.04856
   	25   	-745.409	-737.95 	-651.269	4.76252
   	25   	-781.744	-775.412	-651.269	15.1945
   	25   	-821.968	-814.486	-651.269	18.8418
   	25   	-954.812	-939.742	-651.269	44.2555
   	25   	-953.717	-806.784	-651.269	45.0269
   	25   	-795.872	-705.867	-651.269	21.9111
   	25   	-795.167	-784.147	-651.269	28.1314
gen	depth	min     	avg     	max     	std    
   	25   	-942.638	-756.805	-687.942	44.2781
   	25   	-913.425	-742.383	-673.121	40.1408
   	25   	-894.362	-731.229	-673.121	35.3525
   	25   	-895.902	-731.64 	-665.929	39.9462
   	25   	-888.163	-735.851	-665.929	43.8383
   	25   	-944.391	-747.472	-665.929	52.7253
   	25   	-954.227	-768.598	-665.929	71.2053
   	25   	-938.788	-764.752	-665.929	66.3842
   	25   	-968.858	-776.824	-665.929	71.6187
   	25   	-906.449	-749.908	-665.929	58.8744
   	25   	-938.96 	-777.334	-665.225	68.019 
   	25   	-910.011	-761.659	-665.225	56.7655
   	25   	-936.74 	-774.593	-665.225	59.5971
   	25   	-936.852	-787.531	-665.225	58.6239
   	25   	-911.429	-757.132	-665.225	39.7408
   	25   	-890.754	-761.663	-665.225	51.3775
   	25   	-942.403	-807.98 	-665.225	63.6011
   	25   	-938.428	-780.695	-665.225	66.396 
   	25   	-948.017	-799.943	-665.225	71.3295
   	25   	-947.833	-844.016	-665.225	73.4381
   	25   	-955.118	-816.239	-665.225	71.1769
   	25   	-971.193	-816.465	-665.225	70.2644
   	25   	-940.364	-784.304	-665.225	43.6347
   	25   	-937.753	-784.843	-665.225	53.397 
   	25   	-929.027	-792.411	-665.225	61.1348
   	25   	-921.028	-782.211	-665.225	50.2673
   	25   	-943.516	-841.261	-665.225	64.8158
   	25   	-959.568	-782.064	-665.225	66.9784
   	25   	-913.73 	-763.602	-665.225	50.8515
   	25   	-907.289	-789.71 	-665.225	67.0908
   	25   	-892.733	-774.172	-665.225	44.9096
   	25   	-902.112	-746.1  	-665.225	36.0947
   	25   	-862.401	-771.504	-665.225	28.3741
   	25   	-934.358	-786.138	-665.225	49.1959
   	25   	-827.532	-755.015	-665.225	21.9545
   	25   	-889.879	-766.38 	-665.225	63.6326
   	25   	-893.084	-781.257	-665.225	47.7405
   	25   	-961.132	-779.231	-665.225	47.1376
   	25   	-831.763	-725.792	-665.225	20.4615
   	25   	-916.366	-763.8  	-665.225	57.769 
   	25   	-923.725	-806.839	-665.225	70.8338
   	25   	-889.905	-731.895	-665.225	30.5265
   	25   	-908.949	-741.505	-665.225	26.4297
   	25   	-950.034	-819.473	-665.225	71.994 
   	25   	-920.63 	-822.111	-665.225	68.5894
   	25   	-900.521	-782.929	-665.225	57.8652
   	25   	-869.228	-764.763	-665.225	34.5292
   	25   	-878.604	-785.498	-665.225	25.6835
   	25   	-815.156	-742.14 	-665.225	16.6685
   	25   	-879.831	-785.993	-665.225	52.4796
   	25   	-892.832	-779.069	-665.225	56.5459
   	25   	-896.337	-726.781	-665.225	31.3301
   	25   	-872.866	-729.093	-665.225	22.8927
   	25   	-894.869	-771.502	-665.225	30.0875
   	25   	-917.356	-754.352	-665.225	43.1133
   	25   	-891.161	-850.512	-665.225	39.958 
   	25   	-864.384	-753.584	-665.225	32.1946
   	25   	-867.719	-751.335	-665.225	30.2127
   	25   	-880.211	-756.828	-665.225	49.6775
   	25   	-879.598	-754.679	-665.225	18.7273
   	25   	-878.644	-747.472	-665.225	16.4103
   	25   	-875.93 	-842.735	-665.225	37.7554
   	25   	-916.492	-798.897	-665.225	58.3992
   	25   	-896.753	-824.667	-665.225	24.4309
   	25   	-948.488	-757.14 	-665.225	27.6151
   	25   	-772.948	-731.886	-665.225	10.7713
   	25   	-863.218	-763.197	-665.225	14.945 
   	25   	-904.505	-761.238	-665.225	12.9037
   	25   	-908.201	-863.522	-665.225	29.8356
   	25   	-872.202	-769.769	-665.225	26.359 
   	25   	-897.481	-731.121	-665.225	16.1068
   	25   	-841.165	-698.745	-665.225	19.1737
   	25   	-874.9  	-831.417	-665.225	57.2732
   	25   	-856.945	-752.291	-665.225	24.9672
   	25   	-926.59 	-893.925	-665.225	62.297 
   	25   	-921.868	-761.798	-665.225	41.8773
   	25   	-891.79 	-799.192	-665.225	46.2631
   	25   	-903.446	-751.853	-665.225	63.9477
   	25   	-877.273	-737.685	-665.225	28.4292
   	25   	-894.051	-770.286	-665.225	19.9183
   	25   	-925.254	-846.129	-665.225	29.9823
   	25   	-921.408	-894.911	-665.225	33.9734
   	25   	-910.872	-754.041	-665.225	45.7752
   	25   	-920.27 	-868.43 	-665.225	53.3576
   	25   	-890.431	-763.499	-665.225	37.0612
   	25   	-898.832	-730.932	-665.225	14.909 
   	25   	-871.693	-770.149	-665.225	16.5136
   	25   	-795.631	-782.718	-665.225	11.4406
   	25   	-934.271	-878.311	-665.225	36.8079
   	25   	-899.61 	-856.637	-665.225	48.8503
   	25   	-870.429	-769.569	-665.225	52.2573
   	25   	-885.517	-816.673	-665.225	49.1831
   	25   	-930.745	-831.572	-665.225	28.3763
   	25   	-866.874	-746.101	-665.225	24.2435
   	25   	-808.846	-747.731	-665.225	11.6278
   	25   	-944.42 	-866.899	-665.225	42.8225
   	25   	-888.194	-826.607	-665.225	19.2748
   	25   	-873.264	-825.236	-665.225	22.8727
   	25   	-833.07 	-773.156	-665.225	20.0139
   	25   	-943.483	-841.223	-665.225	33.0739
gen	depth	min     	avg     	max     	std    
   	25   	-923.202	-756.543	-665.428	43.9097
   	25   	-880.872	-738.849	-665.428	34.1356
   	25   	-886.869	-737.164	-665.428	32.1666
   	25   	-900.329	-737.892	-662.371	43.0219
   	25   	-905.872	-736.445	-662.371	38.2567
   	25   	-917.249	-734.747	-662.371	43.9724
   	25   	-910.953	-732.559	-662.371	33.3091
   	25   	-910.143	-750.571	-662.371	47.2589
   	25   	-914.221	-743.623	-662.371	56.8871
   	25   	-917.277	-791.563	-662.371	68.7293
   	25   	-883.884	-740.861	-662.371	39.9149
   	25   	-951.543	-821.926	-662.371	69.6451
   	25   	-946.623	-789.221	-662.371	62.4534
   	25   	-945.892	-793.59 	-662.371	61.3257
   	25   	-948.89 	-782.114	-662.371	64.0632
   	25   	-950.117	-836.673	-662.371	72.2047
   	25   	-936.871	-775.984	-662.371	57.9835
   	25   	-940.086	-794.348	-662.371	64.2114
   	25   	-904.921	-775.572	-662.371	43.7771
   	25   	-889.744	-775.728	-662.371	32.6734
   	25   	-948.582	-825.117	-662.371	55.4246
   	25   	-948.297	-791.403	-662.371	57.6636
   	25   	-965.257	-812.158	-662.371	59.6741
   	25   	-937.448	-818.746	-662.371	59.6595
   	25   	-936.624	-812.374	-662.371	57.0635
   	25   	-954.218	-796.316	-662.371	62.1504
   	25   	-877.148	-786.354	-662.371	56.7692
   	25   	-912.618	-766.019	-662.371	35.562 
   	25   	-938.954	-770.007	-662.371	50.8675
   	25   	-890.067	-761.791	-662.371	30.9631
   	25   	-938.603	-773.624	-662.371	48.7576
   	25   	-922.147	-782.865	-662.371	50.0206
   	25   	-899.514	-791.072	-662.371	63.2436
   	25   	-894.235	-743.628	-662.371	33.4842
   	25   	-873.811	-761.928	-662.371	29.0075
   	25   	-915.635	-786.949	-662.371	66.4659
   	25   	-924.225	-771.536	-662.371	29.8857
   	25   	-914.66 	-806.705	-662.371	60.6001
   	25   	-902.787	-796.095	-662.371	56.1338
   	25   	-914.865	-764.388	-662.371	61.861 
   	25   	-926.093	-818.407	-662.371	66.7873
   	25   	-944.344	-861.154	-662.371	64.6383
   	25   	-987.355	-857.76 	-662.371	77.8179
   	25   	-941.226	-845.45 	-662.371	48.8271
   	25   	-927.409	-791.858	-662.371	51.6889
   	25   	-893.275	-768.709	-662.371	35.2673
   	25   	-940.376	-855.451	-662.371	70.2973
   	25   	-899.457	-816.444	-662.371	59.3405
   	25   	-889.396	-752.197	-662.371	32.0647
   	25   	-960.924	-863.049	-662.371	53.9528
   	25   	-922.338	-759.864	-662.371	53.0132
   	25   	-931.189	-788.084	-662.371	52.1537
   	25   	-903.711	-761.275	-662.371	29.0901
   	25   	-980.122	-881.933	-662.371	70.0537
   	25   	-937.256	-838.378	-662.371	37.6241
   	25   	-881.215	-791.943	-662.371	59.5455
   	25   	-973.509	-905.427	-662.371	51.0732
   	25   	-940.855	-869.738	-662.371	56.5221
   	25   	-926.221	-772.659	-662.371	30.3464
   	25   	-976.974	-807.993	-662.371	64.2706
   	25   	-926.714	-785.247	-662.371	63.956 
   	25   	-881.992	-771.479	-662.371	21.4322
   	25   	-858.302	-756.217	-662.371	12.5717
   	25   	-817.102	-762.512	-662.371	19.3294
   	25   	-926.103	-838.389	-662.371	58.0563
   	25   	-930.871	-835.48 	-662.371	63.0769
   	25   	-913.846	-790.606	-662.371	61.26  
   	25   	-875.551	-736.694	-661.841	46.8193
   	25   	-914.648	-788.655	-661.841	65.7267
   	25   	-956.686	-802.225	-661.841	30.2424
   	25   	-958.974	-842.433	-661.841	63.2126
   	25   	-928.24 	-881.363	-661.841	36.0187
   	25   	-945.81 	-817.018	-661.841	83.6414
   	25   	-886.184	-775.297	-661.841	19.419 
   	25   	-876.992	-834.28 	-661.841	30.0826
   	25   	-910.26 	-860.494	-661.841	27.6554
   	25   	-862.823	-757.805	-661.841	28.3804
   	25   	-872.125	-838.013	-661.841	30.3767
   	25   	-896.787	-757.663	-661.841	31.3252
   	25   	-900.602	-768.7  	-661.841	49.5231
   	25   	-791.639	-754.797	-661.841	12.1407
   	25   	-876.396	-828.015	-661.841	33.6955
   	25   	-877.04 	-765.279	-661.841	35.9513
   	25   	-805.972	-748.659	-661.841	15.4229
   	25   	-929.475	-835.486	-661.841	38.8317
   	25   	-845.783	-762.895	-661.841	22.0342
   	25   	-818.129	-760.467	-661.841	11.4117
   	25   	-780.85 	-770.393	-661.841	10.5932
   	25   	-935.617	-790.708	-661.841	37.4293
   	25   	-869.475	-847.357	-661.841	26.712 
   	25   	-926.717	-876.575	-661.841	50.8044
   	25   	-895.026	-750.601	-661.841	36.686 
   	25   	-777.496	-755.688	-661.841	13.9606
   	25   	-969.253	-907.759	-661.841	47.5902
   	25   	-946.114	-836.08 	-661.841	28.7213
   	25   	-889.822	-766.235	-661.841	26.0172
   	25   	-884.952	-856.654	-661.841	30.6104
   	25   	-863.057	-750.467	-661.841	29.4758
   	25   	-770.295	-745.102	-661.841	20.5704
   	25   	-905.886	-868.289	-661.841	51.9672
gen	depth	min     	avg     	max     	std    
   	25   	-920.114	-753.54 	-679.088	42.9119
   	25   	-893.165	-735.792	-671.323	34.8663
   	25   	-893.645	-732.699	-671.323	41.3842
   	25   	-909.334	-731.175	-671.323	40.1177
   	25   	-920.987	-739.906	-657.355	59.1091
   	25   	-953.636	-748.401	-656.165	62.1822
   	25   	-955.52 	-743.311	-656.165	42.7799
   	25   	-856.622	-731.448	-656.165	27.1599
   	25   	-897.895	-744.354	-656.165	35.604 
   	25   	-920.238	-767.501	-656.165	59.9147
   	25   	-942.227	-784.659	-656.165	65.2143
   	25   	-971.435	-780.26 	-656.165	57.6978
   	25   	-957.493	-828.931	-656.165	74.3246
   	25   	-932.041	-780.258	-656.165	64.3437
   	25   	-930.246	-758.486	-656.165	54.7015
   	25   	-927.918	-761.97 	-656.165	46.3904
   	25   	-917.987	-772.838	-656.165	55.4392
   	25   	-934.034	-788.254	-656.165	57.2464
   	25   	-918.277	-768.868	-656.165	36.9227
   	25   	-909.946	-779.59 	-656.165	54.4687
   	25   	-960.548	-832.449	-656.165	72.3062
   	25   	-953.161	-779.619	-656.165	61.8018
   	25   	-974.59 	-817.647	-656.165	71.1722
   	25   	-966.477	-789.011	-656.165	65.641 
   	25   	-973.743	-809.943	-656.165	79.2379
   	25   	-992.628	-823.619	-656.165	72.934 
   	25   	-929.217	-776.525	-656.165	41.923 
   	25   	-947.456	-774.113	-656.165	60.2879
   	25   	-915.064	-787.502	-656.165	49.8711
   	25   	-931.477	-772.586	-656.165	54.7988
   	25   	-918.804	-766.685	-656.165	41.1757
   	25   	-949.752	-832.292	-656.165	75.8672
   	25   	-966.478	-765.174	-656.165	44.2452
   	25   	-821.687	-736.363	-656.165	26.1548
   	25   	-951.259	-779.234	-656.165	36.5114
   	25   	-971.64 	-783.004	-656.165	64.9433
   	25   	-810.693	-760.215	-656.165	15.0228
   	25   	-912.104	-761.343	-656.165	22.9683
   	25   	-903.305	-781.989	-656.165	31.6127
   	25   	-954.789	-828.867	-656.165	42.8593
   	25   	-919.154	-809.557	-656.165	49.6382
   	25   	-930.965	-780.268	-656.165	41.5193
   	25   	-912.912	-756.128	-656.165	75.8138
   	25   	-879.078	-818.607	-656.165	56.6932
   	25   	-879.586	-756.389	-656.165	24.1149
   	25   	-839.09 	-781.187	-656.165	22.949 
   	25   	-797.845	-738.874	-656.165	13.826 
   	25   	-912.335	-750.309	-656.165	48.2625
   	25   	-932.727	-883.871	-656.165	57.6162
   	25   	-964.874	-880.088	-656.165	52.1783
   	25   	-945.559	-825.086	-656.165	70.6074
   	25   	-930.844	-778.761	-656.165	40.0444
   	25   	-940.849	-778.314	-656.165	46.3621
   	25   	-923.812	-772.22 	-656.165	30.2995
   	25   	-938.953	-795.458	-656.165	61.0259
   	25   	-934.58 	-786.489	-656.165	51.8057
   	25   	-941.469	-847.795	-656.165	72.5372
   	25   	-916.548	-796.5  	-656.165	24.7494
   	25   	-865.796	-735.47 	-656.165	27.649 
   	25   	-924.89 	-791.125	-656.165	67.5492
   	25   	-917.919	-785.162	-656.165	56.5659
   	25   	-927.785	-792.617	-656.165	72.7188
   	25   	-953.94 	-842.903	-656.165	54.4521
   	25   	-913.63 	-855.757	-656.165	31.8983
   	25   	-979.23 	-830.579	-656.165	67.6648
   	25   	-913.266	-830.129	-656.165	61.0221
   	25   	-879.492	-774.803	-656.165	18.0971
   	25   	-954.108	-771.579	-656.165	53.6986
   	25   	-925.9  	-870.541	-656.165	37.7437
   	25   	-906.265	-798.523	-656.165	58.1729
   	25   	-950.998	-877.514	-656.165	76.0366
   	25   	-928.589	-828.481	-656.165	49.2879
   	25   	-927.358	-804.188	-656.165	69.0523
   	25   	-941.794	-780.961	-656.165	64.6943
   	25   	-946.901	-788.439	-656.165	37.3777
   	25   	-912.156	-803.826	-656.165	59.4658
   	25   	-867.905	-776.21 	-656.165	26.54  
   	25   	-883.431	-732.273	-656.165	34.8195
   	25   	-860.083	-739.758	-656.165	23.2495
   	25   	-886.336	-746.829	-656.165	40.7367
   	25   	-918.409	-805.545	-656.165	59.0684
   	25   	-921.266	-803.822	-656.165	66.5959
   	25   	-876.534	-747.83 	-656.165	15.8672
   	25   	-925.6  	-841.532	-656.165	41.8941
   	25   	-862.187	-772.193	-656.165	25.4981
   	25   	-918.795	-863.929	-656.165	47.0189
   	25   	-915.944	-772.333	-656.165	52.3947
   	25   	-788.473	-736.127	-656.165	17.9223
   	25   	-799.081	-757.114	-656.165	18.1022
   	25   	-829.129	-790.153	-656.165	19.0137
   	25   	-846.013	-809.601	-656.165	35.654 
   	25   	-830.415	-769.119	-656.165	17.0719
   	25   	-785.386	-732.688	-656.165	12.8929
   	25   	-910.404	-708.578	-656.165	23.8872
   	25   	-857.159	-736.93 	-656.165	53.7053
   	25   	-908.756	-760.091	-656.165	24.8339
   	25   	-888.418	-754.553	-656.165	21.9534
   	25   	-855.199	-739.367	-656.165	19.8879
   	25   	-942.674	-907.712	-656.165	52.1939
   	25   	-925.327	-784.474	-656.165	33.6767
gen	depth	min     	avg     	max     	std    
   	25   	-918.975	-757.778	-695.289	39.7612
   	25   	-935.847	-742.059	-683.029	35.4556
   	25   	-909.18 	-735.348	-681.656	37.6065
   	25   	-911.72 	-733.6  	-681.656	34.07  
   	25   	-940.004	-745.879	-680.169	47.7432
   	25   	-935.347	-758.069	-680.169	60.7825
   	25   	-928.616	-755.506	-680.169	50.2179
   	25   	-940.45 	-749.658	-680.169	52.2782
   	25   	-920.558	-750.146	-680.169	49.8845
   	25   	-947.446	-766.204	-680.169	59.314 
   	25   	-955.169	-768.423	-664.364	58.6641
   	25   	-921.746	-776.293	-664.364	51.5431
   	25   	-940.188	-794.525	-664.364	65.6268
   	25   	-951.453	-770.815	-664.364	58.6852
   	25   	-945.821	-805.549	-664.364	70.9167
   	25   	-965.67 	-808.453	-664.364	73.5997
   	25   	-973.453	-814.752	-664.364	72.8558
   	25   	-955.09 	-791.067	-664.364	60.3389
   	25   	-920.455	-758.786	-664.364	36.5839
   	25   	-960.384	-751.11 	-664.364	35.6311
   	25   	-949.271	-765.796	-664.364	52.7813
   	25   	-941.083	-810.604	-664.364	68.2567
   	25   	-963.387	-798.122	-664.364	74.1693
   	25   	-933.63 	-767.466	-664.364	45.7293
   	25   	-925.392	-791.368	-664.364	55.5261
   	25   	-909.086	-747.635	-664.364	33.9145
   	25   	-911.322	-771.733	-664.364	31.6569
   	25   	-959.048	-811.297	-664.364	80.99  
   	25   	-930.337	-805.446	-664.364	71.3447
   	25   	-958.877	-864.406	-664.364	64.2609
   	25   	-936.247	-794.081	-664.364	63.7883
   	25   	-934.098	-809.562	-664.364	70.2452
   	25   	-931.952	-840.343	-664.364	50.8829
   	25   	-956.339	-755.587	-664.364	46.7925
   	25   	-943.658	-774.782	-664.364	42.0654
   	25   	-957.446	-862.213	-664.364	62.2621
   	25   	-944.173	-805.711	-664.364	56.1959
   	25   	-912.744	-758.857	-664.364	34.3636
   	25   	-952.119	-866.579	-664.364	65.1594
   	25   	-906.69 	-787.23 	-664.364	62.4196
   	25   	-941.18 	-803.12 	-664.364	58.8515
   	25   	-921.503	-760.821	-664.364	53.0716
   	25   	-964.535	-888.945	-664.364	75.2957
   	25   	-940.47 	-775.692	-664.364	38.3209
   	25   	-938.838	-875.775	-664.364	43.6996
   	25   	-942.116	-824.505	-664.364	65.2591
   	25   	-946.215	-897.735	-664.364	45.8455
   	25   	-914.516	-781.948	-664.364	36.798 
   	25   	-897.978	-784.924	-664.364	33.7962
   	25   	-930.857	-784.109	-664.364	40.3639
   	25   	-904.576	-754.503	-664.364	36.5923
   	25   	-934.27 	-837.53 	-664.364	61.6693
   	25   	-972.885	-819.27 	-664.364	68.6356
   	25   	-941.206	-778.592	-664.364	68.9174
   	25   	-964.881	-795.187	-664.364	63.3279
   	25   	-935.633	-850.22 	-664.364	53.6906
   	25   	-911.251	-778.477	-664.364	42.1644
   	25   	-904.049	-755.343	-664.364	26.7069
   	25   	-912.747	-832.503	-664.364	45.2978
   	25   	-946.78 	-787.13 	-664.364	61.3666
   	25   	-933.135	-733.92 	-664.364	33.4599
   	25   	-906.259	-753.645	-664.364	44.2394
   	25   	-908.509	-782.626	-664.364	66.4285
   	25   	-925.842	-764.769	-664.364	29.8685
   	25   	-924.244	-743.428	-664.364	51.4558
   	25   	-945.992	-885.337	-664.364	61.3286
   	25   	-923.881	-859.384	-664.364	37.2475
   	25   	-880.987	-748.919	-664.364	34.2921
   	25   	-903.058	-820.491	-664.364	39.3201
   	25   	-882.034	-769.475	-664.364	39.9987
   	25   	-928.197	-752.722	-664.364	21.643 
   	25   	-918.332	-883.945	-664.364	42.9282
   	25   	-978.23 	-951.96 	-664.364	35.0605
   	25   	-970.401	-805.067	-664.364	43.9577
   	25   	-798.451	-784.822	-664.364	11.0614
   	25   	-823.234	-775.852	-664.364	23.6918
   	25   	-850.079	-734.943	-664.364	13.6729
   	25   	-914.45 	-738.125	-664.364	18.6763
   	25   	-904.622	-847.105	-664.364	63.1718
   	25   	-887.135	-762.062	-664.364	26.9075
   	25   	-939.709	-875.105	-664.364	54.6314
   	25   	-954.505	-794.538	-664.364	61.685 
   	25   	-790.468	-749.926	-664.364	17.7447
   	25   	-920.173	-788.394	-664.364	26.4263
   	25   	-797.88 	-763.714	-664.364	21.0421
   	25   	-976.764	-836.084	-664.364	78.6574
   	25   	-948.82 	-871.069	-664.364	43.3538
   	25   	-909.705	-784.392	-664.364	56.1001
   	25   	-886.445	-764.179	-664.364	15.398 
   	25   	-772.213	-724.173	-664.364	16.1535
   	25   	-771.003	-732.114	-664.364	12.352 
   	25   	-781.89 	-756.195	-664.364	12.8521
   	25   	-779.664	-748.577	-664.364	9.37925
   	25   	-915.755	-872.188	-664.364	42.3998
   	25   	-886.262	-768.773	-664.364	26.8425
   	25   	-891.739	-863.718	-664.364	35.2028
   	25   	-880.818	-709.193	-664.364	46.7975
   	25   	-819.57 	-793.006	-664.364	36.8216
   	25   	-919.917	-796.035	-664.364	41.9522
   	25   	-902.766	-739.407	-664.364	37.0037
