ngen	time   	min     	avg     	max     	std    
0   	5.68341	-6001.58	-2777.27	-1405.8 	867.787
1   	7.58242	-5736.59	-2408.84	-1405.8 	738.04 
2   	9.25689	-5533.13	-2283.15	-1401.09	592.706
3   	10.876 	-5549.13	-2198.7 	-1401.09	649.439
4   	12.525 	-6476.78	-2175.06	-1349   	777.704
5   	14.304 	-5262.27	-2230.06	-1349   	782.212
6   	16.1864	-5122.58	-2533.35	-1349   	777.946
7   	17.9442	-5715.28	-2774.62	-1349   	1077.48
8   	19.7613	-5648.36	-2747.2 	-1349   	1052.72
9   	21.47  	-5729.57	-2946.91	-1349   	1208.5 
10  	23.175 	-5486.93	-2683.36	-1349   	806.084
11  	24.9108	-6089.93	-3195.53	-1349   	1018.3 
12  	26.6703	-6035.9 	-3127.99	-1349   	1010.3 
13  	28.4429	-5665.94	-3061.26	-1349   	963.5  
14  	30.0622	-6006.41	-2939.48	-1349   	1086.43
15  	31.6355	-6124.13	-3270.59	-1349   	1027.9 
16  	33.2418	-6489.06	-3110.91	-1349   	1057.98
17  	34.9315	-6554.83	-3367.34	-1349   	1145.86
18  	36.5638	-6334.4 	-3559.45	-1349   	1274.79
19  	38.3497	-6862.4 	-4360.57	-1349   	1384.09
20  	40.1227	-5963.88	-3306.87	-1349   	1167.43
21  	41.7414	-5534.56	-2966.25	-1349   	997.59 
22  	43.4506	-5832.86	-4063.7 	-1349   	1274.65
23  	45.0728	-6573.5 	-4222.21	-1349   	1318.26
24  	46.683 	-5660.79	-3098.83	-1349   	754.307
25  	48.4128	-6229.6 	-3635.42	-1349   	775.701
26  	50.0968	-6629.9 	-3916.27	-1349   	1318.29
27  	51.8288	-5613.99	-2711.18	-1349   	929.969
28  	53.4785	-6272.14	-4335.71	-1349   	1260.97
29  	55.1145	-5508.31	-4051.66	-1349   	952.588
30  	56.852 	-6042.57	-3211.49	-1349   	768.566
31  	58.5189	-5311.49	-2229.21	-1349   	791.892
32  	60.147 	-6017.05	-4180.37	-1349   	1144.14
33  	61.9333	-6710.62	-3501.13	-1349   	1124.9 
34  	63.677 	-5012.43	-2920.55	-1349   	1269.07
35  	65.4904	-5956.5 	-4710.24	-1349   	1240.27
36  	67.0818	-5711.77	-2895.29	-1349   	727.078
37  	68.8765	-5162.91	-3739.72	-1349   	961.617
38  	70.6907	-4313.32	-2276.06	-1349   	333.246
39  	72.3545	-4596.68	-3918.14	-1349   	637.204
40  	73.9894	-4426.05	-2872.08	-1349   	483.063
41  	75.6195	-6545.84	-4920.86	-1349   	1149.49
42  	77.2955	-5812.83	-2362.17	-1349   	743.065
43  	79.0296	-5786.73	-4486.09	-1349   	970.224
44  	80.7576	-5147.07	-2888.59	-1349   	1091.21
45  	82.5172	-5250.91	-2949.23	-1349   	1011.41
46  	84.1064	-4532.72	-1917.26	-1349   	425.856
47  	85.8783	-4686.31	-2895.14	-1349   	470.698
48  	87.5767	-4791.14	-2595.48	-1349   	334.934
49  	89.275 	-4480.46	-4031.13	-1349   	586.565
50  	90.8752	-5147.94	-4899.99	-1349   	581.194
51  	92.5416	-5080.6 	-2156.81	-1349   	833.338
52  	94.3122	-5557.18	-4689.41	-1349   	1025.84
53  	95.8824	-5057.62	-4579.02	-1349   	589.029
54  	97.626 	-6013.01	-4995.96	-1349   	745.449
55  	99.32  	-5288.54	-2075.63	-1349   	823.5  
56  	101.043	-5855.39	-5093.48	-1349   	1091.52
57  	102.762	-6061.92	-4893.11	-1349   	591.873
58  	104.449	-4848.81	-2929.3 	-1349   	587.692
59  	106.177	-6164.53	-2534.3 	-1349   	264.97 
60  	107.868	-4975.54	-2716.71	-1349   	312.034
61  	109.494	-5384.12	-2012.39	-1349   	235.509
62  	111.118	-3516.38	-1656.87	-1349   	224.322
63  	112.638	-4274.99	-2886.67	-1349   	636.126
64  	114.282	-5739.45	-3298.78	-1349   	376.733
65  	116.053	-6059.11	-5769.36	-1349   	802.243
66  	117.687	-6393.15	-4474.57	-1349   	603.874
67  	119.359	-6620.96	-3141.39	-1349   	439.59 
68  	121.147	-6083.95	-2572.41	-1349   	452.506
69  	122.746	-5722.32	-2601.18	-1349   	215.368
70  	124.572	-5215.45	-4886.7 	-1349   	805.596
71  	126.163	-5183.55	-2540.66	-1349   	730.084
72  	127.775	-4383.78	-2678.37	-1349   	169.072
73  	129.613	-5779.67	-4314.67	-1349   	609.317
74  	131.193	-5419.4 	-3453.42	-1349   	385.5  
75  	132.863	-5502.25	-3631.46	-1349   	233.203
76  	134.588	-4705.39	-3459.05	-1349   	384.354
77  	136.281	-5323.79	-4549.2 	-1349   	593.502
78  	137.898	-6605.8 	-3306.68	-1349   	438.692
79  	139.464	-6676.8 	-3583.01	-1349   	399.665
80  	141.048	-6108.85	-5313.41	-1349   	691.562
81  	142.632	-6396.17	-5114.12	-1349   	368.746
82  	145.364	-6128.66	-2778.67	-1349   	776.744
83  	147.365	-2921.28	-2627.18	-1349   	145.963
84  	149.545	-6003.54	-5370.1 	-1349   	784.152
85  	151.738	-5855.63	-5113.29	-1349   	424.439
86  	153.567	-5161.21	-2122.11	-1349   	982.946
87  	155.894	-4827.18	-1920.21	-1349   	143.933
88  	157.847	-3511.12	-3180.04	-1349   	434.564
89  	159.857	-5946.85	-2288.88	-1349   	447.78 
90  	161.806	-5776.34	-5490.26	-1349   	943.765
91  	163.582	-5765.13	-2391.57	-1349   	1084   
92  	165.426	-5834.26	-5023.03	-1349   	982.153
93  	167.358	-5393.5 	-3552.23	-1349   	596.032
94  	169.202	-5234.33	-2964.77	-1349   	672.611
95  	171.201	-6766.04	-5657.1 	-1349   	834.364
96  	173.299	-5978.26	-3411.41	-1349   	868.15 
97  	175.26 	-6145.02	-3047.41	-1349   	740.846
98  	177.149	-5275.47	-4105.42	-1349   	542.295
99  	179.027	-4722.42	-4128.6 	-1349   	720.029
