gen	depth	min     	avg     	max     	std    
   	60   	-2175.87	-954.012	-572.805	307.292
   	60   	-1928.87	-880.868	-572.805	301.275
   	60   	-1973.46	-838.29 	-572.031	242.868
   	60   	-1957.12	-876.617	-556.615	316.009
   	60   	-1946.27	-877.293	-556.615	303.145
   	60   	-1980.85	-883.811	-556.615	365.382
   	60   	-2030.75	-988.242	-556.615	376.291
   	60   	-1878.7 	-888.559	-556.615	321.91 
   	60   	-1780.06	-848.154	-556.615	244.697
   	60   	-2015.4 	-1105.83	-556.615	467.441
   	60   	-2242.95	-1048.11	-556.615	414.318
   	60   	-2001.75	-975.204	-556.615	310.503
   	60   	-1868.66	-890.496	-556.615	305.527
   	60   	-1950.93	-1077.42	-530.635	438.941
   	60   	-2025.28	-1005.47	-530.635	348.707
   	60   	-1912.45	-916.928	-530.635	330.164
   	60   	-2143.46	-1142.94	-530.635	453.49 
   	60   	-2087.07	-957.529	-530.635	338.309
   	60   	-2142.2 	-1051.32	-530.635	261.846
   	60   	-2135.25	-1328.99	-530.635	435.189
   	60   	-1958.21	-974.938	-530.635	256.963
   	60   	-1929.61	-1009.39	-530.635	306.019
   	60   	-2111.63	-1187.99	-530.635	374.048
   	60   	-2196.22	-1347.7 	-530.635	441.217
   	60   	-2228.21	-1064.16	-530.635	426.75 
   	60   	-2073.67	-1366.48	-530.635	434.089
   	60   	-2255.59	-1444.47	-530.635	497.22 
   	60   	-1999.81	-1298.14	-530.635	428.928
   	60   	-1880.63	-1027.65	-530.635	364.02 
   	60   	-2186.34	-1008.77	-530.635	268.253
   	60   	-2212.08	-1500.69	-530.635	466.481
   	60   	-2013.26	-997.511	-530.635	359.142
   	60   	-2084.15	-1042.29	-530.635	245.478
   	60   	-2293.62	-1198.25	-530.635	365.491
   	60   	-2147.8 	-1274.99	-530.635	437.41 
   	60   	-2152.85	-1476.39	-530.635	440.033
   	60   	-2130.21	-1329.21	-530.635	389.799
   	60   	-2178.53	-1132.56	-530.635	254.623
   	60   	-1849.79	-1259.42	-530.635	424.483
   	60   	-1947.76	-1098   	-530.635	225.322
   	60   	-2234.87	-1537   	-530.635	456.595
   	60   	-2045.97	-1144.82	-530.635	204.232
   	60   	-2179.75	-1423.74	-530.635	463.592
   	60   	-2035.99	-1199.64	-530.635	373.292
   	60   	-2180.7 	-1546.2 	-530.635	367.264
   	60   	-1872.11	-1423.59	-530.635	446.566
   	60   	-2182.49	-1877.89	-530.635	300.303
   	60   	-1999.52	-1742.19	-530.635	170.006
   	60   	-1871.28	-936.821	-530.635	271.033
   	60   	-1952.86	-1241.14	-530.635	472.797
   	60   	-2022.67	-1480.59	-530.635	484.369
   	60   	-1947.01	-1113.25	-530.635	256.765
   	60   	-2118.84	-1235.88	-530.635	414.799
   	60   	-1707.18	-904.597	-530.635	270.474
   	60   	-1051.93	-738.704	-530.635	75.2277
   	60   	-1949.38	-936.891	-530.635	253.04 
   	60   	-1581.29	-692.314	-530.635	71.4082
   	60   	-2084.08	-1751.11	-530.635	355.234
   	60   	-1871.17	-1723.16	-530.635	254.707
   	60   	-1866.23	-1143.72	-530.635	406.054
   	60   	-1763.22	-962.779	-530.635	160.077
   	60   	-1915.01	-1222.88	-530.635	438.793
   	60   	-2157   	-1122.73	-530.635	358.411
   	60   	-1140.37	-737.145	-530.635	64.3725
   	60   	-2088.94	-1655.77	-530.635	417.882
   	60   	-1982.64	-859.737	-530.635	381.586
   	60   	-1274.43	-1090.06	-530.635	136.069
   	60   	-1759.92	-1001.29	-530.635	292.922
   	60   	-1298.42	-936.081	-530.635	58.6023
   	60   	-1608.7 	-766.226	-530.635	176.701
   	60   	-2108.83	-1582.78	-530.635	438.761
   	60   	-1882.23	-1356.13	-530.635	423.683
   	60   	-1734.7 	-876.762	-530.635	144.861
   	60   	-1902.6 	-1068.25	-530.635	254.084
   	60   	-1251.71	-1153.64	-530.635	99.4114
   	60   	-1189.87	-841.707	-530.635	83.1322
   	60   	-2120.9 	-1529.82	-530.635	426.564
   	60   	-1776.39	-851.607	-530.635	160.393
   	60   	-1922.4 	-1755.52	-530.635	330.393
   	60   	-2009.92	-1929.87	-530.635	179.974
   	60   	-2074.11	-1314.19	-530.635	277.056
   	60   	-1879.67	-1099.99	-530.635	360.893
   	60   	-2027.56	-1635.47	-530.635	275.971
   	60   	-1873.4 	-901.389	-530.635	189.256
   	60   	-1728.67	-1596.62	-530.635	257.405
   	60   	-2035.5 	-1933.94	-530.635	169.103
   	60   	-1991.44	-1565.87	-530.635	109.854
   	60   	-1814.87	-1742.82	-530.635	101.176
   	60   	-1853.04	-1818.16	-530.635	78.0141
   	60   	-1843.53	-1655.18	-530.635	71.9357
   	60   	-1668.42	-1016.48	-530.635	235.121
   	60   	-1021.17	-743.72 	-530.635	54.5786
   	60   	-806.614	-749.447	-530.635	23.9694
   	60   	-790.043	-769.691	-530.635	22.7718
   	60   	-862.228	-808.823	-530.635	23.5094
   	60   	-1659.87	-1530.69	-530.635	269.581
   	60   	-1638.56	-1262.96	-530.635	123.246
   	60   	-1274.82	-1204.02	-530.635	50.1856
   	60   	-1608.04	-1558.35	-530.635	140.477
   	60   	-1602.34	-859.423	-530.635	205.317
gen	depth	min     	avg     	max     	std    
   	60   	-2049.1 	-938.094	-598.257	293.193
   	60   	-2117.25	-867.311	-598.216	278.113
   	60   	-1958.08	-858.783	-590.171	277.349
   	60   	-1950.49	-821.808	-529.502	270.936
   	60   	-1895.16	-863.194	-529.502	323.381
   	60   	-1915.4 	-941.129	-529.502	378.656
   	60   	-2036.42	-979.061	-529.502	404.417
   	60   	-2166.61	-1081.83	-529.502	395.611
   	60   	-2085.94	-981.261	-529.502	276.196
   	60   	-2137.88	-940.221	-529.502	313.856
   	60   	-2149.76	-1207.96	-529.502	501.415
   	60   	-2092.2 	-1064.67	-529.502	355.54 
   	60   	-2053.85	-969.912	-529.502	303.032
   	60   	-2136.19	-1214.8 	-529.502	466.03 
   	60   	-2133.61	-1056.16	-529.502	353.416
   	60   	-2195.38	-1277.13	-529.502	459.269
   	60   	-2171.37	-1501.41	-529.502	334.98 
   	60   	-2241.76	-1514.23	-529.502	410.236
   	60   	-2142.81	-1300.65	-529.502	418.176
   	60   	-2097.72	-1466.08	-529.502	346.937
   	60   	-2224.51	-1395.32	-529.502	505.176
   	60   	-2171.12	-1340.32	-529.502	426.252
   	60   	-2160.76	-1371.39	-529.502	394.165
   	60   	-2273.69	-1703.14	-529.502	460.153
   	60   	-2137.89	-1489.57	-529.502	472.543
   	60   	-2064.06	-1157.56	-529.502	340.686
   	60   	-1996.94	-1459.57	-529.502	369.011
   	60   	-2193.66	-1623.37	-529.502	504.044
   	60   	-2200.41	-1498.67	-529.502	466.162
   	60   	-2114.35	-1411.61	-529.502	448.085
   	60   	-2090.5 	-1462.59	-529.502	418.57 
   	60   	-2111.46	-1184.3 	-529.502	365.598
   	60   	-2044.62	-829.249	-529.502	206.993
   	60   	-2154.41	-955.312	-529.502	293.731
   	60   	-1974.36	-1083.89	-529.502	261.845
   	60   	-2122.8 	-1389.07	-529.502	492.165
   	60   	-2103.65	-1345.25	-529.502	477.152
   	60   	-1897.77	-1344.14	-529.502	432.765
   	60   	-2042.12	-1478.56	-529.502	402.415
   	60   	-2176.3 	-1214.65	-529.502	502.3  
   	60   	-2137.34	-1113.39	-529.502	308.799
   	60   	-1991.92	-1015.33	-529.502	320.981
   	60   	-2198.87	-1695.83	-529.502	406.095
   	60   	-1998.81	-1444.65	-529.502	372.363
   	60   	-2169.94	-1686.39	-529.502	433.761
   	60   	-1965.87	-1083.12	-529.502	258.645
   	60   	-2208.25	-1392.06	-529.502	502.983
   	60   	-2214.15	-1547.21	-529.502	484.026
   	60   	-2143.2 	-1294.78	-529.502	423.925
   	60   	-1837.87	-848.341	-529.502	211.808
   	60   	-2234.94	-1831.28	-529.502	448.598
   	60   	-2083.37	-1141.71	-529.502	316.103
   	60   	-1910.21	-930.741	-529.502	244.376
   	60   	-2184.85	-1502.85	-529.502	455.853
   	60   	-2230.11	-1009.61	-529.502	338.049
   	60   	-2261.25	-1572.6 	-529.502	482.639
   	60   	-1962.72	-1058.15	-529.502	235.094
   	60   	-2095.53	-917.035	-529.502	234.092
   	60   	-2069.12	-1631.96	-529.502	300.15 
   	60   	-1844.78	-993.179	-529.502	378.083
   	60   	-1183.33	-818.09 	-529.502	115.824
   	60   	-1939.9 	-841.363	-529.502	288.553
   	60   	-2049.84	-1128.32	-529.502	460.004
   	60   	-1970.32	-963.101	-529.502	269.805
   	60   	-1926.58	-1664.29	-529.502	353.364
   	60   	-2026.31	-1711.69	-529.502	408.133
   	60   	-1947.53	-1492.83	-529.502	374.19 
   	60   	-1797.17	-1017.21	-529.502	378.032
   	60   	-1660.87	-783.024	-529.502	211.239
   	60   	-2032.9 	-1646.44	-529.502	326.668
   	60   	-1936.39	-1138.83	-529.502	149.491
   	60   	-1780.24	-1563.95	-529.502	168.784
   	60   	-2057.48	-1506.66	-529.502	446.931
   	60   	-1973.57	-950.357	-529.502	187.252
   	60   	-953.68 	-710.132	-529.502	86.1462
   	60   	-1703.76	-987.428	-529.502	425.892
   	60   	-2022.17	-840.222	-529.502	253.614
   	60   	-1238.3 	-931.499	-529.502	92.0207
   	60   	-2224.47	-1913.9 	-529.502	462.165
   	60   	-2166.89	-1765.37	-529.502	198.223
   	60   	-1761   	-838.17 	-529.502	263.729
   	60   	-1859.76	-1098.92	-529.502	344.98 
   	60   	-1952.79	-1090.65	-529.502	101.31 
   	60   	-1804.85	-1545.46	-529.502	331.137
   	60   	-1736.87	-1300.53	-529.502	109.534
   	60   	-1922.42	-1337.86	-529.502	394.476
   	60   	-1654.34	-1134.16	-529.502	87.6983
   	60   	-2178.27	-1247.76	-529.502	194.085
   	60   	-1915.13	-1656.96	-529.502	327.159
   	60   	-2182.02	-1730.68	-529.502	435.88 
   	60   	-2183.71	-1052.2 	-529.502	331.115
   	60   	-1072.93	-790.718	-529.502	56.8679
   	60   	-2242.66	-1751.58	-529.502	368.13 
   	60   	-1892.19	-1081.56	-529.502	329.031
   	60   	-1581.46	-934.634	-529.502	169.592
   	60   	-2142.95	-1634.38	-529.502	362.492
   	60   	-1793.09	-788.272	-529.502	218.805
   	60   	-1892.53	-1517.83	-529.502	314.472
   	60   	-2181.19	-1243.76	-529.502	198.928
   	60   	-1998.16	-1842.24	-529.502	288.445
gen	depth	min     	avg     	max     	std    
   	60   	-2012.98	-955.541	-590.533	303.536
   	60   	-1896.17	-859.653	-581.564	278.975
   	60   	-1912.09	-887.623	-581.564	334.749
   	60   	-1846.66	-822.735	-567.678	269.87 
   	60   	-1804.66	-917.278	-567.678	351.078
   	60   	-2076.58	-970.341	-567.678	386.15 
   	60   	-2015.72	-1055.9 	-567.678	443.795
   	60   	-1837.61	-876.093	-567.678	278.976
   	60   	-1923.68	-927.963	-567.678	363.752
   	60   	-2153.6 	-1088.55	-567.678	427.577
   	60   	-2140.19	-1011.02	-567.678	362.47 
   	60   	-2164.2 	-1207.8 	-567.678	454.109
   	60   	-2124.81	-1078.98	-567.678	427.868
   	60   	-2065.24	-960.387	-567.678	268.923
   	60   	-2078.7 	-965.871	-567.678	323.609
   	60   	-2189.91	-1242.26	-567.678	543.707
   	60   	-2200.58	-1271.88	-567.678	555.646
   	60   	-2110.06	-1198.43	-567.678	370.648
   	60   	-2012.65	-1183.86	-567.678	429.884
   	60   	-1915.45	-999.186	-567.678	302.922
   	60   	-2129.9 	-1092.26	-567.678	491.613
   	60   	-2222.04	-1731.35	-567.678	405.375
   	60   	-1966.87	-1156.04	-567.678	419.423
   	60   	-2141.93	-1161.87	-567.678	400.258
   	60   	-2003.56	-1058.36	-567.678	409.913
   	60   	-2174.83	-1487.88	-567.678	418.525
   	60   	-1850.25	-1020.46	-567.678	288.304
   	60   	-2308.8 	-1743.69	-567.678	552.711
   	60   	-2268.17	-1647.58	-567.678	386.024
   	60   	-1957.63	-1030.43	-567.678	295.751
   	60   	-2068.52	-1606.75	-567.678	370.737
   	60   	-2104.28	-1449.19	-567.678	388.579
   	60   	-2185.86	-1717.65	-567.678	209.93 
   	60   	-2011.93	-1558.26	-567.678	340.903
   	60   	-2185   	-1648.52	-567.678	354.246
   	60   	-2132.27	-1356.99	-567.678	495.855
   	60   	-2175.98	-1644.37	-567.678	521.685
   	60   	-2199.6 	-1175.81	-567.678	407.955
   	60   	-2265.49	-1708.17	-567.678	448.45 
   	60   	-2136.51	-1102.71	-567.678	324.164
   	60   	-2214.85	-1609.32	-567.678	454.267
   	60   	-2029.97	-861.64 	-567.678	296.463
   	60   	-2270.67	-1666.56	-567.678	482.69 
   	60   	-2131.98	-1552.02	-567.678	183.929
   	60   	-1629.15	-902.469	-567.678	235.054
   	60   	-1033.92	-867.544	-567.678	65.2997
   	60   	-2161.47	-1513.35	-567.678	473.995
   	60   	-1835.17	-1218.75	-567.678	148.485
   	60   	-1274.33	-841.176	-567.678	161.001
   	60   	-2106.17	-890.38 	-567.678	282.266
   	60   	-1827.58	-959.571	-567.678	243.783
   	60   	-2177.92	-1235.48	-567.678	362.582
   	60   	-2038.33	-1612.58	-567.678	269.158
   	60   	-1705.31	-840.343	-567.678	199.722
   	60   	-1179.6 	-1046.72	-567.678	72.5636
   	60   	-1855.52	-958.931	-567.678	135.746
   	60   	-1641.21	-919.064	-567.678	397.643
   	60   	-1269.9 	-877.588	-567.678	105.347
   	60   	-2006.92	-1385   	-567.678	501.007
   	60   	-2191.8 	-1903.21	-567.678	351.646
   	60   	-2121.68	-1049.04	-567.678	293.328
   	60   	-2085.26	-1518.25	-567.678	452.116
   	60   	-1926.13	-1654.71	-567.678	257.638
   	60   	-1798.46	-1005.24	-567.678	207.802
   	60   	-967.482	-711.259	-567.678	79.2161
   	60   	-1889.03	-980.598	-567.678	179.307
   	60   	-1970.76	-1600.81	-567.678	386.086
   	60   	-2078.98	-1731.54	-567.678	433.07 
   	60   	-2054.42	-1770.54	-567.678	221.844
   	60   	-1960   	-1124.39	-567.678	200.029
   	60   	-1138.75	-1011.93	-567.678	90.792 
   	60   	-1045.7 	-920.463	-567.678	48.3363
   	60   	-927.064	-796.48 	-567.678	52.0837
   	60   	-1615.7 	-1341.04	-567.678	369.337
   	60   	-1787.25	-1068.94	-567.678	414.102
   	60   	-1580.1 	-779.87 	-567.678	50.6426
   	60   	-2255.31	-1762.03	-567.678	412.565
   	60   	-1878.76	-1170.8 	-567.678	186.258
   	60   	-2142.59	-1300.27	-567.678	302.761
   	60   	-2124.52	-1821.23	-567.678	351.964
   	60   	-2182.37	-1766.09	-567.678	184.249
   	60   	-1957.56	-1164.36	-567.678	394.847
   	60   	-1971.65	-951.007	-567.678	183.692
   	60   	-1683.26	-1076.04	-567.678	232.033
   	60   	-1170.44	-757.289	-567.678	92.3408
   	60   	-1365.95	-1239.53	-567.678	200.472
   	60   	-1324.25	-1205.41	-567.678	117.8  
   	60   	-1786.75	-977.873	-567.678	238.134
   	60   	-1316.38	-889.94 	-567.678	108.554
   	60   	-1681.31	-759.613	-567.678	96.5456
   	60   	-985.813	-909.503	-567.678	92.026 
   	60   	-1804.36	-1632.59	-567.678	291.34 
   	60   	-1837.56	-1744.51	-567.678	200.224
   	60   	-1849.53	-1759.39	-567.678	138.029
   	60   	-1806.99	-855.393	-567.678	311.861
   	60   	-1979.6 	-1454.13	-567.678	259.556
   	60   	-1541.36	-1092.1 	-567.678	129.255
   	60   	-2007.39	-1542.51	-567.678	174.378
   	60   	-1591.71	-1260.67	-567.678	111.086
   	60   	-1239.33	-840.672	-567.678	85.2425
gen	depth	min     	avg     	max     	std    
   	60   	-2020.62	-921.335	-611.275	269.981
   	60   	-1985.44	-858.327	-591.861	275.615
   	60   	-1976.08	-811.175	-591.861	256.662
   	60   	-1906.04	-912.284	-549.234	357.238
   	60   	-1988.47	-908.372	-549.234	361.386
   	60   	-2101.52	-860.822	-549.234	314.449
   	60   	-2146.03	-896.694	-549.234	329.174
   	60   	-1964.87	-1005.9 	-549.234	375.098
   	60   	-2126.29	-1048.96	-549.234	380.579
   	60   	-1926.26	-1017.51	-549.234	400.427
   	60   	-1925.81	-1167.84	-549.234	438.219
   	60   	-2155.32	-1074.18	-549.234	414.92 
   	60   	-2160.98	-1019.13	-549.234	376.875
   	60   	-2003   	-1319.04	-549.234	490.303
   	60   	-2095.36	-1113.82	-549.234	457.394
   	60   	-2088.97	-1159.1 	-549.234	456.046
   	60   	-2226.8 	-1171.38	-549.234	457.792
   	60   	-1875.68	-969.421	-549.234	316.561
   	60   	-2060.59	-884.829	-549.234	263.483
   	60   	-1874.71	-1065.82	-549.234	422.557
   	60   	-1917.02	-848.909	-549.234	293.392
   	60   	-1949.44	-878.599	-549.234	362.363
   	60   	-2078   	-1364.37	-549.234	490.393
   	60   	-1864.73	-911.076	-549.234	281.774
   	60   	-2132.15	-1009.71	-549.234	464.823
   	60   	-1914.21	-1479.69	-549.234	480.69 
   	60   	-1844.66	-769.034	-549.234	220.27 
   	60   	-1699.07	-783.699	-549.234	171.998
   	60   	-1894.23	-1487.82	-549.234	378.052
   	60   	-2166.68	-1131.81	-549.234	401.989
   	60   	-1844.57	-787.158	-549.234	141.976
   	60   	-1861.26	-721.664	-549.234	179.61 
   	60   	-1802.29	-703.554	-549.234	162.353
   	60   	-1810.26	-1461.23	-549.234	369.575
   	60   	-1790.23	-765.77 	-549.234	280.778
   	60   	-1813.45	-833.733	-549.234	137.831
   	60   	-1814.62	-690.957	-549.234	71.4239
   	60   	-1785.66	-757.954	-549.234	82.7484
   	60   	-1822.27	-1323.57	-549.234	389.957
   	60   	-1757.26	-1449.6 	-549.234	277.049
   	60   	-1750.24	-1255   	-549.234	410.044
   	60   	-1666.22	-820.418	-549.234	119.067
   	60   	-1826.61	-1582.38	-549.234	387.056
   	60   	-1874.01	-1635.63	-549.234	211.808
   	60   	-1969.45	-1373.13	-549.234	431.779
   	60   	-1956.49	-1744.97	-549.234	297.84 
   	60   	-2019.76	-1610.77	-549.234	287.632
   	60   	-1805.86	-830.08 	-549.234	203.931
   	60   	-1855.68	-1305.12	-549.234	429.01 
   	60   	-1883.54	-1371.2 	-549.234	458.623
   	60   	-1904.15	-1373.3 	-549.234	434.696
   	60   	-1804.63	-1286.32	-549.234	417.387
   	60   	-1878.43	-1626.09	-549.234	261.577
   	60   	-2058.41	-1063.5 	-549.234	414.001
   	60   	-1811.34	-1554.74	-549.234	270.64 
   	60   	-1775.35	-1049.34	-549.234	429.229
   	60   	-1812.98	-1596.46	-549.234	329.301
   	60   	-1976.34	-1101.49	-549.234	494.286
   	60   	-1914.09	-830.023	-549.234	112.488
   	60   	-1895.44	-1745.09	-549.234	292.417
   	60   	-1884.36	-866.602	-549.234	257.334
   	60   	-1951.38	-781.076	-549.234	120.72 
   	60   	-1701.99	-899.746	-549.234	328.445
   	60   	-789.254	-718.441	-549.234	24.8518
   	60   	-977.274	-878.591	-549.234	68.0858
   	60   	-1934.32	-1208.83	-549.234	427.615
   	60   	-1967.98	-1185.68	-549.234	320.733
   	60   	-1147.18	-900.378	-549.234	66.0838
   	60   	-1978.99	-1768.77	-549.234	342.483
   	60   	-1888.5 	-981.894	-549.234	232.215
   	60   	-1297.65	-1073.26	-549.234	65.2487
   	60   	-1141.91	-1057.12	-549.234	40.0407
   	60   	-2105.49	-898.181	-549.234	179.611
   	60   	-1820.92	-1588.49	-549.234	284.413
   	60   	-1621.32	-819.361	-549.234	205.922
   	60   	-1735.77	-1570.69	-549.234	289.617
   	60   	-1670.64	-762.432	-549.234	209.365
   	60   	-1104.02	-759.1  	-549.234	30.6911
   	60   	-926.566	-788.591	-549.234	26.0609
   	60   	-1692.58	-791.305	-549.234	158.109
   	60   	-1156.75	-809.925	-549.234	38.4834
   	60   	-945.277	-898.733	-549.234	54.3451
   	60   	-1175.93	-892.917	-549.234	104.959
   	60   	-1082.68	-1007.61	-549.234	60.4718
   	60   	-1983.26	-1189.28	-549.234	376.397
   	60   	-1009.76	-880.71 	-549.234	60.8048
   	60   	-1975.82	-1394.41	-549.234	388.483
   	60   	-1875.93	-843.955	-549.234	384.3  
   	60   	-1061.6 	-809.701	-549.234	108.303
   	60   	-1698.86	-1226.29	-549.234	445.635
   	60   	-1954.85	-1598.4 	-549.234	261.122
   	60   	-1699.08	-980.954	-549.234	205.146
   	60   	-1309.16	-956.922	-549.234	64.4732
   	60   	-1653.59	-1421.84	-549.234	298.768
   	60   	-1574.7 	-914.659	-549.234	176.274
   	60   	-2023.46	-1572.7 	-549.234	317.004
   	60   	-1723.06	-1023.97	-549.234	166.536
   	60   	-1953.65	-1594.03	-549.234	227.244
   	60   	-1837.06	-1190.46	-549.234	426.215
   	60   	-1886.52	-1622.5 	-549.234	229.57 
gen	depth	min     	avg     	max     	std    
   	60   	-2103.97	-956.969	-571.619	306.422
   	60   	-1935.67	-811.777	-554.376	192.567
   	60   	-1851.58	-828.642	-554.376	262.591
   	60   	-1935.94	-907.963	-554.376	287.961
   	60   	-1958.51	-871.233	-554.376	266.627
   	60   	-1873.45	-862.473	-554.376	268.99 
   	60   	-1963.82	-1150.38	-554.376	458.864
   	60   	-2101.15	-1012.85	-554.376	363.9  
   	60   	-2080.25	-924.507	-554.376	288.158
   	60   	-2183.22	-1113.38	-554.376	396.576
   	60   	-2109.3 	-1240.25	-554.376	455.566
   	60   	-2104.49	-1053.33	-554.376	369.627
   	60   	-2179.96	-1128.61	-554.376	433.18 
   	60   	-2187.32	-1112.61	-554.376	404.253
   	60   	-2186.51	-1138.99	-554.376	400.01 
   	60   	-2222.77	-1148.57	-554.376	354.194
   	60   	-2161.74	-1140.98	-554.376	389.491
   	60   	-2145.79	-1133.79	-554.376	398.897
   	60   	-2185.59	-1474.68	-554.376	529.296
   	60   	-2205.47	-1310.39	-554.376	505.559
   	60   	-2091.36	-1033.07	-554.376	350.604
   	60   	-2197.98	-1099.38	-554.376	366.235
   	60   	-2229.22	-1510.24	-554.376	476.195
   	60   	-2209.98	-1590.7 	-554.376	417.566
   	60   	-2298.87	-1212.41	-554.376	276.475
   	60   	-2165.95	-1077.53	-554.376	352.892
   	60   	-2098.62	-1077.66	-554.376	411.517
   	60   	-2161.35	-1356.09	-554.376	484.181
   	60   	-1992.72	-1592.83	-554.376	326.05 
   	60   	-2085.66	-1442.72	-554.376	492.71 
   	60   	-2104.4 	-1343.13	-554.376	407.646
   	60   	-2118.52	-1299.48	-554.376	428.797
   	60   	-1853.85	-937.064	-554.376	188.13 
   	60   	-1805.1 	-1068.5 	-554.376	217.284
   	60   	-1930.7 	-866.893	-554.376	171.248
   	60   	-1910.93	-987.057	-554.376	342.846
   	60   	-1917.26	-1514.52	-554.376	381.854
   	60   	-1738.19	-947.472	-554.376	240.537
   	60   	-1983.49	-1514.54	-554.376	457.191
   	60   	-1993.66	-1059.14	-554.376	384.378
   	60   	-2061.38	-1204.57	-554.376	480.246
   	60   	-2039.14	-974.06 	-554.376	402.845
   	60   	-1918.44	-915.614	-554.376	255.848
   	60   	-1814.47	-912.175	-554.376	172.872
   	60   	-1143.41	-923.114	-554.376	84.1856
   	60   	-2022.68	-971.08 	-554.376	407.316
   	60   	-1794.6 	-879.621	-554.376	328.822
   	60   	-1737.52	-930.636	-554.376	370.131
   	60   	-1844.59	-1159.02	-554.376	210.538
   	60   	-2251.93	-1646.36	-554.376	480.792
   	60   	-2258.31	-1350.48	-554.376	312.397
   	60   	-1872.11	-1026.9 	-554.376	169.319
   	60   	-2135.78	-1026.66	-554.376	388.198
   	60   	-1335.47	-894.213	-554.376	82.6358
   	60   	-2191.42	-1793.92	-554.376	410.794
   	60   	-2050.9 	-1473.76	-554.376	387.125
   	60   	-2223.22	-1232.08	-554.376	249.115
   	60   	-2094.55	-1059.4 	-554.376	168.385
   	60   	-2206.2 	-1631.38	-554.376	482.16 
   	60   	-1991.07	-988.596	-554.376	319.628
   	60   	-2062.99	-1020.65	-554.376	327.365
   	60   	-1291.17	-1011.27	-554.376	122.181
   	60   	-2214.37	-2034.01	-554.376	324.814
   	60   	-2181.31	-1907.44	-554.376	227    
   	60   	-2150.09	-1179   	-554.376	297.634
   	60   	-1258.61	-750.662	-554.376	105.142
   	60   	-1753.93	-898.569	-554.376	115.291
   	60   	-2173.87	-1231.33	-554.376	454.434
   	60   	-2164.15	-1779.97	-554.376	367.627
   	60   	-1985.27	-1779.79	-554.376	183.181
   	60   	-2035.56	-1125.8 	-554.376	252.815
   	60   	-2290.25	-1583.04	-554.376	463.633
   	60   	-2143.25	-1734.43	-554.376	238.193
   	60   	-1951.76	-810.972	-554.376	327.949
   	60   	-1924.24	-1547.31	-554.376	260.524
   	60   	-1930.56	-1577.74	-554.376	144.624
   	60   	-2003.1 	-1774.29	-554.376	174.64 
   	60   	-1919.42	-785.683	-554.376	333.12 
   	60   	-2204.67	-1104.14	-554.376	379.944
   	60   	-1426.11	-1345.85	-554.376	138.316
   	60   	-1400.69	-768.871	-554.376	182.769
   	60   	-1371.97	-1255.34	-554.376	169.103
   	60   	-1733.93	-910.789	-554.376	233.895
   	60   	-2122.99	-1924.39	-554.376	364.482
   	60   	-2062.72	-1085.53	-554.376	311.693
   	60   	-1889.72	-1029.43	-554.376	191.524
   	60   	-1661.84	-1420.56	-554.376	356.252
   	60   	-2284   	-1731.5 	-554.376	302.766
   	60   	-1886.1 	-1058.97	-554.376	489.231
   	60   	-2149.03	-1674.44	-554.376	325.962
   	60   	-1991.78	-1677.89	-554.376	203.308
   	60   	-2068   	-1030.62	-554.376	466.607
   	60   	-1094.67	-952.805	-554.376	66.0492
   	60   	-1977.58	-1205.71	-554.376	554.236
   	60   	-1842.41	-883.877	-554.376	103.662
   	60   	-1118.08	-1074.5 	-554.376	79.5726
   	60   	-1643.52	-966.115	-554.376	190.801
   	60   	-1121.87	-1077.03	-554.376	76.0378
   	60   	-1099.35	-975.906	-554.376	40.8449
   	60   	-1327.43	-1282.56	-554.376	112.066
gen	depth	min     	avg     	max     	std    
   	60   	-1987.43	-927.957	-620.561	267.767
   	60   	-1997.03	-806.881	-580.295	196.311
   	60   	-1842.44	-778.734	-580.295	210.349
   	60   	-1996.41	-872.765	-547.488	341.809
   	60   	-1961.46	-884.479	-547.488	332.577
   	60   	-1973.01	-949.882	-547.488	385.431
   	60   	-1995.04	-986.459	-547.488	422.725
   	60   	-1925.1 	-913.4  	-547.488	325.747
   	60   	-1914.8 	-929.511	-547.488	308.57 
   	60   	-1927.62	-1021.74	-547.488	386.618
   	60   	-2156.14	-1157.92	-547.488	444.908
   	60   	-2052.7 	-1087.14	-547.488	413.998
   	60   	-2201.61	-1153.5 	-547.488	455.756
   	60   	-2089.59	-1007.48	-547.488	310.291
   	60   	-1998.68	-927.193	-547.488	278.024
   	60   	-2052.39	-978.913	-547.488	381.745
   	60   	-2016.69	-981.514	-547.488	386.655
   	60   	-2112.41	-928.529	-547.488	277.322
   	60   	-2062.16	-1085.85	-547.488	338.29 
   	60   	-1951.3 	-1140.89	-547.488	439.554
   	60   	-2143.96	-1235.16	-547.488	405.707
   	60   	-2155.45	-1296.45	-547.488	456.308
   	60   	-2141.24	-1126.08	-547.488	387.917
   	60   	-2142.91	-1307.96	-547.488	491.021
   	60   	-2142.02	-1287.66	-547.488	404.244
   	60   	-2103.77	-1004.16	-547.488	329.855
   	60   	-2264.57	-1494.48	-547.488	449.794
   	60   	-2172.29	-1699.84	-547.488	322.81 
   	60   	-2242.41	-1741.58	-547.488	204.836
   	60   	-2116.59	-1620.59	-547.488	252.447
   	60   	-2196.61	-1248.1 	-547.488	461.048
   	60   	-2155.59	-1534.74	-547.488	445.575
   	60   	-1984.63	-934.284	-547.488	165.115
   	60   	-2124.18	-1388.07	-547.488	380.237
   	60   	-1931.18	-921.673	-547.488	224.576
   	60   	-1189.84	-759.681	-547.488	69.8459
   	60   	-1983.44	-1587.55	-547.488	387.807
   	60   	-2248.6 	-1731.29	-547.488	291.569
   	60   	-2125.77	-1278.14	-547.488	529.767
   	60   	-2277.55	-1770.79	-547.488	283.307
   	60   	-1767.94	-831.663	-547.488	272.446
   	60   	-1913.64	-953.786	-547.488	246.629
   	60   	-1894.63	-1695.57	-547.488	333.644
   	60   	-1818.03	-1082.64	-547.488	149.498
   	60   	-2139.52	-945.398	-547.488	154.765
   	60   	-1985.17	-1171.12	-547.488	389.566
   	60   	-2106.81	-1755.12	-547.488	455.406
   	60   	-2042.12	-1048.26	-547.488	196.854
   	60   	-1296.18	-869.353	-547.488	67.2699
   	60   	-1815.17	-1027.74	-547.488	336.543
   	60   	-1208.93	-831.046	-547.488	89.5733
   	60   	-2250.32	-1961.97	-547.488	381.379
   	60   	-2231.31	-1239.62	-547.488	513.106
   	60   	-2160.12	-1175.01	-547.488	223.51 
   	60   	-2214.43	-1340.75	-547.488	478.9  
   	60   	-1320.47	-1049.06	-547.488	78.6536
   	60   	-2194.83	-1033.45	-547.488	175.944
   	60   	-2212.14	-950.373	-547.488	131.715
   	60   	-1906.3 	-1450.6 	-547.488	396.664
   	60   	-2215.35	-830.318	-547.488	208.06 
   	60   	-2206.15	-789.056	-547.488	84.7407
   	60   	-2191.06	-782.523	-547.488	195.793
   	60   	-2023.45	-824.628	-547.488	171.165
   	60   	-2038.35	-1153.5 	-547.488	212.399
   	60   	-2204.91	-1048.71	-547.488	144.709
   	60   	-2011.72	-1199.56	-547.488	99.6953
   	60   	-1819.5 	-1373.33	-547.488	331.706
   	60   	-1528.53	-1147.84	-547.488	195.447
   	60   	-2116.42	-839.748	-547.488	195.388
   	60   	-1745.75	-1486.48	-547.488	341.374
   	60   	-2129.39	-1656.13	-547.488	207.576
   	60   	-2133.36	-1745.86	-547.488	151.975
   	60   	-2043.52	-1974.99	-547.488	137.677
   	60   	-2014.58	-1325.19	-547.488	246.965
   	60   	-1919.12	-1718.06	-547.488	190.438
   	60   	-1937.77	-1181.28	-547.488	211.683
   	60   	-1887.14	-894.18 	-547.488	150.855
   	60   	-2133.09	-1541.58	-547.488	182.676
   	60   	-2142.84	-1218.8 	-547.488	163.064
   	60   	-2128.72	-851.872	-547.488	153.273
   	60   	-2192.56	-1977   	-547.488	425.054
   	60   	-2188.98	-1699.01	-547.488	187.421
   	60   	-2012.57	-876.724	-547.488	198.67 
   	60   	-1961.17	-1633.96	-547.488	247.744
   	60   	-2168.82	-1794.4 	-547.488	180.753
   	60   	-2019.45	-1781.37	-547.488	147.942
   	60   	-2036.58	-860.558	-547.488	256.977
   	60   	-1934.78	-711.232	-547.488	104.949
   	60   	-1926   	-1460.65	-547.488	203.756
   	60   	-2056.2 	-1731.44	-547.488	153.56 
   	60   	-1766.22	-1002.42	-547.488	223.187
   	60   	-1764.35	-794.767	-547.488	103.924
   	60   	-2257.41	-843.5  	-547.488	129.351
   	60   	-846.32 	-657.929	-547.488	57.3081
   	60   	-2237.75	-1608.7 	-547.488	367.745
   	60   	-1974.23	-1112.56	-547.488	156.329
   	60   	-2078.42	-797.785	-547.488	107.648
   	60   	-2194.54	-756.521	-547.488	77.7492
   	60   	-2087.28	-1178.05	-547.488	405.542
   	60   	-2071.74	-1946.93	-547.488	335.508
gen	depth	min     	avg     	max     	std    
   	60   	-2119.19	-972.023	-597.809	304.882
   	60   	-1997.88	-860.244	-575.409	256.64 
   	60   	-1938.11	-880.069	-575.409	312.81 
   	60   	-2063.38	-828.882	-575.409	279.562
   	60   	-2001.58	-769.416	-568.93 	225.069
   	60   	-2171.05	-983.806	-568.93 	471.45 
   	60   	-2123.35	-964.813	-568.93 	384.6  
   	60   	-2064.73	-895.194	-568.93 	304.683
   	60   	-2107.02	-1045.95	-568.93 	427.167
   	60   	-2104.56	-992.709	-568.93 	398.953
   	60   	-2208.93	-1092.83	-561.523	446.855
   	60   	-1817.82	-896.671	-561.523	255.948
   	60   	-2150.36	-1072.4 	-561.523	408.783
   	60   	-2172.82	-1072.75	-561.523	404.092
   	60   	-2092.41	-887.522	-561.523	187.355
   	60   	-1964.99	-905.046	-561.523	256.835
   	60   	-2283.5 	-1479.3 	-561.523	465.307
   	60   	-2070.7 	-1336.14	-561.523	436.977
   	60   	-2147.02	-1297.45	-561.523	444.677
   	60   	-2164.33	-1031.46	-561.523	345.349
   	60   	-2210.59	-1542.69	-561.523	510.585
   	60   	-2149.92	-1140.72	-561.523	283.005
   	60   	-2137.05	-1255.06	-561.523	448.965
   	60   	-2209.54	-1158.38	-561.523	407.462
   	60   	-2172.41	-1512.3 	-561.523	454.912
   	60   	-2205   	-1483.18	-561.523	464.18 
   	60   	-2209.61	-1496.28	-555.105	415.126
   	60   	-2286   	-1835.12	-555.105	304.744
   	60   	-2282.08	-1282.51	-555.105	456.06 
   	60   	-2092.36	-1352.53	-555.105	469.661
   	60   	-2134.44	-1217.77	-555.105	505.784
   	60   	-2056.98	-1104.31	-555.105	279.239
   	60   	-2086.8 	-999.325	-555.105	350.445
   	60   	-2174.67	-1127.16	-555.105	377.184
   	60   	-2263.37	-1496.58	-555.105	550.184
   	60   	-2170.72	-1485.67	-555.105	504.962
   	60   	-2056.69	-1618.57	-555.105	262.139
   	60   	-2035.28	-1200.59	-555.105	438.801
   	60   	-2289.65	-861.564	-555.105	259.185
   	60   	-2288.26	-1686.76	-555.105	405.67 
   	60   	-2073.29	-1260.81	-555.105	192.241
   	60   	-2210.23	-1143.34	-555.105	163.446
   	60   	-2316.78	-1945.28	-555.105	347.306
   	60   	-2194.55	-1239.45	-555.105	479.694
   	60   	-1728.16	-834.558	-555.105	171.897
   	60   	-1325.03	-1027.76	-555.105	113.733
   	60   	-2105.86	-1646.57	-555.105	420.858
   	60   	-1928.82	-1655.37	-555.105	276.551
   	60   	-1972.58	-1078.91	-555.105	213.462
   	60   	-2077.89	-1086.91	-555.105	193.185
   	60   	-2021.68	-1444.04	-555.105	396.886
   	60   	-1971.9 	-1202.72	-555.105	409.401
   	60   	-2084.35	-1119.75	-555.105	429.121
   	60   	-2040.99	-1582.47	-555.105	286.869
   	60   	-2144.05	-1201.89	-555.105	381.939
   	60   	-2135.97	-1173.52	-555.105	379.867
   	60   	-2179.33	-1558.65	-555.105	396.991
   	60   	-2176.03	-1088.85	-555.105	432.822
   	60   	-2080.8 	-1082.55	-555.105	380.295
   	60   	-1822.14	-1067.16	-555.105	258.04 
   	60   	-2294.27	-1312.12	-555.105	516.019
   	60   	-2014.18	-1002.38	-555.105	242.338
   	60   	-1411.5 	-1150.28	-555.105	127.985
   	60   	-2070.18	-1292.89	-555.105	489.08 
   	60   	-2146.79	-1548.23	-555.105	468.768
   	60   	-2206.28	-1410.93	-555.105	414.395
   	60   	-2287.75	-1610.05	-555.105	382.684
   	60   	-1970.31	-915.087	-555.105	188.586
   	60   	-2059.03	-1176.66	-555.105	455.858
   	60   	-2150.94	-1584.65	-555.105	432.487
   	60   	-2110.19	-1339.2 	-555.105	440.725
   	60   	-1911.76	-928.304	-555.105	175.044
   	60   	-1998.39	-1301.95	-555.105	432.423
   	60   	-2153.41	-1537.71	-555.105	229.725
   	60   	-1747.71	-774.537	-555.105	242.408
   	60   	-1926.6 	-1307.21	-555.105	452.716
   	60   	-1906.44	-980.04 	-555.105	137.689
   	60   	-1999.1 	-1049.72	-555.105	415.421
   	60   	-1716.9 	-813.895	-555.105	165.533
   	60   	-2002.81	-1124.46	-555.105	169.926
   	60   	-2241.7 	-1644.41	-555.105	219.344
   	60   	-2065.37	-1680.63	-555.105	152.194
   	60   	-2193.11	-1011.99	-555.105	287.592
   	60   	-2140.54	-1638.86	-555.105	483.501
   	60   	-2089.41	-989.857	-555.105	254.174
   	60   	-1391.47	-1029.62	-555.105	98.242 
   	60   	-1209.45	-854.974	-555.105	96.1696
   	60   	-1888.66	-1711.9 	-555.105	367.366
   	60   	-1873.22	-1336.07	-555.105	437.749
   	60   	-1919.99	-1480.57	-555.105	322.511
   	60   	-2175.23	-1283.16	-555.105	172.206
   	60   	-2124.48	-1766.6 	-555.105	431.491
   	60   	-2031.44	-886.544	-555.105	255.012
   	60   	-2182.62	-1213.49	-555.105	324.103
   	60   	-2181.87	-1310.83	-555.105	445.765
   	60   	-1996.15	-855.46 	-555.105	284.773
   	60   	-2059.03	-1032.58	-555.105	216.855
   	60   	-2080.25	-1086.53	-555.105	188.183
   	60   	-1795.24	-902.838	-555.105	177.409
   	60   	-1901.83	-1609.25	-555.105	313.752
gen	depth	min     	avg     	max     	std    
   	60   	-2077.21	-960.366	-559.075	309.786
   	60   	-1862.66	-876.955	-552.645	278.248
   	60   	-2003.03	-827.379	-552.645	258.389
   	60   	-1964.24	-844.692	-552.645	297.526
   	60   	-1896.22	-898.452	-552.645	309.402
   	60   	-1944.61	-817.611	-552.645	237.216
   	60   	-1800.1 	-842.45 	-552.645	266.127
   	60   	-1791.14	-825.786	-552.645	199.484
   	60   	-2015.73	-1008.42	-552.645	393.288
   	60   	-2035.92	-990.372	-552.645	312.964
   	60   	-2112.51	-1047.03	-552.645	387.517
   	60   	-2044.3 	-1021.89	-552.645	381.234
   	60   	-2120.06	-964.973	-552.645	356.33 
   	60   	-1958.47	-1024.13	-530.976	297.233
   	60   	-2088.45	-1065.19	-530.976	428.443
   	60   	-2232.36	-1154.71	-530.976	454.315
   	60   	-2122.19	-1017.59	-530.976	387.211
   	60   	-2134.13	-1039.14	-530.976	316.111
   	60   	-2107.12	-1070.19	-530.976	325.502
   	60   	-2126.7 	-1123.06	-530.976	415.042
   	60   	-2167.03	-1187.58	-530.976	436.939
   	60   	-2161.92	-1224.83	-530.976	449.544
   	60   	-2001.82	-995.72 	-530.976	277.279
   	60   	-1968.26	-1097.32	-530.976	443.5  
   	60   	-2179.47	-1255.14	-530.976	509.067
   	60   	-2161.71	-1363.9 	-530.976	475.861
   	60   	-2260.24	-1458.91	-530.976	418.994
   	60   	-2174.54	-1391.09	-530.976	538.043
   	60   	-2220.77	-1189.07	-530.976	320.986
   	60   	-2034.98	-1227.61	-530.976	461.287
   	60   	-2180.97	-1451.16	-530.976	472.168
   	60   	-2207.26	-1360.95	-530.976	495.155
   	60   	-1933.58	-1482.35	-530.976	287.165
   	60   	-2253.61	-1324.35	-530.976	498.494
   	60   	-2066.92	-1054.83	-530.976	174.885
   	60   	-2160.51	-1411.09	-530.976	479.949
   	60   	-1894.97	-839.777	-530.976	187.616
   	60   	-2167.69	-1358.12	-530.976	456.748
   	60   	-2180.26	-944.484	-530.976	110.912
   	60   	-1772.5 	-1106.53	-530.976	412.852
   	60   	-1959.08	-1039.78	-530.976	386.944
   	60   	-2039.25	-1400.14	-530.976	467.019
   	60   	-2035.46	-1755.12	-530.976	301.796
   	60   	-1949.16	-1193.68	-530.976	310.526
   	60   	-1614.52	-990.838	-530.976	179.863
   	60   	-1691.53	-773.298	-530.976	222.741
   	60   	-1837.72	-833.223	-530.976	151.065
   	60   	-1940.7 	-1710.82	-530.976	316.311
   	60   	-1880.66	-821.754	-530.976	334.508
   	60   	-2141.37	-1419.1 	-530.976	453.722
   	60   	-1962.22	-965.098	-530.976	205.554
   	60   	-1874.76	-1185.22	-530.976	444.921
   	60   	-2038.39	-1158.18	-530.976	125.371
   	60   	-1962.72	-786.145	-530.976	182.935
   	60   	-1009.38	-895.838	-530.976	60.5824
   	60   	-2123.1 	-1283.16	-530.976	148.264
   	60   	-1348.53	-1040.44	-530.976	122.066
   	60   	-2161   	-1854.44	-530.976	288.967
   	60   	-1970.8 	-1140.46	-530.976	257.752
   	60   	-1330.5 	-1151.48	-530.976	93.8831
   	60   	-1714.98	-966.58 	-530.976	347.39 
   	60   	-1914.67	-1510   	-530.976	228.084
   	60   	-1599.28	-1050.28	-530.976	198.891
   	60   	-1821.2 	-834.431	-530.976	242.211
   	60   	-1652.01	-672.857	-530.976	119.325
   	60   	-1205.6 	-1027.41	-530.976	180.875
   	60   	-1173.96	-929.591	-530.976	107.264
   	60   	-2167.9 	-1771.19	-530.976	388.992
   	60   	-1977.43	-1671.71	-530.976	370.755
   	60   	-2024.3 	-1590.52	-530.976	177.308
   	60   	-2135.98	-1242.05	-530.976	130.297
   	60   	-1977.18	-872.461	-530.976	200.027
   	60   	-2088.74	-1197.83	-530.976	225.569
   	60   	-1827.16	-1524.5 	-530.976	382.801
   	60   	-2125.39	-1787.55	-530.976	223.019
   	60   	-1910.49	-875.097	-530.976	262.906
   	60   	-1860.96	-1676.52	-530.976	340.177
   	60   	-2189.61	-1994.87	-530.976	308.922
   	60   	-2151.75	-807.306	-530.976	265.651
   	60   	-1899.96	-1727.53	-530.976	290.168
   	60   	-1829.64	-856.781	-530.976	293.271
   	60   	-1813.02	-1235.29	-530.976	178.864
   	60   	-1296.87	-1082.54	-530.976	112.613
   	60   	-1822.75	-948.396	-530.976	116.735
   	60   	-1810.31	-861.731	-530.976	320.655
   	60   	-1299.47	-1081.13	-530.976	135.569
   	60   	-1838.9 	-859.97 	-530.976	138.304
   	60   	-1762.96	-1542.88	-530.976	267.002
   	60   	-1652.64	-859.422	-530.976	192.056
   	60   	-2186.38	-1048.04	-530.976	335.566
   	60   	-1022.59	-981.182	-530.976	44.2729
   	60   	-2005.57	-1642.23	-530.976	268.726
   	60   	-1666.77	-975.244	-530.976	199.269
   	60   	-2132.64	-1204.4 	-530.976	246.21 
   	60   	-1826.95	-1668.98	-530.976	246.507
   	60   	-1758.11	-1050.74	-530.976	188.273
   	60   	-1851   	-1615.05	-530.976	379.742
   	60   	-1974.18	-1736.16	-530.976	273.337
   	60   	-1920.51	-1584.27	-530.976	205.493
   	60   	-2167.73	-2012.55	-530.976	279.097
gen	depth	min     	avg     	max     	std    
   	60   	-2117.89	-913.552	-597.795	285.795
   	60   	-1925.59	-868.587	-597.795	290.079
   	60   	-2014.97	-815.933	-595.883	262.561
   	60   	-1957.68	-833.274	-588.02 	219.419
   	60   	-2094.77	-931.497	-584.014	340.068
   	60   	-1882.67	-975.465	-584.014	377.898
   	60   	-2069.63	-917.769	-581.807	331.364
   	60   	-2077.37	-1087.84	-581.807	435.879
   	60   	-2063.28	-937.051	-566.602	345.363
   	60   	-1943.01	-973.679	-566.602	382.019
   	60   	-2053.05	-948.816	-566.602	312.831
   	60   	-1790.01	-863.027	-566.602	230.506
   	60   	-2097.65	-861.906	-566.602	256.897
   	60   	-2124.49	-920.722	-566.602	245.244
   	60   	-2158.75	-889.576	-536.93 	315.665
   	60   	-2185.28	-1260.49	-536.93 	416.015
   	60   	-2137.44	-1079.87	-536.93 	334.437
   	60   	-2056.92	-1066.34	-536.93 	381.33 
   	60   	-2075.51	-1050.3 	-536.93 	385.419
   	60   	-2133.26	-973.897	-536.93 	279.679
   	60   	-2219.75	-1673.29	-536.93 	468.13 
   	60   	-2114.88	-1130.79	-536.93 	447.003
   	60   	-2273.76	-1498.11	-536.93 	488.047
   	60   	-2204.96	-1493.14	-536.93 	421.961
   	60   	-2091.46	-1133   	-536.93 	426.701
   	60   	-2013.48	-1491.73	-536.93 	452.58 
   	60   	-2133.97	-1507.81	-536.93 	456.509
   	60   	-2155.74	-1237.42	-536.93 	399.091
   	60   	-2138.39	-1091.49	-536.93 	406.833
   	60   	-2211.65	-1410.95	-536.93 	458.148
   	60   	-2193.23	-1388.71	-536.93 	507.579
   	60   	-1998.83	-1046.1 	-536.93 	342.087
   	60   	-1989.56	-1028.29	-536.93 	264.846
   	60   	-2142.52	-1424.01	-536.93 	432.355
   	60   	-2160.44	-1327.11	-536.93 	417.511
   	60   	-2204.16	-1398.71	-536.93 	405.25 
   	60   	-2178.82	-1625.9 	-536.93 	350.42 
   	60   	-2111.54	-1218.4 	-531.868	439.648
   	60   	-2224.7 	-1278.94	-531.868	451.844
   	60   	-2170.39	-1246.44	-531.868	374.401
   	60   	-2206.74	-1258.63	-531.868	352.409
   	60   	-2186.11	-1552.89	-531.868	450.195
   	60   	-2175.77	-1238.76	-531.868	431.391
   	60   	-1732.03	-800.764	-531.868	185.99 
   	60   	-2206.42	-1393.64	-531.868	504.538
   	60   	-1954.97	-1080.32	-531.868	384.118
   	60   	-1861.51	-899.207	-531.868	190.514
   	60   	-2209.06	-1267.2 	-531.868	380.613
   	60   	-2155.04	-1068.05	-531.868	314.535
   	60   	-2049.42	-1497.95	-531.868	417.515
   	60   	-1992.08	-956.811	-531.868	343.874
   	60   	-2157.62	-1100.17	-531.868	296.519
   	60   	-1576.88	-913.323	-531.868	185.195
   	60   	-2122.31	-1333.43	-531.868	463.469
   	60   	-2082.23	-1018.02	-531.868	352.945
   	60   	-1683.97	-967.996	-531.868	175.695
   	60   	-2247.8 	-1585.35	-531.868	509.587
   	60   	-1988.4 	-826.366	-531.868	207.205
   	60   	-2161.91	-968.407	-531.868	400.335
   	60   	-2165.38	-1802.94	-531.868	288.048
   	60   	-1886.31	-1051.09	-531.868	312.21 
   	60   	-1264.19	-773.481	-531.868	125.524
   	60   	-1845.47	-1435.61	-531.868	258.624
   	60   	-2169.11	-1821.73	-531.868	342.868
   	60   	-2111.72	-1708.13	-531.868	210.234
   	60   	-2173.67	-1985.88	-531.868	182.51 
   	60   	-2102.63	-1632.8 	-531.868	288.34 
   	60   	-1952.21	-1439.64	-531.868	500.41 
   	60   	-2037.98	-1782.79	-531.868	376.458
   	60   	-1978.99	-1024.35	-531.868	392.594
   	60   	-1836.94	-993.654	-531.868	172.441
   	60   	-2215.38	-1487.86	-531.868	542.965
   	60   	-2155.18	-1602.55	-531.868	193.775
   	60   	-2162.21	-1414.5 	-531.868	380.314
   	60   	-2061.55	-831.745	-531.868	143.427
   	60   	-2075.52	-1761.95	-531.868	317.937
   	60   	-1891.06	-901.401	-531.868	274.867
   	60   	-1747.42	-964.109	-531.868	418.316
   	60   	-2048.04	-1880.08	-531.868	366.326
   	60   	-2011.99	-945.6  	-531.868	392.469
   	60   	-2049.43	-1612.86	-531.868	281.522
   	60   	-1882.79	-863.756	-531.868	274.544
   	60   	-1945.87	-960.64 	-531.868	179.976
   	60   	-2022.82	-1594.2 	-531.868	276.568
   	60   	-1961.12	-1827.12	-531.868	207.2  
   	60   	-1879.68	-1786.25	-531.868	226.936
   	60   	-1859.2 	-1055.64	-531.868	229.338
   	60   	-2071.51	-1242.49	-531.868	220.741
   	60   	-1260.57	-1092.41	-531.868	43.9955
   	60   	-2249.54	-1065.7 	-531.868	241.682
   	60   	-2008.05	-1854.02	-531.868	289.201
   	60   	-1951.6 	-832.055	-531.868	269.715
   	60   	-2155.29	-1772.9 	-531.868	430.002
   	60   	-1953.25	-1731.36	-531.868	213.236
   	60   	-1803.62	-1653.29	-531.868	63.1288
   	60   	-1784.2 	-1173.62	-531.868	419.611
   	60   	-1716.61	-675.924	-531.868	88.0711
   	60   	-1933.8 	-1726.53	-531.868	401.056
   	60   	-1879.56	-844.795	-531.868	264.143
   	60   	-1158.32	-1080.25	-531.868	111.24 
gen	depth	min     	avg     	max     	std    
   	60   	-2013.82	-963.703	-568.264	287.758
   	60   	-1867.83	-844.229	-568.264	215.205
   	60   	-1871.01	-810.894	-568.264	247.425
   	60   	-1990.17	-853.71 	-545.796	278.768
   	60   	-2067.5 	-859.765	-545.796	263.21 
   	60   	-2077.81	-915.033	-545.796	380.488
   	60   	-2041.54	-972.651	-545.796	379.942
   	60   	-2081.21	-1124.63	-545.796	438.918
   	60   	-2145.29	-1148.06	-545.796	457.634
   	60   	-1921.53	-933.103	-545.796	303.023
   	60   	-2075.99	-975.251	-545.796	379.015
   	60   	-2022.53	-1025.81	-545.796	333.654
   	60   	-2113.43	-1075.12	-545.796	410.117
   	60   	-2151.52	-1133.5 	-545.796	439.194
   	60   	-2103.22	-1161.95	-545.796	435.578
   	60   	-2000.6 	-986.681	-545.796	359.972
   	60   	-2101.23	-1218.59	-545.796	380.558
   	60   	-2157.55	-981.737	-545.796	400.179
   	60   	-2092.87	-1158.76	-545.796	329.611
   	60   	-2168.53	-1524.1 	-545.796	455.17 
   	60   	-2138.91	-1227.49	-545.796	397.957
   	60   	-2179.8 	-1396.38	-545.796	430.098
   	60   	-2064.39	-1046.95	-545.796	308.885
   	60   	-1872.38	-930.154	-545.796	345.901
   	60   	-2025.24	-886.328	-545.796	218.244
   	60   	-2119.67	-1456.82	-545.796	400.342
   	60   	-2123.89	-1140.61	-545.796	363.249
   	60   	-1988.04	-925.454	-545.796	298.003
   	60   	-2105.85	-963.739	-545.796	330.604
   	60   	-2013.06	-987.922	-545.796	362.33 
   	60   	-2100.86	-937.669	-545.796	387.177
   	60   	-2099.73	-1249.71	-545.796	534.683
   	60   	-2175.46	-1515.24	-545.796	461.531
   	60   	-2118.52	-1162.44	-545.796	336.961
   	60   	-2036.47	-1244.05	-545.796	419.026
   	60   	-1951.33	-954.938	-545.796	368.395
   	60   	-1963.41	-1028.79	-545.796	353.128
   	60   	-1685.49	-913.714	-545.796	116.66 
   	60   	-2216.33	-1446.9 	-545.796	476.958
   	60   	-2159.88	-1356.66	-545.796	515.458
   	60   	-1971.93	-987.578	-545.796	279.709
   	60   	-2222.01	-1582.34	-545.796	464.264
   	60   	-2181.5 	-1529.65	-545.796	397.857
   	60   	-2020.08	-1231.64	-545.796	370.671
   	60   	-1940.11	-1134.83	-545.796	335.327
   	60   	-2133.76	-1060.94	-545.796	336.06 
   	60   	-1391.3 	-934.097	-545.796	192.589
   	60   	-2076.06	-1020.04	-545.796	347.028
   	60   	-2041.93	-1068.08	-545.796	416.871
   	60   	-1340.54	-923.805	-545.796	169.917
   	60   	-1980.6 	-1180.81	-545.796	402.034
   	60   	-2159.74	-1087.11	-545.796	326.125
   	60   	-2106.07	-1787.37	-545.796	311.229
   	60   	-2055.6 	-1511.25	-545.796	430.412
   	60   	-2056.11	-888.879	-545.796	164.987
   	60   	-1986.89	-1045.47	-545.796	289.807
   	60   	-2077.9 	-1198.16	-545.796	340.433
   	60   	-1891.86	-884.157	-545.796	161.355
   	60   	-2130.56	-1503.98	-545.796	447.439
   	60   	-1961.98	-926.306	-545.796	252.01 
   	60   	-2034.38	-1529.05	-545.796	390.545
   	60   	-2217.54	-2046.24	-545.796	293.202
   	60   	-2139.85	-1051.61	-545.796	382.114
   	60   	-1816.64	-1111.47	-545.796	420.762
   	60   	-2150.95	-1338.85	-545.796	400.908
   	60   	-2091.25	-844.632	-545.796	180.988
   	60   	-2259.6 	-1529.4 	-545.796	498.431
   	60   	-2089.82	-1038.32	-545.796	276.256
   	60   	-2080.35	-1193.37	-545.796	362.342
   	60   	-2056.51	-1068.23	-545.796	309.995
   	60   	-2144.14	-1280.37	-545.796	185.481
   	60   	-2168.8 	-1133.61	-545.796	135.095
   	60   	-2132.03	-1490.68	-545.796	410.417
   	60   	-1894.09	-877.609	-545.796	265.138
   	60   	-2227.44	-1806.09	-545.796	306.19 
   	60   	-2204.25	-1745.65	-545.796	436.1  
   	60   	-1929.44	-1013.22	-545.796	168.975
   	60   	-2196.29	-1790.21	-545.796	336.944
   	60   	-1929.57	-865.944	-545.796	325.777
   	60   	-2178.89	-1800.76	-545.796	490.574
   	60   	-2054.51	-961.358	-545.796	245.704
   	60   	-1207.91	-931.079	-545.796	134.881
   	60   	-2124.48	-1421.43	-545.796	587.058
   	60   	-2091.65	-1654.41	-545.796	420.833
   	60   	-2102.51	-1437.94	-545.796	391.351
   	60   	-2161.21	-1281.29	-545.796	389.278
   	60   	-2094.98	-1055.39	-545.796	390.616
   	60   	-1902.11	-978.682	-545.796	130.066
   	60   	-2235.2 	-1603.04	-545.796	394.213
   	60   	-1861.35	-935.373	-545.796	348.438
   	60   	-2095.5 	-1534.68	-545.796	249.524
   	60   	-2133.67	-949.817	-545.796	288.277
   	60   	-1214.83	-1092.43	-545.796	153.058
   	60   	-1878.48	-1673.38	-545.796	307.502
   	60   	-2178.25	-1223.95	-545.796	217.648
   	60   	-1273.66	-762.402	-545.796	102.744
   	60   	-1904.67	-1440.7 	-545.796	484.717
   	60   	-1862.06	-1093.69	-545.796	147.902
   	60   	-2031.51	-1585.33	-545.796	437.97 
   	60   	-1987.42	-795.43 	-545.796	198.472
