gen	min         	avg     	max     	std    
0  	-49313.2    	-2748.1 	-1828.52	2756.76
1  	-49289.9    	-2761.77	-1828.52	2762.2 
2  	-49489.3    	-2791.6 	-1821.69	2846.11
3  	-49588.6    	-2809.03	-1821.69	2855.84
4  	-49482.9    	-2836.37	-1791.89	2880.97
5  	-50495.4    	-2850.95	-1784.99	2895.79
6  	-50939.2    	-2928.38	-1784.99	3323.83
7  	-50906.7    	-2952.08	-1784.99	3328.31
8  	-49998.8    	-2963.47	-1784.99	3319.61
9  	-50096.2    	-2955.09	-1772.53	3290.62
10 	-50096.2    	-2969.89	-1772.53	3285   
11 	-50353.4    	-2988.5 	-1772.53	3295.96
12 	-57568      	-3010.67	-1767.23	3543.99
13 	-57510.5    	-3100.79	-1767.23	4016.19
14 	-57467.5    	-3125.07	-1759.03	4048.74
15 	-57467.5    	-3133.22	-1759.03	4057.35
16 	-57474.8    	-3175.04	-1759.03	4246.86
17 	-57458.2    	-3187.74	-1759.03	4227.33
18 	-58308      	-3204.26	-1759.03	4279.32
19 	-57804.8    	-3220.06	-1759.03	4235.72
20 	-58019.7    	-3224.96	-1759.03	4240.48
21 	-58038.4    	-3241.92	-1750.98	4263.48
22 	-58074.4    	-3267.4 	-1750.98	4264.98
23 	-58057.6    	-3278.03	-1750.98	4277.45
24 	-58057.6    	-3300.32	-1750.98	4293.68
25 	-185988     	-3699.36	-1750.98	9233.36
26 	-185646     	-3710.62	-1750.29	9220.89
27 	-175870     	-3755.26	-1750.29	9045.93
28 	-175898     	-3802.14	-1750.29	9069.53
29 	-162834     	-3737.09	-1750.29	8402.92
30 	-156064     	-3744.19	-1750.29	8150.31
31 	-156087     	-3755.41	-1750.29	8151.4 
32 	-157264     	-3775.04	-1750.29	8188.7 
33 	-156365     	-3766.18	-1750.29	8158.32
34 	-156365     	-3770.85	-1750.29	8155.43
35 	-156335     	-3788.45	-1750.29	8158.21
36 	-156336     	-3796.48	-1750.29	8146.37
37 	-156327     	-3826.49	-1750.29	8153.17
38 	-1.26895e+06	-6054.41	-1750.29	56709.4
39 	-1.26897e+06	-6079.98	-1750.29	56710  
40 	-1.26869e+06	-6132.66	-1750.29	56714.5
41 	-1.26889e+06	-6126.75	-1750.29	56708.4
42 	-1.26888e+06	-6219.86	-1750.29	56729  
43 	-1.26889e+06	-6221.22	-1750.29	56727.4
44 	-1.26889e+06	-6230.88	-1750.29	56726.5
45 	-1.26898e+06	-7202.57	-1750.29	60712.5
46 	-1.30396e+06	-7213.36	-1750.29	62165.1
47 	-1.30396e+06	-7229.55	-1750.29	62143.7
48 	-1.26918e+06	-7312.06	-1750.29	60722.9
49 	-1.26886e+06	-7332.96	-1750.29	60708.7
50 	-1.26886e+06	-7342.74	-1750.29	60709.9
51 	-1.26897e+06	-7367.8 	-1750.29	60716.7
52 	-1.26888e+06	-7399.39	-1750.29	60719.8
53 	-1.26879e+06	-7617.8 	-1750.29	60791.8
54 	-1.2689e+06 	-7638.78	-1750.29	60800.8
55 	-1.26939e+06	-7669.76	-1750.29	60829.3
56 	-1.2693e+06 	-7702.38	-1750.29	60816.6
57 	-1.2697e+06 	-8362.05	-1750.29	61687.1
58 	-1.2697e+06 	-8359.9 	-1750.29	61704.8
59 	-1.26922e+06	-8434.21	-1750.29	61693.1
60 	-1.2705e+06 	-8472.73	-1750.29	61768.9
61 	-1.26926e+06	-8462.8 	-1750.29	62169.4
62 	-1.26926e+06	-7499.08	-1750.29	57861.7
63 	-1.27437e+06	-7535.27	-1750.29	58074.3
64 	-1.2741e+06 	-7557.26	-1750.29	58062.3
65 	-1.2741e+06 	-7604.56	-1750.29	58041.1
66 	-1.269e+06  	-7623.18	-1750.29	57813.9
67 	-1.27023e+06	-7662.94	-1750.29	57839  
68 	-1.26885e+06	-7661.95	-1750.29	57770.1
69 	-1.27078e+06	-7748.54	-1750.29	57898.1
70 	-1.2697e+06 	-7811.76	-1750.29	57825.4
71 	-1.2697e+06 	-7715.86	-1750.29	57811.9
72 	-1.26983e+06	-7726.56	-1750.29	57816.9
73 	-1.26984e+06	-7754.79	-1750.29	57795.4
74 	-1.26983e+06	-7742.6 	-1750.29	57784  
75 	-1.27001e+06	-7812.92	-1750.29	57828  
76 	-1.27073e+06	-7829.78	-1750.29	57854.3
77 	-1.26987e+06	-8236.4 	-1750.29	58497.8
78 	-1.2698e+06 	-8244.28	-1750.29	58506.7
79 	-1.26965e+06	-8259.64	-1750.29	58507.8
80 	-1.26918e+06	-8273.77	-1750.29	58425.7
81 	-1.27019e+06	-8289.98	-1750.29	58490.4
82 	-1.27019e+06	-8497.5 	-1750.29	59037.2
83 	-1.27017e+06	-8515.04	-1750.29	58898.9
84 	-1.26943e+06	-8549.65	-1750.29	58859.7
85 	-1.26908e+06	-9947.88	-1750.29	66338.2
86 	-1.27112e+06	-9978.18	-1750.29	66335.2
87 	-1.27111e+06	-10056.8	-1750.29	66405.2
88 	-1.27111e+06	-10071.6	-1750.29	66421.3
89 	-1.26925e+06	-10175.6	-1750.29	66346.7
90 	-1.26985e+06	-10423.6	-1750.29	66582.6
91 	-1.27017e+06	-10432.5	-1750.29	66519.8
92 	-1.27016e+06	-10489.2	-1750.29	66533.4
93 	-1.27016e+06	-10500.5	-1750.29	66565.3
94 	-1.26963e+06	-10661.5	-1750.29	66598.5
95 	-1.2709e+06 	-10688  	-1750.29	66645.5
96 	-1.2709e+06 	-10723.3	-1750.29	66600  
97 	-1.26952e+06	-10952.2	-1750.29	66701.9
98 	-1.27229e+06	-10991.1	-1750.29	66817.7
99 	-1.27224e+06	-11116.7	-1750.29	67110.7
