gen	min     	avg     	max     	std    
0  	-33461.4	-2789.05	-1835.12	2335.89
1  	-26125.9	-2749.47	-1792.89	1911.47
2  	-24462.3	-2734.03	-1791.89	1645.36
3  	-24424  	-2749.67	-1791.89	1649.83
4  	-24506.4	-2759.85	-1791.89	1632.84
5  	-12810.5	-2719.9 	-1791.89	1350.38
6  	-11225.8	-2703.04	-1791.89	1234.67
7  	-11225.8	-2722.12	-1791.89	1293.03
8  	-11124  	-2731.57	-1791.89	1306.3 
9  	-11018.5	-2740.49	-1779.09	1303.1 
10 	-11017.5	-2747.19	-1779.09	1296.85
11 	-11166.6	-2733.26	-1767.95	1221.28
12 	-9823.87	-2723.29	-1767.95	1184.44
13 	-9799.09	-2729.24	-1767.95	1153.19
14 	-9844.31	-2753.2 	-1767.95	1194.01
15 	-9864.48	-2760.06	-1767.95	1182.36
16 	-9868.78	-2754.71	-1767.95	1150.52
17 	-9736.5 	-2748.4 	-1767.95	1118.34
18 	-9199.5 	-2727.12	-1767.95	1018.62
19 	-16546.3	-2760.27	-1767.95	1170.08
20 	-9188.82	-2739.5 	-1767.95	986.452
21 	-9235.96	-2745.52	-1767.95	978.567
22 	-8734.39	-2745.67	-1767.95	920.536
23 	-8224.81	-2737.83	-1755.37	864.314
24 	-8059.48	-2735.05	-1755.37	845.454
25 	-11080.4	-2782.53	-1755.37	980.044
26 	-9909.55	-2773.49	-1755.37	940.55 
27 	-9904.83	-2775.49	-1755.37	923.17 
28 	-8065.61	-2785.18	-1755.37	932.037
29 	-7687.92	-2782.98	-1755.37	865.306
30 	-7659.85	-2782.27	-1755.37	819.248
31 	-8782.44	-2792.31	-1755.37	865.296
32 	-10295.2	-2830.06	-1755.37	971.424
33 	-9208.59	-2846.93	-1755.37	948.32 
34 	-10108.1	-2860.92	-1755.37	996.678
35 	-9767.57	-2860.2 	-1755.37	969.705
36 	-9027.62	-2857.51	-1755.37	986.534
37 	-8243.23	-2858.18	-1755.37	970.492
38 	-8607.87	-2863.13	-1755.37	1001.87
39 	-10744.3	-2891.01	-1755.37	1053.58
40 	-11110.8	-2907.01	-1755.37	1106.22
41 	-15901.9	-2939.74	-1755.37	1222.03
42 	-10919.4	-2923.97	-1755.37	1084.37
43 	-10723.5	-2933.77	-1755.37	1072.42
44 	-7864.84	-2927.12	-1755.37	1030.53
45 	-9249.84	-2936.29	-1755.37	1061.86
46 	-8107.47	-2933.06	-1755.37	1015.35
47 	-8010.59	-2937.58	-1755.37	1013.2 
48 	-8729.54	-2938.93	-1755.37	1030.83
49 	-9433.42	-2959.42	-1755.37	1028.28
50 	-9881.28	-2980.23	-1755.37	1092   
51 	-9547.78	-2976.84	-1755.37	1057.16
52 	-9562.56	-2968.99	-1755.37	1015.64
53 	-15560.3	-3002.29	-1755.37	1168.87
54 	-9696.05	-2987.05	-1755.37	1021.34
55 	-8873.07	-3007.56	-1755.37	1021.67
56 	-7880.42	-3007.73	-1755.37	1000.33
57 	-7889.36	-3033.16	-1755.37	1024.91
58 	-7941.57	-3028.49	-1755.37	1008.78
59 	-7904.85	-3042.43	-1755.37	1025.14
60 	-7623.94	-3050.36	-1755.37	1040.62
61 	-9360.51	-3052.08	-1755.37	1047.28
62 	-26957.7	-3130.48	-1755.37	1556.37
63 	-23051.2	-3136.5 	-1755.37	1470.28
64 	-11609.6	-3118.84	-1755.37	1186.63
65 	-17834.4	-3145.83	-1755.37	1374.68
66 	-15181.5	-3169.97	-1755.37	1345.49
67 	-10821.9	-3153.84	-1755.37	1245.24
68 	-10790  	-3155.72	-1755.37	1216.65
69 	-10190.6	-3154.5 	-1755.37	1158.98
70 	-8804.2 	-3148.97	-1755.37	1123.77
71 	-8148.34	-3142.88	-1755.37	1093.3 
72 	-7979.35	-3141.83	-1755.37	1113.45
73 	-8911.03	-3152.54	-1755.37	1172.88
74 	-9554.46	-3153.5 	-1755.37	1168.35
75 	-14992.4	-3188.15	-1755.37	1327.99
76 	-16058.1	-3242.18	-1755.37	1439.78
77 	-15358.8	-3248.51	-1755.37	1376.05
78 	-11624  	-3272.21	-1755.37	1342.6 
79 	-9548.92	-3263.04	-1755.37	1302.02
80 	-9545.92	-3280.77	-1755.37	1301.43
81 	-9340.81	-3284.85	-1755.37	1265.33
82 	-9241.08	-3295.64	-1753.85	1247.69
83 	-8907.34	-3285.75	-1753.85	1255.1 
84 	-8891.9 	-3286   	-1753.85	1233.86
85 	-9764.83	-3290.13	-1753.85	1264.33
86 	-8880.44	-3294.71	-1753.85	1269.29
87 	-8863.84	-3294.72	-1753.85	1274.32
88 	-8881.13	-3288.35	-1753.85	1231.84
89 	-9152.59	-3282.09	-1753.85	1230.69
90 	-8752.8 	-3295.26	-1753.85	1228.41
91 	-8576.73	-3306.47	-1753.85	1224.86
92 	-9429.26	-3313.85	-1753.85	1223.82
93 	-8209.69	-3307.34	-1753.85	1166.77
94 	-9143.29	-3333.03	-1753.85	1215.4 
95 	-9215.19	-3342.18	-1753.85	1235.49
96 	-9049.49	-3355.02	-1753.85	1279.17
97 	-9005.49	-3355.85	-1753.85	1267.06
98 	-11625.1	-3365.2 	-1753.85	1312.46
99 	-11607  	-3374.12	-1753.85	1306.96
