gen	min         	avg     	max     	std    
0  	-277946     	-16024.3	-4893.12	25623.1
1  	-228354     	-15589.7	-4893.12	22742.7
2  	-192788     	-15182.9	-4893.12	20747.4
3  	-191641     	-14967.7	-4872.15	19343.9
4  	-189383     	-14674.9	-4872.15	17693.6
5  	-188814     	-14766.8	-4872.15	17622.7
6  	-151918     	-14607.1	-4872.15	16113.4
7  	-137146     	-14501.6	-4815.15	15049.2
8  	-129206     	-14457.1	-4815.15	14473.1
9  	-134693     	-14671.3	-4815.15	15044.4
10 	-134319     	-14776.2	-4815.15	14764.9
11 	-116257     	-14620.8	-4815.15	14165.7
12 	-106512     	-14512.4	-4740.29	13048.8
13 	-106010     	-14388.6	-4740.29	12243.2
14 	-118870     	-14807.8	-4740.29	13380.1
15 	-116750     	-15021.2	-4740.29	13507.5
16 	-103974     	-14911.8	-4740.29	12758.1
17 	-104571     	-14783  	-4606.31	12209  
18 	-107931     	-14966.5	-4606.31	12352.7
19 	-92155.1    	-15072.4	-4606.31	11663.5
20 	-92140.1    	-15287.6	-4606.31	11987.7
21 	-92237.6    	-15245  	-4606.31	11404.2
22 	-89949.9    	-15300.9	-4606.31	11277.4
23 	-83951.4    	-15247.5	-4606.31	10615.2
24 	-75179.5    	-15288.5	-4606.31	10284.3
25 	-77978      	-15401.7	-4606.31	10421.4
26 	-73444.3    	-15574.5	-4599.01	10621.9
27 	-1.73843e+06	-19620.7	-4599.01	78130.7
28 	-163358     	-16416.1	-4599.01	13810.2
29 	-166621     	-16451.1	-4599.01	13761.3
30 	-113473     	-16331.8	-4599.01	12441.2
31 	-84190.1    	-16249.9	-4599.01	11677.7
32 	-84192.1    	-16459.6	-4599.01	11653.4
33 	-75072.3    	-16342.5	-4599.01	11146.9
34 	-84225.1    	-16310.9	-4599.01	11359.2
35 	-74322.5    	-16246.9	-4599.01	10853.9
36 	-73813.9    	-16388.9	-4599.01	11015.1
37 	-71619      	-16603.8	-4599.01	11199.8
38 	-94324.8    	-16824  	-4599.01	11598.9
39 	-107438     	-16915.5	-4599.01	11773.7
40 	-71197.6    	-16926.7	-4599.01	11450.2
41 	-70763.2    	-17219.2	-4599.01	11686  
42 	-100413     	-17224.6	-4599.01	11841.5
43 	-100563     	-17298.7	-4599.01	11602.8
44 	-70722.6    	-17581.3	-4599.01	11872.3
45 	-76786.7    	-17685.8	-4599.01	12210.7
46 	-71651.9    	-17889.8	-4599.01	11996.7
47 	-71748.2    	-17898.7	-4599.01	12060  
48 	-69326.1    	-17892.1	-4599.01	11918  
49 	-87501.8    	-17943.7	-4599.01	11856.3
50 	-87492.7    	-18283.7	-4599.01	12056.3
51 	-73330.4    	-18582.3	-4599.01	12087  
52 	-77368.7    	-18629.8	-4599.01	11712.4
53 	-101139     	-18898.5	-4599.01	12699.2
54 	-99888.3    	-19000.7	-4599.01	12625.2
55 	-99546      	-18992  	-4599.01	12488.1
56 	-91800.3    	-19064.3	-4599.01	12481.5
57 	-89090.1    	-19345.8	-4599.01	12724.4
58 	-92124.1    	-19675.7	-4599.01	13588.6
59 	-92124.4    	-19834.3	-4599.01	13369.5
60 	-91476.6    	-19835.8	-4599.01	12987.7
61 	-90262.1    	-19900.8	-4599.01	12745.1
62 	-77985.7    	-19784.1	-4599.01	12496.9
63 	-105962     	-19776.9	-4599.01	12813.5
64 	-78919.6    	-19826.7	-4599.01	12387.1
65 	-74323.9    	-19909.2	-4599.01	12325.6
66 	-74289.4    	-20015.6	-4599.01	12228.9
67 	-92032.3    	-20405.3	-4599.01	13124.1
68 	-96989.5    	-20606  	-4599.01	13449.1
69 	-96989.5    	-20716.7	-4599.01	13275.8
70 	-88356.5    	-20829  	-4599.01	13051.5
71 	-88405.5    	-21020.7	-4599.01	13407.7
72 	-88150.1    	-20942.5	-4599.01	13052.7
73 	-85874.4    	-20979.7	-4599.01	12560.6
74 	-83092.5    	-21063.2	-4599.01	12541.8
75 	-82791.6    	-20943.8	-4599.01	12367.3
76 	-85262.4    	-21151.3	-4599.01	12801.8
77 	-68650.8    	-21022.5	-4599.01	11936.7
78 	-68401.8    	-21091.5	-4599.01	11958.4
79 	-69535.2    	-21279.2	-4599.01	12059.8
80 	-69532      	-21415.1	-4599.01	11942.9
81 	-65536.7    	-21458.8	-4599.01	12208.2
82 	-78392.7    	-21526.5	-4599.01	12526.8
83 	-69928      	-21715.7	-4599.01	12408.1
84 	-105925     	-22027.4	-4599.01	12934.8
85 	-76933.9    	-21940.9	-4599.01	12264.9
86 	-134763     	-22327.1	-4599.01	13720.8
87 	-122034     	-22511  	-4599.01	13878.4
88 	-118404     	-22619.7	-4599.01	13875.8
89 	-136174     	-22931.2	-4599.01	14908.2
90 	-107362     	-22837.4	-4599.01	13740  
91 	-96035.3    	-22878.2	-4599.01	13498.9
92 	-95681.3    	-22963.1	-4599.01	13539.6
93 	-99036.1    	-23392.8	-4599.01	13764.4
94 	-90749.2    	-23422.5	-4599.01	13557.6
95 	-288354     	-24149.5	-4599.01	18581.8
96 	-92580.8    	-23591.9	-4599.01	14126.6
97 	-110030     	-23717.5	-4599.01	14308.1
98 	-108017     	-23865.5	-4599.01	14121.4
99 	-100796     	-23962.5	-4599.01	14253.1
