gen	min     	avg     	max     	std    
0  	-267355 	-7038.61	-3054.09	16139.9
1  	-188614 	-6567.84	-3004.42	11211.4
2  	-188614 	-6586.21	-2912.27	11224.9
3  	-60282  	-5994.24	-2912.27	5008.8 
4  	-45551.9	-5958.43	-2912.27	4605.29
5  	-45166.4	-5864.05	-2912.27	4239.82
6  	-38880.1	-5885.37	-2912.27	4038.74
7  	-38880.1	-5925.5 	-2912.27	4187.96
8  	-50968.2	-6067.84	-2912.27	4548.04
9  	-51124  	-6113.3 	-2912.27	4527.02
10 	-35527.6	-6097.05	-2912.27	4104.22
11 	-34058.8	-6108.01	-2909.27	4183.87
12 	-32780.8	-6138.69	-2909.27	4022.67
13 	-52984.5	-6270.04	-2909.27	4532.87
14 	-32795.1	-6257.99	-2909.27	3972.57
15 	-33834.4	-6408.13	-2909.27	4321.34
16 	-32853.5	-6396.09	-2909.27	4109.18
17 	-32902.1	-6396.92	-2909.27	3986.92
18 	-31451.7	-6444.55	-2909.27	3934.35
19 	-31414.3	-6477.52	-2909.27	3970.45
20 	-28990.3	-6504.43	-2909.27	3870.61
21 	-29641.6	-6526.3 	-2909.27	3836.2 
22 	-29643.6	-6608.69	-2909.27	3983.16
23 	-53687.8	-6787.59	-2909.27	4568.71
24 	-30236.3	-6757.22	-2909.27	4306.99
25 	-30262.1	-6699.72	-2909.27	4154.56
26 	-29008.8	-6808.77	-2909.27	4263.1 
27 	-27314.5	-6795.01	-2909.27	4104.96
28 	-29110.1	-6912.65	-2909.27	4307.24
29 	-28025.4	-6921.41	-2909.27	4315.89
30 	-28079.8	-6944.33	-2909.27	4213.25
31 	-27174.2	-6971.97	-2909.27	4175.35
32 	-26306.7	-7000.88	-2909.27	3920.02
33 	-25696.3	-6999.01	-2909.27	3875.2 
34 	-28328.7	-7095.39	-2909.27	4001.44
35 	-34319  	-7075.68	-2909.27	4077.83
36 	-27899  	-7032.85	-2909.27	3857.42
37 	-26049.2	-7015.23	-2908.04	3756.36
38 	-26257.9	-7046.18	-2908.04	3886.76
39 	-26969.9	-7058.65	-2908.04	3823.9 
40 	-25794.8	-7049.68	-2908.04	3741.94
41 	-26306.5	-7055.21	-2908.04	3612.79
42 	-27717.7	-7113.54	-2908.04	3707.19
43 	-27717.7	-7084.65	-2908.04	3729.2 
44 	-25846.3	-7159.93	-2908.04	3736.53
45 	-22282.3	-7196.53	-2908.04	3623.91
46 	-25575.3	-7298.29	-2908.04	3833.32
47 	-24361.1	-7286.16	-2908.04	3792.45
48 	-25266  	-7331.72	-2908.04	3947.98
49 	-30831.2	-7356.28	-2908.04	3900.71
50 	-29422.8	-7375.22	-2908.04	3878.91
51 	-30079.9	-7513.74	-2908.04	4008.11
52 	-26691  	-7560.94	-2908.04	3841.97
53 	-23407.9	-7653.23	-2908.04	3843.2 
54 	-30097.9	-7749.09	-2908.04	4114.42
55 	-28713.9	-7789.48	-2908.04	4065.7 
56 	-36533.1	-7823.18	-2908.04	4271.12
57 	-117450 	-8420.54	-2908.04	8164.38
58 	-96210.9	-8245.27	-2908.04	6475.55
59 	-71699.8	-8117.48	-2908.04	5150.34
60 	-71376  	-8196.89	-2908.04	5211.2 
61 	-44128.7	-8191.63	-2908.04	4593.96
62 	-37237.9	-8212.57	-2908.04	4570.82
63 	-63584.3	-8379.91	-2908.04	5321.19
64 	-48376.4	-8396.9 	-2908.04	5192.25
65 	-42558.6	-8397.54	-2908.04	5077.04
66 	-39763.9	-8394.57	-2908.04	4895.12
67 	-39763.9	-8458.07	-2908.04	4760.02
68 	-38993.7	-8535.37	-2908.04	4843.88
69 	-38813.6	-8602.5 	-2908.04	4960.09
70 	-39105.4	-8596.55	-2908.04	4993.33
71 	-53464.9	-8713.73	-2908.04	5340.85
72 	-40485.5	-8767.63	-2908.04	5337.65
73 	-40044.8	-8747.36	-2908.04	5136.53
74 	-40050.3	-8698.2 	-2908.04	5095.86
75 	-40143.4	-8763.74	-2908.04	5148.18
76 	-36458.7	-8710.25	-2908.04	4860.97
77 	-31393.6	-8756.02	-2908.04	4731.87
78 	-31224.6	-8779.43	-2908.04	4729.64
79 	-45268.5	-8850.2 	-2908.04	5161.01
80 	-43113.4	-8838.01	-2908.04	4924.96
81 	-31292.1	-8776.26	-2908.04	4723.9 
82 	-46758.7	-8923.17	-2908.04	5090.09
83 	-31631.3	-8909.61	-2908.04	4866.75
84 	-31751.5	-8891.85	-2908.04	4728.87
85 	-31704.7	-8995.48	-2908.04	4965.21
86 	-43865.1	-9052.18	-2908.04	5019.92
87 	-35350.9	-9052.52	-2908.04	5024.22
88 	-31991.5	-9099.31	-2908.04	4977.71
89 	-30167.7	-9118.87	-2908.04	5053.9 
90 	-29510.4	-9181.45	-2908.04	4974.68
91 	-29008.1	-9200.44	-2908.04	4892.05
92 	-71121  	-9415.05	-2908.04	5881.4 
93 	-48446.6	-9309.43	-2908.04	5288.84
94 	-42550.3	-9413.82	-2908.04	5340.56
95 	-42857.9	-9463.45	-2908.04	5438.76
96 	-40256.3	-9569.9 	-2908.04	5360.91
97 	-35869.1	-9576.34	-2908.04	5179.99
98 	-49461.7	-9667.93	-2908.04	6088.7 
99 	-57998.3	-9787.47	-2908.04	6337.15
