gen	min     	avg     	max     	std    
0  	-142972 	-3241.47	-1803.44	8717.54
1  	-127071 	-2995.33	-1803.44	6078.06
2  	-40886.9	-2758.94	-1803.44	2493.08
3  	-30820.4	-2711.77	-1803.44	1936.98
4  	-18045.1	-2688.24	-1803.44	1555.04
5  	-16676.1	-2664.6 	-1802.44	1421.92
6  	-14815.1	-2673.45	-1802.44	1368.38
7  	-13045.4	-2664.4 	-1802.44	1229   
8  	-11750.7	-2642.81	-1802.44	1137.11
9  	-11000.1	-2629.53	-1802.44	1082.78
10 	-9114.92	-2624.12	-1802.44	1027.05
11 	-8726.88	-2623.57	-1802.44	989.296
12 	-8741.36	-2619.15	-1802.44	951.305
13 	-8301.11	-2620.19	-1800.83	919.635
14 	-8355.36	-2640.66	-1787.83	930.969
15 	-8241.88	-2638.69	-1787.83	898.367
16 	-8573.49	-2631.89	-1787.83	844.202
17 	-8573.49	-2663.46	-1787.83	900.532
18 	-13453.8	-2685.85	-1787.83	994.048
19 	-8491.1 	-2666.15	-1787.83	857.247
20 	-8087.51	-2669.59	-1787.83	842.582
21 	-8204.53	-2681.7 	-1787.83	837.636
22 	-6713.11	-2677.35	-1787.83	807.257
23 	-37122.5	-2762.5 	-1787.83	1743.05
24 	-37273.9	-2814.34	-1787.83	1839.57
25 	-10635.8	-2768.06	-1787.83	1022.29
26 	-12442.6	-2790.25	-1787.83	1074.9 
27 	-12530.4	-2801.71	-1787.83	1113.88
28 	-9507.06	-2794.89	-1787.83	1042.63
29 	-8971.56	-2786.07	-1787.83	1015.34
30 	-9097.47	-2786.76	-1787.83	996.306
31 	-8132.55	-2796.32	-1787.83	979.874
32 	-7661.83	-2803.29	-1787.83	955.434
33 	-8267.81	-2815.74	-1787.83	989.137
34 	-7649.26	-2820.3 	-1787.83	971.098
35 	-8207.66	-2833.37	-1786.88	989.866
36 	-7570.02	-2828.2 	-1786.88	959.082
37 	-9061.86	-2849.19	-1786.88	1025.25
38 	-8576.24	-2869.43	-1786.88	1022.3 
39 	-7900.15	-2867.76	-1786.88	966.418
40 	-9452.02	-2886.49	-1786.88	1031.68
41 	-8487.73	-2888.4 	-1786.88	1004.62
42 	-8475.34	-2917.16	-1786.88	1041.65
43 	-8288.01	-2915.14	-1786.88	1037.11
44 	-7950.93	-2901.97	-1786.88	1033.73
45 	-7339.4 	-2905.18	-1786.88	1019.2 
46 	-7352.4 	-2922.63	-1786.88	1056.48
47 	-7783.53	-2941.52	-1786.88	1060.65
48 	-9078.58	-2952.35	-1786.88	1133.88
49 	-11888  	-2996.07	-1786.88	1215.27
50 	-11885.3	-3006.43	-1786.88	1211.54
51 	-8478.95	-3001.05	-1786.88	1149.02
52 	-8701.53	-2994.05	-1786.88	1146.92
53 	-8736.5 	-2978.44	-1786.88	1120.94
54 	-8603.5 	-2976.61	-1786.88	1081.45
55 	-8550.8 	-2964.35	-1786.88	1056.23
56 	-8533.9 	-2995.1 	-1786.88	1091.61
57 	-8436.45	-2983.32	-1786.88	1018.59
58 	-8275.8 	-3000.22	-1786.88	1017.28
59 	-8013.7 	-3000.02	-1786.88	1017.04
60 	-7965.04	-3007.03	-1786.88	1010.83
61 	-7481.07	-3011   	-1786.88	1008.59
62 	-10137.9	-3040.16	-1786.88	1089.66
63 	-10023.6	-3051.69	-1786.88	1088.07
64 	-9254.81	-3056.26	-1786.88	1061.45
65 	-8387.95	-3048.24	-1786.88	1036.45
66 	-7955.13	-3049.42	-1786.88	1005.54
67 	-7700.58	-3054.17	-1786.88	985.416
68 	-11298.1	-3086.05	-1786.88	1067.09
69 	-8560.62	-3079.4 	-1786.88	1026.25
70 	-10050.3	-3095.58	-1786.88	1082.48
71 	-9717.12	-3106.15	-1774.75	1058.33
72 	-9259.48	-3098.01	-1774.75	1006.64
73 	-9773.35	-3112.77	-1774.75	1064.98
74 	-8109.09	-3123.56	-1774.75	1067.95
75 	-7880.22	-3116.98	-1772.89	1013.05
76 	-7481.88	-3116.13	-1772.89	1005.95
77 	-6884.54	-3114.1 	-1772.89	944.864
78 	-6885.92	-3119.45	-1770.89	931.743
79 	-8230.18	-3141.49	-1770.89	953.103
80 	-7843.12	-3144.7 	-1770.89	964.601
81 	-7914.66	-3148   	-1770.89	1025.74
82 	-7940.05	-3145.12	-1770.89	998.667
83 	-14933.3	-3180.73	-1770.89	1142.86
84 	-7580.99	-3167.52	-1770.89	1012.57
85 	-7546.03	-3179.72	-1770.89	1012.95
86 	-8716.84	-3189.62	-1770.89	1028.2 
87 	-8727.84	-3200.26	-1767.53	1052.66
88 	-8719.84	-3211.23	-1767.53	1105.91
89 	-8976.52	-3217.09	-1767.53	1117.36
90 	-8774.98	-3239.96	-1767.53	1138.14
91 	-8770.58	-3234.25	-1767.53	1158.47
92 	-8682.92	-3252.17	-1767.53	1151.89
93 	-7855.71	-3261.48	-1767.53	1167.3 
94 	-8018.77	-3272.82	-1767.53	1176.08
95 	-8812.94	-3273.35	-1767.53	1163.59
96 	-7917.04	-3270.93	-1767.53	1126.81
97 	-7917.04	-3280.39	-1767.53	1155.44
98 	-7703.02	-3271.35	-1767.53	1079.81
99 	-8232.52	-3270.37	-1767.53	1065.92
