gen	min     	avg     	max     	std    
0  	-23037.9	-2759.02	-1853.43	1558.07
1  	-23044  	-2774.55	-1853.43	1732.07
2  	-21125.9	-2747.97	-1853.43	1455.28
3  	-14566.3	-2745.55	-1853.43	1200.33
4  	-11519.4	-2726.19	-1853.43	1080.73
5  	-11303.9	-2725.75	-1853.43	1070.42
6  	-10252.2	-2721.26	-1853.43	995.772
7  	-10279.9	-2729.26	-1853.43	977.673
8  	-8029.82	-2730.33	-1853.43	939.27 
9  	-7939.26	-2727.84	-1853.43	925.14 
10 	-7627.02	-2730.72	-1853.43	911.493
11 	-7597.8 	-2741.54	-1853.43	888.157
12 	-7563.9 	-2741.57	-1820.52	868.524
13 	-7637.95	-2748.73	-1816.91	868.926
14 	-6923.49	-2750.39	-1816.91	852.537
15 	-6701.36	-2742.47	-1816.91	821.683
16 	-6599.21	-2750.55	-1816.91	827.674
17 	-8149.1 	-2772.68	-1816.91	905.919
18 	-7766.47	-2768.69	-1816.91	860.722
19 	-7299.22	-2771.02	-1816.91	866.169
20 	-13316  	-2797.1 	-1816.91	969.446
21 	-7289.75	-2785.56	-1816.91	842.764
22 	-7347.62	-2787.79	-1816.91	844.468
23 	-34977.8	-2933.27	-1816.91	2029.31
24 	-25634.8	-2884.79	-1816.91	1425.58
25 	-25639  	-2889.74	-1816.91	1421.96
26 	-12604.3	-2879.51	-1816.91	1090.59
27 	-12507.3	-2872.47	-1816.91	1001.23
28 	-13057  	-2872.22	-1816.91	1008.65
29 	-8914.1 	-2884.66	-1816.91	950.726
30 	-7788.87	-2902.92	-1816.91	978.793
31 	-11028  	-2926.03	-1816.91	1047.25
32 	-11028  	-2931.83	-1816.91	1066.68
33 	-7865.88	-2935.67	-1816.91	1007.93
34 	-7504.82	-2947.15	-1816.91	994.274
35 	-7507.47	-2938.48	-1816.91	1021.37
36 	-9057.18	-2941.51	-1816.91	1031.84
37 	-7852.01	-2954.36	-1816.91	1012.23
38 	-8340.96	-2966.43	-1816.91	1031.15
39 	-7483.22	-2962.32	-1816.91	994.756
40 	-9407.65	-2968.54	-1816.91	999.111
41 	-9025.73	-2984.86	-1816.91	1019.67
42 	-7654.07	-2979.38	-1816.91	1001.38
43 	-7626.07	-2987.32	-1816.91	1025.53
44 	-8576.15	-3022.07	-1816.91	1062.36
45 	-7507.49	-3028.87	-1816.91	1059   
46 	-8375.79	-3053.12	-1816.91	1081.19
47 	-8172.1 	-3049.59	-1816.91	1052.15
48 	-8175.58	-3070.05	-1816.91	1088.28
49 	-7371.73	-3072.7 	-1816.91	1070.14
50 	-7308   	-3080   	-1816.91	1029.42
51 	-8060.81	-3074.64	-1816.91	1055.06
52 	-8048.69	-3100.71	-1816.91	1095.12
53 	-8342.23	-3107.02	-1816.91	1086.14
54 	-10348.5	-3115.06	-1816.91	1174.32
55 	-9181.05	-3130.9 	-1816.91	1137.79
56 	-8993.96	-3135.83	-1816.91	1134.25
57 	-27483.5	-3201.01	-1816.91	1566.42
58 	-13313.9	-3190.67	-1816.91	1240.41
59 	-12983.3	-3200.38	-1816.91	1204.58
60 	-12988.1	-3209.29	-1816.91	1255.96
61 	-8939.37	-3207.16	-1816.91	1156.97
62 	-8837.27	-3215.11	-1816.91	1160.2 
63 	-8258.3 	-3210.09	-1816.91	1134.3 
64 	-8007.38	-3219.48	-1816.91	1135.31
65 	-8762.15	-3228.86	-1816.91	1156.06
66 	-7583.87	-3249.4 	-1816.91	1138.05
67 	-7817.2 	-3253.46	-1816.91	1106.98
68 	-10765.9	-3293.13	-1816.91	1181.39
69 	-9037.55	-3296.74	-1816.91	1180.08
70 	-12123.5	-3323.95	-1816.91	1270.35
71 	-9421.77	-3313.97	-1816.91	1232.92
72 	-9480.9 	-3309.96	-1816.91	1248.52
73 	-11125.6	-3341.79	-1816.91	1261.2 
74 	-11154.6	-3348.23	-1816.91	1296.84
75 	-9008.9 	-3323.68	-1816.91	1235.46
76 	-9008.9 	-3328.25	-1816.91	1246.49
77 	-9248.58	-3343.33	-1813.63	1292.75
78 	-8932.39	-3337.35	-1813.63	1261.72
79 	-8492.6 	-3338.64	-1813.63	1220.61
80 	-13522.9	-3370.33	-1813.63	1313.51
81 	-9038.21	-3366.73	-1813.63	1243.01
82 	-9022.65	-3355.75	-1813.63	1222.96
83 	-9031.39	-3355.33	-1813.63	1234.56
84 	-9324.56	-3362.15	-1813.63	1257.23
85 	-12066.1	-3364.68	-1813.63	1269.96
86 	-8734.06	-3376.98	-1813.63	1214.8 
87 	-8953.01	-3384.17	-1813.63	1229.7 
88 	-8852.36	-3397.56	-1813.63	1215.46
89 	-8870.66	-3417.03	-1813.63	1271.1 
90 	-8701.57	-3446.81	-1813.63	1290.35
91 	-19892.3	-3493.88	-1813.63	1486.66
92 	-8895.18	-3493.71	-1813.63	1337.54
93 	-9596.64	-3505.49	-1813.63	1346.23
94 	-9098.02	-3511.7 	-1813.63	1350.15
95 	-13185.7	-3529.31	-1813.63	1426.37
96 	-9039.06	-3514.13	-1813.63	1346.54
97 	-9881.13	-3519.81	-1813.63	1358.19
98 	-9881.13	-3536.11	-1813.63	1337.02
99 	-9982.65	-3559.95	-1813.63	1390.18
