% function evaluation | noise-free fitness - Fopt (-2.098800000000e+02) | best noise-free fitness - Fopt | measured fitness | best measured fitness | x1 | x2...
1 +1.696236566e+07 +1.696236566e+07 +1.696215578e+07 +1.696215578e+07 -1.1036e+00 -4.6767e-01 -1.6719e+00 +9.0755e-01 +1.3342e+00 -2.8161e+00 +1.2864e+00 -3.7631e+00 +4.7021e+00 -2.8829e+00 -1.4009e+00 +1.7752e+00 +1.4625e+00 -4.8633e+00 +9.1105e-01 +1.9039e+00 +2.4299e+00 +1.9225e+00 -4.4713e+00 +4.9919e+00
30 +1.315011803e+07 +1.315011803e+07 +1.314990815e+07 +1.314990815e+07 -3.1434e+00 -5.0959e+00 +7.4338e-02 +3.2545e+00 -9.3611e-01 -3.4702e+00 -9.7956e-01 -4.1395e+00 +3.2856e+00 +2.1882e+00 +3.5978e+00 +9.4752e-01 +2.2715e+00 -2.2653e+00 +3.5296e+00 -4.3113e-01 +3.0534e-01 +4.8590e+00 -3.8799e+00 +4.9173e+00
50 +6.279482585e+06 +6.279482585e+06 +6.279272705e+06 +6.279272705e+06 -8.6171e-01 +3.4227e+00 -1.4248e+00 +9.0646e+00 -4.3394e+00 -5.0671e+00 +7.2858e+00 -7.4957e+00 +8.3090e+00 +3.6035e+00 +7.8943e+00 -5.8708e+00 +3.5979e-01 +1.7575e+00 +4.1013e+00 -3.6711e+00 -4.1624e+00 +3.6520e+00 -9.3791e-02 +3.2012e+00
80 +3.798206211e+06 +3.798206211e+06 +3.797996331e+06 +3.797996331e+06 -3.4809e+00 +5.6010e+00 +2.0418e+00 +3.4852e+00 -5.1610e+00 -2.9285e+00 +7.3519e+00 -7.4858e+00 +7.6609e+00 -3.7630e+00 +1.2883e+01 -5.6162e+00 -4.4216e+00 +1.8088e+00 +3.6999e+00 -7.3349e+00 -4.9797e+00 +3.8034e+00 -3.6371e+00 +1.8597e+00
159 +1.678385034e+06 +1.678385034e+06 +1.678175154e+06 +1.678175154e+06 +4.4885e+00 +6.2593e+00 -4.8369e-01 -1.8498e+00 -1.0899e+01 -1.7033e+00 +9.0297e+00 -8.9984e+00 +1.8702e+00 -6.4899e+00 +1.1498e+01 -5.3627e-01 +1.7188e+00 -6.2061e+00 -9.4626e-01 -1.9651e-01 -2.5620e+00 +3.1876e+00 -3.3242e+00 +1.8680e+00
195 +1.311813558e+06 +1.311813558e+06 +1.311603678e+06 +1.311603678e+06 +4.8576e+00 +5.7612e+00 -9.1254e-01 -2.1557e+00 -1.1141e+01 -2.1506e+00 +8.9099e+00 -9.0737e+00 +2.8769e+00 -6.7348e+00 +1.0487e+01 -2.2278e+00 +3.5172e+00 -6.5525e+00 -1.2183e+00 -5.0010e-01 -2.2952e+00 +2.5231e+00 -2.0870e+00 +2.0816e+00
268 +7.824084389e+05 +7.824084389e+05 +7.821985589e+05 +7.821985589e+05 +3.5763e+00 +8.4456e+00 -1.1373e+00 -3.4119e+00 -9.1770e+00 +1.9114e-01 +1.2795e+01 -9.0698e+00 +4.3934e+00 -5.5457e+00 +1.1372e+01 -2.2464e+00 +5.3162e+00 -5.3685e+00 -3.2276e-02 -2.1768e+00 -3.3543e+00 +2.5478e+00 -2.1133e+00 +2.0969e+00
297 +6.260973628e+05 +6.260973628e+05 +6.258874828e+05 +6.258874828e+05 +2.1393e+00 +7.2506e+00 -3.1998e-01 -4.4222e+00 -8.9449e+00 -6.9455e-01 +1.3119e+01 -8.9178e+00 +2.4910e+00 -5.9006e+00 +1.0370e+01 -2.6195e+00 +6.3350e+00 -5.5993e+00 -5.7168e-01 -3.8179e+00 -2.6624e+00 +3.2347e+00 -2.5869e+00 +1.6865e+00
380 +3.936695508e+05 +3.936695508e+05 +3.934596708e+05 +3.934596708e+05 +1.2013e+00 +5.9226e+00 -3.4018e-02 -5.0940e+00 -7.2897e+00 -2.3934e+00 +1.3682e+01 -9.0433e+00 +3.5291e+00 -3.7238e+00 +9.8704e+00 -9.8905e-01 +5.2986e+00 -4.0631e+00 -1.3045e+00 -3.6062e+00 -3.1992e+00 +3.5643e+00 -2.5765e+00 +1.7483e+00
631 +2.508972474e+05 +2.508972474e+05 +2.506873674e+05 +2.506873674e+05 +5.7997e-01 +6.8520e+00 -1.2206e+00 -4.4191e+00 -7.2763e+00 -1.9794e+00 +1.3569e+01 -8.4530e+00 +3.7108e+00 -3.6664e+00 +1.0547e+01 +1.1836e-01 +5.9414e+00 -3.0455e+00 -1.3648e+00 -3.9004e+00 -3.1933e+00 +2.9138e+00 -2.3934e+00 +1.9261e+00
1065 +1.582470558e+05 +1.582470558e+05 +1.580371758e+05 +1.580371758e+05 +3.4336e-01 +7.5214e+00 -1.2170e+00 -5.0451e+00 -6.5903e+00 -1.9146e+00 +1.3710e+01 -8.1605e+00 +2.9830e+00 -3.1097e+00 +9.6651e+00 +8.1423e-01 +4.8582e+00 -1.4336e+00 -1.5593e+00 -3.7208e+00 -3.0966e+00 +3.0971e+00 -2.3931e+00 +1.9363e+00
2290 +9.979366084e+04 +9.979366084e+04 +9.958378084e+04 +9.958378084e+04 +3.0603e-01 +7.4351e+00 -1.3828e+00 -4.3171e+00 -6.7799e+00 -2.1318e+00 +1.3252e+01 -7.7616e+00 +2.7994e+00 -2.1054e+00 +7.0836e+00 +9.0902e-01 +4.1460e+00 -1.4039e+00 -1.4851e+00 -3.6896e+00 -3.0272e+00 +3.0618e+00 -2.3544e+00 +1.9184e+00
2888 +6.304206930e+04 +6.304206930e+04 +6.283218930e+04 +6.283218930e+04 +6.2869e-01 +7.4461e+00 -1.3887e+00 -4.4379e+00 -6.7904e+00 -2.5315e+00 +1.2719e+01 -7.3918e+00 +2.6161e+00 -1.6100e+00 +5.2176e+00 +1.1184e+00 +4.1189e+00 -1.4080e+00 -1.5159e+00 -3.7955e+00 -3.0347e+00 +3.0775e+00 -2.3827e+00 +1.9139e+00
3893 +3.980587763e+04 +3.980587763e+04 +3.959599763e+04 +3.959599763e+04 +8.6155e-01 +7.2244e+00 -1.3431e+00 -4.6328e+00 -6.8037e+00 -2.3009e+00 +1.2367e+01 -7.0003e+00 +2.2533e+00 -8.1127e-01 +3.6377e+00 +1.5844e+00 +3.9453e+00 -1.3193e+00 -1.5728e+00 -3.7636e+00 -3.0579e+00 +3.0600e+00 -2.3921e+00 +1.9311e+00
5491 +2.510282258e+04 +2.510282258e+04 +2.489294258e+04 +2.489294258e+04 +7.2175e-01 +7.2232e+00 -1.4453e+00 -4.6033e+00 -6.4798e+00 -2.2201e+00 +1.2089e+01 -6.5794e+00 +1.9220e+00 +1.9567e-01 +2.4104e+00 +1.5806e+00 +3.9748e+00 -1.4215e+00 -1.5201e+00 -3.7705e+00 -3.0764e+00 +3.0704e+00 -2.3711e+00 +1.9167e+00
9929 +1.584374267e+04 +1.584374267e+04 +1.563386267e+04 +1.563386267e+04 +6.6283e-01 +7.1918e+00 -1.3797e+00 -4.4916e+00 -6.4379e+00 -2.1182e+00 +1.1391e+01 -5.6785e+00 +9.8445e-01 +1.6408e+00 +1.4610e+00 +1.5779e+00 +3.9819e+00 -1.4051e+00 -1.5399e+00 -3.7570e+00 -3.0595e+00 +3.0613e+00 -2.3821e+00 +1.9229e+00
19199 +9.998291203e+03 +9.998291203e+03 +9.788411203e+03 +9.788411203e+03 +6.4895e-01 +7.1102e+00 -1.2701e+00 -4.3352e+00 -5.8958e+00 -1.6127e+00 +1.0485e+01 -3.6775e+00 -7.2582e-02 +2.4454e+00 +8.8674e-01 +1.5685e+00 +3.9924e+00 -1.4299e+00 -1.5260e+00 -3.7684e+00 -3.0590e+00 +3.0621e+00 -2.3766e+00 +1.9197e+00
29876 +6.309328359e+03 +6.309328359e+03 +6.099448359e+03 +6.099448359e+03 +5.7617e-01 +7.0622e+00 -1.2839e+00 -4.0911e+00 -5.3641e+00 -1.1181e+00 +8.8920e+00 -2.1850e+00 -7.0580e-01 +2.6352e+00 +8.7346e-01 +1.5503e+00 +3.9810e+00 -1.4124e+00 -1.5360e+00 -3.7694e+00 -3.0573e+00 +3.0634e+00 -2.3807e+00 +1.9198e+00
39480 +3.979945155e+03 +3.979945155e+03 +3.770065155e+03 +3.770065155e+03 +5.8280e-01 +7.0122e+00 -1.3110e+00 -3.9627e+00 -5.0032e+00 -6.7721e-01 +7.3133e+00 -1.4788e+00 -9.4090e-01 +2.5903e+00 +8.9374e-01 +1.5524e+00 +3.9844e+00 -1.4212e+00 -1.5311e+00 -3.7702e+00 -3.0613e+00 +3.0651e+00 -2.3808e+00 +1.9201e+00
% function evaluation | noise-free fitness - Fopt (-9.209000000000e+01) | best noise-free fitness - Fopt | measured fitness | best measured fitness | x1 | x2...
1 +1.188508621e+07 +1.188508621e+07 +1.188499412e+07 +1.188499412e+07 +4.9935e-01 +3.4225e+00 +2.2884e+00 -3.3349e-01 +6.3119e-02 +2.5394e+00 -9.6507e-01 -2.0823e+00 -1.0360e+00 +4.6332e+00 -1.9880e+00 +1.4415e+00 +4.8069e+00 -1.6008e+00 +2.3341e+00 +1.1082e+00 +3.6449e+00 +2.6067e+00 -3.9685e-02 -2.7943e+00
2 +6.497082260e+06 +6.497082260e+06 +6.496990170e+06 +6.496990170e+06 +1.8162e+00 +3.8521e+00 +7.7181e+00 -2.5150e+00 +6.0281e+00 +2.3336e+00 +2.8072e+00 -7.9422e+00 +9.8346e+00 +5.6566e-01 +3.7501e+00 -2.8150e+00 +6.5808e+00 -6.8975e+00 +2.6888e+00 +5.9821e+00 -1.6958e-01 +4.2164e+00 +1.7656e+00 -2.7406e+00
68 +2.836372168e+06 +2.836372168e+06 +2.836280078e+06 +2.836280078e+06 -4.1615e+00 +6.7805e+00 +4.5284e+00 +2.3976e+00 +1.9998e+00 -2.4685e-01 +4.1754e+00 -4.0675e+00 +1.0622e+01 -6.4747e-01 +7.7652e-01 -1.0601e+01 +2.2351e+00 -4.0319e+00 +1.4022e+00 +1.0812e+00 -7.4615e-01 +5.2149e+00 +1.9457e+00 -7.2352e-01
143 +2.321161551e+06 +2.321161551e+06 +2.321069461e+06 +2.321069461e+06 -5.4749e+00 +7.9519e+00 +5.0851e+00 +1.3233e+00 +4.3421e+00 -1.2940e+00 +4.6715e+00 -5.8878e+00 +1.3592e+01 +1.1959e+00 +9.8375e-01 -1.0395e+01 +1.7030e+00 -3.4496e+00 +2.3451e+00 +8.1866e-01 -3.3561e-01 +2.5717e+00 +1.6760e+00 -1.3740e+00
149 +1.407455266e+06 +1.407455266e+06 +1.407363176e+06 +1.407363176e+06 -5.5940e+00 +7.7598e+00 +5.4619e+00 +2.7206e+00 +5.8719e+00 -8.6407e-01 +5.3604e+00 -5.4281e+00 +1.3843e+01 +2.0272e-01 -2.1386e-01 -1.1341e+01 +1.6516e+00 -1.1001e+00 +2.7405e+00 +2.5076e+00 -1.8457e+00 +3.5526e+00 +1.3571e+00 -1.7237e+00
238 +6.851331825e+05 +6.851331825e+05 +6.850410925e+05 +6.850410925e+05 -7.3395e+00 +1.0023e+01 +6.4789e+00 +6.5022e+00 +4.1463e+00 +8.1494e-01 +4.4988e+00 -2.1522e+00 +1.3511e+01 -2.9154e+00 +2.2165e+00 -7.7693e+00 +1.3227e+00 +1.6334e+00 +1.3263e+00 +1.3716e+00 -3.4266e+00 +3.7887e+00 +2.4039e+00 -1.5121e+00
267 +6.200423083e+05 +6.200423083e+05 +6.199502183e+05 +6.199502183e+05 -7.3234e+00 +1.0261e+01 +6.2646e+00 +7.3006e+00 +3.2275e+00 +1.1228e+00 +4.4623e+00 -1.5887e+00 +1.2136e+01 -3.3573e+00 +1.3174e+00 -8.7171e+00 +6.8275e-01 +1.3761e+00 +2.0855e+00 +1.3563e+00 -3.7679e+00 +4.0340e+00 +2.3848e+00 -1.5470e+00
286 +3.921988593e+05 +3.921988593e+05 +3.921067693e+05 +3.921067693e+05 -7.1909e+00 +9.8961e+00 +6.1608e+00 +6.7938e+00 +4.4192e+00 +2.0716e-01 +4.0138e+00 -2.0599e+00 +1.2590e+01 -3.7897e+00 +1.4525e+00 -8.5827e+00 -6.8422e-01 +1.4495e+00 +1.6167e+00 +6.6219e-01 -3.9388e+00 +3.8586e+00 +1.9123e+00 -1.1893e+00
542 +2.459532724e+05 +2.459532724e+05 +2.458611824e+05 +2.458611824e+05 -9.2915e+00 +1.0343e+01 +7.1031e+00 +6.4110e+00 +4.0028e+00 -1.9824e+00 +5.0978e+00 -3.5009e+00 +1.2674e+01 -3.7510e+00 +2.9947e+00 -7.3473e+00 +8.4283e-02 +2.4296e+00 +3.3400e+00 +6.6813e-01 -4.0183e+00 +3.5574e+00 +1.8837e+00 -1.3534e+00
754 +1.561780333e+05 +1.561780333e+05 +1.560859433e+05 +1.560859433e+05 -9.4469e+00 +1.0680e+01 +7.0009e+00 +6.1277e+00 +4.1008e+00 -2.1788e+00 +4.9803e+00 -3.9538e+00 +1.2070e+01 -3.4793e+00 +3.3046e+00 -6.2868e+00 -5.0869e-01 +1.3930e+00 +3.6871e+00 +6.8530e-01 -3.8258e+00 +3.6905e+00 +1.7268e+00 -1.3461e+00
1092 +9.952657376e+04 +9.952657376e+04 +9.943448376e+04 +9.943448376e+04 -9.7640e+00 +1.0584e+01 +6.9125e+00 +6.2701e+00 +3.9516e+00 -2.1756e+00 +5.1860e+00 -4.4831e+00 +1.1403e+01 -3.2622e+00 +3.5831e+00 -5.1315e+00 -1.6073e+00 +6.7984e-01 +3.8036e+00 +8.7442e-01 -3.8072e+00 +3.6432e+00 +1.8403e+00 -1.3753e+00
1561 +6.266089659e+04 +6.266089659e+04 +6.256880659e+04 +6.256880659e+04 -1.0005e+01 +1.0480e+01 +6.8069e+00 +6.1675e+00 +3.7793e+00 -2.1120e+00 +5.0726e+00 -4.5053e+00 +1.0403e+01 -2.9308e+00 +3.5131e+00 -3.5002e+00 -2.0926e+00 +6.2928e-01 +3.6778e+00 +7.6148e-01 -3.8663e+00 +3.6544e+00 +1.7939e+00 -1.3521e+00
3146 +3.975159582e+04 +3.975159582e+04 +3.965950582e+04 +3.965950582e+04 -9.8716e+00 +1.0406e+01 +6.4176e+00 +6.1862e+00 +3.6296e+00 -1.8306e+00 +5.0174e+00 -4.4346e+00 +9.2826e+00 -1.5391e+00 +3.6381e+00 -2.1506e+00 -2.1007e+00 +6.5462e-01 +3.7722e+00 +7.3056e-01 -3.8511e+00 +3.6577e+00 +1.8197e+00 -1.3583e+00
7268 +2.511133704e+04 +2.511133704e+04 +2.501924704e+04 +2.501924704e+04 -9.9248e+00 +1.0458e+01 +6.5174e+00 +6.0994e+00 +3.6108e+00 -1.9554e+00 +4.5375e+00 -3.5947e+00 +7.2800e+00 +3.2723e-01 +3.9081e+00 -1.7588e+00 -2.0160e+00 +6.7208e-01 +3.7976e+00 +7.3289e-01 -3.8470e+00 +3.6606e+00 +1.8168e+00 -1.3633e+00
9041 +1.583772176e+04 +1.583772176e+04 +1.574563176e+04 +1.574563176e+04 -9.9241e+00 +1.0463e+01 +6.4905e+00 +6.0420e+00 +3.4568e+00 -1.9510e+00 +4.2991e+00 -3.3199e+00 +5.8298e+00 +8.5241e-01 +3.9301e+00 -1.7437e+00 -2.0867e+00 +6.7900e-01 +3.7412e+00 +7.2398e-01 -3.8488e+00 +3.6534e+00 +1.8179e+00 -1.3624e+00
12046 +9.998111346e+03 +9.998111346e+03 +9.906021346e+03 +9.906021346e+03 -9.8499e+00 +1.0338e+01 +6.4214e+00 +6.0634e+00 +3.3313e+00 -2.0398e+00 +3.9626e+00 -2.6463e+00 +4.3566e+00 +1.1382e+00 +3.8799e+00 -1.7374e+00 -2.0753e+00 +6.6259e-01 +3.7581e+00 +7.2583e-01 -3.8581e+00 +3.6595e+00 +1.8170e+00 -1.3641e+00
15622 +6.309549274e+03 +6.309549274e+03 +6.217459274e+03 +6.217459274e+03 -9.7688e+00 +1.0365e+01 +6.4859e+00 +5.9894e+00 +3.2365e+00 -2.0880e+00 +3.5692e+00 -1.9669e+00 +3.2463e+00 +1.5025e+00 +3.8632e+00 -1.6919e+00 -2.0906e+00 +6.7070e-01 +3.7603e+00 +7.2095e-01 -3.8594e+00 +3.6616e+00 +1.8210e+00 -1.3611e+00
19206 +3.980980005e+03 +3.980980005e+03 +3.888890005e+03 +3.888890005e+03 -9.7086e+00 +1.0348e+01 +6.5089e+00 +5.9330e+00 +3.2910e+00 -2.1435e+00 +3.2641e+00 -1.4057e+00 +2.2821e+00 +1.6270e+00 +3.8421e+00 -1.7232e+00 -2.1031e+00 +6.7128e-01 +3.7733e+00 +7.3207e-01 -3.8596e+00 +3.6627e+00 +1.8208e+00 -1.3617e+00
30718 +2.511554507e+03 +2.511554507e+03 +2.419464507e+03 +2.419464507e+03 -9.7026e+00 +1.0319e+01 +6.3312e+00 +5.7483e+00 +3.0079e+00 -2.1998e+00 +2.6769e+00 -5.1225e-01 +1.3734e+00 +1.6546e+00 +3.8644e+00 -1.7079e+00 -2.0972e+00 +6.8148e-01 +3.7692e+00 +7.2407e-01 -3.8542e+00 +3.6614e+00 +1.8179e+00 -1.3613e+00
% function evaluation | noise-free fitness - Fopt (-8.789000000000e+01) | best noise-free fitness - Fopt | measured fitness | best measured fitness | x1 | x2...
1 +2.158619416e+07 +2.158619416e+07 +2.158610627e+07 +2.158610627e+07 +4.9734e+00 +3.3364e+00 +1.7676e+00 +4.0503e+00 +1.3395e+00 -3.6955e-01 +1.5488e+00 -1.8952e-01 -2.5690e+00 +6.8589e-01 +4.0497e+00 +3.6892e+00 -2.0027e+00 -1.7683e+00 +3.4502e+00 -4.6147e+00 -4.9164e+00 -4.2391e+00 +1.8277e+00 +4.4080e+00
25 +1.569942088e+07 +1.569942088e+07 +1.569933299e+07 +1.569933299e+07 +1.1600e+00 +4.6663e+00 -1.6015e+00 -7.9033e+00 +6.5090e+00 -6.5114e+00 -1.8534e+01 -7.4744e+00 -6.6507e+00 +2.7518e+00 +4.7634e+00 +9.0029e+00 -9.6962e+00 -8.6770e+00 -4.3017e+00 +1.7918e-01 +6.5964e+00 +4.2197e+00 -4.4984e+00 +2.5315e+00
28 +9.062707947e+06 +9.062707947e+06 +9.062620057e+06 +9.062620057e+06 +4.0400e+00 -2.5738e-01 -1.0006e+01 -1.1302e+01 +1.9701e+00 -4.6944e+00 -2.0024e+01 -9.1826e+00 -3.7927e+00 +6.9812e+00 +1.1637e+01 +1.8471e+01 -4.9269e+00 -5.2503e+00 -1.3194e+00 +2.9880e+00 -2.2705e-01 +4.6622e+00 +2.3985e+00 +2.5539e+00
62 +5.011059845e+06 +5.011059845e+06 +5.010971955e+06 +5.010971955e+06 +3.8977e+00 -1.2435e+01 -3.4102e+00 -1.8024e+01 +6.7320e+00 -7.0142e+00 -2.4973e+01 -1.8163e+01 -7.3424e+00 +9.8034e-01 +6.5189e+00 +5.4800e+00 -2.7953e+00 -6.4322e+00 -3.8833e+00 -2.1019e-01 -2.3941e+00 +4.0347e+00 -3.1790e+00 +3.9142e+00
109 +3.816910786e+06 +3.816910786e+06 +3.816822896e+06 +3.816822896e+06 +2.7610e+00 -1.5209e+01 +1.5613e+00 -2.1814e+01 +9.8987e+00 -9.6518e+00 -1.9774e+01 -2.1627e+01 -1.2308e+01 +2.8415e+00 +4.4074e+00 +5.8260e+00 -9.2996e-01 -2.1565e+00 -1.5771e+00 -3.8551e-01 +1.2906e+00 +4.2843e+00 -3.4073e+00 +2.9118e+00
155 +2.348817084e+06 +2.348817084e+06 +2.348729194e+06 +2.348729194e+06 +9.2976e-01 -1.7008e+01 +7.1854e-01 -2.3200e+01 +7.2345e+00 -7.4928e+00 -2.0132e+01 -2.5953e+01 -1.0104e+01 +3.6704e+00 +6.7023e+00 +4.6012e+00 -5.9002e-01 -3.9736e+00 -1.8193e+00 +1.8698e+00 +3.5855e-01 +1.7299e+00 -1.6725e+00 +3.2435e+00
171 +1.426137795e+06 +1.426137795e+06 +1.426049905e+06 +1.426049905e+06 +1.7309e+00 -1.7761e+01 +1.5284e+00 -2.2739e+01 +7.2467e+00 -7.5681e+00 -2.1511e+01 -2.7944e+01 -8.1794e+00 +3.9334e+00 +5.9205e+00 +5.1167e+00 +2.5023e+00 -1.5630e+00 -3.7565e+00 +9.1286e-01 +4.1854e-01 +2.9669e+00 -7.9347e-01 +2.4916e+00
212 +8.480953224e+05 +8.480953224e+05 +8.480074324e+05 +8.480074324e+05 +3.6756e-01 -1.8425e+01 -5.9679e-01 -2.0544e+01 +7.3187e+00 -9.7038e+00 -2.1002e+01 -2.8441e+01 -6.2854e+00 +5.7121e+00 +4.8354e+00 +7.3742e+00 +5.1879e+00 -2.3536e+00 -1.5558e+00 -1.9048e+00 +3.4454e-01 +3.2634e+00 -1.6180e+00 +2.9271e+00
415 +6.062591995e+05 +6.062591995e+05 +6.061713095e+05 +6.061713095e+05 +1.1745e+00 -1.8030e+01 -1.4606e+00 -2.0253e+01 +5.9636e+00 -8.6396e+00 -2.1501e+01 -2.9796e+01 -3.9897e+00 +4.4115e+00 +6.7422e+00 +7.1258e+00 +4.9331e+00 -1.5215e+00 -7.6510e-01 -1.7875e+00 -6.1926e-01 +3.2866e+00 -1.1172e+00 +2.7766e+00
766 +3.976602767e+05 +3.976602767e+05 +3.975723867e+05 +3.975723867e+05 +3.0320e+00 -1.8458e+01 -2.7976e+00 -1.9811e+01 +4.8093e+00 -8.7340e+00 -2.1429e+01 -2.8966e+01 -2.9568e+00 +4.9176e+00 +5.6789e+00 +5.9950e+00 +4.2997e+00 +9.8477e-01 -6.9457e-01 -1.5992e+00 -4.8657e-01 +3.3706e+00 -9.7822e-01 +2.9948e+00
1281 +2.506828489e+05 +2.506828489e+05 +2.505949589e+05 +2.505949589e+05 +3.0698e+00 -1.7936e+01 -3.1756e+00 -2.0991e+01 +5.4836e+00 -8.3796e+00 -2.1381e+01 -2.8137e+01 -2.4564e+00 +4.9322e+00 +5.4881e+00 +2.7174e+00 +3.6104e+00 +6.0667e-01 -7.5084e-01 -1.4560e+00 -4.1651e-01 +3.3518e+00 -1.0206e+00 +3.0123e+00
2402 +1.583792301e+05 +1.583792301e+05 +1.582913401e+05 +1.582913401e+05 +2.6377e+00 -1.7273e+01 -3.2979e+00 -2.0807e+01 +5.4046e+00 -8.1957e+00 -2.0970e+01 -2.6172e+01 -2.5141e+00 +5.0570e+00 +4.1983e+00 -2.4201e-01 +3.2441e+00 +7.8428e-01 -7.1245e-01 -1.5501e+00 -4.3184e-01 +3.3155e+00 -9.9823e-01 +3.0090e+00
7520 +9.999083537e+04 +9.999083537e+04 +9.990294537e+04 +9.990294537e+04 +2.2000e+00 -1.7424e+01 -3.0646e+00 -2.0236e+01 +5.4309e+00 -7.9987e+00 -1.9384e+01 -2.0288e+01 -2.5082e+00 +4.1613e+00 +2.7801e+00 -2.1558e+00 +2.8950e+00 +1.0120e+00 -6.8801e-01 -1.5601e+00 -4.3139e-01 +3.3358e+00 -9.8999e-01 +3.0106e+00
19214 +6.308146101e+04 +6.308146101e+04 +6.299357101e+04 +6.299357101e+04 +2.1961e+00 -1.7266e+01 -3.1108e+00 -1.9805e+01 +4.7184e+00 -7.1119e+00 -1.5487e+01 -1.3303e+01 -2.7362e+00 +3.4592e+00 +2.6331e+00 -2.1075e+00 +2.8543e+00 +9.8090e-01 -6.7751e-01 -1.5733e+00 -4.4340e-01 +3.3333e+00 -9.8567e-01 +3.0129e+00
23620 +3.977137580e+04 +3.977137580e+04 +3.968348580e+04 +3.968348580e+04 +2.0620e+00 -1.7196e+01 -3.0841e+00 -1.9957e+01 +4.6524e+00 -7.0245e+00 -1.3541e+01 -9.6514e+00 -2.5067e+00 +3.2485e+00 +2.5488e+00 -2.1681e+00 +2.8886e+00 +1.0041e+00 -6.6523e-01 -1.5823e+00 -4.3660e-01 +3.3385e+00 -9.9113e-01 +3.0116e+00
27179 +2.511634884e+04 +2.511634884e+04 +2.502845884e+04 +2.502845884e+04 +1.8165e+00 -1.7317e+01 -3.0544e+00 -1.9786e+01 +4.4618e+00 -6.8122e+00 -1.2342e+01 -7.1328e+00 -2.4797e+00 +3.3973e+00 +2.5626e+00 -2.1034e+00 +2.9168e+00 +9.5675e-01 -7.1084e-01 -1.5519e+00 -4.3888e-01 +3.3329e+00 -9.9496e-01 +3.0124e+00
33480 +1.584607345e+04 +1.584607345e+04 +1.575818345e+04 +1.575818345e+04 +1.6715e+00 -1.7344e+01 -2.8657e+00 -1.9643e+01 +4.2594e+00 -6.3325e+00 -1.0694e+01 -4.7280e+00 -2.5603e+00 +3.3642e+00 +2.6559e+00 -2.1277e+00 +2.8602e+00 +9.6839e-01 -6.8298e-01 -1.5716e+00 -4.3569e-01 +3.3400e+00 -9.8787e-01 +3.0146e+00
% function evaluation | noise-free fitness - Fopt (3.201900000000e+02) | best noise-free fitness - Fopt | measured fitness | best measured fitness | x1 | x2...
1 +2.445764568e+07 +2.445764568e+07 +2.445796587e+07 +2.445796587e+07 -3.7306e+00 -2.9877e+00 -3.3807e-01 +1.2805e+00 +1.9085e+00 -3.9185e+00 +4.4109e+00 +3.7925e+00 +4.0335e+00 -3.6572e+00 -1.6865e+00 -1.4283e+00 -4.8813e+00 -1.6320e+00 -5.8628e-01 -8.1589e-01 +2.7722e+00 -2.4345e+00 +3.1943e+00 -3.2739e+00
8 +9.047296972e+06 +9.047296972e+06 +9.047617162e+06 +9.047617162e+06 +3.9789e+00 -2.0439e+00 +2.2672e+00 +6.5417e+00 +4.4307e-03 -9.3101e+00 +4.1839e+00 +1.5485e+01 +3.5375e+00 +4.1656e+00 -4.0169e+00 -3.2652e+00 +1.9418e+00 -1.5226e+00 -5.7982e+00 -3.4966e+00 +5.5963e+00 -1.5847e+00 +5.1595e+00 +4.1718e-01
105 +4.588695131e+06 +4.588695131e+06 +4.589015321e+06 +4.589015321e+06 +9.6794e+00 -7.5295e+00 -6.3469e-01 +6.2792e+00 +1.2200e+00 -7.7967e+00 +5.3811e-01 +9.2073e+00 +8.3886e+00 +3.0594e+00 -7.8021e+00 -1.9570e+00 -1.7804e+00 -5.4823e+00 -4.4909e+00 -3.4982e+00 +5.7028e+00 -6.6728e-01 +2.9353e+00 +5.6752e-01
152 +3.085080213e+06 +3.085080213e+06 +3.085400403e+06 +3.085400403e+06 +1.0942e+01 -7.7895e+00 -5.5790e-01 +4.2513e+00 +4.3672e+00 -4.8917e+00 +1.7223e+00 +8.3234e+00 +5.9876e+00 +3.8030e+00 -8.9672e+00 -5.9023e+00 -1.5538e-01 -1.1529e+01 +7.3756e-01 -5.2238e-02 +2.4646e+00 +5.1498e-01 +1.3943e+00 +1.6800e+00
169 +2.204408194e+06 +2.204408194e+06 +2.204728384e+06 +2.204728384e+06 +1.0567e+01 -5.4135e+00 +1.1838e+00 +2.8887e+00 +4.5999e+00 -4.7636e+00 -1.3538e+00 +9.8516e+00 +3.3326e+00 +2.6509e+00 -9.6068e+00 -7.2909e+00 -4.2944e+00 -1.0055e+01 -4.7559e-01 +4.4050e+00 +2.4222e+00 +1.2700e+00 +3.2057e+00 +1.1914e+00
232 +1.066675157e+06 +1.066675157e+06 +1.066995347e+06 +1.066995347e+06 +1.0193e+01 -3.9661e+00 +7.2678e-01 +3.9470e+00 +4.9002e+00 -5.3719e+00 -1.2665e+00 +8.5143e+00 +3.5318e+00 +3.5928e-01 -1.1040e+01 -5.9770e+00 -6.0926e+00 -6.5128e+00 +6.2016e-01 +2.2502e+00 +3.3814e+00 +6.4997e-01 +2.8663e+00 +1.0617e+00
275 +9.876300945e+05 +9.876300945e+05 +9.879502845e+05 +9.879502845e+05 +9.8910e+00 -2.5417e+00 +1.4404e+00 +3.3046e+00 +4.6217e+00 -5.2433e+00 -1.6183e+00 +8.1687e+00 +4.4032e+00 +9.4681e-01 -1.1743e+01 -5.5546e+00 -6.0811e+00 -6.3672e+00 +1.1717e+00 +2.6378e+00 +3.6044e+00 +7.8978e-01 +2.9604e+00 +1.2868e+00
411 +6.281197877e+05 +6.281197877e+05 +6.284399777e+05 +6.284399777e+05 +1.1357e+01 +1.0374e-01 +1.5305e+00 +3.0726e+00 +2.5256e+00 -7.0696e+00 -3.9198e+00 +7.6712e+00 +3.4173e+00 +4.2166e-01 -9.7418e+00 -2.3190e+00 -4.0381e+00 -5.5574e+00 +4.9100e-01 +2.0155e+00 +3.7962e+00 +8.9781e-01 +2.6723e+00 +1.5814e+00
484 +3.881068298e+05 +3.881068298e+05 +3.884270198e+05 +3.884270198e+05 +1.2037e+01 -1.1722e-01 +1.6737e+00 +2.2541e+00 +3.2184e+00 -7.5880e+00 -3.4908e+00 +7.2240e+00 +3.5871e+00 -2.9849e-01 -1.0341e+01 -2.3213e+00 -2.4170e+00 -3.8164e+00 +2.0936e+00 +2.7251e+00 +3.4633e+00 +5.7868e-01 +2.3893e+00 +1.2758e+00
729 +2.478952711e+05 +2.478952711e+05 +2.482154611e+05 +2.482154611e+05 +1.3229e+01 -2.5402e-02 +1.8830e+00 +2.7232e+00 +3.2489e+00 -7.2741e+00 -3.7916e+00 +7.4122e+00 +3.3151e+00 -1.3574e+00 -9.5131e+00 -2.3409e+00 -1.9126e+00 -2.4180e+00 +1.3068e+00 +2.4575e+00 +3.5940e+00 +7.1672e-01 +2.5946e+00 +1.3565e+00
950 +1.546499311e+05 +1.546499311e+05 +1.549701211e+05 +1.549701211e+05 +1.4068e+01 +7.9448e-02 +1.9218e+00 +2.9400e+00 +2.7235e+00 -7.8032e+00 -3.1753e+00 +6.7141e+00 +2.7397e+00 -1.0644e+00 -7.5113e+00 -1.4737e+00 -8.1752e-01 -1.5758e+00 +1.3020e+00 +2.6175e+00 +3.6167e+00 +8.0046e-01 +2.5339e+00 +1.3673e+00
1406 +9.972517933e+04 +9.972517933e+04 +1.000453693e+05 +1.000453693e+05 +1.3799e+01 +1.4963e-02 +1.7653e+00 +2.9833e+00 +2.7877e+00 -8.1745e+00 -2.9088e+00 +6.6862e+00 +2.7452e+00 -8.0272e-01 -6.7461e+00 -2.9030e-02 -2.0809e-01 -1.8433e+00 +1.0897e+00 +2.5375e+00 +3.6164e+00 +6.3793e-01 +2.5932e+00 +1.3499e+00
2202 +6.302520245e+04 +6.302520245e+04 +6.334539245e+04 +6.334539245e+04 +1.3707e+01 +5.3420e-02 +2.3476e+00 +2.8362e+00 +2.5461e+00 -8.0044e+00 -3.0075e+00 +6.5444e+00 +1.9784e+00 -1.0000e+00 -5.3363e+00 +1.2395e+00 +4.6141e-01 -1.6503e+00 +1.1835e+00 +2.6097e+00 +3.6456e+00 +6.6950e-01 +2.5812e+00 +1.3540e+00
3005 +3.974613909e+04 +3.974613909e+04 +4.006632909e+04 +4.006632909e+04 +1.3543e+01 +7.1662e-02 +2.2389e+00 +3.0723e+00 +2.4851e+00 -7.9807e+00 -2.9306e+00 +6.3170e+00 +1.2422e+00 -7.4971e-01 -3.8460e+00 +1.9044e+00 +4.6076e-01 -1.7027e+00 +1.2295e+00 +2.5576e+00 +3.6374e+00 +6.6050e-01 +2.5745e+00 +1.3512e+00
5494 +2.508946259e+04 +2.508946259e+04 +2.540965259e+04 +2.540965259e+04 +1.3569e+01 +3.8102e-01 +2.1415e+00 +3.1672e+00 +2.4168e+00 -7.5145e+00 -2.7794e+00 +5.9197e+00 +8.4213e-02 -6.1206e-01 -2.0901e+00 +2.5316e+00 +5.9614e-01 -1.7085e+00 +1.1869e+00 +2.5904e+00 +3.6299e+00 +6.9154e-01 +2.5885e+00 +1.3521e+00
10062 +1.584745726e+04 +1.584745726e+04 +1.616764726e+04 +1.616764726e+04 +1.3438e+01 +1.4700e-01 +2.1422e+00 +3.1207e+00 +2.2888e+00 -6.5842e+00 -2.5169e+00 +4.2740e+00 -1.0317e+00 -2.8937e-01 -1.1732e+00 +2.4499e+00 +5.4962e-01 -1.7495e+00 +1.2345e+00 +2.5842e+00 +3.6257e+00 +6.8541e-01 +2.5878e+00 +1.3468e+00
15870 +9.995742470e+03 +9.995742470e+03 +1.031593247e+04 +1.031593247e+04 +1.3478e+01 +2.6261e-01 +1.8932e+00 +2.9535e+00 +2.0273e+00 -5.6115e+00 -2.0481e+00 +2.8115e+00 -2.0964e+00 -2.3260e-01 -1.0682e+00 +2.4347e+00 +5.5505e-01 -1.7628e+00 +1.2194e+00 +2.5883e+00 +3.6266e+00 +6.8120e-01 +2.5870e+00 +1.3467e+00
24043 +6.309309454e+03 +6.309309454e+03 +6.629499454e+03 +6.629499454e+03 +1.3429e+01 +2.8075e-01 +1.9222e+00 +2.7674e+00 +1.7492e+00 -4.4846e+00 -1.1300e+00 +1.1825e+00 -2.3586e+00 -1.6196e-01 -1.0653e+00 +2.4581e+00 +5.8809e-01 -1.7548e+00 +1.2215e+00 +2.5832e+00 +3.6250e+00 +6.8168e-01 +2.5871e+00 +1.3465e+00
33124 +3.980568019e+03 +3.980568019e+03 +4.300758019e+03 +4.300758019e+03 +1.3334e+01 +2.5030e-01 +1.9081e+00 +2.6179e+00 +1.5366e+00 -3.5925e+00 -2.4954e-01 +2.0814e-01 -2.9336e+00 -1.8877e-01 -1.0280e+00 +2.4585e+00 +5.8340e-01 -1.7339e+00 +1.2316e+00 +2.5849e+00 +3.6286e+00 +6.8156e-01 +2.5879e+00 +1.3457e+00
% function evaluation | noise-free fitness - Fopt (-1.042400000000e+02) | best noise-free fitness - Fopt | measured fitness | best measured fitness | x1 | x2...
1 +5.196333588e+07 +5.196333588e+07 +5.196323164e+07 +5.196323164e+07 +4.1622e-01 -4.2092e+00 -3.5477e+00 -2.0044e+00 +4.6170e+00 +2.3991e+00 -1.7837e+00 +2.0744e+00 -1.3152e+00 +2.3387e+00 -1.4528e+00 -4.6576e+00 +9.8703e-01 -2.6354e+00 +6.8199e-01 -4.0598e+00 -1.4769e+00 +8.8448e-01 +2.1427e+00 +2.5476e+00
3 +3.114478854e+07 +3.114478854e+07 +3.114468430e+07 +3.114468430e+07 -3.9914e+00 +2.1710e-01 -6.5214e+00 -3.2608e+00 +5.8029e+00 +1.7630e+00 +2.6189e+00 +5.8911e+00 +5.0498e+00 +2.1645e+00 -6.7116e+00 -7.7619e+00 +6.0469e+00 -3.4043e+00 -1.2211e+00 +8.0552e-02 +3.3244e+00 +7.2599e+00 +1.6227e+00 -9.2837e-01
12 +1.774798449e+07 +1.774798449e+07 +1.774788025e+07 +1.774788025e+07 -2.1242e+00 +1.7906e-02 -4.4649e+00 +4.6375e+00 +1.3170e+01 +2.5313e+00 +1.1141e+01 -1.5595e+00 +4.7228e+00 -2.1276e+00 -3.7863e+00 -4.2018e+00 +5.2295e-01 +2.9049e+00 -2.0491e+00 -5.4786e-01 +4.1748e+00 -2.9279e-02 +1.5680e+00 -1.6294e-01
24 +1.096144284e+07 +1.096144284e+07 +1.096133860e+07 +1.096133860e+07 -4.3889e-01 -2.9527e+00 -7.9401e+00 -1.3459e-01 +1.6136e+01 +1.0499e+00 +5.0583e+00 +3.1777e+00 +3.7055e+00 -6.3568e+00 -1.0125e+01 -5.9904e+00 +7.8742e-01 -3.7015e+00 -8.4011e+00 +1.6227e+00 +1.6107e+00 -4.9634e+00 +1.2607e-01 -5.4136e+00
41 +8.857938627e+06 +8.857938627e+06 +8.857834387e+06 +8.857834387e+06 -3.7958e-01 -4.1984e+00 -1.5897e+01 -2.4604e+00 +1.4222e+01 +2.1279e+00 +7.3471e-01 +1.6073e+00 +1.1310e+01 +1.0096e-01 -1.2452e+01 -1.0855e+01 +7.5658e+00 -2.7278e+00 -8.9952e+00 -3.9041e+00 +5.1942e+00 -5.4383e+00 -8.2735e-02 -4.4670e+00
142 +5.494859863e+06 +5.494859863e+06 +5.494755623e+06 +5.494755623e+06 -2.1354e+00 -3.8355e+00 -1.8561e+01 +6.1130e+00 +1.3496e+01 +7.2929e+00 +5.2895e+00 -2.8805e+00 +8.7854e+00 -5.4798e+00 -1.4302e+01 -1.2208e+01 +3.7807e+00 -8.9374e+00 -6.9561e+00 -4.0281e+00 +4.0678e+00 -2.9585e+00 +8.1670e-01 -4.3874e+00
166 +3.861954465e+06 +3.861954465e+06 +3.861850225e+06 +3.861850225e+06 -1.6175e+00 +5.5652e-01 -1.4270e+01 +4.3456e+00 +8.1674e+00 +1.1235e+01 +1.2677e+00 -4.3450e+00 +3.9256e+00 -3.3576e+00 -9.8652e+00 -1.3628e+01 +5.8889e+00 -1.2657e+01 -5.0191e-01 -3.9467e+00 +3.3237e+00 -2.3831e+00 +6.7034e-01 -3.6335e+00
298 +2.441918602e+06 +2.441918602e+06 +2.441814362e+06 +2.441814362e+06 -8.9702e-01 -7.0715e-01 -9.0383e+00 +2.1855e+00 +9.8007e+00 +1.1104e+01 -2.5044e-01 -2.8725e+00 +6.6934e+00 -6.8474e+00 -9.9913e+00 -1.1014e+01 +3.2573e+00 -7.2762e+00 +1.8287e+00 -2.9875e+00 +4.9911e+00 -7.9029e-01 +2.1185e-01 -4.2877e+00
312 +1.579908270e+06 +1.579908270e+06 +1.579804030e+06 +1.579804030e+06 -7.7738e-01 -1.5236e+00 -8.2721e+00 +1.4915e+00 +9.9610e+00 +1.0570e+01 +4.5827e-02 -2.1708e+00 +7.8429e+00 -6.2273e+00 -1.0343e+01 -9.2388e+00 +3.2900e+00 -7.0795e+00 +1.7682e+00 -2.9358e+00 +5.1354e+00 -2.1145e+00 +3.5080e-01 -3.8147e+00
357 +9.501440467e+05 +9.501440467e+05 +9.500398067e+05 +9.500398067e+05 -7.4934e-01 -2.2050e+00 -9.0480e+00 +1.6873e+00 +1.0732e+01 +1.1435e+01 +8.0273e-01 -7.5623e-01 +7.6278e+00 -6.7852e+00 -9.5789e+00 -7.3413e+00 +3.3169e+00 -4.2351e+00 +2.7493e+00 -4.7968e+00 +4.1693e+00 -3.0772e+00 +2.7591e-01 -4.0894e+00
457 +5.582322123e+05 +5.582322123e+05 +5.581279723e+05 +5.581279723e+05 -5.4727e-01 -3.8070e+00 -9.8350e+00 +1.8606e+00 +1.0215e+01 +1.0598e+01 +1.4475e+00 -1.6604e-01 +8.5620e+00 -6.5858e+00 -1.0112e+01 -6.1931e+00 +1.4238e+00 -3.5647e+00 +2.7404e+00 -3.4315e+00 +4.4039e+00 -2.6717e+00 +4.4945e-01 -4.0140e+00
585 +3.822527331e+05 +3.822527331e+05 +3.821484931e+05 +3.821484931e+05 +8.9153e-01 -3.8907e+00 -1.1621e+01 +3.1320e+00 +1.0481e+01 +1.0881e+01 +2.1636e+00 -2.7818e-01 +8.0993e+00 -6.4317e+00 -8.8777e+00 -5.2547e+00 +3.8086e-01 -3.0546e+00 +4.0621e+00 -3.3115e+00 +4.0356e+00 -2.5219e+00 +6.0740e-01 -3.8982e+00
869 +2.474576916e+05 +2.474576916e+05 +2.473534516e+05 +2.473534516e+05 +5.4417e-01 -4.3951e+00 -1.1969e+01 +3.1049e+00 +1.1012e+01 +1.0804e+01 +3.0833e+00 -4.9206e-01 +7.6300e+00 -6.2915e+00 -8.5465e+00 -3.7963e+00 -1.3567e-01 -1.8377e+00 +3.5995e+00 -3.7930e+00 +4.0148e+00 -2.5854e+00 +5.4880e-01 -3.9142e+00
1289 +1.580450922e+05 +1.580450922e+05 +1.579408522e+05 +1.579408522e+05 +5.2910e-01 -4.1719e+00 -1.1845e+01 +3.2466e+00 +1.0769e+01 +1.0024e+01 +2.9393e+00 -6.2047e-02 +7.3278e+00 -6.5035e+00 -7.4597e+00 -2.1646e+00 -9.1975e-01 -1.5259e+00 +3.4869e+00 -3.5282e+00 +3.9519e+00 -2.5296e+00 +5.3871e-01 -3.8886e+00
1777 +9.993236945e+04 +9.993236945e+04 +9.982812945e+04 +9.982812945e+04 +5.7079e-01 -4.3586e+00 -1.1692e+01 +3.4910e+00 +1.0698e+01 +1.0120e+01 +2.9311e+00 +3.8782e-01 +6.9035e+00 -5.9378e+00 -6.6516e+00 -3.1923e-01 -1.0266e+00 -1.3377e+00 +3.3802e+00 -3.5622e+00 +3.9687e+00 -2.5632e+00 +5.5995e-01 -3.9127e+00
2369 +6.280302789e+04 +6.280302789e+04 +6.269878789e+04 +6.269878789e+04 +5.8327e-01 -4.3775e+00 -1.1676e+01 +3.4114e+00 +1.1088e+01 +1.0043e+01 +2.8820e+00 +5.0983e-01 +6.6643e+00 -5.7160e+00 -5.5951e+00 +8.2216e-01 -1.9788e+00 -1.2857e+00 +3.3697e+00 -3.5943e+00 +3.9597e+00 -2.5576e+00 +5.2605e-01 -3.9322e+00
2917 +3.970844651e+04 +3.970844651e+04 +3.960420651e+04 +3.960420651e+04 +4.4138e-01 -4.7115e+00 -1.1694e+01 +3.2834e+00 +1.1268e+01 +9.9777e+00 +3.1632e+00 +7.9937e-01 +6.3756e+00 -5.1193e+00 -4.5812e+00 +1.5060e+00 -2.4577e+00 -1.4441e+00 +3.3930e+00 -3.6099e+00 +4.0010e+00 -2.5688e+00 +5.2459e-01 -3.9322e+00
3995 +2.508899074e+04 +2.508899074e+04 +2.498475074e+04 +2.498475074e+04 +3.4306e-01 -4.7010e+00 -1.1702e+01 +3.0614e+00 +1.1118e+01 +9.6241e+00 +3.2033e+00 +8.5488e-01 +6.0370e+00 -4.9033e+00 -3.2364e+00 +1.9762e+00 -2.4307e+00 -1.4388e+00 +3.4566e+00 -3.6453e+00 +3.9913e+00 -2.5663e+00 +5.3393e-01 -3.9308e+00
5827 +1.582654086e+04 +1.582654086e+04 +1.572230086e+04 +1.572230086e+04 +5.6541e-01 -4.6888e+00 -1.1564e+01 +3.1351e+00 +1.1160e+01 +9.1775e+00 +3.2460e+00 +9.6781e-01 +5.6671e+00 -4.1130e+00 -1.9139e+00 +2.3445e+00 -2.5178e+00 -1.4237e+00 +3.4753e+00 -3.6405e+00 +4.0058e+00 -2.5670e+00 +5.2950e-01 -3.9261e+00
9910 +9.992549850e+03 +9.992549850e+03 +9.888309850e+03 +9.888309850e+03 +5.8118e-01 -4.8287e+00 -1.1459e+01 +3.0328e+00 +1.0826e+01 +8.0624e+00 +3.2061e+00 +1.4097e+00 +4.6539e+00 -3.4923e+00 -1.2625e+00 +2.4049e+00 -2.5094e+00 -1.4274e+00 +3.4612e+00 -3.6592e+00 +3.9951e+00 -2.5677e+00 +5.3045e-01 -3.9254e+00
21269 +6.304776383e+03 +6.304776383e+03 +6.200536383e+03 +6.200536383e+03 +5.5084e-01 -4.8605e+00 -1.1190e+01 +2.8607e+00 +9.9364e+00 +6.1049e+00 +3.1991e+00 +2.1884e+00 +3.9719e+00 -3.0258e+00 -1.0370e+00 +2.3848e+00 -2.4970e+00 -1.4431e+00 +3.4541e+00 -3.6548e+00 +3.9937e+00 -2.5690e+00 +5.3043e-01 -3.9271e+00
% function evaluation | noise-free fitness - Fopt (6.359000000000e+01) | best noise-free fitness - Fopt | measured fitness | best measured fitness | x1 | x2...
1 +1.402129989e+07 +1.402129989e+07 +1.402136348e+07 +1.402136348e+07 -1.6846e+00 +4.7971e+00 +1.9589e-01 -4.5173e+00 +3.3573e+00 -8.2808e-01 +2.5524e+00 -3.9240e-01 +1.7791e+00 +6.8528e-01 +4.4747e+00 +2.4934e+00 -1.0023e+00 -4.0419e+00 -1.9885e+00 -4.2599e+00 +4.5770e+00 +3.1938e+00 -3.1204e+00 +1.6983e+00
4 +9.015406703e+06 +9.015406703e+06 +9.015470293e+06 +9.015470293e+06 -4.1695e+00 +1.1838e+00 -3.8862e+00 -2.9687e+00 +5.4128e+00 -2.7288e+00 -5.1834e-01 -8.4122e+00 +1.0188e+00 +1.7289e+00 +6.3609e+00 +3.2088e+00 +1.3488e+00 -4.7846e+00 +1.3199e+00 -8.1184e+00 +4.4241e+00 -2.6178e+00 +1.9042e+00 +2.7821e-01
15 +4.844177010e+06 +4.844177010e+06 +4.844240600e+06 +4.844240600e+06 +2.7834e+00 -2.4429e+00 +5.3121e-01 -6.5413e+00 +4.4882e+00 +2.2093e-01 +5.7384e+00 -9.3418e+00 +1.0091e+01 +2.3871e+00 +7.4361e+00 +1.1690e+00 +2.5432e+00 -2.1515e+00 +1.9409e+00 -5.9331e+00 +2.1179e+00 -2.9618e+00 +9.3752e-01 +3.1101e+00
22 +2.533834888e+06 +2.533834888e+06 +2.533898478e+06 +2.533898478e+06 +4.2409e+00 -3.8147e+00 -7.5290e+00 -5.7235e+00 +5.1992e+00 -8.5064e+00 +1.3879e+00 -1.0148e+01 +4.9881e+00 -3.4997e+00 +5.7269e+00 +2.7142e+00 +8.9193e+00 +1.9276e+00 +3.0861e+00 -5.0431e+00 +4.2620e+00 -3.4334e+00 -1.7717e+00 +1.1875e+00
166 +2.282447304e+06 +2.282447304e+06 +2.282510894e+06 +2.282510894e+06 +4.5201e+00 -4.1807e+00 -6.7786e+00 -3.7651e+00 +4.2498e+00 -7.9398e+00 +2.4563e-01 -9.0616e+00 +5.6421e+00 -1.9099e+00 +4.6645e+00 +4.0153e+00 +9.2573e+00 -4.6754e-01 +3.6554e+00 -5.3032e+00 +3.1676e+00 -2.5691e+00 -1.8740e+00 +1.0225e+00
180 +1.408642224e+06 +1.408642224e+06 +1.408705814e+06 +1.408705814e+06 +1.6037e+00 -5.7518e+00 -7.7293e+00 -2.8938e+00 +7.5650e+00 -7.0077e+00 -1.6396e+00 -8.9740e+00 +5.4333e+00 -5.7846e-01 +3.2099e+00 +5.3623e+00 +9.3396e+00 +5.6854e-01 +4.8841e+00 -5.0175e+00 +1.3778e+00 -2.8663e+00 -6.6595e-01 +1.4075e+00
252 +9.862415482e+05 +9.862415482e+05 +9.863051382e+05 +9.863051382e+05 +7.0191e-01 -8.7707e+00 -1.2962e+01 -3.9248e+00 +7.2496e+00 -5.0837e+00 +1.3076e+00 -8.5310e+00 +7.3321e+00 -2.0863e+00 +1.9623e+00 +3.9268e+00 +8.3357e+00 +2.5694e-02 +2.2835e+00 -2.8997e+00 +1.8640e+00 -3.7469e+00 -1.0072e+00 +1.2332e+00
410 +6.234047245e+05 +6.234047245e+05 +6.234683145e+05 +6.234683145e+05 +1.0782e+00 -7.3334e+00 -1.3694e+01 -4.3721e+00 +6.6729e+00 -4.4568e+00 +1.5534e+00 -9.3413e+00 +4.7043e+00 -2.9689e+00 +1.0609e+00 +4.7476e+00 +6.6045e+00 +1.6273e+00 +1.5873e+00 -3.2939e+00 +7.9472e-01 -3.1621e+00 -1.2192e+00 +1.5246e+00
687 +3.903019701e+05 +3.903019701e+05 +3.903655601e+05 +3.903655601e+05 -1.1208e+00 -7.9320e+00 -1.3212e+01 -5.6662e+00 +7.3856e+00 -2.8423e+00 +1.4862e+00 -9.5453e+00 +4.3814e+00 -3.8955e+00 +2.6573e-01 +3.8965e+00 +4.4509e+00 -7.5505e-02 +2.6285e+00 -3.2873e+00 +9.6679e-01 -3.3462e+00 -1.1007e+00 +1.6872e+00
760 +2.497164412e+05 +2.497164412e+05 +2.497800312e+05 +2.497800312e+05 -1.3925e+00 -7.6259e+00 -1.3069e+01 -5.9490e+00 +6.6915e+00 -2.9304e+00 +1.0802e+00 -9.5942e+00 +4.7836e+00 -4.1995e+00 +1.1635e-02 +3.9105e+00 +3.2727e+00 -9.4257e-01 +2.2135e+00 -3.5399e+00 +1.0096e+00 -3.1071e+00 -1.0026e+00 +1.6272e+00
900 +1.546440278e+05 +1.546440278e+05 +1.547076178e+05 +1.547076178e+05 -9.7768e-01 -8.2701e+00 -1.3418e+01 -6.9476e+00 +5.8885e+00 -3.2706e+00 +1.6259e+00 -1.0214e+01 +4.2513e+00 -2.9152e+00 -3.2415e-01 +3.1750e+00 +1.9479e+00 -1.0752e+00 +2.0823e+00 -3.4443e+00 +1.0352e+00 -3.1052e+00 -1.0872e+00 +1.5242e+00
1045 +9.896869453e+04 +9.896869453e+04 +9.903228453e+04 +9.903228453e+04 -1.2071e+00 -8.4050e+00 -1.2975e+01 -6.9534e+00 +6.2150e+00 -2.9685e+00 +1.7376e+00 -9.5602e+00 +4.2449e+00 -2.9280e+00 -4.6846e-01 +3.2841e+00 +1.0823e+00 -8.1710e-01 +2.3283e+00 -3.5048e+00 +1.1270e+00 -3.1507e+00 -1.1047e+00 +1.5717e+00
1343 +6.303649635e+04 +6.303649635e+04 +6.310008635e+04 +6.310008635e+04 -1.1260e+00 -8.2959e+00 -1.3033e+01 -6.9076e+00 +6.1700e+00 -3.1429e+00 +1.5496e+00 -9.3443e+00 +4.2212e+00 -3.0944e+00 -1.0101e+00 +2.6880e+00 +1.9385e-01 -5.9120e-01 +2.5127e+00 -3.6232e+00 +1.1121e+00 -3.1526e+00 -1.0746e+00 +1.5604e+00
1430 +3.949241998e+04 +3.949241998e+04 +3.955600998e+04 +3.955600998e+04 -1.0915e+00 -8.4311e+00 -1.2935e+01 -7.0234e+00 +6.0409e+00 -3.1583e+00 +1.5925e+00 -9.1870e+00 +4.2859e+00 -3.1959e+00 -1.2071e+00 +2.4797e+00 -4.9060e-01 -6.4271e-01 +2.5450e+00 -3.5216e+00 +1.0861e+00 -3.0792e+00 -1.0675e+00 +1.6139e+00
1772 +2.491567160e+04 +2.491567160e+04 +2.497926160e+04 +2.497926160e+04 -1.1073e+00 -8.7230e+00 -1.2948e+01 -7.2424e+00 +6.1614e+00 -3.1206e+00 +1.6698e+00 -9.0813e+00 +4.2818e+00 -3.1310e+00 -1.3124e+00 +2.0992e+00 -1.0042e+00 -5.0413e-01 +2.5257e+00 -3.6315e+00 +1.1206e+00 -3.1425e+00 -1.0904e+00 +1.5807e+00
2078 +1.579553846e+04 +1.579553846e+04 +1.585912846e+04 +1.585912846e+04 -1.0377e+00 -8.6801e+00 -1.2909e+01 -7.1000e+00 +6.1551e+00 -3.0587e+00 +1.7115e+00 -8.8596e+00 +4.2034e+00 -3.0689e+00 -1.3612e+00 +1.8818e+00 -1.4863e+00 -6.2117e-01 +2.4629e+00 -3.6071e+00 +1.1188e+00 -3.1347e+00 -1.0791e+00 +1.5756e+00
3351 +9.999961912e+03 +9.999961912e+03 +1.006355191e+04 +1.006355191e+04 -1.0586e+00 -8.7094e+00 -1.2788e+01 -7.0934e+00 +6.0070e+00 -2.9587e+00 +1.6996e+00 -8.6231e+00 +4.1956e+00 -2.9637e+00 -1.4776e+00 +1.4665e+00 -2.1638e+00 -5.2375e-01 +2.4781e+00 -3.6180e+00 +1.1088e+00 -3.1445e+00 -1.0802e+00 +1.5748e+00
11164 +6.306826380e+03 +6.306826380e+03 +6.370416380e+03 +6.370416380e+03 -9.9256e-01 -8.5831e+00 -1.2595e+01 -6.9270e+00 +5.6228e+00 -2.6708e+00 +1.6846e+00 -7.1516e+00 +3.8417e+00 -2.4711e+00 -2.1027e+00 +1.2095e+00 -2.3726e+00 -5.0596e-01 +2.4860e+00 -3.5988e+00 +1.1062e+00 -3.1479e+00 -1.0838e+00 +1.5750e+00
25854 +3.980828180e+03 +3.980828180e+03 +4.044418180e+03 +4.044418180e+03 -9.9268e-01 -8.4503e+00 -1.2318e+01 -6.5366e+00 +5.1938e+00 -1.9744e+00 +1.5796e+00 -5.4126e+00 +3.2699e+00 -2.2908e+00 -2.1374e+00 +1.2321e+00 -2.3606e+00 -5.0339e-01 +2.4855e+00 -3.5977e+00 +1.1097e+00 -3.1469e+00 -1.0839e+00 +1.5758e+00
% function evaluation | noise-free fitness - Fopt (-5.712900000000e+02) | best noise-free fitness - Fopt | measured fitness | best measured fitness | x1 | x2...
1 +2.875148175e+07 +2.875148175e+07 +2.875091046e+07 +2.875091046e+07 +3.0001e+00 +3.4964e+00 +1.8354e+00 +7.1151e-02 -2.5772e+00 +4.7206e+00 +4.0799e+00 -3.6144e+00 +4.2043e+00 -4.2987e+00 -3.0710e+00 -4.0217e+00 -3.3760e+00 -8.0353e-02 -1.7925e+00 +1.5671e+00 -1.8319e+00 +4.6591e+00 -2.6102e-01 -3.5286e+00
6 +2.377668492e+07 +2.377668492e+07 +2.377611363e+07 +2.377611363e+07 +3.3232e+00 +3.3994e+00 -2.0198e+00 -5.8044e+00 +4.7807e-01 +6.7566e+00 +4.0561e+00 +7.1242e-01 +9.3357e+00 -1.1272e+00 -5.1879e+00 -2.4097e+00 -6.3949e+00 -1.9948e+00 -6.4911e+00 +9.4730e-01 -2.6245e+00 +5.7672e+00 +3.0723e+00 -3.2235e+00
11 +1.175040161e+07 +1.175040161e+07 +1.174983032e+07 +1.174983032e+07 +1.1538e+01 -4.5946e+00 -5.1558e+00 -4.3117e+00 -7.5405e+00 +1.9860e+01 +7.2253e+00 -1.1158e+01 +1.3131e+01 +2.2878e-01 -2.4955e+00 +3.2381e+00 -1.4019e+01 -3.3416e+00 -6.2773e+00 -2.1457e+00 -2.7062e+00 -2.0516e+00 +1.0317e+00 -3.9774e+00
32 +8.875996121e+06 +8.875996121e+06 +8.875424831e+06 +8.875424831e+06 +1.4844e+01 -1.0185e+01 +1.0981e-01 -1.0255e+00 -2.0089e+01 +2.7440e+01 +4.5719e+00 -3.5463e+00 +1.4349e+01 -9.0550e-01 -1.9332e-01 +4.8962e+00 -1.2476e+01 -7.1143e+00 -4.1192e+00 -2.1360e+00 -4.8770e+00 -1.0938e+00 +1.6222e+00 -1.9756e-01
57 +5.635654436e+06 +5.635654436e+06 +5.635083146e+06 +5.635083146e+06 +8.3158e+00 -1.7091e+01 -1.6111e+00 -6.6399e+00 -1.7265e+01 +2.3040e+01 +7.0563e+00 -8.7874e-01 +1.4133e+01 -1.6157e+00 -1.7974e+00 +3.8538e+00 -1.0402e+01 -2.5295e+00 +3.4123e+00 -1.8124e+00 -1.0099e+00 -6.2065e+00 +2.0523e+00 -8.3197e-01
116 +3.765456278e+06 +3.765456278e+06 +3.764884988e+06 +3.764884988e+06 +4.2252e+00 -2.5203e+01 -5.1697e+00 -1.0656e+01 -1.9517e+01 +1.9783e+01 +1.4705e+01 +7.9763e+00 +1.7701e+01 +8.3293e-01 -1.1562e+00 -1.1063e+00 -8.9814e+00 -2.4362e+00 +4.2692e+00 +4.2583e-01 -7.6934e-01 -2.1055e+00 +3.2089e+00 -1.9036e+00
198 +2.312709551e+06 +2.312709551e+06 +2.312138261e+06 +2.312138261e+06 +1.6253e+00 -2.4343e+01 -4.6313e+00 -7.2734e+00 -1.7691e+01 +2.0066e+01 +1.6890e+01 +5.9294e+00 +2.0443e+01 +1.6605e+00 +7.0244e-01 +1.1049e-01 -6.8117e+00 -3.3190e+00 +2.5108e+00 -2.2638e+00 -5.1053e-01 -4.2416e+00 +4.6429e+00 -1.7752e+00
226 +1.480505583e+06 +1.480505583e+06 +1.479934293e+06 +1.479934293e+06 -4.4103e-01 -2.3850e+01 -3.1062e+00 -7.4037e+00 -1.8589e+01 +2.0375e+01 +1.7135e+01 +6.9103e+00 +2.1865e+01 -1.5316e+00 +2.5417e-01 -1.0388e+00 -3.9683e+00 -3.6147e+00 +6.1539e-01 -4.9278e+00 -2.3897e-01 -3.5361e+00 +4.0430e+00 -2.1664e+00
248 +9.362201185e+05 +9.362201185e+05 +9.356488285e+05 +9.356488285e+05 -1.7095e-01 -1.9595e+01 -3.9136e+00 -9.3047e+00 -1.8033e+01 +1.9092e+01 +1.7030e+01 +4.3032e+00 +2.1487e+01 -5.3858e+00 +1.8237e+00 -1.8912e+00 -2.7816e+00 -1.7495e+00 +2.0120e+00 -3.1126e+00 -1.3883e+00 -3.6951e+00 +3.2659e+00 -1.2131e+00
362 +5.867110982e+05 +5.867110982e+05 +5.861398082e+05 +5.861398082e+05 +8.4047e-01 -2.0810e+01 -3.3598e+00 -9.8063e+00 -1.9640e+01 +1.7651e+01 +1.6108e+01 +6.7731e+00 +1.8525e+01 -5.5830e+00 +3.0191e-02 -4.3374e+00 -3.0657e+00 -1.0479e+00 +3.6793e-01 -2.7726e+00 -2.4172e+00 -4.1211e+00 +3.5660e+00 -1.6619e+00
408 +3.912848676e+05 +3.912848676e+05 +3.907135776e+05 +3.907135776e+05 +1.5138e+00 -2.0643e+01 -2.9611e+00 -9.8789e+00 -2.0629e+01 +1.6422e+01 +1.5670e+01 +6.9764e+00 +1.7475e+01 -4.1036e+00 +3.3894e-01 -5.4151e+00 -2.0246e+00 -1.4149e+00 -1.8448e-01 -3.3278e+00 -2.2489e+00 -3.3447e+00 +3.4837e+00 -1.6046e+00
642 +2.503947149e+05 +2.503947149e+05 +2.498234249e+05 +2.498234249e+05 +1.6353e+00 -2.0271e+01 -2.8193e+00 -1.0365e+01 -2.1414e+01 +1.6709e+01 +1.5587e+01 +6.9234e+00 +1.7347e+01 -4.2949e+00 -2.5062e-01 -4.9500e+00 -9.3221e-01 -1.9847e+00 -1.6137e+00 -3.9515e+00 -2.1372e+00 -3.5610e+00 +3.5028e+00 -1.5369e+00
1786 +1.583535858e+05 +1.583535858e+05 +1.577822958e+05 +1.577822958e+05 +2.0360e+00 -2.0788e+01 -2.6633e+00 -9.1692e+00 -2.0980e+01 +1.5934e+01 +1.5409e+01 +7.0166e+00 +1.6065e+01 -2.9733e+00 -1.4175e+00 -3.2258e+00 +1.5089e+00 -1.2602e+00 -1.3656e+00 -3.9010e+00 -2.0640e+00 -3.5886e+00 +3.5612e+00 -1.5619e+00
10076 +9.984118138e+04 +9.984118138e+04 +9.926989138e+04 +9.926989138e+04 +1.6468e+00 -2.1099e+01 -2.6392e+00 -9.0889e+00 -2.0562e+01 +1.4797e+01 +1.1859e+01 +5.6795e+00 +1.1175e+01 -1.2774e+00 -3.5227e+00 -2.4215e+00 +1.8420e+00 -1.2999e+00 -1.2756e+00 -3.9262e+00 -2.0966e+00 -3.6159e+00 +3.5432e+00 -1.5482e+00
11698 +6.306215400e+04 +6.306215400e+04 +6.249086400e+04 +6.249086400e+04 +1.4300e+00 -2.1412e+01 -2.2585e+00 -8.8342e+00 -2.0439e+01 +1.4530e+01 +1.1389e+01 +5.5945e+00 +8.1265e+00 -7.8616e-01 -3.3357e+00 -2.4103e+00 +1.9850e+00 -1.3439e+00 -1.3205e+00 -3.9029e+00 -2.0814e+00 -3.6138e+00 +3.5490e+00 -1.5438e+00
18228 +3.975810375e+04 +3.975810375e+04 +3.918681375e+04 +3.918681375e+04 +1.6809e+00 -2.1296e+01 -2.5157e+00 -8.6695e+00 -2.0223e+01 +1.3432e+01 +1.0685e+01 +2.9442e+00 +4.4481e+00 -8.0335e-01 -3.6664e+00 -2.3363e+00 +1.9132e+00 -1.3082e+00 -1.3638e+00 -3.9095e+00 -2.0959e+00 -3.6041e+00 +3.5442e+00 -1.5525e+00
24278 +2.511113751e+04 +2.511113751e+04 +2.453984751e+04 +2.453984751e+04 +1.4700e+00 -2.0940e+01 -2.3684e+00 -8.4151e+00 -1.9969e+01 +1.1937e+01 +1.0257e+01 +1.4756e+00 +1.6583e+00 -8.0546e-01 -3.6583e+00 -2.3965e+00 +1.8896e+00 -1.3041e+00 -1.3223e+00 -3.8830e+00 -2.0938e+00 -3.6079e+00 +3.5495e+00 -1.5486e+00
37287 +1.584758526e+04 +1.584758526e+04 +1.527629526e+04 +1.527629526e+04 +1.4101e+00 -2.0863e+01 -2.3566e+00 -8.0003e+00 -1.9148e+01 +9.7004e+00 +8.4504e+00 -1.9175e-01 -3.5330e-01 -7.6591e-01 -3.6863e+00 -2.3603e+00 +1.9068e+00 -1.3218e+00 -1.3380e+00 -3.8933e+00 -2.0958e+00 -3.6112e+00 +3.5484e+00 -1.5475e+00
% function evaluation | noise-free fitness - Fopt (-5.260000000000e+01) | best noise-free fitness - Fopt | measured fitness | best measured fitness | x1 | x2...
1 +3.161980094e+07 +3.161980094e+07 +3.161974834e+07 +3.161974834e+07 -1.5014e+00 +4.3567e+00 -4.6991e+00 -1.2759e+00 +1.5022e-01 -3.2296e+00 -1.8804e+00 +1.9209e+00 -1.0685e+00 -4.3471e+00 -2.8144e+00 +1.7093e+00 -1.2786e+00 -2.2029e+00 -3.5182e+00 +2.4068e+00 +2.4039e+00 +1.5665e+00 -4.3099e+00 -3.9141e+00
2 +1.896902294e+07 +1.896902294e+07 +1.896897034e+07 +1.896897034e+07 -4.8737e+00 -6.2014e-01 -6.5469e+00 -4.2696e-01 +8.1642e+00 -2.4442e+00 -1.2650e+00 +9.6001e+00 +7.6885e+00 -5.8003e+00 -2.0972e+00 +2.9621e+00 -5.7403e+00 -1.4341e+01 +1.0958e+00 +7.1921e+00 -5.1545e-01 -5.2776e-01 -7.4342e+00 +6.0930e-01
3 +1.504258166e+07 +1.504258166e+07 +1.504252906e+07 +1.504252906e+07 -1.0980e+01 +4.8686e+00 -8.6243e+00 +4.2033e+00 +1.3219e+01 -1.0144e+01 -2.2733e+00 +5.5263e+00 +9.7512e+00 -3.5143e+00 +6.1177e+00 -4.7757e+00 +2.2387e+00 -9.6459e+00 +5.3536e+00 +2.9604e+00 +4.5231e+00 +1.0231e+00 -6.6142e+00 +8.7533e-01
5 +3.302309006e+06 +3.302309006e+06 +3.302256406e+06 +3.302256406e+06 -4.6020e+00 +5.5253e+00 +2.0038e+00 +2.9622e+00 +1.2962e+01 -1.3852e+01 -1.4351e+01 +5.7349e+00 +1.5899e+01 -4.8968e+00 +4.9031e+00 +7.1329e-01 -1.4831e+00 -7.3814e+00 +5.0841e+00 +1.3093e+00 +4.6701e-01 +1.8192e+00 -2.2474e+00 +1.2890e+00
170 +2.250491746e+06 +2.250491746e+06 +2.250439146e+06 +2.250439146e+06 -6.9092e+00 +6.0257e+00 +6.6836e+00 -1.1006e+00 +1.5829e+01 -1.4754e+01 -2.0139e+01 +5.5152e+00 +2.2872e+01 -3.1129e+00 +6.2652e+00 +3.7623e+00 -9.8584e+00 -4.5529e+00 +8.1484e-01 +4.9771e-01 -2.5327e-01 -5.8781e-01 -2.2883e+00 +1.0194e+00
300 +1.501443814e+06 +1.501443814e+06 +1.501391214e+06 +1.501391214e+06 -4.5052e+00 +5.3828e+00 +7.0385e+00 -2.0265e+00 +1.5372e+01 -1.5259e+01 -2.3803e+01 +4.4161e+00 +2.3327e+01 -2.2256e+00 +1.0962e+01 +1.6798e+00 -5.2514e+00 -3.4249e+00 +2.6171e+00 +4.6660e-01 +1.4410e+00 -2.0579e+00 -2.2483e+00 +1.2969e+00
382 +9.867073263e+05 +9.867073263e+05 +9.866547263e+05 +9.866547263e+05 -5.9744e+00 +6.1014e+00 +7.0834e+00 -1.4801e+00 +1.5190e+01 -1.5846e+01 -2.1592e+01 +3.0651e+00 +2.2832e+01 -4.1366e+00 +9.0648e+00 +1.5481e+00 -3.0270e+00 -1.3635e+00 +2.2233e+00 +1.3068e+00 +1.9334e-01 -2.0791e+00 -1.7469e+00 +1.1998e+00
593 +6.142591370e+05 +6.142591370e+05 +6.142065370e+05 +6.142065370e+05 -5.3076e+00 +5.3290e+00 +6.8021e+00 -1.7186e+00 +1.6333e+01 -1.4994e+01 -2.1695e+01 +3.7554e+00 +2.2073e+01 -4.6579e+00 +7.7085e+00 +7.2217e-01 -1.2817e+00 -1.6035e+00 +1.7967e+00 +6.3709e-01 +2.6170e-01 -1.4590e+00 -2.0787e+00 +1.2508e+00
1046 +3.976883535e+05 +3.976883535e+05 +3.976357535e+05 +3.976357535e+05 -6.0851e+00 +4.9148e+00 +6.4135e+00 -1.6811e+00 +1.6252e+01 -1.4422e+01 -2.1236e+01 +3.9304e+00 +1.9692e+01 -4.7860e+00 +6.8797e+00 -2.0314e-01 +1.1787e+00 -2.0423e+00 +1.8255e+00 +7.1044e-01 +3.6889e-01 -1.3525e+00 -2.0655e+00 +1.3282e+00
1889 +2.508980240e+05 +2.508980240e+05 +2.508454240e+05 +2.508454240e+05 -7.3332e+00 +5.5581e+00 +7.4465e+00 -1.4944e+00 +1.5663e+01 -1.4161e+01 -2.1069e+01 +3.6138e+00 +1.6971e+01 -4.7760e+00 +4.4434e+00 -1.7586e+00 +3.4465e+00 -2.0848e+00 +1.8185e+00 +7.1770e-01 +2.1968e-01 -1.3631e+00 -2.0521e+00 +1.2934e+00
4085 +1.584635093e+05 +1.584635093e+05 +1.584109093e+05 +1.584109093e+05 -7.6116e+00 +6.1811e+00 +7.6140e+00 -1.4250e+00 +1.5865e+01 -1.4166e+01 -2.0603e+01 +2.4637e+00 +1.4943e+01 -2.9564e+00 +8.0098e-02 -3.1650e+00 +3.5675e+00 -2.0255e+00 +1.7502e+00 +8.0924e-01 +2.2761e-01 -1.3437e+00 -2.0876e+00 +1.3061e+00
13307 +9.993112209e+04 +9.993112209e+04 +9.987852209e+04 +9.987852209e+04 -7.5369e+00 +5.8484e+00 +7.3615e+00 -1.2330e+00 +1.4901e+01 -1.2350e+01 -1.7719e+01 +8.6477e-02 +9.7925e+00 -1.7894e-01 -1.8518e+00 -3.3240e+00 +3.4197e+00 -2.1007e+00 +1.7385e+00 +7.8021e-01 +2.6830e-01 -1.3707e+00 -2.0907e+00 +1.3266e+00
15291 +6.309509747e+04 +6.309509747e+04 +6.304249747e+04 +6.304249747e+04 -7.6233e+00 +5.5884e+00 +7.3171e+00 -1.1582e+00 +1.4757e+01 -1.1744e+01 -1.7224e+01 -4.0818e-01 +6.6715e+00 -3.1247e-01 -1.9191e+00 -3.3143e+00 +3.3881e+00 -2.0745e+00 +1.6838e+00 +8.0205e-01 +2.4943e-01 -1.3412e+00 -2.0851e+00 +1.3087e+00
22325 +3.978386526e+04 +3.978386526e+04 +3.973126526e+04 +3.973126526e+04 -7.4740e+00 +5.7414e+00 +7.2884e+00 -9.9876e-01 +1.3798e+01 -1.0432e+01 -1.5169e+01 -1.1723e+00 +2.6627e+00 +1.5316e-01 -1.9037e+00 -3.3661e+00 +3.3756e+00 -2.0580e+00 +1.7398e+00 +7.8461e-01 +2.4831e-01 -1.3427e+00 -2.0874e+00 +1.3092e+00
29312 +2.511380206e+04 +2.511380206e+04 +2.506120206e+04 +2.506120206e+04 -7.1950e+00 +5.8368e+00 +7.2550e+00 -9.8863e-01 +1.3051e+01 -9.4000e+00 -1.2754e+01 -1.6657e+00 -1.6603e-01 +2.1389e-01 -2.0235e+00 -3.3888e+00 +3.4075e+00 -2.0175e+00 +1.7005e+00 +7.8595e-01 +2.4933e-01 -1.3385e+00 -2.0877e+00 +1.3106e+00
36549 +1.584469425e+04 +1.584469425e+04 +1.579209425e+04 +1.579209425e+04 -7.2585e+00 +5.8369e+00 +7.2186e+00 -1.1655e+00 +1.2365e+01 -8.5672e+00 -1.0274e+01 -1.8372e+00 -1.4321e+00 +1.8272e-01 -1.9673e+00 -3.3724e+00 +3.3977e+00 -2.0675e+00 +1.7210e+00 +7.8263e-01 +2.4592e-01 -1.3461e+00 -2.0836e+00 +1.3086e+00
% function evaluation | noise-free fitness - Fopt (-1.257000000000e+02) | best noise-free fitness - Fopt | measured fitness | best measured fitness | x1 | x2...
1 +6.419907341e+07 +6.419907341e+07 +6.419894771e+07 +6.419894771e+07 +4.9290e-01 -3.3635e+00 +5.7314e-01 +2.5565e+00 -5.1916e-02 -2.5664e+00 +3.8836e+00 +4.5601e+00 +1.3495e+00 +9.2543e-01 +1.7502e-01 +4.8680e+00 -4.5563e+00 +2.7065e+00 +5.2905e-01 +2.1483e+00 -5.2811e-01 +1.2895e+00 +2.7230e-01 -4.6044e+00
3 +4.384653010e+07 +4.384653010e+07 +4.384640440e+07 +4.384640440e+07 +1.3432e+00 +1.1703e+00 -1.1686e+01 +9.6286e+00 +3.1702e+00 -9.1270e+00 +5.3209e+00 +5.1113e+00 -8.2092e+00 -2.4745e+00 -8.3655e+00 +9.1773e+00 -4.7580e+00 +5.9796e+00 -1.9701e+00 -4.2598e+00 +1.6130e+01 -1.5879e+00 -1.2402e+00 +3.3133e-01
5 +3.822843810e+07 +3.822843810e+07 +3.822831240e+07 +3.822831240e+07 +2.7922e-01 -4.4518e+00 -1.1341e+01 +1.4099e+01 +2.9517e+00 -2.0391e+00 +8.9624e+00 +5.3817e+00 -2.0386e+01 +3.0667e+00 -7.3260e+00 +1.8712e+01 -3.8421e+00 +5.6092e+00 -5.9823e-01 -7.5260e+00 +1.2823e+01 -1.2077e+00 +4.5860e+00 +6.4969e+00
10 +2.103847872e+07 +2.103847872e+07 +2.103835302e+07 +2.103835302e+07 -1.1017e+01 -7.4114e+00 -1.2131e+01 +5.4870e+00 +8.4736e+00 -6.7107e+00 +1.3429e+01 +7.0021e-01 -1.9353e+01 -5.2517e+00 -1.0555e+01 +2.1723e+01 -1.5840e+01 +3.3089e-01 -1.0368e+01 -2.5523e+00 +1.0247e+01 -1.5919e+00 -2.4960e+00 +3.7698e+00
15 +1.559119229e+07 +1.559119229e+07 +1.559106659e+07 +1.559106659e+07 +2.0797e+00 -9.8462e+00 -5.5758e+00 +6.6410e+00 +1.3287e+01 -1.6873e+00 +9.7173e+00 +2.7932e+00 -2.5598e+01 -9.7210e+00 -1.2762e+01 +1.8628e+01 -1.1145e+01 +8.7480e+00 -9.6526e+00 +1.5566e+00 +6.0590e+00 +3.9899e+00 -8.7428e-01 +4.3682e+00
60 +9.085819464e+06 +9.085819464e+06 +9.085693764e+06 +9.085693764e+06 +3.5622e+00 -8.8951e+00 -4.7340e+00 +1.4663e+01 +9.6286e+00 -4.4943e+00 +8.2513e+00 +1.2747e+01 -1.9777e+01 -2.4630e+00 -1.1914e+01 +2.7500e+01 -4.4617e+00 +1.2811e+01 -5.2037e+00 -3.0029e+00 +3.1419e-01 +1.5107e+00 -1.8572e+00 +2.5452e+00
156 +5.923203250e+06 +5.923203250e+06 +5.923077550e+06 +5.923077550e+06 +2.6975e+00 -1.3970e+01 -1.3316e+01 +1.2254e+01 +8.7578e+00 -6.6599e+00 +1.1313e+01 +1.7720e+01 -1.3308e+01 -6.0217e+00 -5.2379e+00 +3.0798e+01 -7.5180e+00 +8.9591e+00 -5.8926e+00 -3.6341e+00 +9.3428e-02 +2.0056e+00 +8.0706e-01 +3.7968e+00
212 +3.894802224e+06 +3.894802224e+06 +3.894676524e+06 +3.894676524e+06 +2.0507e+00 -1.0772e+01 -1.4464e+01 +1.0833e+01 +9.0650e+00 -8.3952e+00 +1.7873e+01 +1.0460e+01 -9.1561e+00 -6.6696e+00 -5.5771e+00 +2.7073e+01 -6.6969e-01 +6.8751e+00 -6.5172e+00 -3.5146e+00 -5.7469e-02 +5.7932e-01 +1.3452e+00 +4.1955e+00
263 +2.488675948e+06 +2.488675948e+06 +2.488550248e+06 +2.488550248e+06 +4.7344e+00 -1.6739e+01 -1.1201e+01 +1.6516e+01 +8.7931e+00 -5.1508e+00 +1.9568e+01 +9.3830e+00 -1.0704e+01 -7.6354e+00 -4.8532e+00 +1.9199e+01 -6.3122e+00 +6.1378e+00 -7.4907e+00 -2.1723e+00 -4.4718e-01 +4.7819e-01 +1.1628e+00 +3.2343e+00
292 +1.564094634e+06 +1.564094634e+06 +1.563968934e+06 +1.563968934e+06 +4.5686e+00 -1.8082e+01 -1.1443e+01 +1.6880e+01 +8.3245e+00 -6.6883e+00 +2.1784e+01 +6.8000e+00 -6.0757e+00 -7.6508e+00 -1.1591e+00 +1.5096e+01 -4.0672e+00 +4.4046e+00 -4.3670e+00 -4.5244e+00 +4.1653e-01 +3.8903e-01 +1.3868e+00 +3.4896e+00
303 +8.014952841e+05 +8.014952841e+05 +8.013695841e+05 +8.013695841e+05 +4.7553e+00 -1.9649e+01 -1.0484e+01 +1.5153e+01 +7.1097e+00 -5.9148e+00 +2.2458e+01 +8.7236e+00 -7.1731e+00 -6.1677e+00 +4.7181e-02 +1.1547e+01 -3.8428e+00 +2.6191e+00 -3.6269e+00 -2.0752e+00 +9.7322e-02 +5.8898e-03 +6.6747e-01 +3.3420e+00
543 +6.240732358e+05 +6.240732358e+05 +6.239475358e+05 +6.239475358e+05 +4.8071e+00 -1.9220e+01 -1.1928e+01 +1.5750e+01 +6.4506e+00 -6.3179e+00 +2.2667e+01 +7.8550e+00 -7.5853e+00 -6.4637e+00 -1.0348e-01 +1.0167e+01 -3.4378e+00 +2.1198e+00 -2.9628e+00 -2.8314e+00 +3.2538e-01 -4.4519e-01 +9.8719e-01 +3.5068e+00
801 +3.978788029e+05 +3.978788029e+05 +3.977531029e+05 +3.977531029e+05 +6.1299e+00 -1.9146e+01 -1.2039e+01 +1.5107e+01 +5.7115e+00 -6.2654e+00 +2.1538e+01 +7.4423e+00 -8.0568e+00 -6.5308e+00 -9.5204e-01 +8.4420e+00 -9.9990e-01 +3.0046e+00 -2.8143e+00 -2.7311e+00 +2.1697e-01 -1.4762e-01 +8.0577e-01 +3.4412e+00
1143 +2.505422038e+05 +2.505422038e+05 +2.504165038e+05 +2.504165038e+05 +7.0479e+00 -2.0138e+01 -1.2392e+01 +1.5431e+01 +6.3211e+00 -6.2692e+00 +2.0721e+01 +7.6517e+00 -7.9766e+00 -6.0894e+00 -1.1047e+00 +6.6344e+00 +5.2744e-01 +3.2116e+00 -2.7632e+00 -2.8279e+00 +2.2309e-01 -2.0165e-01 +9.4947e-01 +3.4386e+00
1456 +1.580950385e+05 +1.580950385e+05 +1.579693385e+05 +1.579693385e+05 +7.3710e+00 -2.0394e+01 -1.2349e+01 +1.5632e+01 +6.1987e+00 -5.9000e+00 +2.0133e+01 +7.1507e+00 -7.3979e+00 -5.7834e+00 -1.6538e+00 +4.7996e+00 +1.3658e+00 +3.2864e+00 -2.8003e+00 -2.9282e+00 +1.1584e-01 -2.0521e-01 +8.8886e-01 +3.5119e+00
2010 +9.967724894e+04 +9.967724894e+04 +9.955154894e+04 +9.955154894e+04 +7.7271e+00 -2.0373e+01 -1.1738e+01 +1.5771e+01 +6.1915e+00 -6.0469e+00 +1.9815e+01 +7.2228e+00 -6.6718e+00 -4.6513e+00 -2.2971e+00 +3.2281e+00 +2.3800e+00 +3.5684e+00 -2.6786e+00 -3.0596e+00 +1.6642e-01 -1.5686e-01 +8.6543e-01 +3.5057e+00
3473 +6.294888737e+04 +6.294888737e+04 +6.282318737e+04 +6.282318737e+04 +8.2681e+00 -2.0201e+01 -1.2005e+01 +1.5913e+01 +6.2078e+00 -5.8289e+00 +1.9074e+01 +6.6113e+00 -5.9065e+00 -2.8278e+00 -2.2541e+00 +1.5577e+00 +2.6180e+00 +3.5138e+00 -2.6428e+00 -2.9773e+00 +1.4396e-01 -1.6366e-01 +8.9001e-01 +3.5068e+00
7481 +3.980073898e+04 +3.980073898e+04 +3.967503898e+04 +3.967503898e+04 +8.2873e+00 -2.0127e+01 -1.1911e+01 +1.5734e+01 +5.7407e+00 -5.6278e+00 +1.8310e+01 +5.4739e+00 -4.0420e+00 -1.6474e-01 -2.4166e+00 +7.0482e-01 +2.5610e+00 +3.5236e+00 -2.6754e+00 -2.9933e+00 +1.6746e-01 -1.5612e-01 +8.7136e-01 +3.4965e+00
% function evaluation | noise-free fitness - Fopt (-1.000000000000e+03) | best noise-free fitness - Fopt | measured fitness | best measured fitness | x1 | x2...
1 +5.397111762e+07 +5.397111762e+07 +5.397011762e+07 +5.397011762e+07 -7.7736e-01 -4.6328e+00 +3.2987e+00 +2.1298e+00 +1.5514e+00 +2.2296e+00 -2.9961e+00 -2.5221e+00 +2.0137e+00 -1.0831e+00 +3.1579e-01 -4.9782e+00 -2.6037e+00 -3.6163e+00 +2.3350e+00 +4.8180e+00 -1.2260e+00 -4.5604e+00 +2.2624e+00 -3.3985e+00
12 +3.306917679e+07 +3.306917679e+07 +3.306817679e+07 +3.306817679e+07 -6.7636e+00 -8.6997e+00 +9.6529e+00 +1.0558e+00 -8.8495e+00 +3.8911e+00 -4.2962e-02 -1.5391e+00 -4.6523e+00 +7.9921e+00 -6.1384e+00 +2.6368e+00 -1.9691e+00 -3.2047e+00 +4.6255e+00 +6.8606e+00 -1.5257e+00 -1.0109e+01 +2.9999e+00 +3.2464e+00
17 +2.345441196e+07 +2.345441196e+07 +2.345341196e+07 +2.345341196e+07 -4.9325e+00 -2.6927e+00 +4.0390e+00 -4.4106e-01 -2.5658e+01 +1.7131e+01 -9.1641e+00 -4.1998e+00 -7.9541e+00 +8.7777e+00 -1.4257e+01 +1.2122e+01 -5.6308e+00 -1.2354e+01 +1.7587e+01 +1.2888e+00 -4.8169e+00 -8.0779e+00 -1.0030e+00 +3.2216e+00
47 +1.320746836e+07 +1.320746836e+07 +1.320646836e+07 +1.320646836e+07 -1.2066e+01 -5.3613e+00 +2.7673e+00 -1.6305e+00 -2.5096e+01 +1.6976e+01 -9.9024e+00 -5.3832e+00 -4.0340e+00 +1.1268e+01 -1.1688e+01 +1.4229e+01 -6.2279e+00 -9.4613e+00 +5.3740e+00 +3.9185e+00 -4.6090e+00 -3.4793e+00 +9.0251e-02 +2.7436e+00
75 +9.176406384e+06 +9.176406384e+06 +9.175406384e+06 +9.175406384e+06 -1.0810e+01 -3.8403e+00 +2.8360e+00 +7.4501e-01 -2.3494e+01 +1.1284e+01 -1.1558e+01 -8.1422e+00 -1.2070e+00 +8.6766e+00 -1.0677e+01 +1.6436e+01 -1.0863e+01 -1.0387e+01 +2.1588e+00 +8.9840e-01 -5.9921e+00 -1.0873e+00 -1.6565e+00 +3.4037e+00
117 +6.166953718e+06 +6.166953718e+06 +6.165953718e+06 +6.165953718e+06 -1.6675e+01 -4.6014e+00 +1.0910e+01 -6.8567e-01 -2.6145e+01 +4.8354e+00 -7.4259e+00 -1.6271e+01 -7.7408e-01 +6.4101e+00 -1.4043e+01 +1.5004e+01 -1.0591e+01 -9.4342e+00 +2.8501e+00 -2.0081e+00 -1.5399e+00 -3.4081e+00 -3.8166e-01 +3.3289e+00
225 +3.714584231e+06 +3.714584231e+06 +3.713584231e+06 +3.713584231e+06 -1.2969e+01 -7.5371e+00 +8.7581e+00 -2.5886e-01 -3.0170e+01 +1.6342e+00 -9.6050e+00 -1.3374e+01 +4.7948e+00 +4.1348e+00 -1.5510e+01 +1.8597e+01 -9.2863e+00 -6.9048e+00 +3.3690e-01 -3.1808e+00 -3.0441e+00 -1.4842e+00 -2.1024e+00 +3.0145e+00
289 +2.350554795e+06 +2.350554795e+06 +2.349554795e+06 +2.349554795e+06 -1.2520e+01 -8.2399e+00 +1.0157e+01 -4.1267e+00 -3.2185e+01 +2.4551e+00 -6.3937e+00 -1.0287e+01 +6.9866e+00 +6.0060e+00 -1.5855e+01 +1.7538e+01 -1.0211e+01 -4.3891e+00 -2.9597e+00 -3.1236e+00 -4.6685e-01 -2.6688e+00 -2.3378e+00 +3.3590e+00
462 +1.572798546e+06 +1.572798546e+06 +1.571798546e+06 +1.571798546e+06 -1.1172e+01 -7.5999e+00 +9.2616e+00 -4.8551e+00 -3.2127e+01 +4.4035e+00 -6.0140e+00 -9.5375e+00 +4.8736e+00 +7.4854e+00 -1.2112e+01 +1.9486e+01 -8.5535e+00 -1.1091e+00 -2.0951e+00 -4.3191e+00 -2.8382e-01 -2.2563e+00 -2.0365e+00 +3.0775e+00
854 +9.975247248e+05 +9.975247248e+05 +9.965247248e+05 +9.965247248e+05 -1.0372e+01 -8.8206e+00 +9.5063e+00 -1.7789e+00 -3.3834e+01 +4.6588e+00 -6.3006e+00 -1.0468e+01 +6.3313e+00 +6.9988e+00 -9.5364e+00 +1.6121e+01 -7.3560e+00 +3.4826e+00 -1.9666e+00 -3.6181e+00 -7.8971e-01 -2.4031e+00 -2.1718e+00 +3.2220e+00
980 +6.121042723e+05 +6.121042723e+05 +6.111042723e+05 +6.111042723e+05 -1.0914e+01 -9.0470e+00 +9.5964e+00 -1.1648e+00 -3.4060e+01 +5.3169e+00 -6.2074e+00 -1.0652e+01 +6.0786e+00 +7.5592e+00 -9.4673e+00 +1.3376e+01 -5.4270e+00 +3.1690e+00 -2.0393e+00 -3.2435e+00 -4.0645e-01 -2.2956e+00 -2.2912e+00 +3.1842e+00
1327 +3.951214788e+05 +3.951214788e+05 +3.941214788e+05 +3.941214788e+05 -1.0143e+01 -9.0541e+00 +9.3827e+00 -1.0121e+00 -3.4217e+01 +4.8822e+00 -5.9575e+00 -1.0741e+01 +6.4431e+00 +7.0015e+00 -8.4224e+00 +1.0813e+01 -4.5727e+00 +3.5156e+00 -1.4503e+00 -3.6849e+00 -7.7742e-01 -2.2787e+00 -2.2394e+00 +3.1919e+00
1921 +2.505317190e+05 +2.505317190e+05 +2.495317190e+05 +2.495317190e+05 -1.0228e+01 -9.2135e+00 +8.6044e+00 -8.9715e-01 -3.4512e+01 +5.3066e+00 -5.5910e+00 -1.0160e+01 +5.4392e+00 +6.1505e+00 -7.5599e+00 +8.0729e+00 -3.2848e+00 +3.2586e+00 -1.6314e+00 -3.8259e+00 -9.0153e-01 -2.2127e+00 -2.1619e+00 +3.1604e+00
2678 +1.581324425e+05 +1.581324425e+05 +1.571324425e+05 +1.571324425e+05 -1.0331e+01 -9.0190e+00 +8.3872e+00 -1.1015e+00 -3.4112e+01 +5.7545e+00 -5.3255e+00 -1.0313e+01 +4.9582e+00 +5.7147e+00 -6.7831e+00 +5.2056e+00 -3.2394e+00 +3.1360e+00 -1.6447e+00 -3.8063e+00 -8.5412e-01 -2.2397e+00 -2.1701e+00 +3.1727e+00
3440 +9.994038587e+04 +9.994038587e+04 +9.894038587e+04 +9.894038587e+04 -9.8378e+00 -8.9586e+00 +8.1539e+00 -1.0357e+00 -3.4100e+01 +5.8146e+00 -4.8752e+00 -1.0455e+01 +4.3692e+00 +4.3422e+00 -4.5646e+00 +3.6062e+00 -3.3598e+00 +3.2816e+00 -1.6926e+00 -3.7730e+00 -8.2682e-01 -2.2696e+00 -2.1594e+00 +3.1806e+00
4603 +6.296792843e+04 +6.296792843e+04 +6.196792843e+04 +6.196792843e+04 -9.8757e+00 -8.8947e+00 +8.1757e+00 -1.1338e+00 -3.3953e+01 +5.6002e+00 -4.7840e+00 -1.0083e+01 +3.0118e+00 +2.3899e+00 -3.3234e+00 +2.9053e+00 -3.2323e+00 +3.1881e+00 -1.6685e+00 -3.7319e+00 -8.3995e-01 -2.2762e+00 -2.1758e+00 +3.1810e+00
7409 +3.979632775e+04 +3.979632775e+04 +3.879632775e+04 +3.879632775e+04 -9.9621e+00 -9.0244e+00 +8.3780e+00 -1.4796e+00 -3.3318e+01 +5.5092e+00 -4.0888e+00 -9.2402e+00 +1.1711e+00 +3.9105e-01 -2.4585e+00 +2.3032e+00 -3.1345e+00 +3.2121e+00 -1.7052e+00 -3.7729e+00 -8.0846e-01 -2.2754e+00 -2.1815e+00 +3.1738e+00
14519 +2.510786867e+04 +2.510786867e+04 +2.410786867e+04 +2.410786867e+04 -9.7917e+00 -8.8492e+00 +8.3105e+00 -1.6295e+00 -3.1787e+01 +5.4156e+00 -2.9825e+00 -7.6997e+00 -9.3329e-01 -1.5603e+00 -2.2232e+00 +2.1513e+00 -3.1275e+00 +3.2687e+00 -1.7178e+00 -3.7829e+00 -8.0881e-01 -2.2743e+00 -2.1828e+00 +3.1768e+00
31852 +1.584417001e+04 +1.584417001e+04 +1.484417001e+04 +1.484417001e+04 -9.8890e+00 -8.8314e+00 +7.8515e+00 -1.5014e+00 -2.8710e+01 +4.6248e+00 -1.0709e+00 -5.1193e+00 -2.4371e+00 -2.3080e+00 -2.2463e+00 +2.1702e+00 -3.1513e+00 +3.2674e+00 -1.7146e+00 -3.7740e+00 -8.1247e-01 -2.2755e+00 -2.1792e+00 +3.1740e+00
% function evaluation | noise-free fitness - Fopt (-9.574300000000e+02) | best noise-free fitness - Fopt | measured fitness | best measured fitness | x1 | x2...
1 +2.086080561e+07 +2.086080561e+07 +2.085984818e+07 +2.085984818e+07 +4.8835e-01 -4.8432e-01 +2.4312e+00 +3.6637e+00 -2.9311e+00 -2.3122e+00 -4.7208e+00 -3.3848e-01 +2.3558e+00 +3.0663e-01 +1.9056e+00 -3.5534e+00 -4.2151e+00 -1.5819e+00 -4.4386e+00 -3.3583e+00 +2.1942e+00 -2.2112e+00 -1.2804e+00 -4.0093e-01
20 +1.370848068e+07 +1.370848068e+07 +1.370752325e+07 +1.370752325e+07 -4.1977e+00 +2.2315e+00 +3.5430e+00 +3.3382e+00 -3.3377e+00 -8.6350e+00 -1.4784e+00 -1.3508e+00 +8.0809e-01 -5.7241e-01 +2.3794e+00 -8.3727e+00 -9.4391e+00 -1.1533e+00 +3.3981e+00 -2.9992e+00 -2.4708e+00 -1.2768e+00 +3.8851e+00 +2.6105e-01
45 +9.106067812e+06 +9.106067812e+06 +9.105110382e+06 +9.105110382e+06 +1.3170e+00 -2.2064e+00 +1.0813e+00 +1.8195e+00 -7.4363e+00 -4.8150e+00 -1.3136e+00 -2.7236e+00 +3.8916e+00 +1.1433e+00 +4.3038e+00 -1.1702e+01 +4.5809e-02 -8.2166e+00 +1.1428e+00 -2.1119e-01 -1.2777e+00 +4.8139e+00 +3.4797e+00 +2.7887e+00
67 +5.649036506e+06 +5.649036506e+06 +5.648079076e+06 +5.648079076e+06 +6.1636e+00 -5.6290e+00 +3.4557e+00 -1.0448e+00 -6.2407e+00 -2.9511e+00 -3.4599e+00 -6.2909e+00 +4.6095e+00 -1.5424e-01 +9.3312e+00 -8.6679e+00 +8.8369e-01 -3.0534e+00 +1.7382e+00 +7.3909e-01 -4.4817e+00 +2.6765e+00 +1.0964e+00 +7.4642e-01
105 +3.915074437e+06 +3.915074437e+06 +3.914117007e+06 +3.914117007e+06 +6.3753e+00 -2.5641e+00 +7.3752e+00 -4.5962e-01 -7.4945e+00 -5.3243e+00 -5.9545e+00 -6.4772e+00 +6.4557e+00 +1.5020e+00 +2.0644e+00 -1.0934e+01 -3.6855e+00 -3.9747e+00 +3.3098e+00 +6.5141e-01 -2.8516e+00 -9.4722e-02 +4.9892e-01 +3.4391e+00
147 +2.317819995e+06 +2.317819995e+06 +2.316862565e+06 +2.316862565e+06 +6.0155e+00 -5.9671e+00 +6.9280e+00 +3.0542e+00 -6.4960e+00 -7.0329e+00 -6.3770e+00 -6.0322e+00 +4.7287e+00 +1.9365e+00 +2.2412e+00 -8.4216e+00 -2.9978e-01 -4.0630e+00 +6.1533e+00 -2.5092e+00 -5.4232e+00 +2.7629e+00 +8.1304e-01 +1.9664e+00
212 +1.471048006e+06 +1.471048006e+06 +1.470090576e+06 +1.470090576e+06 +6.8025e+00 -5.7195e+00 +5.0795e+00 +2.1932e+00 -3.8074e+00 -5.5888e+00 -5.5414e+00 -4.4478e+00 +4.4977e+00 +1.2365e+00 -1.7957e+00 -1.0090e+01 -1.9240e+00 -3.1261e+00 +3.4354e+00 -4.0861e+00 -2.9697e+00 +3.3348e+00 +6.9647e-01 +2.8653e+00
245 +9.784203768e+05 +9.784203768e+05 +9.774629468e+05 +9.774629468e+05 +7.1207e+00 -5.2007e+00 +4.3718e+00 +3.9169e+00 -4.6730e+00 -6.1446e+00 -6.3814e+00 -4.0831e+00 +5.5183e+00 +2.4336e+00 -3.5167e+00 -9.3478e+00 -2.3017e+00 -2.5793e+00 +2.5244e+00 -3.4137e+00 -3.3038e+00 +2.1198e+00 +1.0890e+00 +2.9913e+00
303 +5.725021964e+05 +5.725021964e+05 +5.715447664e+05 +5.715447664e+05 +7.0775e+00 -6.4129e+00 +4.1257e+00 +5.6947e+00 -4.0352e+00 -9.3161e+00 -6.3240e+00 -3.0880e+00 +4.7498e+00 +2.0872e+00 -1.1514e+00 -7.2814e+00 -9.6990e-01 -5.3743e-01 +7.8389e-01 -4.0044e+00 -2.8139e+00 +2.3796e+00 +1.0689e+00 +2.7299e+00
325 +3.829362992e+05 +3.829362992e+05 +3.819788692e+05 +3.819788692e+05 +8.3803e+00 -6.7698e+00 +3.6611e+00 +6.6523e+00 -5.0816e+00 -9.2409e+00 -5.9321e+00 -3.2425e+00 +5.0570e+00 +1.1649e+00 -2.1281e+00 -6.9710e+00 -1.5677e+00 +1.0741e+00 +1.2728e+00 -2.2675e+00 -3.7839e+00 +2.5911e+00 +1.1565e+00 +2.4286e+00
358 +2.382329654e+05 +2.382329654e+05 +2.372755354e+05 +2.372755354e+05 +8.1693e+00 -6.9425e+00 +4.3203e+00 +7.8256e+00 -3.0452e+00 -8.3604e+00 -4.1827e+00 -2.7009e+00 +5.5851e+00 +2.2305e+00 -1.8535e+00 -6.1874e+00 -3.3540e+00 +1.4147e+00 +1.3592e+00 -3.5905e+00 -4.1973e+00 +2.2293e+00 +7.8097e-01 +2.7576e+00
404 +1.542985632e+05 +1.542985632e+05 +1.533411332e+05 +1.533411332e+05 +7.5451e+00 -6.2021e+00 +4.6360e+00 +7.7637e+00 -2.7012e+00 -8.8447e+00 -3.9792e+00 -3.0890e+00 +6.2997e+00 +2.5829e+00 -1.8900e+00 -4.9750e+00 -3.3863e+00 +1.9302e+00 +1.2329e+00 -2.6017e+00 -3.7344e+00 +2.2895e+00 +9.6036e-01 +2.5399e+00
581 +9.783508962e+04 +9.783508962e+04 +9.687765962e+04 +9.687765962e+04 +8.2834e+00 -6.8535e+00 +5.1715e+00 +8.0252e+00 -2.1408e+00 -8.5051e+00 -5.1348e+00 -3.4377e+00 +6.5506e+00 +2.1235e+00 -1.9256e+00 -4.3603e+00 -2.3180e+00 +2.8014e+00 +1.1712e+00 -3.0673e+00 -3.8583e+00 +2.2189e+00 +7.9870e-01 +2.5850e+00
956 +6.132175842e+04 +6.132175842e+04 +6.036432842e+04 +6.036432842e+04 +8.6507e+00 -6.1512e+00 +5.7017e+00 +7.9363e+00 -2.5962e+00 -8.2635e+00 -5.3844e+00 -3.7284e+00 +6.2958e+00 +1.9154e+00 -2.5007e+00 -2.9831e+00 -2.4892e+00 +2.7032e+00 +1.3674e+00 -3.0146e+00 -3.7601e+00 +2.3044e+00 +8.3284e-01 +2.6146e+00
1346 +3.933547000e+04 +3.933547000e+04 +3.837804000e+04 +3.837804000e+04 +8.7905e+00 -6.0989e+00 +5.9844e+00 +7.7853e+00 -2.4169e+00 -8.1817e+00 -5.4693e+00 -3.7356e+00 +6.0394e+00 +1.9274e+00 -2.4993e+00 -2.0972e+00 -2.2753e+00 +2.7997e+00 +1.1792e+00 -3.0322e+00 -3.8284e+00 +2.2769e+00 +8.2735e-01 +2.6344e+00
1737 +2.495270362e+04 +2.495270362e+04 +2.399527362e+04 +2.399527362e+04 +8.8340e+00 -6.0299e+00 +6.0743e+00 +7.7483e+00 -2.6125e+00 -8.1050e+00 -5.5038e+00 -3.8459e+00 +5.8650e+00 +1.6887e+00 -2.5048e+00 -1.2031e+00 -2.3718e+00 +2.9004e+00 +1.1620e+00 -3.0616e+00 -3.8094e+00 +2.2569e+00 +8.2887e-01 +2.6263e+00
2401 +1.582164744e+04 +1.582164744e+04 +1.486421744e+04 +1.486421744e+04 +8.8961e+00 -5.9575e+00 +5.8927e+00 +7.8624e+00 -2.6258e+00 -8.0669e+00 -5.4615e+00 -3.8758e+00 +5.7236e+00 +1.7173e+00 -2.4186e+00 -2.4756e-01 -2.4483e+00 +2.8680e+00 +1.2563e+00 -3.0750e+00 -3.8348e+00 +2.2731e+00 +8.3825e-01 +2.6234e+00
3215 +9.972651823e+03 +9.972651823e+03 +9.015221823e+03 +9.015221823e+03 +8.8884e+00 -5.8494e+00 +5.7883e+00 +7.7778e+00 -2.6434e+00 -8.0198e+00 -5.5803e+00 -3.8965e+00 +5.2962e+00 +1.6236e+00 -2.4449e+00 +4.3091e-01 -2.5148e+00 +2.9191e+00 +1.2118e+00 -3.0629e+00 -3.8020e+00 +2.2802e+00 +8.2314e-01 +2.6275e+00
5431 +6.308774488e+03 +6.308774488e+03 +5.351344488e+03 +5.351344488e+03 +8.8559e+00 -5.7876e+00 +5.6262e+00 +7.7564e+00 -2.6846e+00 -7.8890e+00 -5.4854e+00 -3.8699e+00 +4.5514e+00 +1.1237e+00 -2.6471e+00 +8.9509e-01 -2.5123e+00 +2.9514e+00 +1.2322e+00 -3.0737e+00 -3.8101e+00 +2.2809e+00 +8.3478e-01 +2.6258e+00
10406 +3.978988774e+03 +3.978988774e+03 +3.021558774e+03 +3.021558774e+03 +8.8234e+00 -5.7207e+00 +5.5570e+00 +7.7461e+00 -2.6816e+00 -7.6142e+00 -5.2193e+00 -3.8133e+00 +3.2808e+00 +1.0368e+00 -2.7366e+00 +9.7201e-01 -2.4941e+00 +2.9426e+00 +1.2150e+00 -3.0740e+00 -3.8097e+00 +2.2794e+00 +8.3425e-01 +2.6264e+00
28745 +2.511609575e+03 +2.511609575e+03 +1.554179575e+03 +1.554179575e+03 +8.7493e+00 -5.6357e+00 +5.4737e+00 +7.5149e+00 -2.5779e+00 -6.6376e+00 -4.5829e+00 -3.7354e+00 +2.2765e+00 +3.6600e-01 -2.8071e+00 +9.8259e-01 -2.4970e+00 +2.9459e+00 +1.2161e+00 -3.0771e+00 -3.8090e+00 +2.2800e+00 +8.3449e-01 +2.6263e+00
% function evaluation | noise-free fitness - Fopt (-1.413700000000e+02) | best noise-free fitness - Fopt | measured fitness | best measured fitness | x1 | x2...
1 +1.183420462e+07 +1.183420462e+07 +1.183406325e+07 +1.183406325e+07 -2.5654e+00 +2.5940e+00 +2.8750e+00 -2.6934e+00 +1.0982e-01 -2.9523e+00 -3.1123e-01 +3.2111e+00 +4.9030e+00 -4.5335e-01 +3.9745e+00 -3.4206e-01 +4.3133e+00 +4.0125e+00 +4.0241e+00 +2.6987e+00 +2.5668e+00 +4.8274e+00 +2.4878e+00 -2.1465e+00
7 +8.369240352e+06 +8.369240352e+06 +8.369098982e+06 +8.369098982e+06 +1.2387e+00 +7.0400e+00 -3.5425e+00 -1.7874e+00 +5.1608e+00 -2.6095e+00 -3.8362e+00 +1.8345e+00 +5.3199e+00 -7.6390e+00 +9.8389e+00 +4.3918e+00 +6.5244e+00 -2.4616e-01 +2.2860e+00 +4.5916e+00 +1.8990e+00 +2.5973e+00 +2.2978e+00 -1.8016e+00
58 +5.233501938e+06 +5.233501938e+06 +5.233360568e+06 +5.233360568e+06 -1.1652e+00 +1.1787e+01 -7.1765e+00 +1.6294e+00 +7.3516e+00 -4.5150e+00 -8.1086e+00 +7.6900e+00 +5.8108e+00 -6.8733e+00 +1.3545e+01 +6.5809e+00 +4.7534e+00 -4.0948e+00 -1.9431e+00 +6.4195e+00 +1.2061e+00 +1.4109e+00 -1.6297e+00 -4.4148e-01
109 +2.826717814e+06 +2.826717814e+06 +2.826576444e+06 +2.826576444e+06 -1.3404e+00 +1.2066e+01 -3.1305e+00 +5.6772e+00 +1.2328e+01 -3.4294e+00 -4.1399e+00 +9.6812e+00 +7.8241e+00 +1.6377e-01 +1.6290e+01 +5.3846e+00 +3.5400e+00 +4.8450e+00 +9.9898e-01 +1.5148e+00 +3.1837e+00 +2.9729e+00 -1.4992e+00 -1.5256e+00
111 +2.502737093e+06 +2.502737093e+06 +2.502595723e+06 +2.502595723e+06 -2.5226e+00 +1.2379e+01 -7.6190e-01 +2.4646e+00 +1.2542e+01 -7.7123e-01 -2.4743e+00 +5.5008e+00 +6.8349e+00 -1.0723e+00 +1.6377e+01 +5.6502e+00 -4.0332e-01 +1.8920e+00 +1.8167e+00 +2.8938e+00 +1.5982e+00 +4.0612e-01 -2.2049e+00 -9.9104e-01
176 +1.319346801e+06 +1.319346801e+06 +1.319205431e+06 +1.319205431e+06 +2.6370e+00 +1.4954e+01 -4.4260e+00 +3.3840e+00 +1.2752e+01 +2.2475e+00 -4.0720e+00 +2.5317e+00 +6.7254e+00 -2.2727e+00 +1.6920e+01 +1.0486e+01 +3.4861e+00 +3.2028e+00 +1.5828e-01 +5.0620e-01 +7.2255e-01 -4.3911e-01 -1.3701e+00 -1.4056e+00
226 +9.987414763e+05 +9.987414763e+05 +9.986001063e+05 +9.986001063e+05 +6.5627e-01 +1.5302e+01 -3.4545e+00 +3.4236e+00 +1.1811e+01 +1.9609e+00 -4.8099e+00 +2.7542e+00 +7.5829e+00 -3.4232e+00 +1.5033e+01 +1.1603e+01 +3.7439e+00 +3.4020e+00 +5.8768e-01 +1.4364e+00 +1.3675e+00 +4.2427e-01 -9.4820e-01 -1.3497e+00
362 +5.982217616e+05 +5.982217616e+05 +5.980803916e+05 +5.980803916e+05 +4.7036e-01 +1.4141e+01 -2.5567e+00 +5.1968e+00 +9.0911e+00 +3.1587e+00 -5.5779e+00 +2.8814e+00 +7.5693e+00 -2.1205e+00 +1.4663e+01 +1.0483e+01 +3.8997e+00 +3.7090e+00 +2.8999e-01 -2.3535e-01 +2.5721e+00 +5.5936e-01 -9.5692e-01 -1.5804e+00
439 +3.910909799e+05 +3.910909799e+05 +3.909496099e+05 +3.909496099e+05 -2.6444e-01 +1.5096e+01 -4.6016e+00 +4.9879e+00 +8.6122e+00 +1.7980e+00 -6.1072e+00 +3.2774e+00 +5.2022e+00 -4.5234e-01 +1.3677e+01 +9.9685e+00 +3.6325e+00 +3.6046e+00 -7.0739e-01 -4.7553e-01 +2.6407e+00 +3.7452e-01 -7.8211e-01 -1.1505e+00
660 +2.492766602e+05 +2.492766602e+05 +2.491352902e+05 +2.491352902e+05 -8.0131e-02 +1.5673e+01 -3.7661e+00 +5.2360e+00 +8.5384e+00 +2.3093e+00 -6.7370e+00 +2.2350e+00 +5.2141e+00 -9.0173e-01 +1.2871e+01 +8.4742e+00 +2.8160e+00 +2.7874e+00 -1.3499e+00 -5.1118e-01 +2.6649e+00 +2.0738e-01 -8.0407e-01 -1.4101e+00
925 +1.563099367e+05 +1.563099367e+05 +1.561685667e+05 +1.561685667e+05 -2.7936e-01 +1.6347e+01 -4.2668e+00 +4.9837e+00 +8.7573e+00 +2.2173e+00 -7.0953e+00 +2.2395e+00 +4.8740e+00 -4.9885e-01 +1.1921e+01 +6.8597e+00 +1.5922e+00 +3.1881e+00 -1.5480e+00 -3.4490e-01 +2.5902e+00 +2.9307e-01 -8.2860e-01 -1.3302e+00
1536 +9.996466704e+04 +9.996466704e+04 +9.982329704e+04 +9.982329704e+04 +1.8025e-01 +1.6384e+01 -4.4321e+00 +4.5812e+00 +7.8342e+00 +2.0553e+00 -6.7954e+00 +2.5104e+00 +4.8465e+00 -2.7591e-01 +1.0017e+01 +5.9598e+00 +7.9930e-01 +3.0295e+00 -1.4406e+00 -4.0682e-01 +2.6626e+00 +2.8553e-01 -8.6141e-01 -1.3613e+00
1811 +6.306994175e+04 +6.306994175e+04 +6.292857175e+04 +6.292857175e+04 -7.6870e-02 +1.6390e+01 -4.4262e+00 +4.6887e+00 +7.9579e+00 +2.0019e+00 -6.6514e+00 +2.3869e+00 +5.0734e+00 -1.6245e-01 +8.9643e+00 +5.2013e+00 +5.5861e-01 +3.0982e+00 -1.5493e+00 -4.6178e-01 +2.6115e+00 +2.8250e-01 -8.1568e-01 -1.2936e+00
2482 +3.975821143e+04 +3.975821143e+04 +3.961684143e+04 +3.961684143e+04 -1.9604e-01 +1.6370e+01 -4.2610e+00 +4.6545e+00 +7.8171e+00 +1.8394e+00 -6.4713e+00 +2.1862e+00 +4.8609e+00 +7.1628e-02 +7.4204e+00 +5.0176e+00 +3.1371e-01 +3.0771e+00 -1.4966e+00 -4.6887e-01 +2.6201e+00 +3.3036e-01 -8.0884e-01 -1.3266e+00
3325 +2.503614879e+04 +2.503614879e+04 +2.489477879e+04 +2.489477879e+04 +7.0325e-02 +1.6406e+01 -4.2322e+00 +4.6867e+00 +7.8476e+00 +1.8522e+00 -6.3685e+00 +1.9359e+00 +4.8290e+00 +3.3109e-01 +6.3787e+00 +4.4835e+00 +3.5331e-01 +3.0049e+00 -1.5519e+00 -4.2734e-01 +2.5833e+00 +3.1546e-01 -8.2227e-01 -1.3364e+00
4177 +1.584198912e+04 +1.584198912e+04 +1.570061912e+04 +1.570061912e+04 +1.6790e-01 +1.6455e+01 -4.1631e+00 +4.6752e+00 +7.7423e+00 +1.8596e+00 -6.1766e+00 +1.9276e+00 +4.5701e+00 +5.8544e-01 +5.4093e+00 +4.1822e+00 +2.3817e-01 +3.0198e+00 -1.6192e+00 -4.3960e-01 +2.6104e+00 +3.0517e-01 -8.3480e-01 -1.3262e+00
6611 +9.996537574e+03 +9.996537574e+03 +9.855167574e+03 +9.855167574e+03 +2.3670e-01 +1.6372e+01 -4.1867e+00 +4.8022e+00 +7.7160e+00 +1.7516e+00 -5.7305e+00 +1.8138e+00 +4.2397e+00 +1.0151e+00 +4.5089e+00 +3.6562e+00 +2.8885e-01 +2.9590e+00 -1.5423e+00 -4.3851e-01 +2.5997e+00 +3.0852e-01 -8.2724e-01 -1.3334e+00
11741 +6.309437047e+03 +6.309437047e+03 +6.168067047e+03 +6.168067047e+03 +8.6880e-02 +1.6229e+01 -4.0852e+00 +4.8215e+00 +7.6677e+00 +1.6129e+00 -4.9695e+00 +1.5773e+00 +3.2186e+00 +1.3415e+00 +3.7545e+00 +3.6203e+00 +2.3535e-01 +2.9779e+00 -1.5593e+00 -4.4315e-01 +2.5899e+00 +3.1150e-01 -8.2648e-01 -1.3301e+00
28193 +3.980924945e+03 +3.980924945e+03 +3.839554945e+03 +3.839554945e+03 +1.2651e-01 +1.5992e+01 -4.0800e+00 +4.7914e+00 +7.3716e+00 +1.1131e+00 -3.1370e+00 +9.5366e-01 +2.2769e+00 +1.5432e+00 +3.6151e+00 +3.6018e+00 +2.6569e-01 +2.9703e+00 -1.5576e+00 -4.4023e-01 +2.5921e+00 +3.0949e-01 -8.2793e-01 -1.3296e+00
% function evaluation | noise-free fitness - Fopt (2.150400000000e+02) | best noise-free fitness - Fopt | measured fitness | best measured fitness | x1 | x2...
1 +1.884923120e+07 +1.884923120e+07 +1.884944624e+07 +1.884944624e+07 +3.5719e+00 +1.5105e+00 -4.0943e+00 -3.1443e+00 -4.7774e+00 -3.2611e+00 -4.8709e+00 -2.1972e+00 -9.2651e-01 +3.0484e+00 -3.7939e+00 -3.9587e-01 +4.9106e+00 +4.3471e+00 +2.4046e+00 -2.8887e+00 -4.1670e-01 -4.9372e-02 -1.9179e+00 +3.0291e-01
7 +1.131608290e+07 +1.131608290e+07 +1.131629794e+07 +1.131629794e+07 +1.4064e+01 -3.0265e+00 -2.5697e+00 +3.2617e-01 -3.0821e+00 -1.0358e+00 -5.3872e+00 -5.0880e+00 +9.0085e+00 +2.1856e-01 -1.3024e+01 +7.8084e+00 +6.3969e-01 +2.7873e+00 -6.8290e-02 +2.0190e+00 -3.4211e+00 -2.5854e+00 +7.7167e-01 -3.7916e-01
12 +5.793376816e+06 +5.793376816e+06 +5.793591856e+06 +5.793591856e+06 +1.8406e+01 +8.0489e-01 -3.2489e+00 +2.1912e+00 -1.1425e+01 -2.8712e+00 -1.3319e+01 -7.7930e+00 +1.6837e+01 -6.8763e+00 -1.2542e+01 +6.8121e+00 +8.0203e+00 -5.4549e+00 +6.4469e-01 -1.7838e+00 +3.7460e+00 -1.6058e+00 +3.9661e+00 -1.8364e-01
88 +3.452212267e+06 +3.452212267e+06 +3.452427307e+06 +3.452427307e+06 +1.5427e+01 +2.1745e+00 -1.6661e+01 +1.1787e+01 -1.4867e+01 +3.0659e+00 -2.6521e+01 -8.2144e+00 +1.4029e+01 -1.1707e+01 -4.3059e+00 +9.8034e+00 +5.7045e+00 -4.8369e+00 -1.3557e-01 +1.3150e+00 +5.7781e+00 -5.9060e-03 +2.5419e+00 -2.5042e+00
131 +2.410750741e+06 +2.410750741e+06 +2.410965781e+06 +2.410965781e+06 +1.8084e+01 -7.6725e-01 -1.3986e+01 +8.9229e+00 -1.3624e+01 +6.6441e+00 -2.5556e+01 -1.0701e+01 +1.2642e+01 -1.4936e+01 -3.8140e+00 +1.2161e+01 +5.2268e+00 -2.5847e+00 +3.8621e+00 -1.1502e+00 +4.8921e+00 -1.4211e-01 +2.4879e+00 -1.3107e+00
344 +1.561293783e+06 +1.561293783e+06 +1.561508823e+06 +1.561508823e+06 +2.0172e+01 -4.4038e+00 -1.0200e+01 +1.0922e+01 -1.3179e+01 +1.3087e+01 -2.8242e+01 -7.7968e+00 +9.3941e+00 -2.1413e+01 -1.5501e+00 +1.1532e+01 +5.4983e+00 +2.8405e+00 +6.4319e+00 -1.3261e+00 +4.5961e+00 -9.2571e-01 +2.6555e+00 -2.1084e+00
608 +9.958470061e+05 +9.958470061e+05 +9.960620461e+05 +9.960620461e+05 +1.8835e+01 -3.4705e+00 -1.1220e+01 +1.0805e+01 -1.5092e+01 +1.3099e+01 -2.7878e+01 -9.3496e+00 +7.9520e+00 -2.1800e+01 -7.6616e-01 +8.8708e+00 +4.2004e+00 +2.1204e+00 +4.4158e+00 -1.1310e+00 +3.7373e+00 -1.2840e+00 +2.7867e+00 -1.8822e+00
899 +6.206504326e+05 +6.206504326e+05 +6.208654726e+05 +6.208654726e+05 +1.8496e+01 -3.9922e+00 -1.1401e+01 +1.0500e+01 -1.5592e+01 +1.4176e+01 -2.7446e+01 -1.0204e+01 +8.9468e+00 -2.1508e+01 -6.3325e-01 +6.0403e+00 +9.9664e-01 +2.9625e+00 +3.8468e+00 -9.0563e-01 +4.0510e+00 -1.2173e+00 +2.7620e+00 -1.9412e+00
1393 +3.980881635e+05 +3.980881635e+05 +3.983032035e+05 +3.983032035e+05 +1.8770e+01 -4.0871e+00 -1.0824e+01 +1.0357e+01 -1.5387e+01 +1.2826e+01 -2.7342e+01 -9.5569e+00 +8.5303e+00 -1.9952e+01 -1.0175e+00 +3.9902e+00 -2.1579e+00 +2.8738e+00 +3.6599e+00 -1.0859e+00 +3.9227e+00 -1.2012e+00 +2.7213e+00 -1.8916e+00
2866 +2.508520897e+05 +2.508520897e+05 +2.510671297e+05 +2.510671297e+05 +1.9065e+01 -4.2475e+00 -1.1233e+01 +1.0114e+01 -1.5896e+01 +1.2702e+01 -2.6705e+01 -9.2929e+00 +7.7209e+00 -1.6183e+01 -1.9710e+00 +6.9007e-01 -3.4141e+00 +2.9190e+00 +3.5598e+00 -1.1768e+00 +3.8836e+00 -1.1905e+00 +2.7219e+00 -1.9205e+00
4117 +1.581532939e+05 +1.581532939e+05 +1.583683339e+05 +1.583683339e+05 +1.9012e+01 -3.9175e+00 -1.1228e+01 +9.8243e+00 -1.5709e+01 +1.2604e+01 -2.6069e+01 -9.6724e+00 +7.5007e+00 -1.2338e+01 -2.7146e+00 +1.3445e-01 -3.5919e+00 +2.7743e+00 +3.7028e+00 -1.1607e+00 +3.8679e+00 -1.1787e+00 +2.7395e+00 -1.9172e+00
6458 +9.996584369e+04 +9.996584369e+04 +1.001808837e+05 +1.001808837e+05 +1.9021e+01 -3.7993e+00 -1.0974e+01 +9.5370e+00 -1.5927e+01 +1.2318e+01 -2.5003e+01 -8.6914e+00 +5.6253e+00 -8.6186e+00 -3.4275e+00 -5.2991e-01 -3.4006e+00 +2.7709e+00 +3.6447e+00 -1.1168e+00 +3.8600e+00 -1.1908e+00 +2.7160e+00 -1.9241e+00
11124 +6.305777138e+04 +6.305777138e+04 +6.327281138e+04 +6.327281138e+04 +1.9264e+01 -3.9935e+00 -1.1104e+01 +9.1422e+00 -1.5552e+01 +1.1099e+01 -2.2471e+01 -7.8605e+00 +3.0163e+00 -5.2958e+00 -3.4626e+00 -3.6057e-01 -3.4389e+00 +2.7979e+00 +3.6779e+00 -1.1357e+00 +3.8772e+00 -1.1825e+00 +2.7160e+00 -1.9218e+00
25291 +3.980826406e+04 +3.980826406e+04 +4.002330406e+04 +4.002330406e+04 +1.9250e+01 -3.8876e+00 -1.0782e+01 +8.9457e+00 -1.4508e+01 +8.6894e+00 -1.7439e+01 -5.8146e+00 +8.4514e-01 -3.2434e+00 -3.4404e+00 -4.2555e-01 -3.4784e+00 +2.8095e+00 +3.6674e+00 -1.1430e+00 +3.8741e+00 -1.1876e+00 +2.7241e+00 -1.9197e+00
% function evaluation | noise-free fitness - Fopt (-1.466600000000e+02) | best noise-free fitness - Fopt | measured fitness | best measured fitness | x1 | x2...
1 +7.741620022e+06 +7.741620022e+06 +7.741473362e+06 +7.741473362e+06 +1.3994e+00 +1.8774e+00 -3.3668e+00 +2.9929e+00 -1.4261e+00 -2.8818e+00 +1.5082e+00 -4.7957e+00 +2.9847e+00 +2.6477e+00 +2.7636e+00 -1.3718e+00 -3.3256e+00 -2.8670e+00 +7.3359e-02 +1.4020e+00 +2.0696e+00 -4.7896e-02 +1.5400e+00 +2.1066e+00
45 +6.258934172e+06 +6.258934172e+06 +6.258787512e+06 +6.258787512e+06 +6.7836e+00 -8.5076e-01 -6.8636e+00 +7.1532e+00 -2.4557e-01 -2.8792e-01 -2.6434e+00 -3.3663e+00 +5.7699e+00 +8.2268e+00 +5.2822e+00 -8.4487e+00 +1.0467e+00 -1.6665e+00 -3.6764e-01 -5.4926e+00 -9.1590e-01 -2.5107e+00 +2.7557e+00 +5.7780e+00
91 +2.022448215e+06 +2.022448215e+06 +2.022301555e+06 +2.022301555e+06 +7.2961e+00 +6.0773e-01 -2.1050e+00 +6.1050e+00 +1.3056e+01 -6.1586e-01 -1.8568e+00 +3.5981e+00 +6.2530e+00 +8.8294e+00 +4.0213e+00 -3.7994e+00 -5.2101e+00 -3.3490e+00 -1.5938e+00 -5.2800e+00 +2.8585e-01 -3.8996e+00 +3.5258e+00 +4.1647e+00
145 +1.272936683e+06 +1.272936683e+06 +1.272790023e+06 +1.272790023e+06 +6.3557e+00 +1.4337e-01 -3.4084e+00 +7.7055e+00 +1.6086e+01 -2.2164e+00 -2.4242e+00 +4.1755e+00 +4.4781e+00 +8.3943e+00 +4.3090e+00 -2.3658e+00 -3.9235e+00 -2.7663e+00 -1.4414e+00 -4.4643e+00 +4.5287e+00 -3.8777e+00 +2.4378e+00 +4.0730e+00
223 +5.522524370e+05 +5.522524370e+05 +5.521057770e+05 +5.521057770e+05 +6.9448e+00 +9.2100e-01 -4.0754e+00 +6.3917e+00 +1.6380e+01 -1.0625e+00 -2.2163e+00 +5.9538e+00 +3.7333e+00 +8.6034e+00 +4.7229e+00 -3.0673e+00 -3.0779e+00 -3.8478e+00 -1.9085e+00 -3.2329e+00 +3.1396e+00 -3.3261e+00 +2.3637e+00 +3.7729e+00
337 +3.917303370e+05 +3.917303370e+05 +3.915836770e+05 +3.915836770e+05 +6.7935e+00 +3.7331e+00 -3.4423e+00 +8.9415e+00 +1.6663e+01 -2.8011e+00 -3.4681e-01 +7.7798e+00 +3.5318e+00 +7.5846e+00 +1.8836e+00 -4.1058e+00 -3.8469e+00 -1.5834e+00 -2.5434e+00 -2.0677e+00 +2.9914e+00 -3.3147e+00 +2.3761e+00 +3.8764e+00
537 +2.499668970e+05 +2.499668970e+05 +2.498202370e+05 +2.498202370e+05 +6.5278e+00 +4.2308e+00 -2.9003e+00 +8.3191e+00 +1.6300e+01 -3.4653e+00 +4.7689e-01 +7.4729e+00 +5.2771e+00 +8.6981e+00 +2.2126e+00 -3.9885e+00 -1.6414e+00 -1.4103e+00 -2.3530e+00 -2.2798e+00 +2.3642e+00 -3.4069e+00 +2.5315e+00 +3.7850e+00
1016 +1.582631577e+05 +1.582631577e+05 +1.581164977e+05 +1.581164977e+05 +6.2786e+00 +4.4356e+00 -3.4883e+00 +8.5618e+00 +1.6898e+01 -3.5129e+00 +2.4331e-01 +7.4354e+00 +4.9606e+00 +7.6378e+00 +5.8407e-01 -2.0958e+00 -8.4322e-01 -1.0083e+00 -2.4130e+00 -2.3283e+00 +2.4136e+00 -3.4875e+00 +2.5757e+00 +3.8811e+00
1543 +9.952411235e+04 +9.952411235e+04 +9.937745235e+04 +9.937745235e+04 +6.0627e+00 +4.1847e+00 -3.4703e+00 +8.9816e+00 +1.6479e+01 -3.5134e+00 +5.1996e-01 +7.0756e+00 +4.3464e+00 +7.3083e+00 +9.7881e-02 -3.1899e-01 -7.2557e-02 -8.1452e-01 -2.6844e+00 -2.2318e+00 +2.4892e+00 -3.5010e+00 +2.5805e+00 +3.8672e+00
2354 +6.284918964e+04 +6.284918964e+04 +6.270252964e+04 +6.270252964e+04 +5.7906e+00 +3.8472e+00 -3.0946e+00 +9.2998e+00 +1.6245e+01 -3.4105e+00 +4.1123e-01 +6.7689e+00 +3.6849e+00 +5.9834e+00 +1.6181e-02 +1.3183e+00 +3.6512e-01 -7.3937e-01 -2.6656e+00 -2.2490e+00 +2.3697e+00 -3.5197e+00 +2.5801e+00 +3.8378e+00
3402 +3.980199349e+04 +3.980199349e+04 +3.965533349e+04 +3.965533349e+04 +6.0558e+00 +3.9072e+00 -2.9691e+00 +9.3364e+00 +1.6064e+01 -3.4503e+00 +6.3598e-01 +6.5653e+00 +2.9704e+00 +4.4410e+00 -4.5776e-01 +2.0131e+00 +3.6400e-01 -7.9344e-01 -2.6270e+00 -2.2386e+00 +2.4388e+00 -3.5216e+00 +2.5845e+00 +3.8452e+00
5211 +2.509440738e+04 +2.509440738e+04 +2.494774738e+04 +2.494774738e+04 +5.9363e+00 +3.9444e+00 -2.9036e+00 +9.1811e+00 +1.6053e+01 -3.2917e+00 +7.7519e-01 +6.1497e+00 +1.8385e+00 +2.9432e+00 -6.4889e-01 +2.3154e+00 +3.2372e-01 -7.1835e-01 -2.6561e+00 -2.2531e+00 +2.4308e+00 -3.5079e+00 +2.5953e+00 +3.8487e+00
7728 +1.579243473e+04 +1.579243473e+04 +1.564577473e+04 +1.564577473e+04 +5.7637e+00 +4.1319e+00 -2.9669e+00 +9.1160e+00 +1.6173e+01 -3.1749e+00 +8.9376e-01 +5.6300e+00 +7.0863e-01 +1.4483e+00 -7.6945e-01 +2.3888e+00 +3.2441e-01 -7.5406e-01 -2.6802e+00 -2.2585e+00 +2.4289e+00 -3.5017e+00 +2.5941e+00 +3.8494e+00
13752 +9.994023755e+03 +9.994023755e+03 +9.847363755e+03 +9.847363755e+03 +5.4801e+00 +4.1552e+00 -2.8157e+00 +9.0805e+00 +1.6012e+01 -2.8621e+00 +8.7697e-01 +4.9268e+00 -1.0231e+00 +4.1039e-01 -7.5536e-01 +2.4695e+00 +3.8929e-01 -7.7145e-01 -2.6712e+00 -2.2581e+00 +2.4308e+00 -3.5043e+00 +2.5891e+00 +3.8499e+00
% function evaluation | noise-free fitness - Fopt (-4.190000000000e+01) | best noise-free fitness - Fopt | measured fitness | best measured fitness | x1 | x2...
1 +6.329077341e+07 +6.329077341e+07 +6.329073151e+07 +6.329073151e+07 -1.8682e-01 -5.6932e-01 -2.3298e-01 -2.7326e+00 +3.4358e+00 -2.9327e+00 -3.6995e+00 +3.1557e+00 +2.1092e+00 -3.9343e+00 -3.5861e+00 -5.5790e-01 -4.0182e+00 +4.7808e+00 -1.0778e+00 +8.4863e-01 +2.5335e+00 +2.3370e+00 +4.1427e-01 +4.0873e+00
2 +5.976695661e+07 +5.976695661e+07 +5.976691471e+07 +5.976691471e+07 +1.9459e+00 -3.4395e+00 +7.3102e-01 -5.3992e+00 +4.0564e+00 -4.7712e+00 -1.3242e+00 -2.1731e+00 +8.0154e+00 -1.0379e+01 -3.7237e+00 +5.2512e+00 -6.5460e+00 +1.9027e+00 -4.8156e+00 -1.4157e+00 -2.4755e+00 +1.3058e+00 -7.7372e+00 -3.5968e-01
4 +3.366166469e+07 +3.366166469e+07 +3.366162279e+07 +3.366162279e+07 -6.1002e+00 -1.6203e+00 -2.3767e+00 +7.7887e+00 +5.3417e+00 -1.5174e+00 -5.3269e+00 -6.9796e+00 +1.3030e+01 -1.0765e+01 -7.3981e+00 +3.7139e+00 +2.8350e+00 -4.5838e+00 -5.2355e+00 -5.1498e+00 +1.7325e-01 +8.2428e+00 -3.6427e+00 -4.1618e+00
5 +1.840502059e+07 +1.840502059e+07 +1.840497869e+07 +1.840497869e+07 -1.2546e+01 +5.7204e+00 +5.1738e+00 -3.4381e+00 +3.1410e+00 -1.2204e+00 +1.0433e-01 -1.6745e+00 +1.8641e+01 -1.8161e+01 -1.3457e+01 +4.9857e+00 -1.9090e+00 -5.0919e+00 -5.5854e+00 -7.0024e+00 +7.4423e+00 -4.7372e+00 +5.8303e-01 -4.1316e+00
36 +1.359895884e+07 +1.359895884e+07 +1.359891694e+07 +1.359891694e+07 -1.7005e+01 +1.5326e+01 -2.3651e+00 -2.3742e+01 +1.8992e+00 +4.0498e+00 -8.2324e+00 +8.6542e+00 +2.6479e+01 -2.9119e+01 -1.9380e+01 +4.1983e+00 -7.3798e+00 -7.1471e+00 -8.2304e+00 -1.6535e+00 -1.7795e-01 +1.1087e+00 -2.0684e+00 -3.5932e+00
71 +8.060845087e+06 +8.060845087e+06 +8.060803187e+06 +8.060803187e+06 -1.0504e+01 +1.5248e+01 -5.6662e+00 -1.9540e+01 +6.4601e+00 -7.8733e+00 -8.6745e-01 +5.9226e+00 +2.9164e+01 -2.9467e+01 -1.9266e+01 +8.9071e+00 -1.4652e+00 -6.8026e+00 -7.1471e+00 -1.1135e+01 -1.6763e+00 -1.7552e+00 +2.4807e+00 -4.1121e+00
101 +5.948636871e+06 +5.948636871e+06 +5.948594971e+06 +5.948594971e+06 -9.9113e+00 +1.5226e+01 -3.6448e+00 -1.5741e+01 +7.8109e+00 -1.0244e+01 +4.2701e+00 +1.8284e+00 +3.1355e+01 -2.5557e+01 -2.4751e+01 +1.2563e+01 -4.0974e+00 -9.5799e+00 -6.0039e+00 -9.2637e+00 -2.9416e-01 -1.2730e+00 +1.8145e+00 -2.5765e+00
235 +3.541797148e+06 +3.541797148e+06 +3.541755248e+06 +3.541755248e+06 -7.8872e+00 +2.0680e+01 -6.7882e+00 -2.0206e+01 +1.0061e+01 -1.2636e+01 +1.4832e+01 -2.2266e+00 +2.4388e+01 -3.2475e+01 -2.6383e+01 +1.0352e+01 -8.4827e+00 -8.8710e+00 -6.2535e-01 -1.7654e+00 -2.8878e+00 -4.3384e-01 +2.5731e+00 -3.3658e+00
372 +2.506916584e+06 +2.506916584e+06 +2.506874684e+06 +2.506874684e+06 -7.1812e+00 +2.4113e+01 -6.1342e+00 -2.2219e+01 +1.2304e+01 -1.2875e+01 +1.2975e+01 -3.1244e+00 +2.3758e+01 -3.2579e+01 -2.5799e+01 +7.7602e+00 -7.1975e+00 -5.8240e+00 +1.5203e+00 -3.1169e+00 -1.8525e+00 +2.2768e-01 +2.2817e+00 -3.2252e+00
775 +1.576915426e+06 +1.576915426e+06 +1.576873526e+06 +1.576873526e+06 -7.9025e+00 +2.3375e+01 -6.1509e+00 -2.3547e+01 +9.6118e+00 -1.2677e+01 +1.2197e+01 +1.7730e-01 +2.1638e+01 -2.7611e+01 -2.2518e+01 +5.7220e+00 -3.5925e+00 -4.8355e+00 +6.2614e-01 -3.5804e+00 -1.8636e+00 -3.7212e-02 +2.1319e+00 -3.0953e+00
1689 +9.983110980e+05 +9.983110980e+05 +9.982691980e+05 +9.982691980e+05 -6.3269e+00 +2.2853e+01 -7.3376e+00 -2.2861e+01 +8.5786e+00 -1.2760e+01 +1.1029e+01 +3.3826e-01 +1.8314e+01 -2.2637e+01 -1.7735e+01 +4.1744e+00 -1.3481e+00 -2.6777e+00 +5.4645e-01 -3.8727e+00 -1.9392e+00 -4.2824e-02 +2.0222e+00 -3.0473e+00
2423 +6.293962933e+05 +6.293962933e+05 +6.293543933e+05 +6.293543933e+05 -5.5649e+00 +2.2129e+01 -7.4860e+00 -2.3378e+01 +8.3965e+00 -1.4331e+01 +1.0576e+01 +1.4732e+00 +1.6730e+01 -1.8050e+01 -1.2682e+01 +4.0640e+00 -2.2855e-01 -2.5206e+00 +5.8764e-01 -3.3910e+00 -2.0562e+00 -1.8635e-01 +2.0537e+00 -3.0235e+00
3655 +3.977119119e+05 +3.977119119e+05 +3.976700119e+05 +3.976700119e+05 -4.9953e+00 +2.1739e+01 -8.2717e+00 -2.4103e+01 +9.0070e+00 -1.4624e+01 +9.5547e+00 +2.1470e+00 +1.6597e+01 -1.4425e+01 -7.1802e+00 +3.2089e+00 -8.6942e-02 -2.5564e+00 +3.9993e-01 -3.5100e+00 -1.9935e+00 -1.5639e-01 +2.0866e+00 -3.0506e+00
5816 +2.511780919e+05 +2.511780919e+05 +2.511361919e+05 +2.511361919e+05 -4.8505e+00 +2.1834e+01 -7.9629e+00 -2.3941e+01 +9.3856e+00 -1.3593e+01 +9.1261e+00 +2.8134e+00 +1.5282e+01 -8.4158e+00 -3.8252e+00 +3.2125e+00 +4.2680e-01 -2.8001e+00 +5.8173e-01 -3.5726e+00 -1.9212e+00 -1.1752e-01 +2.0990e+00 -3.0709e+00
7013 +1.584489236e+05 +1.584489236e+05 +1.584070236e+05 +1.584070236e+05 -4.8921e+00 +2.1966e+01 -8.1921e+00 -2.4042e+01 +9.4649e+00 -1.3475e+01 +8.8337e+00 +3.0775e+00 +1.4809e+01 -4.1347e+00 -2.7369e+00 +3.4364e+00 -2.6895e-03 -2.5443e+00 +4.6763e-01 -3.6228e+00 -1.8987e+00 -9.1762e-02 +2.0767e+00 -3.0517e+00
9283 +9.973308279e+04 +9.973308279e+04 +9.969118279e+04 +9.969118279e+04 -4.5824e+00 +2.1982e+01 -8.1843e+00 -2.4070e+01 +9.2853e+00 -1.3004e+01 +8.9500e+00 +3.2682e+00 +1.1568e+01 -1.6118e+00 -2.0005e+00 +3.3106e+00 +3.9515e-01 -2.5690e+00 +4.6771e-01 -3.5919e+00 -1.9310e+00 -1.3037e-01 +2.0820e+00 -3.0681e+00
10522 +6.307157150e+04 +6.307157150e+04 +6.302967150e+04 +6.302967150e+04 -4.5829e+00 +2.2074e+01 -8.3182e+00 -2.4054e+01 +9.2903e+00 -1.3167e+01 +8.7418e+00 +3.1190e+00 +9.0243e+00 -2.1236e-01 -1.8029e+00 +3.3853e+00 +2.7429e-01 -2.5837e+00 +5.2676e-01 -3.5976e+00 -1.9274e+00 -1.2636e-01 +2.0887e+00 -3.0633e+00
16236 +3.977765554e+04 +3.977765554e+04 +3.973575554e+04 +3.973575554e+04 -4.4451e+00 +2.1632e+01 -8.3307e+00 -2.3750e+01 +9.2063e+00 -1.2143e+01 +8.1333e+00 +3.0615e+00 +6.1411e+00 +2.7934e+00 -1.9435e+00 +3.4860e+00 +3.1993e-01 -2.6212e+00 +5.2281e-01 -3.5949e+00 -1.9456e+00 -1.1789e-01 +2.0842e+00 -3.0627e+00
20466 +2.511483651e+04 +2.511483651e+04 +2.507293651e+04 +2.507293651e+04 -4.4266e+00 +2.1546e+01 -8.3016e+00 -2.3622e+01 +9.0277e+00 -1.1245e+01 +7.7371e+00 +2.9736e+00 +3.2833e+00 +3.5716e+00 -1.8005e+00 +3.4608e+00 +2.5216e-01 -2.6798e+00 +5.2076e-01 -3.5960e+00 -1.9432e+00 -1.1406e-01 +2.0755e+00 -3.0600e+00
29347 +1.584871243e+04 +1.584871243e+04 +1.580681243e+04 +1.580681243e+04 -4.2165e+00 +2.1406e+01 -8.2463e+00 -2.3448e+01 +8.6695e+00 -9.4993e+00 +6.1591e+00 +3.0936e+00 +7.3889e-01 +3.8657e+00 -1.7472e+00 +3.4860e+00 +2.8568e-01 -2.6286e+00 +5.2542e-01 -3.5908e+00 -1.9448e+00 -1.2259e-01 +2.0780e+00 -3.0622e+00
