% function evaluation | noise-free fitness - Fopt (-5.235000000000e+01) | best noise-free fitness - Fopt | measured fitness | best measured fitness | x1 | x2...
1 +7.802312014e+02 +7.802312014e+02 +7.278812014e+02 +7.278812014e+02 -2.3300e+00 +2.0454e+00 +1.2307e+00 +2.2426e+00 -2.1648e+00 -4.3884e+00 +2.8557e+00 -2.3235e+00 -3.7761e+00 +3.7984e-01
2 +4.662164075e+02 +4.662164075e+02 +4.138664075e+02 +4.138664075e+02 +8.2311e-01 -1.3666e+00 -5.7925e+00 +8.8605e-01 -8.2925e+00 +8.2346e+00 +1.4823e+00 -2.7906e+00 -5.1823e+00 +2.8222e+00
7 +3.860482001e+02 +3.860482001e+02 +3.336982001e+02 +3.336982001e+02 -1.1869e+01 -4.8655e-01 -4.5171e+00 -2.0374e+00 -1.3000e+01 +6.1552e+00 -1.0514e+01 -4.2132e+00 +6.4347e+00 -9.5000e+00
37 +2.422423708e+02 +2.422423708e+02 +1.898923708e+02 +1.898923708e+02 -6.2473e+00 +5.4730e+00 -8.5120e+00 -4.5102e+00 -2.2423e+01 +5.9857e+00 +1.2798e-01 -5.9886e+00 -1.7159e+00 -5.7002e+00
77 +1.439452851e+02 +1.439452851e+02 +9.159528513e+01 +9.159528513e+01 -9.8612e+00 +2.1725e+00 -6.5503e+00 -4.3119e+00 -2.0096e+01 +9.6617e+00 -1.3215e+00 -8.5358e+00 +3.7680e+00 -6.4632e+00
98 +9.959944075e+01 +9.959944075e+01 +4.724944075e+01 +4.724944075e+01 -6.4671e+00 +5.3539e+00 -2.5890e-02 -1.2021e+00 -1.7480e+01 +1.1585e+01 -3.6336e+00 -7.5525e+00 +3.8422e+00 -9.3179e+00
125 +4.892319560e+01 +4.892319560e+01 -3.426804400e+00 -3.426804400e+00 -1.2705e+00 +1.1263e+00 +1.8579e+00 +1.2829e+00 -1.3247e+01 +7.4695e+00 -2.5320e+00 -4.8576e+00 +6.4416e+00 -4.7945e-01
158 +2.431300701e+01 +2.431300701e+01 -2.803699299e+01 -2.803699299e+01 -4.5368e+00 -4.7500e-03 +3.3301e+00 -5.9146e-01 -8.4438e+00 +7.6022e+00 +3.6783e-01 -5.5215e+00 +5.8764e+00 -7.5814e-01
188 +1.272902748e+01 +1.272902748e+01 -3.962097252e+01 -3.962097252e+01 -4.8032e+00 +2.9274e-01 +2.6553e+00 -9.8337e-01 -6.5594e+00 +4.3162e+00 -1.5984e+00 -1.9965e+00 +5.8618e+00 -2.1396e-01
207 +8.535561970e+00 +8.535561970e+00 -4.381443803e+01 -4.381443803e+01 -3.8183e+00 -7.9502e-01 +4.7753e+00 -5.1426e-01 -4.6377e+00 +3.3974e+00 -3.0835e+00 +8.6987e-01 +5.9722e+00 -1.0704e+00
224 +4.583226409e+00 +4.583226409e+00 -4.776677359e+01 -4.776677359e+01 -3.3873e+00 -1.5474e+00 +3.6863e+00 -1.2025e+00 -4.0122e+00 +5.1084e+00 -4.5442e+00 -5.4652e-02 +4.3162e+00 -1.7964e+00
247 +3.709849137e+00 +3.709849137e+00 -4.864015086e+01 -4.864015086e+01 +1.7231e-01 -1.0672e+00 +1.5378e+00 -9.8538e-01 +4.2389e-01 +2.7194e+00 -4.2594e+00 +9.8829e-01 +2.3183e+00 -1.4983e+00
283 +2.384643091e+00 +2.384643091e+00 -4.996535691e+01 -4.996535691e+01 -8.0544e-01 -2.1897e+00 +2.2203e+00 -3.6399e+00 -1.1835e+00 +2.8556e+00 -3.6334e+00 +8.1408e-01 +2.2169e+00 -2.6581e+00
285 +9.958548074e-01 +9.958548074e-01 -5.135414519e+01 -5.135414519e+01 -7.2293e-01 -1.2307e+00 +2.4104e+00 -3.3766e+00 -1.7456e+00 +3.5219e+00 -3.4262e+00 +2.1073e-01 +2.0382e+00 -1.9933e+00
344 +6.046502327e-01 +6.046502327e-01 -5.174534977e+01 -5.174534977e+01 -3.7508e-01 -1.3709e+00 +2.4430e+00 -2.5261e+00 -1.7421e+00 +3.9898e+00 -4.5333e+00 +5.5012e-02 +2.3606e+00 -1.8093e+00
402 +3.683341107e-01 +3.683341107e-01 -5.198166589e+01 -5.198166589e+01 -7.2509e-01 -1.2227e+00 +2.4447e+00 -2.7736e+00 -1.8349e+00 +3.5950e+00 -4.1756e+00 -8.3599e-02 +2.4538e+00 -2.0065e+00
427 +2.037773020e-01 +2.037773020e-01 -5.214622270e+01 -5.214622270e+01 -7.9214e-01 -1.1661e+00 +2.7846e+00 -2.2419e+00 -1.5696e+00 +3.3487e+00 -4.2906e+00 -1.1305e-01 +2.8142e+00 -1.4304e+00
440 +1.199457884e-01 +1.199457884e-01 -5.223005421e+01 -5.223005421e+01 -7.8377e-01 -1.3205e+00 +2.7006e+00 -2.2339e+00 -1.6130e+00 +3.4487e+00 -4.2062e+00 -1.2427e-01 +2.7444e+00 -1.4626e+00
470 +9.268658837e-02 +9.268658837e-02 -5.225731341e+01 -5.225731341e+01 -8.8142e-01 -1.1623e+00 +2.6415e+00 -2.4743e+00 -1.6170e+00 +3.7351e+00 -4.0118e+00 -1.5171e-01 +2.7109e+00 -1.6251e+00
499 +5.511725908e-02 +5.511725908e-02 -5.229488274e+01 -5.229488274e+01 -9.5481e-01 -1.0102e+00 +2.6630e+00 -2.3821e+00 -1.4650e+00 +3.5797e+00 -3.8429e+00 +1.0199e-01 +2.5390e+00 -1.7260e+00
591 +3.895189110e-02 +3.895189110e-02 -5.231104811e+01 -5.231104811e+01 -9.7457e-01 -1.0754e+00 +2.7038e+00 -2.3629e+00 -1.5259e+00 +3.4931e+00 -3.8116e+00 -5.2252e-02 +2.5258e+00 -1.6749e+00
668 +2.415612503e-02 +2.415612503e-02 -5.232584387e+01 -5.232584387e+01 -8.9506e-01 -1.1849e+00 +2.7498e+00 -2.3402e+00 -1.5355e+00 +3.5971e+00 -3.8964e+00 -7.4056e-02 +2.5956e+00 -1.6215e+00
729 +1.440577047e-02 +1.440577047e-02 -5.233559423e+01 -5.233559423e+01 -8.7648e-01 -1.2206e+00 +2.6638e+00 -2.3438e+00 -1.5533e+00 +3.5459e+00 -3.8752e+00 -4.8110e-02 +2.6153e+00 -1.6284e+00
754 +8.570565534e-03 +8.570565534e-03 -5.234142943e+01 -5.234142943e+01 -8.9133e-01 -1.2304e+00 +2.6198e+00 -2.3491e+00 -1.5395e+00 +3.5639e+00 -3.8554e+00 -3.1540e-02 +2.6418e+00 -1.6296e+00
828 +6.296130483e-03 +6.296130483e-03 -5.234370387e+01 -5.234370387e+01 -8.9410e-01 -1.2421e+00 +2.6020e+00 -2.3556e+00 -1.5305e+00 +3.5968e+00 -3.8741e+00 -3.7831e-02 +2.6284e+00 -1.6490e+00
875 +3.879071858e-03 +3.879071858e-03 -5.234612093e+01 -5.234612093e+01 -8.8709e-01 -1.2426e+00 +2.6033e+00 -2.3437e+00 -1.5229e+00 +3.5991e+00 -3.8672e+00 -3.4076e-02 +2.6581e+00 -1.6641e+00
1056 +2.495679562e-03 +2.495679562e-03 -5.234750432e+01 -5.234750432e+01 -8.8401e-01 -1.2502e+00 +2.5780e+00 -2.3365e+00 -1.5328e+00 +3.6074e+00 -3.8781e+00 -2.7019e-02 +2.6608e+00 -1.6810e+00
1201 +1.554218854e-03 +1.554218854e-03 -5.234844578e+01 -5.234844578e+01 -8.8434e-01 -1.2433e+00 +2.5684e+00 -2.3372e+00 -1.5362e+00 +3.6032e+00 -3.8823e+00 -2.1406e-02 +2.6769e+00 -1.6910e+00
1615 +9.951461427e-04 +9.951461427e-04 -5.234900485e+01 -5.234900485e+01 -8.8125e-01 -1.2449e+00 +2.5638e+00 -2.3421e+00 -1.5371e+00 +3.6046e+00 -3.8875e+00 -1.8398e-02 +2.6915e+00 -1.6910e+00
2360 +6.308935519e-04 +6.308935519e-04 -5.234936911e+01 -5.234936911e+01 -8.8031e-01 -1.2433e+00 +2.5591e+00 -2.3458e+00 -1.5370e+00 +3.6056e+00 -3.8896e+00 -1.5070e-02 +2.7049e+00 -1.6937e+00
3174 +3.978333874e-04 +3.978333874e-04 -5.234960217e+01 -5.234960217e+01 -8.7936e-01 -1.2424e+00 +2.5586e+00 -2.3484e+00 -1.5342e+00 +3.6057e+00 -3.8916e+00 -1.2000e-02 +2.7170e+00 -1.6947e+00
5399 +2.496141541e-04 +2.496141541e-04 -5.234975039e+01 -5.234975039e+01 -8.7753e-01 -1.2427e+00 +2.5564e+00 -2.3500e+00 -1.5344e+00 +3.6054e+00 -3.8920e+00 -1.1154e-02 +2.7273e+00 -1.6970e+00
9182 +1.584758048e-04 +1.584758048e-04 -5.234984152e+01 -5.234984152e+01 -8.7670e-01 -1.2427e+00 +2.5541e+00 -2.3511e+00 -1.5336e+00 +3.6053e+00 -3.8925e+00 -9.3523e-03 +2.7358e+00 -1.6985e+00
% function evaluation | noise-free fitness - Fopt (-1.795400000000e+02) | best noise-free fitness - Fopt | measured fitness | best measured fitness | x1 | x2...
1 +2.197217495e+02 +2.197217495e+02 +4.018174950e+01 +4.018174950e+01 -3.4775e+00 +2.2130e+00 +3.3065e+00 -1.0144e-01 -2.3876e+00 +4.3692e+00 +3.7746e+00 -2.8617e+00 -2.6723e+00 -1.5676e+00
4 +8.732251689e+01 +8.732251689e+01 -9.221748311e+01 -9.221748311e+01 -3.0392e+00 +3.4094e+00 +4.8400e+00 -1.1715e+00 -7.2134e+00 +5.1844e+00 -1.6648e+00 +6.0276e+00 -9.5230e-01 -6.8207e+00
14 +6.295823121e+01 +6.295823121e+01 -1.165817688e+02 -1.165817688e+02 -1.0151e+01 +5.5664e+00 +3.0617e+00 +1.0685e-01 +5.2293e-01 +6.7781e+00 -3.2556e+00 +1.0324e+01 -6.4413e-01 -4.6421e+00
78 +3.205026408e+01 +3.205026408e+01 -1.474897359e+02 -1.474897359e+02 -5.8530e+00 +6.2335e+00 -6.8160e+00 +6.4762e-01 +7.7033e+00 +5.6347e+00 -2.8986e+00 +9.6298e+00 -3.8421e+00 -1.5763e+00
113 +2.323804300e+01 +2.323804300e+01 -1.563019570e+02 -1.563019570e+02 +4.8452e-01 +5.9319e+00 -2.5688e+00 -3.4534e-01 +1.0113e+01 +5.6780e+00 -2.8090e+00 +6.9810e+00 -4.0404e+00 +6.8254e-01
179 +1.436664145e+01 +1.436664145e+01 -1.651733585e+02 -1.651733585e+02 -1.6893e+00 +4.3993e+00 -5.8286e+00 +1.8753e+00 +1.2931e+01 +2.3856e+00 +2.9437e+00 +2.5129e+00 -1.9363e+00 -2.0151e+00
228 +8.689061403e+00 +8.689061403e+00 -1.708509386e+02 -1.708509386e+02 -2.4242e-01 +4.0301e+00 -3.9784e+00 +3.4232e+00 +8.6784e+00 +2.0838e+00 +3.4206e+00 +2.1729e+00 -8.5754e-01 +7.4679e-02
249 +6.232676563e+00 +6.232676563e+00 -1.733073234e+02 -1.733073234e+02 +1.9689e+00 +2.3571e+00 -4.1550e+00 +1.4160e+00 +7.3548e+00 +2.7911e+00 +3.1132e+00 +2.6436e+00 +3.8061e-01 +2.7396e-01
279 +3.869244341e+00 +3.869244341e+00 -1.756707557e+02 -1.756707557e+02 +1.7476e+00 +3.5350e-01 -2.6946e+00 +1.6583e+00 +6.1551e+00 -7.2848e-01 +4.8257e+00 +2.0604e+00 -8.7081e-01 +2.7345e+00
302 +2.296787085e+00 +2.296787085e+00 -1.772432129e+02 -1.772432129e+02 +5.6863e-01 -2.4935e-01 -2.2124e+00 +2.2645e+00 +5.3903e+00 -6.4884e-01 +4.1239e+00 +3.5635e+00 +1.5160e+00 +1.4931e+00
374 +1.445522585e+00 +1.445522585e+00 -1.780944774e+02 -1.780944774e+02 +1.0154e+00 -1.4900e-01 -4.0594e+00 +3.0512e+00 +5.2063e+00 -8.8821e-01 +3.9970e+00 +3.1902e+00 +1.9521e-01 +1.8129e+00
384 +9.622508900e-01 +9.622508900e-01 -1.785777491e+02 -1.785777491e+02 +1.4785e+00 +1.0608e+00 -3.9408e+00 +2.8568e+00 +4.0948e+00 -4.9164e-02 +3.5115e+00 +2.9603e+00 -3.9298e-01 +2.2210e+00
457 +5.501201103e-01 +5.501201103e-01 -1.789898799e+02 -1.789898799e+02 +1.0845e+00 +7.5835e-01 -3.8350e+00 +2.6282e+00 +3.9841e+00 -2.6984e-01 +2.8498e+00 +3.3108e+00 +4.8889e-01 +2.3346e+00
471 +2.914715329e-01 +2.914715329e-01 -1.792485285e+02 -1.792485285e+02 +5.5352e-01 +7.6065e-01 -4.0196e+00 +2.2846e+00 +3.8172e+00 -7.3314e-01 +3.2355e+00 +3.4719e+00 +4.5088e-01 +2.0599e+00
473 +1.831364719e-01 +1.831364719e-01 -1.793568635e+02 -1.793568635e+02 +3.3888e-01 +6.0720e-01 -3.6829e+00 +2.2725e+00 +3.8812e+00 -6.8676e-01 +3.4599e+00 +3.6237e+00 +5.4576e-01 +2.0909e+00
480 +1.453420415e-01 +1.453420415e-01 -1.793946580e+02 -1.793946580e+02 +5.9848e-01 +4.8358e-01 -3.6802e+00 +2.2622e+00 +3.8476e+00 -8.4671e-01 +3.2961e+00 +3.4024e+00 +4.3954e-01 +2.0760e+00
529 +9.989662803e-02 +9.989662803e-02 -1.794401034e+02 -1.794401034e+02 +6.6051e-01 +4.1096e-01 -3.4006e+00 +2.3837e+00 +4.0259e+00 -8.2535e-01 +3.4038e+00 +3.7019e+00 +2.0987e-01 +1.9384e+00
548 +6.227752440e-02 +6.227752440e-02 -1.794777225e+02 -1.794777225e+02 +7.5672e-01 +4.0325e-01 -3.4013e+00 +2.2951e+00 +3.8357e+00 -5.6601e-01 +3.7114e+00 +3.7558e+00 +2.6099e-01 +1.9918e+00
571 +3.858029526e-02 +3.858029526e-02 -1.795014197e+02 -1.795014197e+02 +7.0610e-01 +5.0578e-01 -3.2859e+00 +2.3984e+00 +3.9229e+00 -5.6460e-01 +3.5497e+00 +3.6020e+00 +3.4531e-01 +2.0881e+00
646 +1.872261015e-02 +1.872261015e-02 -1.795212774e+02 -1.795212774e+02 +7.5826e-01 +5.5119e-01 -3.2745e+00 +2.3812e+00 +3.9050e+00 -5.4954e-01 +3.6098e+00 +3.6117e+00 +1.9611e-01 +2.0836e+00
689 +1.396218838e-02 +1.396218838e-02 -1.795260378e+02 -1.795260378e+02 +7.5269e-01 +5.0239e-01 -3.3009e+00 +2.3876e+00 +3.9279e+00 -5.4604e-01 +3.6126e+00 +3.6276e+00 +1.9878e-01 +2.0878e+00
721 +8.602623013e-03 +8.602623013e-03 -1.795313974e+02 -1.795313974e+02 +7.4100e-01 +5.1218e-01 -3.3159e+00 +2.3985e+00 +3.9278e+00 -5.3166e-01 +3.6174e+00 +3.6110e+00 +2.1204e-01 +2.1155e+00
779 +6.038560226e-03 +6.038560226e-03 -1.795339614e+02 -1.795339614e+02 +7.2326e-01 +5.1417e-01 -3.3490e+00 +2.3828e+00 +3.9170e+00 -5.1728e-01 +3.6261e+00 +3.6161e+00 +2.2595e-01 +2.1369e+00
827 +3.941022297e-03 +3.941022297e-03 -1.795360590e+02 -1.795360590e+02 +7.4223e-01 +5.1627e-01 -3.3637e+00 +2.3987e+00 +3.9139e+00 -5.2082e-01 +3.6356e+00 +3.6171e+00 +2.2493e-01 +2.1267e+00
947 +2.493380193e-03 +2.493380193e-03 -1.795375066e+02 -1.795375066e+02 +7.4242e-01 +5.2061e-01 -3.3700e+00 +2.3972e+00 +3.9037e+00 -5.1715e-01 +3.6443e+00 +3.6175e+00 +2.3521e-01 +2.1134e+00
1217 +1.555528462e-03 +1.555528462e-03 -1.795384445e+02 -1.795384445e+02 +7.5048e-01 +5.1964e-01 -3.3875e+00 +2.4022e+00 +3.8970e+00 -5.0868e-01 +3.6497e+00 +3.6178e+00 +2.4009e-01 +2.1081e+00
1531 +9.951461471e-04 +9.951461471e-04 -1.795390049e+02 -1.795390049e+02 +7.5495e-01 +5.1993e-01 -3.3962e+00 +2.4033e+00 +3.8887e+00 -5.0328e-01 +3.6510e+00 +3.6145e+00 +2.4517e-01 +2.0965e+00
2175 +6.298333396e-04 +6.298333396e-04 -1.795393702e+02 -1.795393702e+02 +7.6093e-01 +5.1755e-01 -3.4070e+00 +2.4007e+00 +3.8825e+00 -5.0154e-01 +3.6520e+00 +3.6090e+00 +2.4350e-01 +2.0894e+00
3919 +3.977039318e-04 +3.977039318e-04 -1.795396023e+02 -1.795396023e+02 +7.6490e-01 +5.1638e-01 -3.4156e+00 +2.4014e+00 +3.8776e+00 -5.0059e-01 +3.6500e+00 +3.6023e+00 +2.4057e-01 +2.0812e+00
7260 +2.511365532e-04 +2.511365532e-04 -1.795397489e+02 -1.795397489e+02 +7.6948e-01 +5.1523e-01 -3.4213e+00 +2.4008e+00 +3.8727e+00 -4.9756e-01 +3.6471e+00 +3.5953e+00 +2.3981e-01 +2.0759e+00
% function evaluation | noise-free fitness - Fopt (7.731000000000e+01) | best noise-free fitness - Fopt | measured fitness | best measured fitness | x1 | x2...
1 +1.700860916e+02 +1.700860916e+02 +2.473960916e+02 +2.473960916e+02 -2.8263e-01 +3.9273e-01 -1.4522e+00 -9.9367e-01 -1.5745e+00 -2.6009e-01 +1.7606e+00 -5.9812e-01 -4.5760e+00 -4.0178e+00
3 +1.292584633e+02 +1.292584633e+02 +2.065684633e+02 +2.065684633e+02 +3.8330e+00 +3.1371e+00 +3.6562e-01 +4.1170e+00 -6.6679e+00 -2.9636e+00 +4.2929e+00 +1.0485e+00 -4.1420e-01 +3.4144e+00
8 +5.666813959e+01 +5.666813959e+01 +1.339781396e+02 +1.339781396e+02 +3.7930e+00 -2.9611e+00 -5.1860e+00 +5.0000e+00 -9.2111e+00 -4.1065e+00 +4.7430e+00 +1.0651e+00 -4.4711e-01 +1.7828e+00
35 +3.792417131e+01 +3.792417131e+01 +1.152341713e+02 +1.152341713e+02 +4.8503e+00 -1.8296e+00 -7.8850e+00 +3.1642e+00 -3.9009e+00 -4.1890e+00 +7.8705e+00 -1.3892e+00 +1.2177e-01 +1.6283e+00
85 +1.255453845e+01 +1.255453845e+01 +8.986453845e+01 +8.986453845e+01 +3.3243e-01 -5.8722e-02 -5.3557e+00 +1.5507e+00 -2.9523e+00 -6.6716e+00 +5.5088e+00 -4.8691e+00 -1.8301e+00 +1.7864e+00
120 +8.115766239e+00 +8.115766239e+00 +8.542576624e+01 +8.542576624e+01 -1.0536e+00 -1.7328e+00 -2.6259e+00 -1.1265e-01 -6.2559e-01 -5.1814e+00 +6.7157e+00 -4.1356e+00 -3.0473e-01 +1.0565e+00
167 +6.231657405e+00 +6.231657405e+00 +8.354165741e+01 +8.354165741e+01 +6.0919e-01 -5.5390e-01 -3.1066e+00 -5.2884e-01 -6.1823e-01 -2.7148e+00 +4.7963e+00 -4.7711e+00 -2.0328e-01 +1.8487e+00
206 +3.124324795e+00 +3.124324795e+00 +8.043432480e+01 +8.043432480e+01 +2.4061e+00 +1.1439e-01 -2.0117e+00 -7.8335e-01 -1.7579e-02 -3.5392e+00 +1.0973e+00 -3.0050e+00 +2.1406e+00 +2.9080e+00
225 +2.123824019e+00 +2.123824019e+00 +7.943382402e+01 +7.943382402e+01 +1.6722e+00 +8.3791e-02 -2.4000e+00 -1.4080e+00 +2.3660e-01 -3.3084e+00 +9.0917e-01 -2.8383e+00 +1.6961e+00 +3.6480e+00
248 +1.343476468e+00 +1.343476468e+00 +7.865347647e+01 +7.865347647e+01 +1.0428e+00 -9.5703e-02 -2.0561e+00 -1.2353e+00 +3.1256e-01 -3.0772e+00 +5.3075e-01 -3.0838e+00 +1.3682e+00 +3.1715e+00
268 +9.481730564e-01 +9.481730564e-01 +7.825817306e+01 +7.825817306e+01 +8.4861e-01 -5.4972e-01 -1.3945e+00 -2.9314e+00 +1.1112e+00 -2.5840e+00 +5.2052e-01 -2.4216e+00 +1.6259e+00 +2.9811e+00
293 +5.393178294e-01 +5.393178294e-01 +7.784931783e+01 +7.784931783e+01 +1.1470e+00 -5.3279e-01 -2.2478e+00 -1.5326e+00 +1.3201e+00 -2.2475e+00 +8.6537e-01 -2.7779e+00 +1.4510e+00 +3.0486e+00
331 +3.284577132e-01 +3.284577132e-01 +7.763845771e+01 +7.763845771e+01 +9.2303e-01 -4.5069e-01 -2.3728e+00 -2.0550e+00 +8.8863e-01 -2.5427e+00 +4.8634e-01 -2.2572e+00 +1.0964e+00 +2.6496e+00
345 +1.713138191e-01 +1.713138191e-01 +7.748131382e+01 +7.748131382e+01 +9.6860e-01 -9.2540e-01 -2.0964e+00 -2.0957e+00 +1.0947e+00 -2.5330e+00 +5.7441e-01 -2.2507e+00 +1.2779e+00 +2.6564e+00
359 +1.440049936e-01 +1.440049936e-01 +7.745400499e+01 +7.745400499e+01 +9.7883e-01 -7.9600e-01 -2.2269e+00 -2.0003e+00 +8.9434e-01 -2.6019e+00 +7.8571e-01 -1.9247e+00 +1.2805e+00 +2.5215e+00
389 +9.038090088e-02 +9.038090088e-02 +7.740038090e+01 +7.740038090e+01 +9.6129e-01 -9.4667e-01 -2.0804e+00 -1.8228e+00 +1.0673e+00 -2.5358e+00 +5.9407e-01 -1.8547e+00 +1.3084e+00 +2.4156e+00
457 +5.634691211e-02 +5.634691211e-02 +7.736634691e+01 +7.736634691e+01 +9.0768e-01 -9.2755e-01 -1.9873e+00 -1.9089e+00 +1.1313e+00 -2.5066e+00 +7.0086e-01 -1.9508e+00 +1.5010e+00 +2.5674e+00
474 +3.956374431e-02 +3.956374431e-02 +7.734956374e+01 +7.734956374e+01 +8.9539e-01 -8.3376e-01 -2.1264e+00 -1.9120e+00 +1.0013e+00 -2.4959e+00 +7.6471e-01 -2.0136e+00 +1.5107e+00 +2.7057e+00
509 +1.915836804e-02 +1.915836804e-02 +7.732915837e+01 +7.732915837e+01 +8.8117e-01 -7.5904e-01 -2.0595e+00 -1.9041e+00 +9.9523e-01 -2.4340e+00 +7.5275e-01 -1.9598e+00 +1.4974e+00 +2.5756e+00
524 +1.428233723e-02 +1.428233723e-02 +7.732428234e+01 +7.732428234e+01 +8.3448e-01 -7.8730e-01 -2.0146e+00 -1.9101e+00 +9.9198e-01 -2.4801e+00 +7.4342e-01 -1.9448e+00 +1.4914e+00 +2.5951e+00
586 +9.451703161e-03 +9.451703161e-03 +7.731945170e+01 +7.731945170e+01 +8.6675e-01 -7.5137e-01 -2.0402e+00 -1.9135e+00 +1.0081e+00 -2.4794e+00 +7.4623e-01 -1.9652e+00 +1.4765e+00 +2.6144e+00
640 +5.442537285e-03 +5.442537285e-03 +7.731544254e+01 +7.731544254e+01 +8.6907e-01 -7.2580e-01 -2.0500e+00 -1.9017e+00 +1.0314e+00 -2.4515e+00 +7.4306e-01 -1.9600e+00 +1.4485e+00 +2.6025e+00
768 +3.831285822e-03 +3.831285822e-03 +7.731383129e+01 +7.731383129e+01 +8.7195e-01 -7.2465e-01 -2.0567e+00 -1.9074e+00 +1.0212e+00 -2.4356e+00 +7.5540e-01 -1.9381e+00 +1.4420e+00 +2.6264e+00
1011 +2.503264111e-03 +2.503264111e-03 +7.731250326e+01 +7.731250326e+01 +8.8147e-01 -7.1280e-01 -2.0774e+00 -1.9025e+00 +1.0296e+00 -2.4279e+00 +7.5669e-01 -1.9294e+00 +1.4332e+00 +2.6220e+00
1295 +1.582459370e-03 +1.582459370e-03 +7.731158246e+01 +7.731158246e+01 +8.8591e-01 -6.9530e-01 -2.0917e+00 -1.9007e+00 +1.0233e+00 -2.4248e+00 +7.5984e-01 -1.9258e+00 +1.4340e+00 +2.6257e+00
1817 +9.946054816e-04 +9.946054816e-04 +7.731099461e+01 +7.731099461e+01 +8.8821e-01 -6.8473e-01 -2.0993e+00 -1.9029e+00 +1.0200e+00 -2.4134e+00 +7.6868e-01 -1.9234e+00 +1.4364e+00 +2.6349e+00
3012 +6.308402492e-04 +6.308402492e-04 +7.731063084e+01 +7.731063084e+01 +8.9031e-01 -6.7370e-01 -2.1040e+00 -1.8989e+00 +1.0190e+00 -2.4055e+00 +7.7414e-01 -1.9176e+00 +1.4355e+00 +2.6423e+00
4582 +3.976629023e-04 +3.976629023e-04 +7.731039766e+01 +7.731039766e+01 +8.9155e-01 -6.6325e-01 -2.1072e+00 -1.8982e+00 +1.0167e+00 -2.3996e+00 +7.7827e-01 -1.9143e+00 +1.4334e+00 +2.6503e+00
7645 +2.510918397e-04 +2.510918397e-04 +7.731025109e+01 +7.731025109e+01 +8.9145e-01 -6.5455e-01 -2.1120e+00 -1.8972e+00 +1.0143e+00 -2.3957e+00 +7.8103e-01 -1.9096e+00 +1.4320e+00 +2.6555e+00
% function evaluation | noise-free fitness - Fopt (3.992000000000e+01) | best noise-free fitness - Fopt | measured fitness | best measured fitness | x1 | x2...
1 +1.067757621e+02 +1.067757621e+02 +1.466957621e+02 +1.466957621e+02 -2.7162e-01 +5.6682e-02 -1.7611e+00 -4.1829e+00 +3.0830e+00 +3.3603e+00 -4.4079e+00 -4.4556e+00 +3.4264e-02 -4.2377e+00
4 +8.827423244e+01 +8.827423244e+01 +1.281942324e+02 +1.281942324e+02 +2.5579e+00 -1.1209e+00 +8.8952e-01 -6.8806e+00 +8.1420e+00 +4.1194e-01 -9.3107e+00 -8.0575e-01 +6.7045e+00 -4.6491e+00
22 +4.661070205e+01 +4.661070205e+01 +8.653070205e+01 +8.653070205e+01 +5.4311e+00 -1.6852e+00 +1.8970e+00 -9.3921e+00 +5.2739e+00 +3.5749e+00 -5.1220e+00 -5.2413e-01 +5.0275e+00 -6.2587e-01
48 +2.533917544e+01 +2.533917544e+01 +6.525917544e+01 +6.525917544e+01 +7.6949e+00 +6.4309e-02 +3.1511e+00 -1.0764e+01 +5.5116e+00 -8.4405e-01 -8.3286e-01 -4.1210e+00 +5.4448e+00 +2.0012e+00
74 +2.256822981e+01 +2.256822981e+01 +6.248822981e+01 +6.248822981e+01 +8.8944e+00 +9.1634e-01 +4.3491e+00 -9.3648e+00 +2.5373e+00 +2.2629e+00 -4.4950e-01 -3.0543e+00 +6.0096e+00 +4.5894e+00
83 +1.507027837e+01 +1.507027837e+01 +5.499027837e+01 +5.499027837e+01 +7.3839e+00 -6.1508e-01 +3.9994e+00 -6.6598e+00 +2.0226e-01 +2.3798e+00 +3.3813e+00 -2.0150e+00 +5.7497e+00 +5.7495e+00
122 +8.498995781e+00 +8.498995781e+00 +4.841899578e+01 +4.841899578e+01 +8.3600e+00 -4.2078e-01 +1.4685e+00 -3.0448e+00 -7.8400e-01 +1.3355e+00 +2.0654e+00 -3.4537e+00 +4.9312e+00 +5.5783e+00
170 +6.182646007e+00 +6.182646007e+00 +4.610264601e+01 +4.610264601e+01 +8.3859e+00 -5.1284e-01 +2.4760e+00 -4.0045e+00 -1.5571e+00 +4.4849e+00 +3.4878e+00 -9.7132e-02 +4.8221e+00 +4.6620e+00
188 +3.784678070e+00 +3.784678070e+00 +4.370467807e+01 +4.370467807e+01 +6.4294e+00 -1.0520e+00 +4.2852e-01 -2.2305e+00 -2.4455e+00 +3.1227e+00 +1.8832e+00 -1.5459e+00 +3.7925e+00 +2.1803e+00
233 +1.993044929e+00 +1.993044929e+00 +4.191304493e+01 +4.191304493e+01 +4.8473e+00 -1.3283e+00 +1.7850e+00 -2.4858e+00 -1.6228e+00 +1.7748e+00 +1.3341e+00 -3.1148e-01 +4.5924e+00 +3.8331e+00
246 +1.102294437e+00 +1.102294437e+00 +4.102229444e+01 +4.102229444e+01 +4.5481e+00 -7.3199e-01 +1.5258e+00 -1.5014e+00 -1.5836e+00 +2.7516e+00 +1.8933e+00 -2.2709e-01 +3.4474e+00 +3.4661e+00
277 +5.585751705e-01 +5.585751705e-01 +4.047857517e+01 +4.047857517e+01 +4.0636e+00 -8.7852e-01 +2.1607e+00 -1.2772e+00 -1.9357e+00 +2.4548e+00 +2.3445e+00 -2.7361e-01 +3.3683e+00 +3.6093e+00
310 +3.270786437e-01 +3.270786437e-01 +4.024707864e+01 +4.024707864e+01 +4.0320e+00 -9.2197e-01 +1.7344e+00 -1.9046e+00 -2.1860e+00 +2.1916e+00 +2.3047e+00 -3.8733e-01 +3.0982e+00 +3.6184e+00
350 +2.204857874e-01 +2.204857874e-01 +4.014048579e+01 +4.014048579e+01 +3.9172e+00 -1.0834e+00 +1.9331e+00 -1.7276e+00 -1.9057e+00 +2.4022e+00 +2.0918e+00 -5.1214e-01 +3.2477e+00 +3.7218e+00
361 +1.473012328e-01 +1.473012328e-01 +4.006730123e+01 +4.006730123e+01 +4.0037e+00 -1.1723e+00 +2.1142e+00 -2.0846e+00 -2.1212e+00 +2.1999e+00 +2.0316e+00 -6.2317e-01 +3.0821e+00 +3.6814e+00
390 +8.998502934e-02 +8.998502934e-02 +4.000998503e+01 +4.000998503e+01 +3.9717e+00 -1.1018e+00 +2.0154e+00 -2.0311e+00 -1.9172e+00 +2.1855e+00 +2.3351e+00 -4.8812e-01 +3.0294e+00 +3.4531e+00
425 +5.309778049e-02 +5.309778049e-02 +3.997309778e+01 +3.997309778e+01 +3.8602e+00 -1.0285e+00 +2.0106e+00 -2.1618e+00 -1.9213e+00 +2.2863e+00 +2.2703e+00 -6.0588e-01 +3.0305e+00 +3.2865e+00
497 +3.261673317e-02 +3.261673317e-02 +3.995261673e+01 +3.995261673e+01 +3.9325e+00 -1.0525e+00 +2.0631e+00 -2.2240e+00 -2.0285e+00 +2.2761e+00 +2.2489e+00 -6.3595e-01 +2.9414e+00 +3.2524e+00
537 +2.243293291e-02 +2.243293291e-02 +3.994243293e+01 +3.994243293e+01 +3.9488e+00 -1.0617e+00 +2.1277e+00 -2.2330e+00 -2.0692e+00 +2.2355e+00 +2.3321e+00 -5.9404e-01 +2.9948e+00 +3.3322e+00
558 +1.489599727e-02 +1.489599727e-02 +3.993489600e+01 +3.993489600e+01 +3.9414e+00 -1.0725e+00 +2.1682e+00 -2.2782e+00 -2.0784e+00 +2.2620e+00 +2.2848e+00 -6.4186e-01 +2.9650e+00 +3.3022e+00
628 +9.989337236e-03 +9.989337236e-03 +3.992998934e+01 +3.992998934e+01 +3.9490e+00 -1.0937e+00 +2.2093e+00 -2.3047e+00 -2.0830e+00 +2.2795e+00 +2.2849e+00 -6.3819e-01 +2.9713e+00 +3.3284e+00
710 +6.155353325e-03 +6.155353325e-03 +3.992615535e+01 +3.992615535e+01 +3.9310e+00 -1.0636e+00 +2.2196e+00 -2.2964e+00 -2.0600e+00 +2.2996e+00 +2.2636e+00 -6.0937e-01 +3.0161e+00 +3.3365e+00
786 +3.822433783e-03 +3.822433783e-03 +3.992382243e+01 +3.992382243e+01 +3.9408e+00 -1.0708e+00 +2.2456e+00 -2.2864e+00 -2.0570e+00 +2.3066e+00 +2.2695e+00 -6.2944e-01 +3.0122e+00 +3.3503e+00
876 +2.493001636e-03 +2.493001636e-03 +3.992249300e+01 +3.992249300e+01 +3.9408e+00 -1.0701e+00 +2.2618e+00 -2.2853e+00 -2.0473e+00 +2.3152e+00 +2.2671e+00 -6.3100e-01 +3.0114e+00 +3.3587e+00
1044 +1.576031580e-03 +1.576031580e-03 +3.992157603e+01 +3.992157603e+01 +3.9472e+00 -1.0737e+00 +2.2858e+00 -2.2850e+00 -2.0469e+00 +2.3167e+00 +2.2667e+00 -6.2805e-01 +3.0136e+00 +3.3671e+00
1411 +9.981045235e-04 +9.981045235e-04 +3.992099810e+01 +3.992099810e+01 +3.9457e+00 -1.0741e+00 +2.2996e+00 -2.2897e+00 -2.0441e+00 +2.3254e+00 +2.2620e+00 -6.2312e-01 +3.0178e+00 +3.3739e+00
2105 +6.284183092e-04 +6.284183092e-04 +3.992062842e+01 +3.992062842e+01 +3.9458e+00 -1.0711e+00 +2.3135e+00 -2.2919e+00 -2.0418e+00 +2.3301e+00 +2.2633e+00 -6.2031e-01 +3.0239e+00 +3.3781e+00
3618 +3.979973596e-04 +3.979973596e-04 +3.992039800e+01 +3.992039800e+01 +3.9457e+00 -1.0714e+00 +2.3243e+00 -2.2928e+00 -2.0401e+00 +2.3335e+00 +2.2624e+00 -6.1856e-01 +3.0300e+00 +3.3833e+00
6148 +2.509734252e-04 +2.509734252e-04 +3.992025097e+01 +3.992025097e+01 +3.9457e+00 -1.0707e+00 +2.3333e+00 -2.2938e+00 -2.0396e+00 +2.3368e+00 +2.2612e+00 -6.1661e-01 +3.0349e+00 +3.3882e+00
% function evaluation | noise-free fitness - Fopt (-5.661000000000e+01) | best noise-free fitness - Fopt | measured fitness | best measured fitness | x1 | x2...
1 +1.429844736e+02 +1.429844736e+02 +8.637447356e+01 +8.637447356e+01 +9.8906e-02 -6.1138e-02 +4.6267e+00 +1.4515e+00 -1.0218e+00 -2.5877e+00 -3.5233e+00 -8.5429e-01 +4.6775e+00 -1.7893e+00
7 +9.497875390e+01 +9.497875390e+01 +3.836875390e+01 +3.836875390e+01 -1.0749e+00 +8.4993e+00 -1.5109e+00 -2.8365e+00 -6.5727e+00 +2.3535e+00 -7.9964e+00 -1.1670e+01 +2.6519e+00 -1.0566e+01
49 +5.892811710e+01 +5.892811710e+01 +2.318117102e+00 +2.318117102e+00 -6.3207e+00 +1.1202e+01 +4.3785e+00 -2.7867e+00 -6.3815e+00 -1.5499e-01 -6.1862e+00 -9.7315e+00 -6.6351e-01 -1.6188e+01
113 +3.580579641e+01 +3.580579641e+01 -2.080420359e+01 -2.080420359e+01 -6.3014e+00 +7.7909e+00 +1.7609e+00 -3.7134e+00 -6.6314e+00 +4.3305e-02 -2.0083e+00 -6.1375e+00 -1.3155e+00 -1.5468e+01
133 +2.283976026e+01 +2.283976026e+01 -3.377023974e+01 -3.377023974e+01 -2.9706e+00 +7.0990e+00 +8.0593e-01 -2.1942e+00 -3.6972e+00 -2.1705e+00 -5.1828e-01 -6.7684e+00 -4.7466e+00 -1.0616e+01
154 +1.516837492e+01 +1.516837492e+01 -4.144162508e+01 -4.144162508e+01 -1.3746e+00 +6.8251e+00 +2.1982e+00 -4.1984e+00 -4.9265e+00 +1.8428e+00 +2.8311e+00 -5.6713e+00 -5.9239e+00 -7.0914e+00
155 +9.754333915e+00 +9.754333915e+00 -4.685566608e+01 -4.685566608e+01 +4.0027e-01 +6.3448e+00 +3.2217e-01 -3.3658e+00 -2.9821e+00 +1.5982e+00 +1.8487e+00 -5.2441e+00 -4.2933e+00 -5.1932e+00
203 +5.842580340e+00 +5.842580340e+00 -5.076741966e+01 -5.076741966e+01 +1.4057e+00 +4.3084e+00 +3.1848e+00 -1.7274e+00 -4.0285e+00 +3.1261e+00 +3.1789e+00 -3.6942e+00 -3.6597e+00 -4.7091e+00
235 +3.827094738e+00 +3.827094738e+00 -5.278290526e+01 -5.278290526e+01 +1.8624e+00 +2.9533e+00 +2.0654e+00 -1.5841e+00 -3.1900e+00 +2.7002e+00 +3.8589e+00 -3.5684e+00 -3.4263e+00 -3.2284e+00
277 +2.306263539e+00 +2.306263539e+00 -5.430373646e+01 -5.430373646e+01 +9.3114e-01 +2.9159e+00 +3.6287e+00 -2.9243e+00 -3.8104e+00 +2.7657e+00 +2.2164e+00 -4.4162e+00 -3.0851e+00 -2.1830e+00
288 +1.172849811e+00 +1.172849811e+00 -5.543715019e+01 -5.543715019e+01 +1.1904e+00 +3.1325e+00 +4.0879e+00 -3.1274e+00 -2.9943e+00 +2.1326e+00 +2.0280e+00 -3.1820e+00 -3.7167e+00 -1.5879e+00
307 +4.601397352e-01 +4.601397352e-01 -5.614986026e+01 -5.614986026e+01 +1.8451e+00 +2.7782e+00 +3.1912e+00 -3.4935e+00 -2.9726e+00 +1.9220e+00 +2.6171e+00 -2.3667e+00 -3.4035e+00 -1.1282e+00
347 +3.046614406e-01 +3.046614406e-01 -5.630533856e+01 -5.630533856e+01 +1.9811e+00 +2.6468e+00 +3.1045e+00 -3.2645e+00 -2.7033e+00 +2.0117e+00 +2.9674e+00 -2.8750e+00 -3.2980e+00 -1.0638e+00
390 +1.457468058e-01 +1.457468058e-01 -5.646425319e+01 -5.646425319e+01 +1.9132e+00 +2.9986e+00 +3.0344e+00 -3.5182e+00 -2.6441e+00 +2.2417e+00 +2.7597e+00 -3.2402e+00 -3.6555e+00 -9.0239e-01
420 +8.784133737e-02 +8.784133737e-02 -5.652215866e+01 -5.652215866e+01 +1.8386e+00 +3.0974e+00 +3.0819e+00 -3.2618e+00 -2.7210e+00 +2.2501e+00 +2.6979e+00 -3.2979e+00 -3.4030e+00 -6.4996e-01
435 +4.441923527e-02 +4.441923527e-02 -5.656558076e+01 -5.656558076e+01 +1.8556e+00 +3.0832e+00 +3.1699e+00 -3.3066e+00 -2.7810e+00 +2.2495e+00 +2.5514e+00 -3.2092e+00 -3.4309e+00 -7.0905e-01
439 +3.663999872e-02 +3.663999872e-02 -5.657336000e+01 -5.657336000e+01 +1.9349e+00 +3.0801e+00 +3.0554e+00 -3.2154e+00 -2.8746e+00 +2.3098e+00 +2.5904e+00 -3.2972e+00 -3.4691e+00 -6.8597e-01
508 +2.499027079e-02 +2.499027079e-02 -5.658500973e+01 -5.658500973e+01 +1.9802e+00 +3.1360e+00 +3.1167e+00 -3.3153e+00 -2.8495e+00 +2.2906e+00 +2.5997e+00 -3.2922e+00 -3.5193e+00 -7.2507e-01
590 +1.454595145e-02 +1.454595145e-02 -5.659545405e+01 -5.659545405e+01 +1.9591e+00 +3.0959e+00 +3.1425e+00 -3.3095e+00 -2.8793e+00 +2.2575e+00 +2.6063e+00 -3.2390e+00 -3.5022e+00 -7.4296e-01
680 +9.917864263e-03 +9.917864263e-03 -5.660008214e+01 -5.660008214e+01 +1.9591e+00 +3.0709e+00 +3.1376e+00 -3.2953e+00 -2.9005e+00 +2.2528e+00 +2.6292e+00 -3.2418e+00 -3.5265e+00 -7.4876e-01
755 +6.297445717e-03 +6.297445717e-03 -5.660370255e+01 -5.660370255e+01 +1.9574e+00 +3.0345e+00 +3.1330e+00 -3.2885e+00 -2.9196e+00 +2.2747e+00 +2.6017e+00 -3.2219e+00 -3.5430e+00 -7.5919e-01
1010 +3.965415032e-03 +3.965415032e-03 -5.660603458e+01 -5.660603458e+01 +1.9457e+00 +3.0186e+00 +3.1538e+00 -3.2994e+00 -2.9407e+00 +2.2678e+00 +2.6218e+00 -3.2356e+00 -3.5564e+00 -7.6169e-01
1229 +2.470317346e-03 +2.470317346e-03 -5.660752968e+01 -5.660752968e+01 +1.9445e+00 +2.9968e+00 +3.1636e+00 -3.2928e+00 -2.9612e+00 +2.2722e+00 +2.6149e+00 -3.2384e+00 -3.5587e+00 -7.6127e-01
1610 +1.570832493e-03 +1.570832493e-03 -5.660842917e+01 -5.660842917e+01 +1.9442e+00 +2.9822e+00 +3.1674e+00 -3.2894e+00 -2.9776e+00 +2.2778e+00 +2.6152e+00 -3.2452e+00 -3.5664e+00 -7.6603e-01
2024 +9.977199967e-04 +9.977199967e-04 -5.660900228e+01 -5.660900228e+01 +1.9413e+00 +2.9725e+00 +3.1739e+00 -3.2880e+00 -2.9945e+00 +2.2781e+00 +2.6182e+00 -3.2505e+00 -3.5739e+00 -7.6532e-01
3009 +6.307101690e-04 +6.307101690e-04 -5.660936929e+01 -5.660936929e+01 +1.9437e+00 +2.9633e+00 +3.1789e+00 -3.2873e+00 -3.0087e+00 +2.2789e+00 +2.6213e+00 -3.2524e+00 -3.5765e+00 -7.6915e-01
4782 +3.961298428e-04 +3.961298428e-04 -5.660960387e+01 -5.660960387e+01 +1.9438e+00 +2.9558e+00 +3.1830e+00 -3.2849e+00 -3.0209e+00 +2.2797e+00 +2.6228e+00 -3.2561e+00 -3.5803e+00 -7.7037e-01
7783 +2.510712612e-04 +2.510712612e-04 -5.660974893e+01 -5.660974893e+01 +1.9437e+00 +2.9492e+00 +3.1858e+00 -3.2833e+00 -3.0306e+00 +2.2810e+00 +2.6246e+00 -3.2599e+00 -3.5841e+00 -7.7137e-01
% function evaluation | noise-free fitness - Fopt (1.620000000000e+01) | best noise-free fitness - Fopt | measured fitness | best measured fitness | x1 | x2...
1 +3.186933507e+01 +3.186933507e+01 +4.806933507e+01 +4.806933507e+01 -2.9166e-01 -3.2833e+00 +3.8628e+00 +2.6377e+00 +4.9586e+00 -4.2523e+00 +5.1869e-01 +1.3604e+00 +8.3985e-01 +4.9867e+00
27 +2.120616069e+01 +2.120616069e+01 +3.740616069e+01 +3.740616069e+01 -1.5363e+00 +2.9481e+00 -1.0116e+00 -1.1858e+00 +5.2345e+00 -2.1411e+00 +4.2000e+00 +1.6071e+00 +3.6826e+00 +6.1516e+00
72 +1.419378226e+01 +1.419378226e+01 +3.039378226e+01 +3.039378226e+01 -2.2963e+00 +5.7094e+00 -1.7886e+00 +3.0611e+00 +1.6875e+00 -1.0716e+00 +5.9803e+00 +5.4903e-01 +2.2774e+00 +9.1556e+00
99 +9.473105075e+00 +9.473105075e+00 +2.567310507e+01 +2.567310507e+01 -1.6356e+00 +4.1697e+00 -1.8471e+00 +4.3664e+00 +1.1396e+00 -7.2903e-01 +5.8136e+00 -3.1796e-01 +4.6317e-01 +6.6730e+00
198 +6.273696660e+00 +6.273696660e+00 +2.247369666e+01 +2.247369666e+01 +9.4360e-01 +2.3129e+00 +3.0414e-01 +2.8014e+00 +2.6820e+00 -2.0948e+00 +5.1204e+00 +2.0838e-01 -5.3407e-01 +4.1463e+00
210 +3.828678353e+00 +3.828678353e+00 +2.002867835e+01 +2.002867835e+01 +1.2534e+00 +3.4218e+00 +1.0111e+00 +2.4626e+00 +9.1636e-01 -1.8955e+00 +3.6296e+00 +5.0843e-01 -1.2253e+00 +2.8516e+00
220 +2.071821267e+00 +2.071821267e+00 +1.827182127e+01 +1.827182127e+01 +1.7282e+00 +2.3895e+00 +1.2202e+00 +1.4823e+00 +1.9418e-01 -1.6628e+00 +3.8510e+00 +1.5264e+00 -6.2233e-01 +3.1701e+00
225 +1.345897755e+00 +1.345897755e+00 +1.754589776e+01 +1.754589776e+01 +2.1959e+00 +1.9753e+00 +1.3190e+00 +1.3186e+00 +2.5176e-02 -1.4127e+00 +3.6915e+00 +1.8983e+00 -7.9929e-01 +3.1863e+00
259 +7.072089037e-01 +7.072089037e-01 +1.690720890e+01 +1.690720890e+01 +2.4534e+00 +2.0808e+00 +1.6238e+00 +1.8470e+00 -1.2414e-01 -1.3855e+00 +3.9506e+00 +2.4699e+00 -1.6088e+00 +2.3908e+00
279 +5.760240609e-01 +5.760240609e-01 +1.677602406e+01 +1.677602406e+01 +2.6690e+00 +1.2797e+00 +1.4515e+00 +2.0142e+00 -4.7330e-01 -1.3998e+00 +3.8554e+00 +2.1730e+00 -1.3149e+00 +2.6954e+00
294 +3.962757492e-01 +3.962757492e-01 +1.659627575e+01 +1.659627575e+01 +2.5707e+00 +1.5552e+00 +1.8515e+00 +1.8022e+00 -6.6749e-01 -1.0943e+00 +3.8056e+00 +2.3633e+00 -1.4141e+00 +2.4057e+00
325 +2.251996495e-01 +2.251996495e-01 +1.642519965e+01 +1.642519965e+01 +2.6431e+00 +2.0031e+00 +1.9041e+00 +1.8295e+00 -2.5762e-01 -7.3006e-01 +3.6953e+00 +2.5378e+00 -1.5698e+00 +2.5533e+00
363 +1.339667133e-01 +1.339667133e-01 +1.633396671e+01 +1.633396671e+01 +2.6859e+00 +1.8109e+00 +1.8354e+00 +1.7804e+00 -3.0816e-01 -8.0956e-01 +3.5029e+00 +2.2090e+00 -1.4891e+00 +2.4812e+00
419 +7.267724791e-02 +7.267724791e-02 +1.627267725e+01 +1.627267725e+01 +2.5511e+00 +1.6780e+00 +1.8261e+00 +1.9689e+00 -1.4475e-01 -6.0295e-01 +3.4260e+00 +2.2077e+00 -1.5243e+00 +2.4864e+00
430 +3.635246754e-02 +3.635246754e-02 +1.623635247e+01 +1.623635247e+01 +2.6172e+00 +1.6746e+00 +1.8408e+00 +1.9820e+00 -2.7311e-01 -7.4713e-01 +3.4351e+00 +2.2376e+00 -1.4605e+00 +2.5712e+00
471 +2.460712482e-02 +2.460712482e-02 +1.622460712e+01 +1.622460712e+01 +2.5785e+00 +1.6753e+00 +1.8728e+00 +2.0121e+00 -2.8663e-01 -7.3071e-01 +3.4153e+00 +2.2664e+00 -1.4548e+00 +2.5936e+00
567 +1.491024252e-02 +1.491024252e-02 +1.621491024e+01 +1.621491024e+01 +2.5649e+00 +1.6472e+00 +1.8276e+00 +2.1286e+00 -3.4042e-01 -7.1819e-01 +3.4041e+00 +2.3607e+00 -1.4443e+00 +2.5875e+00
575 +8.422789459e-03 +8.422789459e-03 +1.620842279e+01 +1.620842279e+01 +2.5326e+00 +1.6351e+00 +1.8257e+00 +2.0818e+00 -3.2562e-01 -7.1630e-01 +3.3893e+00 +2.3550e+00 -1.4383e+00 +2.6033e+00
629 +5.942907012e-03 +5.942907012e-03 +1.620594291e+01 +1.620594291e+01 +2.5332e+00 +1.6283e+00 +1.8257e+00 +2.0872e+00 -3.3255e-01 -7.0308e-01 +3.3848e+00 +2.3570e+00 -1.4546e+00 +2.6309e+00
772 +3.821580542e-03 +3.821580542e-03 +1.620382158e+01 +1.620382158e+01 +2.5115e+00 +1.6277e+00 +1.8228e+00 +2.0867e+00 -3.4002e-01 -6.9688e-01 +3.3628e+00 +2.3640e+00 -1.4659e+00 +2.6411e+00
928 +2.498508907e-03 +2.498508907e-03 +1.620249851e+01 +1.620249851e+01 +2.5015e+00 +1.6204e+00 +1.8170e+00 +2.0927e+00 -3.4497e-01 -6.9574e-01 +3.3562e+00 +2.3836e+00 -1.4705e+00 +2.6589e+00
1142 +1.571769435e-03 +1.571769435e-03 +1.620157177e+01 +1.620157177e+01 +2.4869e+00 +1.6100e+00 +1.8244e+00 +2.1008e+00 -3.4353e-01 -6.8779e-01 +3.3500e+00 +2.3935e+00 -1.4668e+00 +2.6690e+00
1732 +9.999192435e-04 +9.999192435e-04 +1.620099992e+01 +1.620099992e+01 +2.4767e+00 +1.6031e+00 +1.8218e+00 +2.1070e+00 -3.4188e-01 -6.7810e-01 +3.3452e+00 +2.4039e+00 -1.4711e+00 +2.6771e+00
2966 +6.267853111e-04 +6.267853111e-04 +1.620062679e+01 +1.620062679e+01 +2.4688e+00 +1.5928e+00 +1.8208e+00 +2.1098e+00 -3.4308e-01 -6.7057e-01 +3.3398e+00 +2.4077e+00 -1.4734e+00 +2.6865e+00
4464 +3.979727591e-04 +3.979727591e-04 +1.620039797e+01 +1.620039797e+01 +2.4624e+00 +1.5845e+00 +1.8215e+00 +2.1140e+00 -3.4266e-01 -6.6649e-01 +3.3370e+00 +2.4141e+00 -1.4725e+00 +2.6939e+00
8089 +2.506465044e-04 +2.506465044e-04 +1.620025065e+01 +1.620025065e+01 +2.4565e+00 +1.5775e+00 +1.8215e+00 +2.1170e+00 -3.4239e-01 -6.6072e-01 +3.3345e+00 +2.4184e+00 -1.4731e+00 +2.6995e+00
% function evaluation | noise-free fitness - Fopt (-5.327000000000e+01) | best noise-free fitness - Fopt | measured fitness | best measured fitness | x1 | x2...
1 +3.425171065e+01 +3.425171065e+01 -1.901828935e+01 -1.901828935e+01 +2.7303e-01 -4.4995e+00 -3.8512e+00 +4.6986e+00 +1.9353e+00 +7.5468e-01 +4.4206e+00 -5.4991e-01 -1.9865e+00 -1.5498e-01
76 +2.190560267e+01 +2.190560267e+01 -3.136439733e+01 -3.136439733e+01 +2.9328e+00 -7.2779e+00 +2.6337e+00 +1.8164e+00 +1.0807e+01 -4.3812e+00 +3.7540e+00 -1.7045e+00 -2.5870e-01 -2.8445e-01
78 +1.513483027e+01 +1.513483027e+01 -3.813516973e+01 -3.813516973e+01 +4.5813e+00 -3.5107e+00 -2.6990e-01 +2.8623e+00 +8.2130e+00 -3.9704e+00 +5.2300e+00 +3.0871e+00 -3.8810e+00 +2.4159e+00
128 +9.934957137e+00 +9.934957137e+00 -4.333504286e+01 -4.333504286e+01 +5.6171e+00 -3.9008e+00 +1.5333e+00 +3.5081e+00 +6.8691e+00 -5.8234e+00 +3.9465e+00 +1.2397e+00 -2.3392e+00 +7.5257e-01
168 +3.841579787e+00 +3.841579787e+00 -4.942842021e+01 -4.942842021e+01 +4.3092e+00 -4.6720e-01 +9.8499e-01 +2.7613e+00 +2.6640e+00 -2.9914e+00 +2.8956e+00 +3.0882e+00 -7.2686e-01 -1.0739e-01
200 +2.178806141e+00 +2.178806141e+00 -5.109119386e+01 -5.109119386e+01 +3.7206e+00 -9.0587e-01 +1.3087e+00 +1.6251e+00 +3.1488e+00 -2.5765e+00 +2.0104e+00 +2.2061e+00 -1.4556e+00 -1.4999e+00
226 +1.522211849e+00 +1.522211849e+00 -5.174778815e+01 -5.174778815e+01 +2.5476e+00 -3.0235e-01 +1.2079e+00 +2.4379e+00 +3.0493e+00 -1.3128e+00 +1.8277e+00 +1.3840e+00 -1.9990e+00 -2.1783e+00
231 +7.855046234e-01 +7.855046234e-01 -5.248449538e+01 -5.248449538e+01 +2.1506e+00 -1.4304e-01 +1.0882e+00 +1.7973e+00 +3.1494e+00 -1.3487e+00 +1.3377e+00 +1.4767e+00 -1.7438e+00 -1.6766e+00
255 +5.924674821e-01 +5.924674821e-01 -5.267753252e+01 -5.267753252e+01 +1.4341e+00 -5.6897e-01 +1.3760e+00 +1.6440e+00 +2.8624e+00 -9.8916e-01 +1.3879e+00 +2.1866e+00 -2.1033e+00 -1.2636e+00
323 +3.728258773e-01 +3.728258773e-01 -5.289717412e+01 -5.289717412e+01 +1.4284e+00 -7.3161e-01 +1.9862e+00 +1.9279e+00 +2.7149e+00 -1.4346e+00 +1.1834e+00 +2.2149e+00 -1.8027e+00 -1.5628e+00
342 +2.222929761e-01 +2.222929761e-01 -5.304770702e+01 -5.304770702e+01 +2.0656e+00 -2.6015e-01 +1.9736e+00 +1.7414e+00 +2.6404e+00 -1.3476e+00 +1.2662e+00 +2.3951e+00 -2.0360e+00 -1.3756e+00
351 +1.340806351e-01 +1.340806351e-01 -5.313591936e+01 -5.313591936e+01 +2.1073e+00 -3.5588e-01 +1.9401e+00 +1.5895e+00 +2.5799e+00 -1.4072e+00 +1.2490e+00 +2.1972e+00 -1.8459e+00 -1.3534e+00
382 +8.554785523e-02 +8.554785523e-02 -5.318445214e+01 -5.318445214e+01 +1.9404e+00 -4.4265e-01 +1.7878e+00 +1.8927e+00 +2.5394e+00 -1.3604e+00 +1.3232e+00 +2.1667e+00 -1.6649e+00 -1.4733e+00
407 +6.037952399e-02 +6.037952399e-02 -5.320962048e+01 -5.320962048e+01 +1.9279e+00 -3.3612e-01 +1.6990e+00 +1.8086e+00 +2.5733e+00 -1.3947e+00 +1.3633e+00 +2.1797e+00 -1.6732e+00 -1.5111e+00
475 +3.787964124e-02 +3.787964124e-02 -5.323212036e+01 -5.323212036e+01 +1.9670e+00 -2.3859e-01 +1.6535e+00 +1.6712e+00 +2.7321e+00 -1.3521e+00 +1.3731e+00 +2.2816e+00 -1.6954e+00 -1.4155e+00
525 +2.423323348e-02 +2.423323348e-02 -5.324576677e+01 -5.324576677e+01 +2.0001e+00 -2.9087e-01 +1.6317e+00 +1.6841e+00 +2.6870e+00 -1.3837e+00 +1.2982e+00 +2.2782e+00 -1.6633e+00 -1.3789e+00
585 +1.525525260e-02 +1.525525260e-02 -5.325474475e+01 -5.325474475e+01 +2.0214e+00 -2.7831e-01 +1.6409e+00 +1.6946e+00 +2.6512e+00 -1.3425e+00 +1.3277e+00 +2.3068e+00 -1.6182e+00 -1.4464e+00
635 +9.972807934e-03 +9.972807934e-03 -5.326002719e+01 -5.326002719e+01 +2.0252e+00 -2.8939e-01 +1.6450e+00 +1.7171e+00 +2.6823e+00 -1.3193e+00 +1.3409e+00 +2.3246e+00 -1.6264e+00 -1.4424e+00
682 +5.721557632e-03 +5.721557632e-03 -5.326427844e+01 -5.326427844e+01 +2.0174e+00 -3.2391e-01 +1.6714e+00 +1.7024e+00 +2.6562e+00 -1.3113e+00 +1.3563e+00 +2.3655e+00 -1.6216e+00 -1.4346e+00
817 +3.834459163e-03 +3.834459163e-03 -5.326616554e+01 -5.326616554e+01 +2.0169e+00 -3.2659e-01 +1.6707e+00 +1.6961e+00 +2.6562e+00 -1.3011e+00 +1.3756e+00 +2.3813e+00 -1.6177e+00 -1.4193e+00
990 +2.484762232e-03 +2.484762232e-03 -5.326751524e+01 -5.326751524e+01 +2.0275e+00 -3.2696e-01 +1.6749e+00 +1.6975e+00 +2.6499e+00 -1.2877e+00 +1.3861e+00 +2.3878e+00 -1.5958e+00 -1.4120e+00
1427 +1.581774433e-03 +1.581774433e-03 -5.326841823e+01 -5.326841823e+01 +2.0287e+00 -3.2602e-01 +1.6734e+00 +1.6926e+00 +2.6508e+00 -1.2797e+00 +1.4000e+00 +2.4016e+00 -1.5840e+00 -1.4042e+00
1981 +9.995044805e-04 +9.995044805e-04 -5.326900050e+01 -5.326900050e+01 +2.0309e+00 -3.2763e-01 +1.6723e+00 +1.6939e+00 +2.6498e+00 -1.2689e+00 +1.4108e+00 +2.4147e+00 -1.5759e+00 -1.4005e+00
2973 +6.307219759e-04 +6.307219759e-04 -5.326936928e+01 -5.326936928e+01 +2.0353e+00 -3.2815e-01 +1.6734e+00 +1.6930e+00 +2.6494e+00 -1.2595e+00 +1.4204e+00 +2.4260e+00 -1.5700e+00 -1.3980e+00
4480 +3.978547377e-04 +3.978547377e-04 -5.326960215e+01 -5.326960215e+01 +2.0394e+00 -3.2767e-01 +1.6700e+00 +1.6901e+00 +2.6486e+00 -1.2523e+00 +1.4288e+00 +2.4340e+00 -1.5649e+00 -1.3970e+00
8135 +2.510484721e-04 +2.510484721e-04 -5.326974895e+01 -5.326974895e+01 +2.0441e+00 -3.2719e-01 +1.6685e+00 +1.6874e+00 +2.6478e+00 -1.2461e+00 +1.4351e+00 +2.4408e+00 -1.5602e+00 -1.3954e+00
% function evaluation | noise-free fitness - Fopt (-1.000000000000e+03) | best noise-free fitness - Fopt | measured fitness | best measured fitness | x1 | x2...
1 +1.727063686e+02 +1.727063686e+02 -8.272936314e+02 -8.272936314e+02 +2.0635e+00 -3.3474e+00 -4.8770e-01 +3.1212e+00 +2.6615e+00 -2.0204e+00 +1.9431e-01 +3.3514e+00 +8.0523e-01 +1.5797e+00
17 +1.112258985e+02 +1.112258985e+02 -8.887741015e+02 -8.887741015e+02 -3.1544e+00 -2.8457e+00 +1.5550e+00 +3.3527e+00 +6.5103e+00 -5.1983e+00 -8.0287e-01 -3.4255e+00 -6.2442e+00 -1.2982e+00
25 +9.854122272e+01 +9.854122272e+01 -9.014587773e+02 -9.014587773e+02 -5.6385e+00 -5.3225e+00 +6.8202e+00 +1.5305e-02 +4.8656e+00 -2.4676e-02 -4.8413e+00 -2.8208e+00 -7.1141e+00 -3.9029e+00
51 +5.847961706e+01 +5.847961706e+01 -9.415203829e+02 -9.415203829e+02 -9.9831e+00 -1.2839e+00 +6.5802e+00 -7.4094e+00 -3.0623e+00 -8.2947e-02 -3.5196e+00 +3.2737e-01 -1.2344e+01 -1.2791e-01
119 +3.937623861e+01 +3.937623861e+01 -9.606237614e+02 -9.606237614e+02 -7.9106e+00 -2.2051e+00 +5.6019e+00 -3.8943e+00 -1.5800e+00 -1.1844e+00 -5.2676e+00 +4.1628e+00 -6.7190e+00 -3.8252e+00
136 +2.082201221e+01 +2.082201221e+01 -9.791779878e+02 -9.791779878e+02 -7.8327e+00 -2.9962e+00 +4.5999e+00 -3.2174e+00 +1.0963e+00 -8.3494e-01 -1.9035e+00 +1.7312e+00 -5.0235e+00 -1.7916e+00
194 +1.490424184e+01 +1.490424184e+01 -9.850957582e+02 -9.850957582e+02 -4.9490e+00 -3.8801e+00 +3.7827e+00 -1.4814e+00 +2.0209e+00 -2.8187e+00 +3.9187e-01 -3.1198e+00 -7.9623e+00 -8.6311e-01
215 +9.892410836e+00 +9.892410836e+00 -9.901075892e+02 -9.901075892e+02 -5.9456e+00 -1.8836e-01 +3.7512e+00 -2.6616e-01 +3.1071e-01 -4.6245e+00 -1.2315e+00 -2.2581e+00 -5.5419e+00 +1.9703e+00
253 +5.264032875e+00 +5.264032875e+00 -9.947359671e+02 -9.947359671e+02 -4.8787e+00 -8.8534e-01 +1.0222e+00 -2.0776e-01 -9.2080e-01 -3.5085e+00 +3.6115e-01 -3.2197e+00 -4.4885e+00 +2.2455e+00
295 +3.294034143e+00 +3.294034143e+00 -9.967059659e+02 -9.967059659e+02 -3.5250e+00 -1.2457e+00 +6.1623e-01 +6.2423e-01 -1.4213e+00 -2.1464e+00 -4.9973e-01 -4.4957e+00 -2.0130e+00 +3.0818e+00
328 +2.124825628e+00 +2.124825628e+00 -9.978751744e+02 -9.978751744e+02 -4.5253e+00 -5.5539e-01 +9.8651e-02 -6.6579e-01 -1.0145e+00 -9.4269e-01 -7.6048e-01 -4.9983e+00 -1.9536e+00 +1.1550e+00
353 +1.535140077e+00 +1.535140077e+00 -9.984648599e+02 -9.984648599e+02 -4.5073e+00 -5.1748e-01 +1.0644e+00 -1.4077e+00 -1.5755e+00 +4.0405e-01 -2.0113e+00 -4.0225e+00 -1.4321e+00 +1.0032e+00
374 +7.834686789e-01 +7.834686789e-01 -9.992165313e+02 -9.992165313e+02 -3.8580e+00 -7.4362e-01 +6.9083e-01 -7.2348e-01 -2.2512e+00 -1.5267e-01 -1.6586e+00 -3.2272e+00 -1.4835e+00 +1.7188e+00
441 +5.599284105e-01 +5.599284105e-01 -9.994400716e+02 -9.994400716e+02 -3.7315e+00 -6.5076e-01 -3.1260e-01 -9.8117e-01 -2.8039e+00 +8.4981e-02 -8.5886e-01 -3.6600e+00 -1.6608e+00 +2.0761e+00
476 +3.790469033e-01 +3.790469033e-01 -9.996209531e+02 -9.996209531e+02 -3.8082e+00 -8.6402e-01 -1.9277e-01 -1.0064e+00 -2.7278e+00 +1.9313e-01 -7.5296e-01 -3.7799e+00 -1.6061e+00 +1.9070e+00
488 +2.277334309e-01 +2.277334309e-01 -9.997722666e+02 -9.997722666e+02 -3.8977e+00 -6.7361e-01 -8.2719e-02 -9.1753e-01 -2.6485e+00 +1.9600e-01 -8.0775e-01 -3.7564e+00 -1.6628e+00 +1.6981e+00
522 +1.200803018e-01 +1.200803018e-01 -9.998799197e+02 -9.998799197e+02 -3.8877e+00 -8.1026e-01 -2.0258e-01 -8.7837e-01 -2.5382e+00 +1.3104e-01 -8.9403e-01 -3.7675e+00 -1.7365e+00 +1.4168e+00
557 +9.436251622e-02 +9.436251622e-02 -9.999056375e+02 -9.999056375e+02 -3.8854e+00 -8.6377e-01 +6.5777e-02 -8.9108e-01 -2.5139e+00 +7.6891e-02 -1.1391e+00 -3.8692e+00 -1.6668e+00 +1.5256e+00
629 +4.980682832e-02 +4.980682832e-02 -9.999501932e+02 -9.999501932e+02 -3.7436e+00 -8.5913e-01 +1.1717e-01 -8.7773e-01 -2.4280e+00 -4.5255e-02 -1.0942e+00 -3.7893e+00 -1.4939e+00 +1.3884e+00
648 +3.847127814e-02 +3.847127814e-02 -9.999615287e+02 -9.999615287e+02 -3.7792e+00 -8.5516e-01 +8.4403e-02 -8.7967e-01 -2.3882e+00 -6.3648e-02 -1.0857e+00 -3.7969e+00 -1.4953e+00 +1.4035e+00
710 +2.275901446e-02 +2.275901446e-02 -9.999772410e+02 -9.999772410e+02 -3.8322e+00 -8.4370e-01 +7.7032e-02 -8.2100e-01 -2.3609e+00 -2.7019e-02 -1.0418e+00 -3.8188e+00 -1.4903e+00 +1.3729e+00
819 +1.559032411e-02 +1.559032411e-02 -9.999844097e+02 -9.999844097e+02 -3.7805e+00 -8.4444e-01 +5.6293e-02 -8.0932e-01 -2.3446e+00 -5.7171e-02 -1.0243e+00 -3.8190e+00 -1.4821e+00 +1.3177e+00
843 +9.994065574e-03 +9.994065574e-03 -9.999900059e+02 -9.999900059e+02 -3.8007e+00 -8.4070e-01 +6.9283e-02 -7.6743e-01 -2.3349e+00 -2.1844e-02 -9.9535e-01 -3.8472e+00 -1.4883e+00 +1.2875e+00
917 +6.214512521e-03 +6.214512521e-03 -9.999937855e+02 -9.999937855e+02 -3.8023e+00 -8.4044e-01 +7.9443e-02 -7.5749e-01 -2.3315e+00 -7.8791e-03 -9.7259e-01 -3.8765e+00 -1.4915e+00 +1.2874e+00
1048 +3.953048332e-03 +3.953048332e-03 -9.999960470e+02 -9.999960470e+02 -3.8299e+00 -8.3463e-01 +7.9561e-02 -7.3825e-01 -2.3192e+00 -3.3074e-03 -9.6091e-01 -3.8889e+00 -1.4816e+00 +1.2792e+00
1271 +2.510562754e-03 +2.510562754e-03 -9.999974894e+02 -9.999974894e+02 -3.8393e+00 -8.1657e-01 +8.8981e-02 -7.2729e-01 -2.3233e+00 -3.6802e-03 -9.4767e-01 -3.8832e+00 -1.4697e+00 +1.2748e+00
1577 +1.580551256e-03 +1.580551256e-03 -9.999984194e+02 -9.999984194e+02 -3.8531e+00 -8.1107e-01 +9.2636e-02 -7.1740e-01 -2.3217e+00 -7.5774e-03 -9.3589e-01 -3.8888e+00 -1.4609e+00 +1.2597e+00
1976 +9.996052306e-04 +9.996052306e-04 -9.999990004e+02 -9.999990004e+02 -3.8623e+00 -8.0592e-01 +9.7291e-02 -7.0641e-01 -2.3190e+00 -3.6437e-03 -9.3158e-01 -3.8972e+00 -1.4592e+00 +1.2490e+00
3220 +6.306694052e-04 +6.306694052e-04 -9.999993693e+02 -9.999993693e+02 -3.8704e+00 -8.0078e-01 +1.0023e-01 -6.9616e-01 -2.3138e+00 +5.0421e-04 -9.2454e-01 -3.9011e+00 -1.4550e+00 +1.2451e+00
5097 +3.979361998e-04 +3.979361998e-04 -9.999996021e+02 -9.999996021e+02 -3.8784e+00 -7.9772e-01 +1.0422e-01 -6.8755e-01 -2.3105e+00 +4.1476e-03 -9.1933e-01 -3.9051e+00 -1.4513e+00 +1.2419e+00
8228 +2.508298412e-04 +2.508298412e-04 -9.999997492e+02 -9.999997492e+02 -3.8858e+00 -7.9431e-01 +1.0643e-01 -6.8047e-01 -2.3083e+00 +7.6107e-03 -9.1493e-01 -3.9084e+00 -1.4497e+00 +1.2383e+00
% function evaluation | noise-free fitness - Fopt (6.600300000000e+02) | best noise-free fitness - Fopt | measured fitness | best measured fitness | x1 | x2...
1 +8.514797683e+01 +8.514797683e+01 +7.451779768e+02 +7.451779768e+02 +1.6611e+00 -3.3238e+00 +2.8520e+00 +3.4398e+00 -6.1618e-01 +1.1844e+00 +4.7444e+00 -6.8723e-01 +2.3667e+00 -4.4728e+00
32 +4.667290964e+01 +4.667290964e+01 +7.067029096e+02 +7.067029096e+02 +3.9628e+00 +1.1573e+00 -4.8493e-01 -3.4347e+00 -2.1931e+00 -1.8825e+00 +8.4383e+00 -1.0476e+00 +2.2987e+00 +1.6359e+00
51 +3.369735238e+01 +3.369735238e+01 +6.937273524e+02 +6.937273524e+02 +3.5669e+00 +1.0332e+00 +6.4221e-01 -1.0827e+00 -1.6773e+00 -2.8658e+00 +6.6948e+00 -4.7472e+00 +4.6724e+00 +1.8968e+00
77 +2.054938386e+01 +2.054938386e+01 +6.805793839e+02 +6.805793839e+02 +5.2004e-01 -2.2214e+00 -2.9709e+00 -2.2961e+00 -2.8298e+00 -5.3321e+00 +2.5357e+00 -6.5730e+00 +2.9586e+00 +7.0471e-01
131 +1.566193292e+01 +1.566193292e+01 +6.756919329e+02 +6.756919329e+02 +2.5132e+00 +4.4277e-01 -4.9483e+00 -1.9925e+00 +1.1445e+00 -3.6468e+00 -3.4126e-01 -6.8643e+00 +2.7141e+00 -9.7454e-01
164 +9.751828748e+00 +9.751828748e+00 +6.697818287e+02 +6.697818287e+02 +5.4757e-01 -5.0708e-01 -3.7962e+00 -3.8646e+00 +1.5164e+00 -2.0759e+00 -7.8775e-02 -6.1387e+00 +1.0218e+00 -9.9345e-01
204 +5.890222203e+00 +5.890222203e+00 +6.659202222e+02 +6.659202222e+02 +6.5040e-01 +3.5952e-01 -4.0726e+00 -5.0589e+00 +1.8961e+00 +1.5248e-01 +1.1337e+00 -4.1122e+00 +1.3974e+00 -2.9825e+00
241 +3.386364024e+00 +3.386364024e+00 +6.634163640e+02 +6.634163640e+02 +1.0593e+00 +2.6644e-01 -2.8522e+00 -3.2567e+00 +3.4948e+00 -8.9269e-01 +1.7301e+00 -2.3898e+00 +1.9073e+00 -4.0409e+00
267 +2.259518262e+00 +2.259518262e+00 +6.622895183e+02 +6.622895183e+02 +1.3857e+00 +2.0837e-01 -2.9759e+00 -3.6635e+00 +3.0321e+00 -1.0532e+00 +9.6672e-01 -5.7685e-01 +1.9916e+00 -3.6338e+00
291 +1.355132109e+00 +1.355132109e+00 +6.613851321e+02 +6.613851321e+02 +1.4859e+00 +9.9910e-01 -2.4137e+00 -3.7371e+00 +3.7367e+00 -1.4354e+00 +2.0562e+00 +6.9194e-01 +1.9850e+00 -3.7526e+00
343 +5.979406089e-01 +5.979406089e-01 +6.606279406e+02 +6.606279406e+02 +1.0337e+00 +1.2598e+00 -3.4332e+00 -3.5138e+00 +3.4814e+00 -1.2256e+00 +2.5744e+00 -1.6153e-02 +1.2770e+00 -3.7654e+00
348 +3.953074484e-01 +3.953074484e-01 +6.604253074e+02 +6.604253074e+02 +1.4366e+00 +1.3920e+00 -3.0673e+00 -3.1743e+00 +3.6909e+00 -1.0347e+00 +2.9453e+00 +2.1872e-01 +1.4274e+00 -3.8699e+00
393 +1.990831619e-01 +1.990831619e-01 +6.602290832e+02 +6.602290832e+02 +1.0583e+00 +1.3818e+00 -3.0466e+00 -3.2297e+00 +3.4098e+00 -9.3962e-01 +2.5112e+00 +4.3894e-01 +8.0852e-01 -3.7302e+00
418 +1.072711307e-01 +1.072711307e-01 +6.601372711e+02 +6.601372711e+02 +1.5592e+00 +1.1155e+00 -2.7455e+00 -3.2294e+00 +3.5389e+00 -1.0993e+00 +2.5829e+00 +3.0389e-01 +9.9519e-01 -3.3778e+00
425 +8.564322085e-02 +8.564322085e-02 +6.601156432e+02 +6.601156432e+02 +1.6687e+00 +1.3408e+00 -2.8616e+00 -3.2432e+00 +3.5846e+00 -1.2680e+00 +2.3167e+00 +3.3730e-01 +9.2741e-01 -3.5088e+00
471 +6.240448609e-02 +6.240448609e-02 +6.600924045e+02 +6.600924045e+02 +1.6427e+00 +1.3877e+00 -2.8084e+00 -3.2221e+00 +3.6559e+00 -1.0159e+00 +2.2793e+00 +3.3100e-01 +1.0193e+00 -3.4695e+00
526 +3.980306675e-02 +3.980306675e-02 +6.600698031e+02 +6.600698031e+02 +1.4628e+00 +1.5037e+00 -2.9104e+00 -3.1049e+00 +3.5995e+00 -1.0279e+00 +2.2089e+00 +3.7852e-01 +9.8734e-01 -3.5137e+00
575 +2.328773575e-02 +2.328773575e-02 +6.600532877e+02 +6.600532877e+02 +1.4966e+00 +1.4473e+00 -2.9250e+00 -3.0905e+00 +3.6142e+00 -1.0372e+00 +2.1908e+00 +3.5810e-01 +1.0290e+00 -3.4273e+00
634 +1.534784572e-02 +1.534784572e-02 +6.600453478e+02 +6.600453478e+02 +1.5904e+00 +1.4811e+00 -2.9415e+00 -3.0597e+00 +3.6040e+00 -1.0139e+00 +2.1823e+00 +3.3711e-01 +1.0910e+00 -3.4059e+00
641 +8.525201099e-03 +8.525201099e-03 +6.600385252e+02 +6.600385252e+02 +1.5713e+00 +1.4875e+00 -2.9638e+00 -3.0749e+00 +3.6296e+00 -9.8899e-01 +2.1586e+00 +3.3904e-01 +1.0865e+00 -3.3893e+00
680 +6.004338869e-03 +6.004338869e-03 +6.600360043e+02 +6.600360043e+02 +1.6003e+00 +1.4749e+00 -2.9716e+00 -3.0656e+00 +3.6135e+00 -9.8201e-01 +2.1644e+00 +3.3862e-01 +1.0949e+00 -3.3735e+00
831 +3.941032346e-03 +3.941032346e-03 +6.600339410e+02 +6.600339410e+02 +1.6029e+00 +1.4542e+00 -2.9683e+00 -3.0698e+00 +3.6223e+00 -9.6625e-01 +2.1847e+00 +3.3316e-01 +1.1056e+00 -3.3678e+00
955 +2.488918814e-03 +2.488918814e-03 +6.600324889e+02 +6.600324889e+02 +1.6078e+00 +1.4480e+00 -2.9818e+00 -3.0667e+00 +3.6174e+00 -9.6264e-01 +2.2085e+00 +3.2719e-01 +1.1071e+00 -3.3748e+00
1246 +1.575463030e-03 +1.575463030e-03 +6.600315755e+02 +6.600315755e+02 +1.6105e+00 +1.4459e+00 -2.9902e+00 -3.0676e+00 +3.6075e+00 -9.5466e-01 +2.2235e+00 +3.2830e-01 +1.1154e+00 -3.3836e+00
1686 +9.912828715e-04 +9.912828715e-04 +6.600309913e+02 +6.600309913e+02 +1.6177e+00 +1.4339e+00 -2.9898e+00 -3.0669e+00 +3.6008e+00 -9.4950e-01 +2.2367e+00 +3.2671e-01 +1.1152e+00 -3.3870e+00
3027 +6.303184965e-04 +6.303184965e-04 +6.600306303e+02 +6.600306303e+02 +1.6231e+00 +1.4241e+00 -2.9912e+00 -3.0699e+00 +3.5967e+00 -9.4790e-01 +2.2485e+00 +3.2628e-01 +1.1162e+00 -3.3921e+00
4828 +3.980190249e-04 +3.980190249e-04 +6.600303980e+02 +6.600303980e+02 +1.6279e+00 +1.4171e+00 -2.9937e+00 -3.0730e+00 +3.5936e+00 -9.4748e-01 +2.2597e+00 +3.2613e-01 +1.1171e+00 -3.3960e+00
8037 +2.511792530e-04 +2.511792530e-04 +6.600302512e+02 +6.600302512e+02 +1.6309e+00 +1.4113e+00 -2.9960e+00 -3.0754e+00 +3.5895e+00 -9.4683e-01 +2.2692e+00 +3.2646e-01 +1.1183e+00 -3.3997e+00
% function evaluation | noise-free fitness - Fopt (-3.032000000000e+01) | best noise-free fitness - Fopt | measured fitness | best measured fitness | x1 | x2...
1 +5.716890538e+01 +5.716890538e+01 +2.684890538e+01 +2.684890538e+01 +3.0457e+00 -5.3364e-01 +9.9102e-02 +2.8269e+00 +2.5060e+00 -3.9670e+00 -3.7949e+00 +4.0013e+00 -4.7306e+00 +1.2352e+00
11 +3.856798738e+01 +3.856798738e+01 +8.247987382e+00 +8.247987382e+00 +3.9886e-01 -5.1282e+00 +6.7319e+00 +3.6825e+00 +1.5003e+00 -2.2796e+00 -2.9015e+00 +2.1871e+00 +6.9227e-01 +1.0861e+00
83 +1.408239220e+01 +1.408239220e+01 -1.623760780e+01 -1.623760780e+01 -1.4298e+00 +3.5726e+00 +1.8192e+00 +1.1832e+00 +2.6150e+00 -9.2509e-01 +1.1316e+00 +1.9361e+00 -2.8668e-01 +1.2757e+00
104 +9.358865437e+00 +9.358865437e+00 -2.096113456e+01 -2.096113456e+01 -8.3832e-01 -7.0349e-02 +2.8300e+00 -2.0408e-01 +2.5897e+00 -2.0634e+00 +7.4888e-01 +1.7749e+00 -3.9931e-02 -9.0321e-01
121 +5.558706800e+00 +5.558706800e+00 -2.476129320e+01 -2.476129320e+01 -2.2085e+00 -5.8167e-01 +2.1484e+00 +1.0521e+00 +2.7167e+00 -2.2871e+00 +1.0955e+00 +4.1300e-01 +1.9986e+00 -2.1912e+00
192 +3.689133864e+00 +3.689133864e+00 -2.663086614e+01 -2.663086614e+01 -1.9851e+00 +3.5307e-01 +9.1087e-01 +1.5008e+00 +1.6457e+00 -1.6003e+00 -7.4250e-02 +1.1722e+00 +5.7353e-01 -1.4459e+00
201 +2.444692158e+00 +2.444692158e+00 -2.787530784e+01 -2.787530784e+01 -2.4595e+00 +6.9270e-01 -3.2799e-02 +1.2653e+00 +2.5231e+00 -2.2712e+00 -6.9439e-01 +5.8787e-01 -2.0493e-01 -1.1519e+00
250 +1.462024652e+00 +1.462024652e+00 -2.885797535e+01 -2.885797535e+01 -2.8209e+00 +1.9962e+00 +1.1119e+00 +9.7049e-01 +1.9772e+00 -2.3752e+00 -1.8137e+00 -2.2054e-01 +4.1967e-01 -2.1132e+00
262 +8.971641219e-01 +8.971641219e-01 -2.942283588e+01 -2.942283588e+01 -2.9946e+00 +1.9370e+00 +3.7826e-02 +9.9180e-01 +1.4423e+00 -2.3847e+00 -1.7126e+00 +1.0989e-01 +4.2345e-01 -2.6967e+00
270 +6.062426574e-01 +6.062426574e-01 -2.971375734e+01 -2.971375734e+01 -2.9082e+00 +2.0422e+00 -1.0314e-02 +6.2910e-01 +1.4788e+00 -2.5506e+00 -1.7783e+00 -4.2648e-02 +5.7732e-01 -3.1184e+00
283 +2.483267706e-01 +2.483267706e-01 -3.007167323e+01 -3.007167323e+01 -2.7127e+00 +2.3225e+00 +4.9805e-02 +5.8955e-01 +2.2706e+00 -2.6739e+00 -1.2332e+00 -5.9145e-01 +2.4062e-02 -2.6866e+00
331 +1.480138832e-01 +1.480138832e-01 -3.017198612e+01 -3.017198612e+01 -2.6788e+00 +2.2979e+00 -2.9542e-01 +6.1445e-01 +2.3540e+00 -2.4873e+00 -1.4220e+00 -7.5522e-01 +2.6579e-02 -2.5093e+00
413 +8.894630303e-02 +8.894630303e-02 -3.023105370e+01 -3.023105370e+01 -2.7056e+00 +2.3933e+00 -3.7258e-01 +7.2359e-01 +2.5295e+00 -2.4670e+00 -1.3505e+00 -3.4765e-01 -1.8759e-02 -2.5261e+00
466 +6.078288248e-02 +6.078288248e-02 -3.025921712e+01 -3.025921712e+01 -2.8156e+00 +2.3657e+00 -4.0880e-01 +7.0322e-01 +2.5528e+00 -2.4617e+00 -1.3386e+00 -2.3389e-01 -2.4405e-02 -2.5935e+00
483 +3.555114100e-02 +3.555114100e-02 -3.028444886e+01 -3.028444886e+01 -2.8752e+00 +2.2380e+00 -4.1527e-01 +6.7321e-01 +2.4881e+00 -2.3870e+00 -1.4417e+00 -2.9599e-01 +2.1457e-02 -2.5828e+00
523 +2.298073838e-02 +2.298073838e-02 -3.029701926e+01 -3.029701926e+01 -2.8730e+00 +2.2440e+00 -4.0791e-01 +6.2799e-01 +2.4582e+00 -2.4322e+00 -1.3731e+00 -3.1219e-01 +1.9386e-02 -2.5995e+00
566 +1.456707551e-02 +1.456707551e-02 -3.030543292e+01 -3.030543292e+01 -2.8776e+00 +2.2338e+00 -4.1170e-01 +6.8812e-01 +2.3837e+00 -2.4267e+00 -1.4018e+00 -2.9186e-01 +2.0400e-02 -2.6323e+00
644 +9.927780325e-03 +9.927780325e-03 -3.031007222e+01 -3.031007222e+01 -2.8605e+00 +2.2154e+00 -3.9574e-01 +6.6347e-01 +2.3870e+00 -2.4401e+00 -1.4006e+00 -3.0751e-01 +1.5863e-02 -2.6502e+00
775 +6.224043618e-03 +6.224043618e-03 -3.031377596e+01 -3.031377596e+01 -2.8539e+00 +2.2146e+00 -3.7020e-01 +6.4554e-01 +2.3863e+00 -2.4541e+00 -1.3938e+00 -2.8718e-01 +1.2397e-02 -2.6802e+00
885 +3.977975245e-03 +3.977975245e-03 -3.031602202e+01 -3.031602202e+01 -2.8355e+00 +2.2103e+00 -3.5831e-01 +6.2761e-01 +2.3798e+00 -2.4691e+00 -1.3900e+00 -2.8954e-01 +6.8937e-03 -2.6927e+00
1094 +2.503190081e-03 +2.503190081e-03 -3.031749681e+01 -3.031749681e+01 -2.8228e+00 +2.2140e+00 -3.4420e-01 +6.1953e-01 +2.3567e+00 -2.4862e+00 -1.3854e+00 -2.9314e-01 +1.6612e-02 -2.7062e+00
1422 +1.573216239e-03 +1.573216239e-03 -3.031842678e+01 -3.031842678e+01 -2.8084e+00 +2.2130e+00 -3.3604e-01 +6.0536e-01 +2.3584e+00 -2.4941e+00 -1.3862e+00 -2.9234e-01 +1.8034e-02 -2.7182e+00
2198 +9.989189783e-04 +9.989189783e-04 -3.031900108e+01 -3.031900108e+01 -2.7996e+00 +2.2087e+00 -3.3385e-01 +5.9976e-01 +2.3578e+00 -2.5056e+00 -1.3839e+00 -2.9125e-01 +2.2054e-02 -2.7322e+00
3216 +6.300715030e-04 +6.300715030e-04 -3.031936993e+01 -3.031936993e+01 -2.7910e+00 +2.2063e+00 -3.2753e-01 +5.9438e-01 +2.3571e+00 -2.5140e+00 -1.3839e+00 -2.9190e-01 +2.5993e-02 -2.7440e+00
5123 +3.978797021e-04 +3.978797021e-04 -3.031960212e+01 -3.031960212e+01 -2.7834e+00 +2.2044e+00 -3.2140e-01 +5.8942e-01 +2.3560e+00 -2.5200e+00 -1.3848e+00 -2.8991e-01 +2.7681e-02 -2.7532e+00
8312 +2.509827947e-04 +2.509827947e-04 -3.031974902e+01 -3.031974902e+01 -2.7774e+00 +2.2039e+00 -3.1660e-01 +5.8601e-01 +2.3532e+00 -2.5263e+00 -1.3845e+00 -2.8748e-01 +2.9587e-02 -2.7606e+00
% function evaluation | noise-free fitness - Fopt (4.421000000000e+01) | best noise-free fitness - Fopt | measured fitness | best measured fitness | x1 | x2...
1 +5.129417648e+01 +5.129417648e+01 +9.550417648e+01 +9.550417648e+01 -2.9157e+00 -2.9718e+00 +3.4234e+00 -4.0849e+00 +2.9639e+00 -3.4152e+00 +8.2801e-01 +1.4425e+00 -2.7807e+00 -2.1321e+00
18 +2.680835495e+01 +2.680835495e+01 +7.101835495e+01 +7.101835495e+01 -4.8594e-02 -4.3487e+00 +2.8994e+00 +2.0614e+00 +1.0686e+00 -9.2169e-01 +9.6265e-01 -1.7958e+00 +2.5744e+00 +2.7613e-01
30 +2.110762729e+01 +2.110762729e+01 +6.531762729e+01 +6.531762729e+01 +9.6858e-01 -3.7986e+00 +4.1430e+00 +3.3779e+00 -6.6414e-01 -3.1195e-01 +9.3244e-01 +8.6445e-01 -3.7481e+00 -8.4846e-01
57 +1.321837719e+01 +1.321837719e+01 +5.742837719e+01 +5.742837719e+01 -1.4273e+00 -4.8374e+00 +2.0740e+00 +3.2769e+00 +3.4841e-01 +5.8044e-01 -4.2547e-01 -5.3049e+00 -3.7528e+00 -2.6142e+00
124 +8.388178880e+00 +8.388178880e+00 +5.259817888e+01 +5.259817888e+01 -8.2491e-01 -3.3646e+00 -5.0079e-02 +3.3958e+00 +2.5887e+00 -3.0165e+00 -6.2673e-01 -2.2603e+00 -3.7970e+00 -1.6525e+00
149 +5.922958175e+00 +5.922958175e+00 +5.013295818e+01 +5.013295818e+01 -8.9695e-01 -3.3942e+00 -3.2188e-02 +4.6807e+00 +4.3207e+00 +1.2022e+00 -1.4058e+00 +3.0264e-01 -3.3161e+00 -6.3434e-01
198 +3.660875294e+00 +3.660875294e+00 +4.787087529e+01 +4.787087529e+01 +6.5425e-02 -3.6219e+00 -3.8456e-01 +3.0993e+00 +1.2806e+00 +1.0737e-01 -9.0164e-01 -1.3373e+00 -2.7948e+00 -1.8803e+00
248 +2.376744271e+00 +2.376744271e+00 +4.658674427e+01 +4.658674427e+01 +6.5434e-01 -3.8021e+00 -7.5006e-01 +3.1620e+00 +1.7481e+00 +1.0092e+00 -1.3129e+00 -3.8391e-01 -3.9150e+00 -1.7134e+00
261 +1.287466340e+00 +1.287466340e+00 +4.549746634e+01 +4.549746634e+01 +6.5983e-01 -3.1275e+00 -2.1382e-01 +3.4797e+00 +1.4384e+00 +1.8123e+00 -1.7489e+00 -3.1413e-01 -3.4151e+00 -1.0830e+00
289 +8.662291660e-01 +8.662291660e-01 +4.507622917e+01 +4.507622917e+01 +1.2247e+00 -2.8823e+00 -4.4587e-01 +3.4519e+00 +7.3705e-01 +2.1207e+00 -1.5907e+00 +3.8081e-01 -3.4729e+00 -1.2992e+00
305 +6.053840007e-01 +6.053840007e-01 +4.481538400e+01 +4.481538400e+01 +1.0021e+00 -2.9078e+00 -3.6005e-01 +3.5588e+00 +9.9057e-01 +2.5301e+00 -1.6720e+00 -3.3046e-02 -3.3181e+00 -1.6524e+00
340 +3.190480269e-01 +3.190480269e-01 +4.452904803e+01 +4.452904803e+01 +1.3006e+00 -2.5925e+00 -5.0093e-01 +2.6437e+00 +1.2193e+00 +2.4647e+00 -2.3974e+00 -7.1722e-01 -3.2442e+00 -1.1713e+00
346 +2.411209020e-01 +2.411209020e-01 +4.445112090e+01 +4.445112090e+01 +8.2887e-01 -2.6448e+00 -4.8069e-01 +2.6405e+00 +1.2231e+00 +2.5546e+00 -2.3167e+00 -8.3554e-01 -3.4651e+00 -1.4653e+00
375 +1.545549357e-01 +1.545549357e-01 +4.436455494e+01 +4.436455494e+01 +1.1708e+00 -2.6978e+00 -5.6001e-01 +2.6080e+00 +1.0674e+00 +2.4428e+00 -2.1513e+00 -4.8606e-01 -3.4420e+00 -1.5199e+00
425 +7.055818556e-02 +7.055818556e-02 +4.428055819e+01 +4.428055819e+01 +9.4379e-01 -2.3320e+00 -6.4746e-01 +2.8404e+00 +1.3256e+00 +2.5135e+00 -2.2680e+00 -3.2128e-01 -3.2805e+00 -1.5549e+00
458 +5.579052748e-02 +5.579052748e-02 +4.426579053e+01 +4.426579053e+01 +9.8419e-01 -2.3789e+00 -6.8696e-01 +2.8271e+00 +1.2398e+00 +2.5077e+00 -2.2368e+00 -3.9764e-01 -3.2976e+00 -1.4519e+00
482 +2.657706532e-02 +2.657706532e-02 +4.423657707e+01 +4.423657707e+01 +8.9185e-01 -2.4309e+00 -5.6928e-01 +2.8098e+00 +1.1099e+00 +2.5860e+00 -2.2135e+00 -3.4366e-01 -3.3750e+00 -1.4555e+00
513 +2.474804269e-02 +2.474804269e-02 +4.423474804e+01 +4.423474804e+01 +8.8087e-01 -2.4261e+00 -5.7277e-01 +2.8580e+00 +1.0978e+00 +2.5904e+00 -2.2246e+00 -3.7197e-01 -3.3863e+00 -1.4433e+00
517 +1.415259606e-02 +1.415259606e-02 +4.422415260e+01 +4.422415260e+01 +8.2919e-01 -2.4632e+00 -5.5585e-01 +2.8432e+00 +1.0800e+00 +2.6177e+00 -2.2096e+00 -4.0581e-01 -3.3222e+00 -1.4430e+00
534 +8.384076706e-03 +8.384076706e-03 +4.421838408e+01 +4.421838408e+01 +8.8019e-01 -2.4346e+00 -4.9241e-01 +2.9059e+00 +1.0515e+00 +2.6048e+00 -2.1850e+00 -4.4787e-01 -3.3570e+00 -1.4492e+00
589 +4.711856454e-03 +4.711856454e-03 +4.421471186e+01 +4.421471186e+01 +7.9148e-01 -2.4451e+00 -5.2637e-01 +2.8707e+00 +1.0370e+00 +2.6248e+00 -2.1648e+00 -4.0838e-01 -3.4365e+00 -1.4774e+00
622 +2.894496128e-03 +2.894496128e-03 +4.421289450e+01 +4.421289450e+01 +8.0647e-01 -2.4369e+00 -5.0823e-01 +2.8487e+00 +1.0345e+00 +2.6197e+00 -2.1684e+00 -3.8578e-01 -3.4295e+00 -1.4802e+00
638 +1.710079657e-03 +1.710079657e-03 +4.421171008e+01 +4.421171008e+01 +8.0074e-01 -2.4280e+00 -5.0590e-01 +2.8436e+00 +1.0395e+00 +2.6251e+00 -2.1730e+00 -3.8659e-01 -3.4357e+00 -1.4794e+00
670 +1.534924816e-03 +1.534924816e-03 +4.421153492e+01 +4.421153492e+01 +8.0193e-01 -2.4353e+00 -5.0584e-01 +2.8372e+00 +1.0439e+00 +2.6279e+00 -2.1689e+00 -3.9508e-01 -3.4404e+00 -1.4774e+00
767 +9.600091938e-04 +9.600091938e-04 +4.421096001e+01 +4.421096001e+01 +8.0260e-01 -2.4279e+00 -5.0020e-01 +2.8403e+00 +1.0493e+00 +2.6275e+00 -2.1711e+00 -3.9629e-01 -3.4401e+00 -1.4725e+00
1281 +6.301970821e-04 +6.301970821e-04 +4.421063020e+01 +4.421063020e+01 +7.9905e-01 -2.4227e+00 -4.9964e-01 +2.8436e+00 +1.0462e+00 +2.6315e+00 -2.1647e+00 -3.9867e-01 -3.4400e+00 -1.4707e+00
2567 +3.978570322e-04 +3.978570322e-04 +4.421039786e+01 +4.421039786e+01 +7.9451e-01 -2.4179e+00 -5.0070e-01 +2.8487e+00 +1.0400e+00 +2.6333e+00 -2.1577e+00 -3.9768e-01 -3.4443e+00 -1.4705e+00
4945 +2.511362579e-04 +2.511362579e-04 +4.421025114e+01 +4.421025114e+01 +7.8885e-01 -2.4144e+00 -5.0151e-01 +2.8533e+00 +1.0343e+00 +2.6349e+00 -2.1537e+00 -3.9606e-01 -3.4490e+00 -1.4706e+00
9612 +1.584871916e-04 +1.584871916e-04 +4.421015849e+01 +4.421015849e+01 +7.8462e-01 -2.4117e+00 -5.0206e-01 +2.8563e+00 +1.0288e+00 +2.6361e+00 -2.1498e+00 -3.9406e-01 -3.4543e+00 -1.4706e+00
% function evaluation | noise-free fitness - Fopt (1.161000000000e+01) | best noise-free fitness - Fopt | measured fitness | best measured fitness | x1 | x2...
1 +4.452652284e+01 +4.452652284e+01 +5.613652284e+01 +5.613652284e+01 +4.5325e+00 +4.4927e+00 -3.3058e+00 +1.2001e+00 -1.2672e+00 +4.6207e+00 -1.6733e+00 +2.9699e+00 -1.3146e+00 +9.9776e-01
44 +2.822773285e+01 +2.822773285e+01 +3.983773285e+01 +3.983773285e+01 +3.4410e+00 +2.7708e+00 -3.1204e+00 +2.1451e+00 +1.6514e+00 +3.3288e+00 -4.2842e+00 +4.7669e+00 +1.2639e+00 +1.2013e+00
58 +2.067884053e+01 +2.067884053e+01 +3.228884053e+01 +3.228884053e+01 +2.6875e+00 +7.1253e-01 -3.0531e+00 +2.4641e+00 +1.5099e+00 +9.3430e-01 -4.0588e+00 +4.8870e+00 +2.8158e+00 +2.1186e+00
60 +1.226272728e+01 +1.226272728e+01 +2.387272728e+01 +2.387272728e+01 +3.3486e+00 +1.0929e+00 +2.2144e+00 +2.8162e+00 -1.1837e+00 +1.3310e+00 -2.5432e+00 +3.9540e+00 -5.2835e-02 -1.0425e+00
73 +7.719383857e+00 +7.719383857e+00 +1.932938386e+01 +1.932938386e+01 +4.4581e+00 -1.3461e+00 +1.3589e-01 +7.9002e-01 -1.7642e-01 +1.7013e+00 -4.2471e+00 +2.6676e+00 +1.2721e+00 -6.2116e-01
80 +3.525133628e+00 +3.525133628e+00 +1.513513363e+01 +1.513513363e+01 +3.9821e+00 -2.7011e+00 -8.1651e-01 +1.2511e+00 +6.6484e-01 -5.0641e-01 -3.9647e+00 +1.8803e+00 +2.5865e+00 -3.4386e-01
120 +2.295989669e+00 +2.295989669e+00 +1.390598967e+01 +1.390598967e+01 +3.4527e+00 -2.2896e+00 -1.8125e+00 +1.9244e+00 -9.7508e-01 -1.0694e+00 -3.6490e+00 +2.2411e+00 +4.1606e+00 -1.3258e-01
152 +1.390933168e+00 +1.390933168e+00 +1.300093317e+01 +1.300093317e+01 +3.4123e+00 -2.4986e+00 -1.4989e+00 +1.8341e+00 -1.0491e+00 -1.7348e+00 -3.0371e+00 +1.8351e+00 +3.4517e+00 -2.2500e+00
216 +8.080884282e-01 +8.080884282e-01 +1.241808843e+01 +1.241808843e+01 +3.4017e+00 -3.4327e+00 -1.1324e+00 +2.9939e+00 -8.1934e-01 -1.6401e+00 -2.6295e+00 +2.3670e+00 +3.2460e+00 -1.7938e+00
232 +5.252937644e-01 +5.252937644e-01 +1.213529376e+01 +1.213529376e+01 +3.0672e+00 -3.0228e+00 -1.2313e+00 +2.7486e+00 -9.0754e-01 -1.6038e+00 -3.3451e+00 +2.6494e+00 +3.5542e+00 -1.5105e+00
249 +3.264506732e-01 +3.264506732e-01 +1.193645067e+01 +1.193645067e+01 +3.1205e+00 -3.0584e+00 -7.7024e-01 +2.9207e+00 -6.6068e-01 -1.6167e+00 -3.0227e+00 +2.5789e+00 +3.7548e+00 -1.2984e+00
299 +1.754558503e-01 +1.754558503e-01 +1.178545585e+01 +1.178545585e+01 +3.2349e+00 -3.0318e+00 -8.5713e-01 +2.4739e+00 -7.7380e-01 -1.6366e+00 -3.1463e+00 +2.4901e+00 +3.5324e+00 -1.2241e+00
315 +1.260928894e-01 +1.260928894e-01 +1.173609289e+01 +1.173609289e+01 +3.1355e+00 -2.7273e+00 -6.7450e-01 +2.7167e+00 -9.2031e-01 -1.6676e+00 -2.8347e+00 +2.5426e+00 +3.8560e+00 -1.3438e+00
371 +9.675494653e-02 +9.675494653e-02 +1.170675495e+01 +1.170675495e+01 +3.1970e+00 -2.7246e+00 -6.1140e-01 +2.6766e+00 -8.6154e-01 -1.7412e+00 -2.8528e+00 +2.5583e+00 +3.7653e+00 -1.3200e+00
396 +5.401613013e-02 +5.401613013e-02 +1.166401613e+01 +1.166401613e+01 +3.2464e+00 -2.6385e+00 -6.8347e-01 +2.6049e+00 -8.2818e-01 -1.7445e+00 -2.8680e+00 +2.7071e+00 +3.8595e+00 -1.3992e+00
452 +3.709613802e-02 +3.709613802e-02 +1.164709614e+01 +1.164709614e+01 +3.3427e+00 -2.6310e+00 -6.2771e-01 +2.5569e+00 -8.4333e-01 -1.7905e+00 -2.8657e+00 +2.7439e+00 +3.8865e+00 -1.3090e+00
470 +1.681004920e-02 +1.681004920e-02 +1.162681005e+01 +1.162681005e+01 +3.4010e+00 -2.5808e+00 -6.4161e-01 +2.5253e+00 -7.9963e-01 -1.8027e+00 -2.7826e+00 +2.7614e+00 +3.7710e+00 -1.2976e+00
471 +1.465057701e-02 +1.465057701e-02 +1.162465058e+01 +1.162465058e+01 +3.4283e+00 -2.5780e+00 -6.1300e-01 +2.5497e+00 -8.3494e-01 -1.8079e+00 -2.7641e+00 +2.7389e+00 +3.7559e+00 -1.3255e+00
526 +8.633386657e-03 +8.633386657e-03 +1.161863339e+01 +1.161863339e+01 +3.4219e+00 -2.5425e+00 -6.4928e-01 +2.4798e+00 -8.4718e-01 -1.8234e+00 -2.8324e+00 +2.7502e+00 +3.7174e+00 -1.3889e+00
658 +6.291214907e-03 +6.291214907e-03 +1.161629121e+01 +1.161629121e+01 +3.4184e+00 -2.5648e+00 -6.6139e-01 +2.5032e+00 -8.4483e-01 -1.8048e+00 -2.8318e+00 +2.7347e+00 +3.7176e+00 -1.3853e+00
748 +3.978892333e-03 +3.978892333e-03 +1.161397889e+01 +1.161397889e+01 +3.4335e+00 -2.5783e+00 -6.6458e-01 +2.4909e+00 -8.5375e-01 -1.8017e+00 -2.8277e+00 +2.7359e+00 +3.7066e+00 -1.3682e+00
989 +2.477801453e-03 +2.477801453e-03 +1.161247780e+01 +1.161247780e+01 +3.4381e+00 -2.5881e+00 -6.6945e-01 +2.4812e+00 -8.6283e-01 -1.7973e+00 -2.8382e+00 +2.7238e+00 +3.7003e+00 -1.3620e+00
1201 +1.568434329e-03 +1.568434329e-03 +1.161156843e+01 +1.161156843e+01 +3.4482e+00 -2.5975e+00 -6.7321e-01 +2.4793e+00 -8.6423e-01 -1.7950e+00 -2.8465e+00 +2.7161e+00 +3.6945e+00 -1.3541e+00
1488 +9.990599949e-04 +9.990599949e-04 +1.161099906e+01 +1.161099906e+01 +3.4583e+00 -2.6070e+00 -6.7883e-01 +2.4753e+00 -8.6687e-01 -1.7925e+00 -2.8535e+00 +2.7109e+00 +3.6883e+00 -1.3536e+00
2213 +6.303731795e-04 +6.303731795e-04 +1.161063037e+01 +1.161063037e+01 +3.4664e+00 -2.6148e+00 -6.7931e-01 +2.4735e+00 -8.6916e-01 -1.7943e+00 -2.8596e+00 +2.7066e+00 +3.6825e+00 -1.3498e+00
3235 +3.980349185e-04 +3.980349185e-04 +1.161039803e+01 +1.161039803e+01 +3.4744e+00 -2.6212e+00 -6.7931e-01 +2.4730e+00 -8.7035e-01 -1.7966e+00 -2.8620e+00 +2.7032e+00 +3.6753e+00 -1.3475e+00
5342 +2.510193593e-04 +2.510193593e-04 +1.161025102e+01 +1.161025102e+01 +3.4805e+00 -2.6260e+00 -6.7938e-01 +2.4720e+00 -8.7169e-01 -1.7980e+00 -2.8652e+00 +2.6999e+00 +3.6698e+00 -1.3448e+00
9168 +1.584547630e-04 +1.584547630e-04 +1.161015845e+01 +1.161015845e+01 +3.4853e+00 -2.6300e+00 -6.7911e-01 +2.4705e+00 -8.7362e-01 -1.7998e+00 -2.8680e+00 +2.6971e+00 +3.6652e+00 -1.3431e+00
% function evaluation | noise-free fitness - Fopt (1.139400000000e+02) | best noise-free fitness - Fopt | measured fitness | best measured fitness | x1 | x2...
1 +1.425867579e+02 +1.425867579e+02 +2.565267579e+02 +2.565267579e+02 +4.4420e-01 -4.5266e+00 +4.2832e+00 -4.4204e+00 +1.3429e+00 -2.5750e+00 -1.8753e+00 -3.2421e-01 +2.1851e+00 +1.6929e+00
26 +9.388852919e+01 +9.388852919e+01 +2.078285292e+02 +2.078285292e+02 -6.4143e+00 -1.5325e+00 +2.3453e+00 -2.2262e+00 +2.2158e+00 +2.2696e+00 +6.3032e+00 +1.4221e+00 +2.9859e+00 -1.3192e-02
28 +4.727247144e+01 +4.727247144e+01 +1.612124714e+02 +1.612124714e+02 -3.4000e+00 -2.2389e+00 -2.4902e+00 -3.3923e-01 +5.0863e-01 +4.7016e+00 +6.4434e+00 -2.0976e+00 +4.7959e+00 -4.5877e+00
56 +2.716877586e+01 +2.716877586e+01 +1.411087759e+02 +1.411087759e+02 -4.9680e+00 -4.2385e+00 -3.1840e-01 -3.0717e+00 +1.3400e+00 +5.3445e+00 +4.8706e+00 -3.1178e+00 +1.0928e+00 -1.7913e+00
61 +1.961246264e+01 +1.961246264e+01 +1.335524626e+02 +1.335524626e+02 -3.3595e+00 +3.3231e-01 -1.6164e-01 -3.3451e+00 -3.6608e+00 +3.2243e+00 +5.6882e+00 -1.0595e+00 -7.3827e-01 -4.0376e+00
67 +9.977189587e+00 +9.977189587e+00 +1.239171896e+02 +1.239171896e+02 +4.6266e-02 +1.1553e+00 -1.6832e-01 -7.9596e-01 -2.4582e+00 +5.1916e+00 +3.5200e+00 -4.1087e+00 +5.4658e-01 +2.1501e-01
161 +6.072863073e+00 +6.072863073e+00 +1.200128631e+02 +1.200128631e+02 -3.7283e+00 +1.2177e+00 +8.3286e-01 -3.8529e-01 -1.9429e-01 +5.2383e+00 +7.7093e-01 -6.2594e+00 -8.2677e-01 +2.0513e+00
185 +3.564865543e+00 +3.564865543e+00 +1.175048655e+02 +1.175048655e+02 -2.4536e+00 +1.5475e+00 +1.6432e+00 +1.0890e+00 -1.1132e+00 +3.7044e+00 +6.8617e-01 -3.7644e+00 -6.3610e-01 +1.0067e+00
204 +1.755747433e+00 +1.755747433e+00 +1.156957474e+02 +1.156957474e+02 -2.8649e+00 +1.2839e+00 +1.0716e+00 -3.6705e-01 -7.6979e-01 +2.9196e+00 -6.5031e-01 -2.2615e+00 -4.8820e-02 -1.1662e+00
205 +8.460446751e-01 +8.460446751e-01 +1.147860447e+02 +1.147860447e+02 -3.5915e+00 +1.4866e+00 +1.5638e+00 -6.5629e-01 -6.2047e-02 +3.7492e+00 -6.1733e-01 -1.8437e+00 +5.4854e-01 -7.8714e-01
234 +5.918460269e-01 +5.918460269e-01 +1.145318460e+02 +1.145318460e+02 -3.3743e+00 +1.3881e+00 +2.0145e+00 -3.9161e-01 +4.9599e-02 +3.8817e+00 -8.3991e-02 -1.7833e+00 +6.9789e-01 -7.4455e-01
286 +2.229580716e-01 +2.229580716e-01 +1.141629581e+02 +1.141629581e+02 -3.4349e+00 +1.0239e+00 +1.9493e+00 +1.0866e-02 +3.6613e-01 +4.1044e+00 +2.5129e-01 -1.7190e+00 -7.5531e-02 -7.1183e-01
330 +1.377011958e-01 +1.377011958e-01 +1.140777012e+02 +1.140777012e+02 -3.0425e+00 +1.2438e+00 +2.1201e+00 -9.7201e-02 +7.0177e-01 +3.8380e+00 +3.0364e-01 -1.8327e+00 +1.5364e-01 -6.9383e-01
391 +9.123109115e-02 +9.123109115e-02 +1.140312311e+02 +1.140312311e+02 -3.3598e+00 +1.2406e+00 +2.0482e+00 -2.8589e-01 +5.6937e-01 +3.7655e+00 +1.9270e-01 -1.8719e+00 +3.7600e-01 -8.0795e-01
396 +5.827530238e-02 +5.827530238e-02 +1.139982753e+02 +1.139982753e+02 -3.2556e+00 +1.1745e+00 +2.0395e+00 -2.4570e-01 +5.9822e-01 +3.8390e+00 +1.5703e-01 -1.8984e+00 +2.8114e-01 -7.5819e-01
426 +3.758745576e-02 +3.758745576e-02 +1.139775875e+02 +1.139775875e+02 -3.2777e+00 +1.1136e+00 +2.1127e+00 -2.1755e-01 +5.5557e-01 +3.8284e+00 +1.0251e-01 -1.9137e+00 +2.3959e-01 -7.8034e-01
441 +2.303419225e-02 +2.303419225e-02 +1.139630342e+02 +1.139630342e+02 -3.2408e+00 +1.1164e+00 +2.1275e+00 -2.6915e-01 +5.5476e-01 +3.8168e+00 +1.1268e-01 -1.9215e+00 +1.9617e-01 -8.2217e-01
508 +1.367854670e-02 +1.367854670e-02 +1.139536785e+02 +1.139536785e+02 -3.1157e+00 +1.1349e+00 +2.1265e+00 -2.2741e-01 +6.3957e-01 +3.7646e+00 +1.1286e-01 -1.9951e+00 +1.8709e-01 -8.8013e-01
530 +8.882167586e-03 +8.882167586e-03 +1.139488822e+02 +1.139488822e+02 -3.1457e+00 +1.1383e+00 +2.1535e+00 -2.5412e-01 +6.2152e-01 +3.7399e+00 +1.0432e-01 -1.9958e+00 +1.9326e-01 -8.7896e-01
593 +6.230977169e-03 +6.230977169e-03 +1.139462310e+02 +1.139462310e+02 -3.1656e+00 +1.1367e+00 +2.1568e+00 -2.7097e-01 +6.1688e-01 +3.7559e+00 +1.0213e-01 -2.0124e+00 +1.7881e-01 -9.0433e-01
666 +3.715477157e-03 +3.715477157e-03 +1.139437155e+02 +1.139437155e+02 -3.1371e+00 +1.1467e+00 +2.1491e+00 -2.6291e-01 +6.2585e-01 +3.7565e+00 +7.6219e-02 -2.0195e+00 +1.5772e-01 -8.9974e-01
760 +2.464557919e-03 +2.464557919e-03 +1.139424646e+02 +1.139424646e+02 -3.1532e+00 +1.1579e+00 +2.1532e+00 -2.5817e-01 +6.2433e-01 +3.7545e+00 +7.0671e-02 -2.0284e+00 +1.4538e-01 -9.0343e-01
977 +1.582589837e-03 +1.582589837e-03 +1.139415826e+02 +1.139415826e+02 -3.1575e+00 +1.1676e+00 +2.1493e+00 -2.5422e-01 +6.2834e-01 +3.7636e+00 +6.4582e-02 -2.0302e+00 +1.3172e-01 -9.0453e-01
1697 +9.979460156e-04 +9.979460156e-04 +1.139409979e+02 +1.139409979e+02 -3.1663e+00 +1.1781e+00 +2.1479e+00 -2.4548e-01 +6.2560e-01 +3.7708e+00 +6.0770e-02 -2.0314e+00 +1.2385e-01 -9.0852e-01
2803 +6.304214088e-04 +6.304214088e-04 +1.139406304e+02 +1.139406304e+02 -3.1755e+00 +1.1891e+00 +2.1403e+00 -2.4228e-01 +6.2390e-01 +3.7758e+00 +5.6542e-02 -2.0313e+00 +1.1818e-01 -9.1070e-01
4645 +3.974021017e-04 +3.974021017e-04 +1.139403974e+02 +1.139403974e+02 -3.1825e+00 +1.1977e+00 +2.1334e+00 -2.4105e-01 +6.2093e-01 +3.7812e+00 +5.2356e-02 -2.0315e+00 +1.1541e-01 -9.1547e-01
8375 +2.511800668e-04 +2.511800668e-04 +1.139402512e+02 +1.139402512e+02 -3.1895e+00 +1.2051e+00 +2.1292e+00 -2.3992e-01 +6.1818e-01 +3.7832e+00 +4.8503e-02 -2.0337e+00 +1.1238e-01 -9.1973e-01
% function evaluation | noise-free fitness - Fopt (1.910100000000e+02) | best noise-free fitness - Fopt | measured fitness | best measured fitness | x1 | x2...
1 +5.789537818e+01 +5.789537818e+01 +2.489053782e+02 +2.489053782e+02 -1.4043e+00 -2.3709e+00 -1.5513e+00 +3.3924e+00 -4.1822e+00 -3.5823e+00 +2.9080e+00 -4.4913e+00 +3.6594e+00 -1.6034e+00
47 +3.976512275e+01 +3.976512275e+01 +2.307751227e+02 +2.307751227e+02 -4.5865e-01 +4.8185e+00 -6.4008e-01 +1.7477e+00 -6.3282e+00 -3.4819e+00 +3.4644e+00 +4.2062e-02 +4.6437e+00 -3.5466e-01
53 +2.042132478e+01 +2.042132478e+01 +2.114313248e+02 +2.114313248e+02 +2.3736e-01 +5.6761e-01 -3.6128e+00 +9.7211e-01 -5.7747e+00 -1.2470e+00 +3.4007e+00 -9.2918e-01 +6.6970e+00 -1.1521e+00
78 +1.527496569e+01 +1.527496569e+01 +2.062849657e+02 +2.062849657e+02 -2.5313e+00 +3.0231e+00 -7.7580e-01 +1.6163e+00 -4.1202e+00 +1.3515e+00 +2.2554e+00 -1.6104e+00 +7.1712e+00 -2.5508e+00
180 +9.929571088e+00 +9.929571088e+00 +2.009395711e+02 +2.009395711e+02 +3.3103e-01 +2.8773e+00 -4.8301e+00 +6.1573e-01 -7.1954e-01 +1.4939e+00 +2.5580e+00 +5.4890e-01 +4.6260e+00 -4.7985e+00
226 +6.292574019e+00 +6.292574019e+00 +1.973025740e+02 +1.973025740e+02 -9.5047e-01 +4.4596e+00 -2.1883e+00 -1.9946e+00 +8.3407e-01 +1.3485e+00 +1.9253e+00 +7.5833e-01 +4.6452e+00 -3.6763e+00
259 +3.819561105e+00 +3.819561105e+00 +1.948295611e+02 +1.948295611e+02 -1.9100e+00 +2.6086e+00 -3.6886e+00 -2.1871e+00 +1.2729e+00 +1.8178e+00 +1.8165e+00 +1.3628e+00 +3.2603e+00 -1.5829e+00
326 +2.495763304e+00 +2.495763304e+00 +1.935057633e+02 +1.935057633e+02 -3.5795e+00 +2.4118e+00 -2.4287e+00 -2.6157e+00 +1.1793e+00 +2.2638e+00 +1.7746e+00 +2.2091e+00 +4.0720e+00 -7.5477e-01
356 +1.501750015e+00 +1.501750015e+00 +1.925117500e+02 +1.925117500e+02 -3.6661e+00 +2.1329e+00 -1.8988e+00 -3.2055e+00 +2.1507e+00 +1.4218e+00 +1.3451e+00 +3.1960e+00 +3.8028e+00 -9.0643e-01
381 +9.999932208e-01 +9.999932208e-01 +1.920099932e+02 +1.920099932e+02 -3.7530e+00 +1.6575e+00 -1.9240e+00 -3.3198e+00 +1.7872e+00 +8.6609e-01 +1.6245e+00 +4.2375e+00 +3.3728e+00 -4.9652e-02
405 +6.089159849e-01 +6.089159849e-01 +1.916189160e+02 +1.916189160e+02 -4.1127e+00 +9.8488e-01 -2.6252e+00 -3.6116e+00 +1.2907e+00 +8.1571e-01 +1.1303e+00 +3.6334e+00 +3.5466e+00 -2.2258e-01
440 +3.216620764e-01 +3.216620764e-01 +1.913316621e+02 +1.913316621e+02 -3.3443e+00 +7.5018e-01 -2.6929e+00 -3.5817e+00 +1.5285e+00 +8.3534e-01 +1.1755e+00 +3.6984e+00 +3.6754e+00 -4.5006e-01
467 +2.145412165e-01 +2.145412165e-01 +1.912245412e+02 +1.912245412e+02 -3.2838e+00 +8.4460e-01 -2.4499e+00 -3.4129e+00 +1.5627e+00 +8.5047e-01 +1.2028e+00 +3.6322e+00 +3.6649e+00 -4.7388e-01
474 +1.192285051e-01 +1.192285051e-01 +1.911292285e+02 +1.911292285e+02 -3.5007e+00 +8.9828e-01 -2.6068e+00 -3.4840e+00 +1.7030e+00 +7.9555e-01 +1.5544e+00 +3.4733e+00 +3.5659e+00 -3.5318e-01
497 +9.043472975e-02 +9.043472975e-02 +1.911004347e+02 +1.911004347e+02 -3.2629e+00 +8.4650e-01 -2.5692e+00 -3.3965e+00 +1.8616e+00 +8.8535e-01 +1.5914e+00 +3.3889e+00 +3.7245e+00 -3.1785e-01
540 +2.968972332e-02 +2.968972332e-02 +1.910396897e+02 +1.910396897e+02 -3.3929e+00 +1.0846e+00 -2.6101e+00 -3.4410e+00 +1.7714e+00 +7.8382e-01 +1.5205e+00 +3.4304e+00 +3.7919e+00 -2.0184e-01
584 +2.496483781e-02 +2.496483781e-02 +1.910349648e+02 +1.910349648e+02 -3.3032e+00 +1.0028e+00 -2.6556e+00 -3.4370e+00 +1.7718e+00 +7.8777e-01 +1.5757e+00 +3.4262e+00 +3.8268e+00 -2.0903e-01
642 +1.411256871e-02 +1.411256871e-02 +1.910241126e+02 +1.910241126e+02 -3.3314e+00 +1.0182e+00 -2.6405e+00 -3.4927e+00 +1.7922e+00 +7.4406e-01 +1.5512e+00 +3.4018e+00 +3.8566e+00 -2.4945e-01
675 +9.920500237e-03 +9.920500237e-03 +1.910199205e+02 +1.910199205e+02 -3.3628e+00 +1.0200e+00 -2.5963e+00 -3.4959e+00 +1.7427e+00 +7.6797e-01 +1.5895e+00 +3.4139e+00 +3.8356e+00 -2.2958e-01
746 +6.303218062e-03 +6.303218062e-03 +1.910163032e+02 +1.910163032e+02 -3.3626e+00 +1.0367e+00 -2.6094e+00 -3.5227e+00 +1.7385e+00 +7.1489e-01 +1.5918e+00 +3.3849e+00 +3.7974e+00 -2.3902e-01
806 +3.937946715e-03 +3.937946715e-03 +1.910139379e+02 +1.910139379e+02 -3.3674e+00 +1.0398e+00 -2.6146e+00 -3.5376e+00 +1.7413e+00 +6.9645e-01 +1.6009e+00 +3.3838e+00 +3.8022e+00 -2.3875e-01
900 +2.501661938e-03 +2.501661938e-03 +1.910125017e+02 +1.910125017e+02 -3.3653e+00 +1.0360e+00 -2.6137e+00 -3.5550e+00 +1.7360e+00 +6.9226e-01 +1.6101e+00 +3.3626e+00 +3.8059e+00 -2.3362e-01
1172 +1.582608371e-03 +1.582608371e-03 +1.910115826e+02 +1.910115826e+02 -3.3648e+00 +1.0321e+00 -2.6088e+00 -3.5620e+00 +1.7246e+00 +6.7656e-01 +1.6234e+00 +3.3634e+00 +3.8059e+00 -2.3742e-01
1522 +9.957576575e-04 +9.957576575e-04 +1.910109958e+02 +1.910109958e+02 -3.3593e+00 +1.0330e+00 -2.5958e+00 -3.5715e+00 +1.7244e+00 +6.7331e-01 +1.6265e+00 +3.3619e+00 +3.8076e+00 -2.3904e-01
2298 +6.309174835e-04 +6.309174835e-04 +1.910106309e+02 +1.910106309e+02 -3.3516e+00 +1.0339e+00 -2.5851e+00 -3.5776e+00 +1.7239e+00 +6.6685e-01 +1.6287e+00 +3.3618e+00 +3.8040e+00 -2.4105e-01
3890 +3.976795601e-04 +3.976795601e-04 +1.910103977e+02 +1.910103977e+02 -3.3427e+00 +1.0360e+00 -2.5755e+00 -3.5811e+00 +1.7253e+00 +6.6266e-01 +1.6282e+00 +3.3658e+00 +3.8021e+00 -2.4379e-01
7371 +2.511625246e-04 +2.511625246e-04 +1.910102512e+02 +1.910102512e+02 -3.3343e+00 +1.0366e+00 -2.5680e+00 -3.5834e+00 +1.7247e+00 +6.6011e-01 +1.6266e+00 +3.3692e+00 +3.7979e+00 -2.4671e-01
% function evaluation | noise-free fitness - Fopt (-1.000000000000e+03) | best noise-free fitness - Fopt | measured fitness | best measured fitness | x1 | x2...
1 +1.118494137e+02 +1.118494137e+02 -8.881505863e+02 -8.881505863e+02 -4.7493e+00 +4.5745e+00 +3.3353e+00 -3.5985e+00 +2.3824e+00 +3.1308e+00 +4.7789e+00 +1.1342e+00 -2.7738e+00 +1.3318e-01
12 +6.637414292e+01 +6.637414292e+01 -9.336258571e+02 -9.336258571e+02 +9.1915e-01 +3.3461e+00 +6.1175e-01 -8.7522e-01 -1.4480e+00 +1.2486e+01 -2.1518e+00 +5.1654e+00 -3.7189e+00 -4.5253e-01
13 +4.144535268e+01 +4.144535268e+01 -9.585546473e+02 -9.585546473e+02 +4.0953e+00 +1.1356e+00 +1.2081e+00 +5.7248e-01 +3.5791e+00 +7.5080e+00 +4.1434e+00 +2.8780e+00 -5.9941e+00 -1.8693e-01
55 +3.200393881e+01 +3.200393881e+01 -9.679960612e+02 -9.679960612e+02 +4.8250e+00 +2.1958e+00 +5.3514e+00 +1.5983e+00 +1.2221e+00 +7.6867e+00 +6.8671e-01 +3.8084e+00 -5.4871e+00 -1.0445e+00
79 +2.462593013e+01 +2.462593013e+01 -9.753740699e+02 -9.753740699e+02 +6.2102e+00 +4.0253e+00 +3.2032e+00 +1.9842e+00 +3.6033e+00 +8.4322e+00 -2.0363e+00 +3.4714e+00 -3.1003e+00 +3.3236e+00
114 +1.477880216e+01 +1.477880216e+01 -9.852211978e+02 -9.852211978e+02 +1.5882e+00 +4.2724e+00 +4.7607e+00 +4.7083e-01 +2.7068e+00 +6.8761e+00 -3.8752e+00 +2.0088e+00 -8.1122e-01 +3.0029e+00
168 +9.255056737e+00 +9.255056737e+00 -9.907449433e+02 -9.907449433e+02 +1.6515e+00 +1.6204e+00 +3.7248e+00 -4.0644e-01 +2.8319e+00 +7.4713e+00 -4.4471e+00 +5.8450e-01 -4.9583e-01 +1.8272e+00
170 +6.261659809e+00 +6.261659809e+00 -9.937383402e+02 -9.937383402e+02 +2.9231e-01 -2.7780e-01 +1.2465e+00 -9.7391e-01 +2.1910e+00 +6.3615e+00 -4.3252e+00 -9.1195e-01 -1.6242e+00 +2.0966e+00
185 +3.927553894e+00 +3.927553894e+00 -9.960724461e+02 -9.960724461e+02 +3.8715e-03 +1.1489e+00 +1.6615e+00 +2.6535e-01 +2.0776e+00 +6.0293e+00 -9.1827e-01 -2.1124e+00 -1.9091e-02 +2.5010e+00
198 +1.641617061e+00 +1.641617061e+00 -9.983583829e+02 -9.983583829e+02 +1.5006e-01 +4.0312e-01 +1.6154e+00 -9.1011e-01 +3.2402e+00 +4.8201e+00 -1.0882e+00 -2.4281e+00 +5.9064e-01 +2.0807e+00
199 +1.418432342e+00 +1.418432342e+00 -9.985815677e+02 -9.985815677e+02 +1.9682e-01 -4.1181e-02 +1.9576e+00 -4.0588e-01 +3.5377e+00 +4.7106e+00 -1.6114e+00 -2.6046e+00 +7.1569e-01 +3.2480e+00
262 +9.830329622e-01 +9.830329622e-01 -9.990169670e+02 -9.990169670e+02 +6.7427e-01 -1.0650e+00 +2.3422e+00 -1.9959e-01 +2.3504e+00 +4.2717e+00 -9.3504e-01 -2.1325e+00 +1.1171e+00 +3.0692e+00
277 +4.443363597e-01 +4.443363597e-01 -9.995556636e+02 -9.995556636e+02 -2.0033e-02 -8.8352e-01 +2.4124e+00 -4.8961e-02 +2.8680e+00 +3.8370e+00 -7.0825e-01 -2.2595e+00 +7.4886e-01 +2.5380e+00
286 +3.341811265e-01 +3.341811265e-01 -9.996658189e+02 -9.996658189e+02 +3.3124e-01 -8.6503e-01 +2.2231e+00 -2.9338e-01 +3.0153e+00 +3.8143e+00 -5.1208e-01 -1.7713e+00 +1.0166e+00 +2.8144e+00
331 +2.308186138e-01 +2.308186138e-01 -9.997691814e+02 -9.997691814e+02 +3.8674e-01 -8.2319e-01 +2.1487e+00 -2.7748e-01 +3.0776e+00 +3.8201e+00 -4.7094e-01 -1.5903e+00 +7.9339e-01 +2.8004e+00
355 +7.966892112e-02 +7.966892112e-02 -9.999203311e+02 -9.999203311e+02 +4.7662e-01 -5.1842e-01 +2.0449e+00 -2.7896e-01 +3.0010e+00 +3.9102e+00 -4.4177e-01 -2.0218e+00 +6.3412e-01 +2.6270e+00
427 +6.282162163e-02 +6.282162163e-02 -9.999371784e+02 -9.999371784e+02 +5.5893e-01 -3.8630e-01 +1.9297e+00 -2.9523e-01 +3.0434e+00 +3.7880e+00 -5.8701e-01 -2.1613e+00 +5.8600e-01 +2.5572e+00
488 +3.134417589e-02 +3.134417589e-02 -9.999686558e+02 -9.999686558e+02 +4.2393e-01 -5.0212e-01 +2.0281e+00 -1.6151e-01 +3.0955e+00 +3.8389e+00 -6.1164e-01 -2.1743e+00 +6.0361e-01 +2.5168e+00
496 +2.230264318e-02 +2.230264318e-02 -9.999776974e+02 -9.999776974e+02 +4.4562e-01 -5.4566e-01 +1.9723e+00 -1.6807e-01 +3.1166e+00 +3.8826e+00 -5.9847e-01 -2.1705e+00 +5.9074e-01 +2.5474e+00
529 +1.345802163e-02 +1.345802163e-02 -9.999865420e+02 -9.999865420e+02 +4.1355e-01 -5.4997e-01 +1.9832e+00 -1.4904e-01 +3.1209e+00 +3.9064e+00 -5.9692e-01 -2.1450e+00 +5.7948e-01 +2.5938e+00
560 +9.775680350e-03 +9.775680350e-03 -9.999902243e+02 -9.999902243e+02 +4.5372e-01 -5.2889e-01 +1.9933e+00 -1.4376e-01 +3.1865e+00 +3.9196e+00 -5.6397e-01 -2.1358e+00 +5.6737e-01 +2.5830e+00
702 +6.253099981e-03 +6.253099981e-03 -9.999937469e+02 -9.999937469e+02 +4.6273e-01 -5.6036e-01 +2.0048e+00 -1.3491e-01 +3.1907e+00 +3.9350e+00 -5.5047e-01 -2.1298e+00 +5.6490e-01 +2.6050e+00
793 +3.827774835e-03 +3.827774835e-03 -9.999961722e+02 -9.999961722e+02 +4.6182e-01 -5.5755e-01 +2.0071e+00 -1.4618e-01 +3.1939e+00 +3.9313e+00 -5.4797e-01 -2.1252e+00 +5.6156e-01 +2.6336e+00
958 +2.418398959e-03 +2.418398959e-03 -9.999975816e+02 -9.999975816e+02 +4.5987e-01 -5.5131e-01 +2.0306e+00 -1.4788e-01 +3.2012e+00 +3.9214e+00 -5.5049e-01 -2.1273e+00 +5.6550e-01 +2.6486e+00
1250 +1.581947088e-03 +1.581947088e-03 -9.999984181e+02 -9.999984181e+02 +4.6334e-01 -5.5790e-01 +2.0384e+00 -1.5008e-01 +3.2124e+00 +3.9274e+00 -5.4855e-01 -2.1285e+00 +5.6658e-01 +2.6678e+00
1743 +9.962575546e-04 +9.962575546e-04 -9.999990037e+02 -9.999990037e+02 +4.7508e-01 -5.5694e-01 +2.0413e+00 -1.5889e-01 +3.2236e+00 +3.9283e+00 -5.4891e-01 -2.1257e+00 +5.7043e-01 +2.6766e+00
2919 +6.308018432e-04 +6.308018432e-04 -9.999993692e+02 -9.999993692e+02 +4.7898e-01 -5.5692e-01 +2.0440e+00 -1.6650e-01 +3.2347e+00 +3.9276e+00 -5.4711e-01 -2.1210e+00 +5.7126e-01 +2.6874e+00
4681 +3.980782677e-04 +3.980782677e-04 -9.999996019e+02 -9.999996019e+02 +4.8582e-01 -5.5951e-01 +2.0469e+00 -1.7275e-01 +3.2432e+00 +3.9291e+00 -5.4682e-01 -2.1187e+00 +5.7381e-01 +2.6960e+00
8155 +2.510233473e-04 +2.510233473e-04 -9.999997490e+02 -9.999997490e+02 +4.8875e-01 -5.6161e-01 +2.0464e+00 -1.7769e-01 +3.2532e+00 +3.9302e+00 -5.4667e-01 -2.1168e+00 +5.7444e-01 +2.7022e+00
