gen	depth	min     	avg     	max     	std    
0  	60   	-18555.3	-2797.7 	-2029.13	885.863
1  	60   	-5870.19	-2474.49	-2029.13	291.655
2  	60   	-6086.98	-2324.76	-2029.13	287.491
3  	60   	-6185.55	-2224.48	-1958.86	267.262
4  	60   	-7760.83	-2164.75	-1951.67	362.129
5  	60   	-6059.79	-2103.88	-1944.97	247.548
6  	60   	-3425.46	-2050.12	-1935.96	111.42 
7  	60   	-4241.85	-2025.06	-1931.31	147.951
8  	60   	-3025.8 	-1994.87	-1915.61	79.5592
9  	60   	-2791.12	-1974.03	-1915.61	64.7858
10 	60   	-2898.07	-1964.51	-1904.42	83.6976
11 	60   	-4765.9 	-1973.87	-1903   	221.679
12 	60   	-2636.69	-1941.93	-1897.19	67.9936
13 	60   	-5637.24	-1940.27	-1891.76	175.983
14 	60   	-7497.17	-1942.29	-1891.76	258.304
15 	60   	-6164.81	-1936.38	-1889.49	209.841
16 	60   	-4296.87	-1934.77	-1875.34	170.882
17 	60   	-2725.66	-1919.54	-1870.02	84.6448
18 	60   	-5298.14	-1935.06	-1869.11	238.735
19 	60   	-7027.72	-1937.33	-1867.09	361.491
20 	60   	-3415.4 	-1910.36	-1864.41	126.297
21 	60   	-5698.06	-1905.27	-1854.12	198.419
22 	60   	-2693.91	-1890.6 	-1854.12	77.4418
23 	60   	-3415.53	-1888   	-1841.19	96.3373
24 	60   	-4523.42	-1895.74	-1836.1 	158.49 
25 	60   	-4043.54	-1883.07	-1834.9 	126.563
26 	60   	-3339.19	-1877.74	-1834.9 	101.876
27 	60   	-2528.8 	-1867.47	-1829.06	58.4731
28 	60   	-5933.15	-1875.5 	-1816.98	257.195
29 	60   	-3619.71	-1867.11	-1816.98	125.173
30 	60   	-2861.93	-1855.55	-1811.43	86.8733
31 	60   	-3884.6 	-1853.38	-1807.22	129.03 
32 	60   	-15931.1	-1878.8 	-1807.22	638.725
33 	60   	-2546.9 	-1836.58	-1807.22	60.6712
34 	60   	-3237.41	-1836.4 	-1802.95	111.558
35 	60   	-5531.52	-1844.72	-1799.87	242.63 
36 	60   	-3520.18	-1832.81	-1799.47	123.433
37 	60   	-3085.61	-1833.56	-1797.59	112.415
38 	60   	-2867.21	-1819.97	-1787.71	72.9183
39 	60   	-4134.88	-1833.79	-1787.71	190.303
40 	60   	-3225.3 	-1831.79	-1787.71	148.597
41 	60   	-3138.49	-1814.34	-1784.03	84.4663
42 	60   	-3007.84	-1811.16	-1779.17	75.6083
43 	60   	-4112.84	-1815.97	-1778.75	134.203
44 	60   	-4383.68	-1812.18	-1778.75	139.025
45 	60   	-3407.61	-1807.31	-1776.85	103.347
46 	60   	-4185.7 	-1802.66	-1776.44	118.522
47 	60   	-3629.18	-1804.11	-1775.95	120.033
48 	60   	-5072.26	-1815.35	-1771.1 	238.515
49 	60   	-2888.13	-1792.79	-1771.1 	79.5291
50 	60   	-4207.19	-1806.5 	-1770.92	186.814
51 	60   	-2517.32	-1788.47	-1768.94	55.2751
52 	60   	-2147.8 	-1784.48	-1768.94	35.3168
53 	60   	-4190.22	-1795.45	-1768.94	133.228
54 	60   	-4152.28	-1792.23	-1767.82	118.192
55 	60   	-3181.45	-1786.84	-1767.82	95.6714
56 	60   	-3123.59	-1783.97	-1763.8 	82.8831
57 	60   	-4466.87	-1796.69	-1763.8 	155.669
58 	60   	-3377.95	-1786.08	-1760.67	87.7629
59 	60   	-2967.56	-1786.75	-1760.67	107.48 
60 	60   	-2259.86	-1774.08	-1758.08	44.4699
61 	60   	-3560.14	-1779.09	-1758.08	106.621
62 	60   	-2775.37	-1778.52	-1756.95	81.9576
63 	60   	-2184.73	-1770.74	-1755.75	40.6838
64 	60   	-2978.2 	-1771.77	-1755.75	69.5911
65 	60   	-2554.98	-1773.84	-1752.04	70.5325
66 	60   	-2350.35	-1768.22	-1752.04	47.6735
67 	60   	-4083.45	-1774.83	-1749.34	130.894
68 	60   	-2753.06	-1769.65	-1746.39	69.5715
69 	60   	-4997.88	-1775   	-1746.36	158.195
70 	60   	-3476.1 	-1764.91	-1745.72	104.767
71 	60   	-3122.8 	-1765.36	-1745.02	80.6315
72 	60   	-2585.35	-1760.3 	-1743.8 	62.5514
73 	60   	-6881.96	-1768.73	-1743.11	266.291
74 	60   	-8005.15	-1766.82	-1743.11	283.205
75 	60   	-2200.37	-1753.4 	-1743.1 	37.8382
76 	60   	-4006.95	-1765.13	-1742.42	166.484
77 	60   	-2849.93	-1752.1 	-1742.14	57.9445
78 	60   	-2163.05	-1750.65	-1742.14	33.3146
79 	60   	-11578.6	-1789.62	-1742.14	483.494
80 	60   	-2868.43	-1759.08	-1742.14	81.2115
81 	60   	-2436.36	-1753.28	-1741.74	54.4402
82 	60   	-2806.12	-1757.32	-1741.74	79.8225
83 	60   	-3658.29	-1761.98	-1741.74	136.471
84 	60   	-4061.56	-1764.09	-1741.74	155.281
85 	60   	-3006.12	-1754.23	-1741.74	80.4472
86 	60   	-3539.4 	-1757.07	-1741.74	105.078
87 	60   	-2307.08	-1749.3 	-1741.74	40.9248
88 	60   	-2392.69	-1754.34	-1741.74	57.0121
89 	60   	-3875.89	-1755.83	-1741.1 	113.299
90 	60   	-3056.17	-1759.59	-1741.1 	85.5492
91 	60   	-2099.97	-1748.96	-1740.62	29.6704
92 	60   	-3393.13	-1762.98	-1738.49	117.674
93 	60   	-2501.09	-1750.32	-1737.49	55.424 
94 	60   	-2633.08	-1754.55	-1737.49	65.5537
95 	60   	-13657.8	-1785.97	-1737.49	548.341
96 	60   	-5355.67	-1758.83	-1736.8 	177.348
97 	60   	-3215.57	-1757.67	-1736.8 	107.901
98 	60   	-3115.21	-1752.06	-1736.8 	82.7469
99 	60   	-3016.62	-1749.42	-1736.8 	72.2084
gen	depth	min     	avg     	max     	std    
0  	60   	-8125.07	-2771.28	-2054.52	596.087
1  	60   	-3534.39	-2439.37	-1969.1 	215.211
2  	60   	-7402.66	-2332.43	-1969.1 	371.713
3  	60   	-4296.22	-2206.21	-1899.34	157.801
4  	60   	-13305  	-2161.73	-1883.32	542.748
5  	60   	-5169.99	-2083.8 	-1880.78	224.553
6  	60   	-3231.77	-2019.13	-1880.78	101.467
7  	60   	-2626.35	-1967.37	-1880.1 	74.0623
8  	60   	-4431.61	-1955.07	-1875.28	163.931
9  	60   	-6614.86	-1949.27	-1875.28	326.601
10 	60   	-6138.07	-1931.27	-1873.37	247.698
11 	60   	-4833.15	-1905.33	-1873.37	149.587
12 	60   	-4419.02	-1907.45	-1870.37	169.565
13 	60   	-4812.08	-1904.13	-1868.58	166.156
14 	60   	-2303.05	-1886.56	-1856.47	46.8345
15 	60   	-4757.1 	-1897.77	-1851.32	178.984
16 	60   	-2888.06	-1884.02	-1851.32	71.9646
17 	60   	-3681.81	-1889.03	-1838.18	118.519
18 	60   	-4549.03	-1883.69	-1827.11	165.256
19 	60   	-2965.21	-1870.93	-1827.11	92.17  
20 	60   	-3007.23	-1865.14	-1822.05	92.5073
21 	60   	-2331.95	-1850.36	-1806.66	51.6234
22 	60   	-3715.79	-1854.1 	-1806.66	118.547
23 	60   	-2676.2 	-1840.1 	-1803.86	54.8006
24 	60   	-2370.36	-1835.38	-1803.86	36.5846
25 	60   	-7209.19	-1847.02	-1798.71	257.091
26 	60   	-4393.49	-1833.27	-1796.06	141.035
27 	60   	-3288.43	-1829.18	-1792.74	108.793
28 	60   	-3165.2 	-1818.69	-1789.14	93.9979
29 	60   	-4344.43	-1816.1 	-1785.7 	126.08 
30 	60   	-3136.52	-1809.83	-1779.43	71.5807
31 	60   	-4818.78	-1811.47	-1779.43	147.153
32 	60   	-3562.87	-1809.66	-1776.18	119.283
33 	60   	-3640.74	-1810.29	-1773.23	123.268
34 	60   	-3390.83	-1804.71	-1771.81	116.417
35 	60   	-4329.46	-1802.85	-1771.81	152.624
36 	60   	-3462.42	-1791.87	-1771.81	95.6389
37 	60   	-5583.43	-1798.69	-1771.2 	184.269
38 	60   	-2821.99	-1792.41	-1771.2 	88.1408
39 	60   	-4437.88	-1798.64	-1771.2 	160.069
40 	60   	-2955.94	-1789.58	-1767.73	81.5134
41 	60   	-2407.48	-1784.82	-1765.28	61.0594
42 	60   	-31812.3	-1890.24	-1765.28	1610.86
43 	60   	-3352.03	-1788.94	-1763.53	100.644
44 	60   	-2572.45	-1780.44	-1763.53	54.4863
45 	60   	-2867.58	-1786.8 	-1763.53	86.8927
46 	60   	-6957.89	-1800.84	-1762.17	273.128
47 	60   	-2778.49	-1784.3 	-1761.13	90.1368
48 	60   	-2621.64	-1774.97	-1761.13	58.4409
49 	60   	-2552.58	-1777.33	-1761.13	68.5331
50 	60   	-4240.47	-1788.24	-1760.43	156.852
51 	60   	-3754.94	-1779.9 	-1760.43	113.256
52 	60   	-2573.97	-1773.67	-1760.43	67.3972
53 	60   	-3856.04	-1787.12	-1759.73	144.493
54 	60   	-11806.1	-1798.22	-1759.73	456.455
55 	60   	-2396.67	-1769.78	-1759.7 	41.4896
56 	60   	-2805.35	-1779.35	-1759.16	87.9116
57 	60   	-3100.72	-1773.92	-1757.9 	91.5991
58 	60   	-1952.96	-1765.14	-1757.9 	24.2302
59 	60   	-4150.98	-1785.13	-1757.9 	158.243
60 	60   	-2018.53	-1767.96	-1756.64	34.1208
61 	60   	-2182.88	-1767.06	-1756.38	37.6456
62 	60   	-3982.91	-1772.36	-1755.83	110.511
63 	60   	-2527.9 	-1770.58	-1755.83	61.1003
64 	60   	-4120.75	-1783.81	-1755.33	150.087
65 	60   	-3107.47	-1769.78	-1755.33	85.5293
66 	60   	-2913.97	-1773.06	-1754.77	91.259 
67 	60   	-2600.12	-1768.04	-1754.51	70.3306
68 	60   	-4267.99	-1775.85	-1754.51	129.056
69 	60   	-3165.8 	-1774.6 	-1753.81	106.627
70 	60   	-2705.63	-1768.3 	-1753.75	73.1057
71 	60   	-4548.42	-1772.88	-1753.11	140.628
72 	60   	-2937.37	-1770.61	-1753.11	85.4844
73 	60   	-2544.05	-1765.66	-1752.41	65.3125
74 	60   	-11929.9	-1795.04	-1752.41	513.292
75 	60   	-3995.54	-1777.25	-1752.41	166.212
76 	60   	-3309.58	-1770.18	-1750.89	103.889
77 	60   	-4598.68	-1775.33	-1750.89	186.492
78 	60   	-2551.15	-1763.98	-1750.89	57.9149
79 	60   	-2355.2 	-1761.22	-1750.49	49.2227
80 	60   	-8140   	-1786.3 	-1750.37	346.672
81 	60   	-3657.58	-1768.22	-1748.32	113.957
82 	60   	-5700.07	-1778.16	-1748.32	224.712
83 	60   	-2264.13	-1758.99	-1747.92	41.9968
84 	60   	-2878.7 	-1763.57	-1747.92	80.2953
85 	60   	-2866.08	-1760.14	-1747.92	64.8795
86 	60   	-2884.94	-1758.93	-1747.5 	59.6175
87 	60   	-10196.6	-1805.85	-1747.42	557.71 
88 	60   	-3407.35	-1764.26	-1746.94	95.374 
89 	60   	-3241.1 	-1765.87	-1746.94	116.044
90 	60   	-2356.67	-1755.13	-1746.24	42.4312
91 	60   	-4833.95	-1775.4 	-1745.27	197.346
92 	60   	-2826.56	-1759.14	-1745.27	61.9812
93 	60   	-3234.18	-1763.68	-1745.27	108.383
94 	60   	-4442.3 	-1773.73	-1745.27	187.548
95 	60   	-4701.72	-1763.03	-1744.02	142.577
96 	60   	-2386.45	-1756.6 	-1743.88	55.8427
97 	60   	-2115.02	-1755.18	-1743.88	37.1078
98 	60   	-2382.43	-1756.3 	-1743.88	51.9893
99 	60   	-2615.21	-1758.92	-1743.35	70.3159
gen	depth	min     	avg     	max     	std    
0  	60   	-9520.96	-2802.45	-2093.54	656.334
1  	60   	-5581.13	-2462   	-2058.5 	292.096
2  	60   	-4540.12	-2287.13	-2002.55	184.35 
3  	60   	-5230.49	-2216.6 	-2002.55	227.635
4  	60   	-7037.28	-2160.59	-2002.55	292.428
5  	60   	-2970.47	-2107.08	-1990.85	98.8386
6  	60   	-6119.66	-2097.75	-1935.71	234.453
7  	60   	-5001.77	-2076.63	-1935.71	199.843
8  	60   	-3479.13	-2046.17	-1928.74	115.305
9  	60   	-3446.66	-2025   	-1927.61	110.557
10 	60   	-2631.86	-2004.16	-1914.99	68.3217
11 	60   	-4269.02	-1994.23	-1895.2 	180.003
12 	60   	-5978.58	-1983.25	-1890.16	225.738
13 	60   	-3092.98	-1952.2 	-1880.93	87.6317
14 	60   	-3771.41	-1943.2 	-1880.93	120.768
15 	60   	-3775.39	-1935.82	-1870.09	145.652
16 	60   	-3482.41	-1923.81	-1856.35	121.026
17 	60   	-2895.02	-1906.97	-1847.74	79.9968
18 	60   	-3013.8 	-1898.6 	-1847.74	75.5302
19 	60   	-3158.41	-1895.45	-1837.13	99.0826
20 	60   	-3129.88	-1883.2 	-1834.73	83.5242
21 	60   	-3065.56	-1878.6 	-1834.33	91.4759
22 	60   	-3890.36	-1874.74	-1829   	139.226
23 	60   	-3753.9 	-1868.17	-1827.82	132.705
24 	60   	-3549.74	-1861.59	-1820.35	119.829
25 	60   	-2672   	-1853.17	-1819.22	81.442 
26 	60   	-2773.5 	-1848.71	-1810.31	81.9383
27 	60   	-3747.41	-1843.34	-1804.34	98.1836
28 	60   	-2978.87	-1840.5 	-1802.67	88.7519
29 	60   	-5751.51	-1843.66	-1802.67	200.256
30 	60   	-2395.05	-1826.11	-1802.67	59.5599
31 	60   	-3782.1 	-1836.69	-1786.66	138.753
32 	60   	-3614.15	-1822.55	-1786.66	100.548
33 	60   	-3961.89	-1824.05	-1786.66	138.72 
34 	60   	-2949.19	-1815.01	-1786.66	81.0376
35 	60   	-6756.49	-1822.74	-1782.18	233.078
36 	60   	-3552.02	-1816.93	-1777.88	106.923
37 	60   	-3018.3 	-1809.33	-1777.88	86.9783
38 	60   	-3455.76	-1809.25	-1775.55	113.666
39 	60   	-6170.95	-1815.98	-1775.55	225.869
40 	60   	-2400.68	-1795.52	-1770.85	53.5664
41 	60   	-3380.9 	-1795.66	-1770.85	96.0097
42 	60   	-2440.11	-1792.62	-1770.41	58.6595
43 	60   	-2751.9 	-1789.13	-1766.96	59.6772
44 	60   	-2485.51	-1784.75	-1762.75	55.811 
45 	60   	-4871.14	-1802.86	-1759.83	222.985
46 	60   	-2419.02	-1783.7 	-1759.83	56.0058
47 	60   	-13390.3	-1806.07	-1759.11	530.835
48 	60   	-5901.07	-1789.07	-1757.21	237.727
49 	60   	-2818.1 	-1773.8 	-1757.21	72.4002
50 	60   	-3954.48	-1779.54	-1755.61	125.223
51 	60   	-7107.88	-1792.31	-1755.61	305.944
52 	60   	-2443.72	-1770.24	-1754.93	53.7515
53 	60   	-3301.7 	-1773.58	-1752.24	93.2816
54 	60   	-5410.14	-1783.07	-1752.24	197.051
55 	60   	-53876.5	-1876.98	-1752.23	2329.15
56 	60   	-3744.09	-1772.52	-1751.05	109.176
57 	60   	-2561.74	-1769.77	-1749.79	72.4534
58 	60   	-3220.41	-1776.17	-1748.71	109.279
59 	60   	-2210.22	-1764.35	-1747.87	50.7936
60 	60   	-2484.89	-1765.9 	-1747.87	68.6515
61 	60   	-2317.67	-1762.65	-1746.35	49.7956
62 	60   	-10832.6	-1783.01	-1746.35	410.823
63 	60   	-2246.84	-1759.24	-1745.91	51.6537
64 	60   	-2836.73	-1764   	-1745.91	77.539 
65 	60   	-2446.09	-1760.55	-1745.91	64.9926
66 	60   	-2515.59	-1756.57	-1745.14	54.0276
67 	60   	-2420.99	-1757.15	-1745.14	46.761 
68 	60   	-2455.17	-1760.16	-1745.03	61.7801
69 	60   	-3391.54	-1766.12	-1741.73	116.026
70 	60   	-2639.61	-1753.94	-1741.73	54.7374
71 	60   	-9657.78	-1788.41	-1741.73	421.701
72 	60   	-3080.24	-1757.6 	-1741.73	74.025 
73 	60   	-2975.07	-1756.64	-1741.73	68.4148
74 	60   	-6822.6 	-1771.67	-1741.73	251.989
75 	60   	-4297.58	-1765.01	-1741.73	152.262
76 	60   	-2637.69	-1758.98	-1741.73	71.2611
77 	60   	-2573.53	-1755.68	-1741.73	68.7262
78 	60   	-2489.98	-1751.51	-1741.73	50.9783
79 	60   	-2664.14	-1755.68	-1741.73	73.9553
80 	60   	-2306.18	-1749.32	-1741.73	40.4136
81 	60   	-2576.85	-1757.76	-1741.73	74.0299
82 	60   	-8159.58	-1776.14	-1741.73	309.88 
83 	60   	-3112.03	-1761.74	-1741.73	107.177
84 	60   	-2147.71	-1750.53	-1741.73	35.7151
85 	60   	-2607.4 	-1752.92	-1741.73	61.3372
86 	60   	-2623.32	-1752.91	-1741.73	61.9637
87 	60   	-3240.79	-1755.4 	-1741.73	83.9016
88 	60   	-3474.71	-1756.98	-1741.73	100.264
89 	60   	-5334.46	-1759.43	-1741.73	170.369
90 	60   	-2947.19	-1757.24	-1741.73	70.5157
91 	60   	-14192  	-1786.36	-1741.73	590.351
92 	60   	-2576.26	-1756.34	-1741.73	66.0416
93 	60   	-2818.74	-1755.29	-1741.73	70.2161
94 	60   	-3968.13	-1763.95	-1741.73	156.969
95 	60   	-6321.05	-1762.08	-1741.73	237.272
96 	60   	-2365.64	-1752.54	-1741.73	50.872 
97 	60   	-2607.83	-1749.37	-1741.73	50.1607
98 	60   	-2068.23	-1747.59	-1741.73	31.7047
99 	60   	-2182.69	-1750.23	-1741.73	40.2843
gen	depth	min     	avg     	max     	std    
0  	60   	-9592.53	-2776.7 	-2045.72	707.469
1  	60   	-6520.89	-2411.17	-2041.96	336.356
2  	60   	-4109.54	-2233.86	-2007.33	162.841
3  	60   	-3514.53	-2150.26	-1976.82	125.703
4  	60   	-9674.92	-2138.26	-1964.04	459.468
5  	60   	-3219.1 	-2072.26	-1921.77	104.68 
6  	60   	-6272.44	-2060.92	-1894.47	202.045
7  	60   	-3134.46	-2032.55	-1889.83	102.359
8  	60   	-8796.63	-2047.15	-1889.83	490.18 
9  	60   	-3053.64	-1984.45	-1865.57	100.936
10 	60   	-6040.94	-1963.7 	-1854.68	212.222
11 	60   	-2639.43	-1935.36	-1854.1 	89.665 
12 	60   	-3220.2 	-1916.04	-1854.1 	104.361
13 	60   	-2889.12	-1900.29	-1840.59	88.3264
14 	60   	-3986.81	-1891.46	-1837.18	132.621
15 	60   	-10037.1	-1893.1 	-1837.18	382.286
16 	60   	-3831.55	-1874.19	-1836.56	122.015
17 	60   	-5259.68	-1875.52	-1836.56	184.102
18 	60   	-2804.86	-1859.15	-1835.48	81.3903
19 	60   	-3173.04	-1855.24	-1831.09	82.7617
20 	60   	-14576  	-1909.82	-1827.43	673.776
21 	60   	-8141.75	-1871.9 	-1827.43	299.02 
22 	60   	-4152.23	-1862.5 	-1827.43	175.582
23 	60   	-3521.36	-1851.05	-1826.73	99.0243
24 	60   	-4682.82	-1862.59	-1823.99	211.019
25 	60   	-2839.92	-1841.26	-1822.67	66.89  
26 	60   	-3093.56	-1852.63	-1821.79	129.109
27 	60   	-3984.6 	-1850.82	-1807.17	150.978
28 	60   	-4117.52	-1849.61	-1807.17	175.851
29 	60   	-7077.63	-1850.72	-1807.17	250.716
30 	60   	-4200.95	-1839.15	-1807.17	120.6  
31 	60   	-2579.39	-1834.39	-1807.17	65.3983
32 	60   	-2965.55	-1832.01	-1806.27	79.5545
33 	60   	-6352.51	-1843.33	-1802.66	244.449
34 	60   	-3667.33	-1826.19	-1801.96	103.14 
35 	60   	-3443.43	-1829.37	-1801.06	115.275
36 	60   	-3131.26	-1820.11	-1798.05	80.3437
37 	60   	-3175.36	-1828.63	-1797.39	110.232
38 	60   	-2748.43	-1814.35	-1797.39	58.7393
39 	60   	-5494.49	-1840.4 	-1797.39	283.1  
40 	60   	-3011.64	-1821.23	-1794.35	95.8895
41 	60   	-3414.2 	-1814.04	-1794.35	93.1408
42 	60   	-2802.69	-1812.95	-1791.21	69.9131
43 	60   	-2688.76	-1813.95	-1790.85	79.1761
44 	60   	-2788.45	-1809.2 	-1790.02	70.007 
45 	60   	-3017.54	-1810.17	-1788.28	81.1871
46 	60   	-2310.38	-1801.6 	-1783.3 	40.5244
47 	60   	-3945.13	-1814.93	-1783.3 	142.946
48 	60   	-11221.9	-1832.53	-1783.3 	461.488
49 	60   	-3749.83	-1807.12	-1781.57	112.292
50 	60   	-3004.49	-1801.27	-1779.24	82.5529
51 	60   	-2511.42	-1802.37	-1776.66	69.267 
52 	60   	-2929.08	-1802.57	-1775.49	92.3321
53 	60   	-2381.55	-1795.18	-1774.52	64.3862
54 	60   	-3034.78	-1797.28	-1770.55	85.9559
55 	60   	-4806.08	-1816.11	-1770.55	222.654
56 	60   	-12318.8	-1812.41	-1769.03	476.198
57 	60   	-3362.81	-1795.87	-1768.85	135.685
58 	60   	-2887.36	-1790.43	-1768.21	87.272 
59 	60   	-4246.86	-1796.57	-1768.21	183.596
60 	60   	-2622.89	-1786.4 	-1767.55	77.4847
61 	60   	-4265.17	-1789.88	-1767.55	151.38 
62 	60   	-3926.84	-1790   	-1767.37	132.152
63 	60   	-3622.57	-1790.58	-1765.21	134.033
64 	60   	-2664.42	-1783.12	-1763.99	76.3924
65 	60   	-2529.46	-1778.33	-1763.99	53.2191
66 	60   	-3137.08	-1777.43	-1763.38	74.5605
67 	60   	-4932.44	-1790.33	-1763.38	171.91 
68 	60   	-2257.11	-1774.01	-1760.34	39.4279
69 	60   	-3180.6 	-1779.88	-1760.33	93.854 
70 	60   	-2495.59	-1780.75	-1759.53	72.8707
71 	60   	-5151.41	-1788.7 	-1757.58	194.24 
72 	60   	-2652.65	-1773.55	-1755.6 	64.9908
73 	60   	-6512.73	-1776.22	-1755.23	214.522
74 	60   	-3194.28	-1778.86	-1755.23	121.245
75 	60   	-5212.62	-1778.5 	-1753.85	171.641
76 	60   	-2175.6 	-1764.89	-1753.85	31.9563
77 	60   	-2220.65	-1765.76	-1752.33	40.2045
78 	60   	-2248.32	-1763.94	-1752.33	37.3268
79 	60   	-4978.03	-1769.93	-1749.04	153.262
80 	60   	-5076.41	-1770.6 	-1749.04	154.741
81 	60   	-4130.55	-1770.46	-1748.34	122.935
82 	60   	-3988.88	-1767.3 	-1746.14	121.922
83 	60   	-2598.12	-1761.37	-1744.53	60.8259
84 	60   	-2658.57	-1765.85	-1743   	90.9564
85 	60   	-4126.96	-1764.19	-1743   	118.992
86 	60   	-2707.59	-1763.37	-1743   	75.2056
87 	60   	-2316.35	-1756.51	-1742.91	56.6007
88 	60   	-4232.84	-1762.22	-1742.91	132.114
89 	60   	-2331.57	-1757.02	-1739.21	60.9921
90 	60   	-12915.6	-1780.96	-1739.21	510.281
91 	60   	-4912.43	-1770.22	-1739.21	193.738
92 	60   	-2711.28	-1756.25	-1739.21	75.5365
93 	60   	-2455.58	-1755.58	-1738.01	66.0216
94 	60   	-2284.68	-1750.6 	-1738.01	48.4674
95 	60   	-6596.43	-1756.75	-1733.79	219.073
96 	60   	-2351.65	-1747.86	-1731.08	45.3256
97 	60   	-1990.27	-1746.06	-1731.08	29.1528
98 	60   	-3467.41	-1752.93	-1730.65	119.279
99 	60   	-2210.16	-1743.25	-1728.06	42.8851
gen	depth	min     	avg     	max     	std    
0  	60   	-9960.34	-2803.34	-2114.86	591.045
1  	60   	-29073.1	-2567.45	-2093.24	1506.54
2  	60   	-5522.82	-2330.99	-2012.39	252.7  
3  	60   	-4241.58	-2227.15	-1911.09	151.456
4  	60   	-8734.9 	-2173.74	-1911.09	331.507
5  	60   	-4589.24	-2124.95	-1911.09	187.677
6  	60   	-3426.05	-2065.32	-1882.79	121.136
7  	60   	-3492.43	-2027.82	-1882.79	133.295
8  	60   	-3870.44	-1988.5 	-1882.79	118.723
9  	60   	-4052.25	-1952.44	-1875.42	116.49 
10 	60   	-3080.56	-1934.34	-1867.31	103.193
11 	60   	-2915.33	-1908.64	-1862.54	70.1889
12 	60   	-3931.69	-1919.54	-1862.54	169.892
13 	60   	-2689.04	-1889.64	-1856.94	52.7751
14 	60   	-3221.58	-1894.98	-1854.35	109.557
15 	60   	-4186.02	-1900.2 	-1844.85	151.424
16 	60   	-3432.74	-1891.33	-1838.55	128.206
17 	60   	-5309.9 	-1885.13	-1838.55	193.239
18 	60   	-4120.79	-1879.61	-1836.13	140.685
19 	60   	-6966.42	-1888.03	-1832.39	300.502
20 	60   	-2397.26	-1857.85	-1831.74	52.2187
21 	60   	-10769.3	-1904.79	-1828.65	560.045
22 	60   	-4363.26	-1856.55	-1824.25	123.911
23 	60   	-3399.22	-1855.08	-1822.7 	93.6422
24 	60   	-5134.33	-1872.86	-1820.91	245.383
25 	60   	-7828.81	-1864   	-1816.94	284.777
26 	60   	-4844.61	-1856.57	-1814.19	192.917
27 	60   	-2722.76	-1843.47	-1811.71	73.276 
28 	60   	-3715.95	-1846.36	-1809.67	127.249
29 	60   	-2946.47	-1840.61	-1808.45	104.643
30 	60   	-2522.95	-1828.34	-1808.45	48.4561
31 	60   	-2530.05	-1828.27	-1807.75	63.3425
32 	60   	-2588.66	-1824.23	-1807.05	62.0846
33 	60   	-11196.6	-1853.22	-1806.35	442.456
34 	60   	-2593.72	-1824.08	-1804.65	70.2663
35 	60   	-3189.89	-1830.71	-1804.65	116.277
36 	60   	-3806.83	-1828.42	-1801.59	141.8  
37 	60   	-3211.52	-1821.46	-1799.93	91.0886
38 	60   	-2612.88	-1819.75	-1795.96	67.3456
39 	60   	-3565.6 	-1816.45	-1794.38	92.1867
40 	60   	-8613.35	-1834.8 	-1791.18	324.148
41 	60   	-3221.62	-1816.04	-1789.54	82.5529
42 	60   	-2912.11	-1813.55	-1782.97	79.9945
43 	60   	-4313.34	-1813.51	-1781.61	128.933
44 	60   	-4094.01	-1815.72	-1779.24	141.544
45 	60   	-3413.93	-1813.16	-1775.92	114.227
46 	60   	-2292.66	-1800.12	-1773.62	53.9558
47 	60   	-3227.37	-1803.44	-1772.82	104.624
48 	60   	-3984.71	-1804.15	-1770.43	157.502
49 	60   	-21578.5	-1840.69	-1770.43	893.925
50 	60   	-2657.08	-1787.36	-1763.74	53.3796
51 	60   	-3255.64	-1787.88	-1763.04	90.0825
52 	60   	-5508.26	-1802.51	-1759.82	214.748
53 	60   	-2602.34	-1781.47	-1759.42	57.1498
54 	60   	-2351.53	-1778.36	-1756.13	48.3805
55 	60   	-3515.83	-1781.55	-1756.13	104.58 
56 	60   	-2643.04	-1775.13	-1755.19	59.1077
57 	60   	-2522.61	-1775.79	-1753.49	74.3605
58 	60   	-2357.75	-1774   	-1753.49	62.3757
59 	60   	-2326.25	-1770.53	-1750.44	48.1949
60 	60   	-22479.2	-1813.95	-1747.24	931.314
61 	60   	-3438.22	-1772.35	-1745.63	114.163
62 	60   	-5025.09	-1778.06	-1745.63	175.543
63 	60   	-12677  	-1781.77	-1743.79	489.321
64 	60   	-2365.23	-1760.74	-1743.79	54.1867
65 	60   	-2226.65	-1756.47	-1741.59	39.5534
66 	60   	-2842.23	-1757.11	-1741.31	70.9797
67 	60   	-4673.49	-1763.4 	-1741.19	149.458
68 	60   	-2111.2 	-1750.27	-1740.61	35.4825
69 	60   	-2190.87	-1751.21	-1740.61	43.7226
70 	60   	-2624.42	-1749.91	-1740.49	50.3607
71 	60   	-3552.39	-1756.61	-1740.49	102.989
72 	60   	-2170.55	-1750.23	-1740.09	44.4115
73 	60   	-4861.74	-1762.3 	-1740.09	162.503
74 	60   	-2438.15	-1749.7 	-1739.79	45.1477
75 	60   	-2245.57	-1749.83	-1739.39	45.9682
76 	60   	-2049.54	-1746.91	-1739.09	32.5565
77 	60   	-4280.06	-1763   	-1739.09	177.344
78 	60   	-2187.66	-1749.09	-1738.97	37.9138
79 	60   	-2900.67	-1755.22	-1738.69	94.3775
80 	60   	-4189.27	-1759.88	-1738.27	145.399
81 	60   	-3410.47	-1762.21	-1737.77	124.591
82 	60   	-3045.12	-1755.61	-1736.77	91.0135
83 	60   	-2876.37	-1753.24	-1736.49	87.5109
84 	60   	-2194.31	-1747.74	-1736.06	41.9907
85 	60   	-3021.76	-1758.97	-1736.06	104.578
86 	60   	-16676.7	-1790.84	-1735.49	683.453
87 	60   	-3775.21	-1757.2 	-1734.84	128.272
88 	60   	-2200.54	-1744.33	-1733.77	37.5305
89 	60   	-2416.58	-1749.33	-1733.46	65.3975
90 	60   	-2191.5 	-1744.39	-1733.21	37.4321
91 	60   	-2084.06	-1743.9 	-1732.94	38.6549
92 	60   	-2659.8 	-1745.02	-1732.39	56.1142
93 	60   	-4097.3 	-1751.59	-1732.39	130.899
94 	60   	-10919.4	-1770.28	-1730.87	432.628
95 	60   	-3478.89	-1745.38	-1730.87	94.4435
96 	60   	-2217.39	-1744.2 	-1730.87	49.493 
97 	60   	-2335.15	-1744.79	-1730.87	62.782 
98 	60   	-2787.14	-1740.6 	-1730.3 	55.3953
99 	60   	-1939.1 	-1734.83	-1728.65	16.6788
gen	depth	min     	avg     	max     	std    
0  	60   	-4644.77	-2717.83	-2069.95	404.626
1  	60   	-6587.32	-2483.97	-2045.79	332.594
2  	60   	-3564.32	-2316.87	-2039.53	143.12 
3  	60   	-4525.68	-2242.47	-2016.01	172.294
4  	60   	-4791.01	-2170.79	-1988.41	164.934
5  	60   	-7727.43	-2146.18	-1988.41	383.385
6  	60   	-2728.55	-2080.78	-1963.18	76.2457
7  	60   	-2887.88	-2054.96	-1963.18	87.3627
8  	60   	-3572.45	-2040.94	-1961.97	112.645
9  	60   	-3590.45	-2030.74	-1953.86	135.553
10 	60   	-4116.7 	-2018.39	-1912.56	135.586
11 	60   	-3631.6 	-2000.77	-1902.38	125.111
12 	60   	-7326.66	-1993.5 	-1890.45	247.835
13 	60   	-4621.13	-1987.07	-1881.74	188.463
14 	60   	-4374.73	-1971.77	-1881.74	176.912
15 	60   	-3023.94	-1941.32	-1871.2 	84.8609
16 	60   	-5369.31	-1941.63	-1870.61	233.874
17 	60   	-2779.14	-1907.9 	-1867.01	59.1362
18 	60   	-4761.8 	-1915.77	-1863.03	206.48 
19 	60   	-3198.76	-1898.89	-1855   	103.586
20 	60   	-6165.8 	-1902.59	-1855   	208.375
21 	60   	-8627.1 	-1905.05	-1853.01	326.165
22 	60   	-2770.17	-1881.45	-1841.1 	64.5758
23 	60   	-3846.53	-1888.22	-1835.57	158.869
24 	60   	-2842.45	-1879.96	-1835.57	87.5844
25 	60   	-2605.22	-1869.82	-1828.25	66.6481
26 	60   	-2880.35	-1868.98	-1826.94	92.6161
27 	60   	-3193.91	-1861.25	-1826.82	93.488 
28 	60   	-4673.82	-1858.03	-1816.35	145.015
29 	60   	-2977.91	-1850.71	-1815.65	89.3818
30 	60   	-2135.6 	-1838.96	-1813.91	34.6762
31 	60   	-3018.79	-1844.44	-1809.91	86.6241
32 	60   	-8433.42	-1875.9 	-1809.91	389.173
33 	60   	-2648.15	-1837.03	-1809.65	79.0563
34 	60   	-4340.97	-1836.37	-1806.1 	127.323
35 	60   	-3576.67	-1837.89	-1798.07	137.513
36 	60   	-4385.69	-1836.13	-1798.07	166.346
37 	60   	-5735.12	-1835.33	-1798.07	223.069
38 	60   	-5987.17	-1846.36	-1797.14	264.528
39 	60   	-2925.25	-1817.61	-1796.76	76.6764
40 	60   	-3285.23	-1820.54	-1796.5 	99.7792
41 	60   	-5202.33	-1824.85	-1795.68	177.223
42 	60   	-2983.05	-1816.91	-1795.26	91.9224
43 	60   	-2206.01	-1808.39	-1795.26	44.1211
44 	60   	-2281.74	-1808.51	-1795.26	49.3115
45 	60   	-4887.73	-1825.99	-1795.26	204.927
46 	60   	-5015.11	-1829.28	-1792.77	215.64 
47 	60   	-3000.12	-1808.67	-1791.77	74.6241
48 	60   	-3078.9 	-1813.98	-1789.87	103.342
49 	60   	-3434.84	-1809.86	-1787.96	98.9398
50 	60   	-3471.37	-1811.22	-1787.96	108.48 
51 	60   	-4691.65	-1822.5 	-1787.26	186.727
52 	60   	-2633.46	-1807.35	-1787.03	66.576 
53 	60   	-2412.72	-1803.32	-1787.01	52.4325
54 	60   	-4236.49	-1814.95	-1786.43	166.438
55 	60   	-2514.6 	-1802.88	-1785.5 	68.1659
56 	60   	-6551.25	-1818.2 	-1784.8 	236.383
57 	60   	-2498.08	-1802.36	-1784.8 	67.1784
58 	60   	-3279.9 	-1804.9 	-1781.56	114.654
59 	60   	-3975.99	-1807.83	-1781.56	129.675
60 	60   	-2564.91	-1800.07	-1781.56	70.0953
61 	60   	-5550.84	-1809.26	-1781.56	218.066
62 	60   	-22885.8	-1851.65	-1781.56	960.775
63 	60   	-3186.03	-1801.63	-1781.56	120.048
64 	60   	-5910.7 	-1819.1 	-1781.56	260.971
65 	60   	-3411.33	-1809.08	-1779.11	121.332
66 	60   	-18028.9	-1843.36	-1779.11	751.307
67 	60   	-4598.71	-1800.43	-1776.27	138.272
68 	60   	-3167.97	-1796.46	-1776.27	85.5624
69 	60   	-2456.35	-1792.91	-1776.27	58.6842
70 	60   	-6361.07	-1805.61	-1773.39	231.954
71 	60   	-2723.17	-1792.46	-1773.39	69.5117
72 	60   	-3183.7 	-1802.43	-1773.39	110.911
73 	60   	-3923.82	-1799.73	-1771.39	147.809
74 	60   	-2922.4 	-1789.84	-1770.97	77.1777
75 	60   	-2187.6 	-1781.91	-1770.27	34.9789
76 	60   	-4776.9 	-1790.69	-1770.27	141.257
77 	60   	-15709.5	-1818.98	-1767.89	637.223
78 	60   	-2500.44	-1780.26	-1767.89	45.9257
79 	60   	-2893.15	-1779.96	-1767.76	66.9397
80 	60   	-3259.56	-1785.96	-1767.76	90.3731
81 	60   	-2352.7 	-1779.09	-1767.76	47.7992
82 	60   	-2525.91	-1778.65	-1767.76	56.6178
83 	60   	-6520.78	-1806.54	-1767.63	294.397
84 	60   	-2539.94	-1776.27	-1767.19	46.9363
85 	60   	-2714.1 	-1781.2 	-1767.19	70.1709
86 	60   	-3075.28	-1788.4 	-1767.19	116.351
87 	60   	-2297.68	-1778.82	-1767.19	55.5849
88 	60   	-3330.55	-1783.64	-1767.19	95.2676
89 	60   	-9518.3 	-1797.28	-1767.19	363.508
90 	60   	-2068   	-1772.76	-1767.19	25.5528
91 	60   	-5940.36	-1795.02	-1767.19	259.572
92 	60   	-3050.33	-1783.27	-1767.19	92.0039
93 	60   	-2624.47	-1780.79	-1767.19	72.3986
94 	60   	-3404.01	-1784.55	-1767.19	111.364
95 	60   	-2548.97	-1780.33	-1767.19	69.2036
96 	60   	-2620.45	-1782.71	-1767.19	75.0447
97 	60   	-2729.06	-1779.73	-1767.19	68.2622
98 	60   	-2645.32	-1778.59	-1767.19	62.4643
99 	60   	-3256.36	-1782.41	-1767.19	105.836
gen	depth	min     	avg     	max     	std    
0  	60   	-8246.76	-2801.11	-2060.45	630.83 
1  	60   	-4647.23	-2433.61	-2025.15	250.639
2  	60   	-4156.04	-2284.43	-2011.28	189.684
3  	60   	-5474.48	-2195.45	-2005.23	248.678
4  	60   	-3203.46	-2118.75	-1991.7 	105.825
5  	60   	-6711.86	-2109.78	-1968.5 	262.8  
6  	60   	-5449.56	-2063.69	-1963.92	193.783
7  	60   	-3370.66	-2037.32	-1925.27	103.035
8  	60   	-6239.53	-2039.47	-1920.62	293.227
9  	60   	-2733.1 	-1994.68	-1920.62	66.681 
10 	60   	-5125.34	-1996.47	-1906.78	181.586
11 	60   	-7867.25	-1982.09	-1894.66	326.782
12 	60   	-3501.23	-1952.51	-1877.5 	95.4696
13 	60   	-4044.5 	-1942.51	-1877.5 	121.956
14 	60   	-2647.86	-1927.57	-1871.26	55.2567
15 	60   	-2785.93	-1919.05	-1861.73	75.037 
16 	60   	-3765.12	-1914.97	-1861.73	121.026
17 	60   	-5828.28	-1910.83	-1857.92	196.061
18 	60   	-3409.41	-1902.22	-1851.41	131.674
19 	60   	-3090.23	-1890.11	-1850.35	98.1919
20 	60   	-3545.5 	-1896.3 	-1847.25	143.666
21 	60   	-3363.67	-1882.78	-1847.25	107.553
22 	60   	-2795.9 	-1868.87	-1844.69	57.7155
23 	60   	-2500.3 	-1865.16	-1830.32	56.4344
24 	60   	-3221.05	-1871.75	-1830.32	95.9479
25 	60   	-3574.88	-1866.6 	-1826.35	101.192
26 	60   	-2703.38	-1860.2 	-1824.67	73.2698
27 	60   	-2494.28	-1855.58	-1824.61	63.75  
28 	60   	-2379.71	-1847.54	-1822.72	48.3026
29 	60   	-3206.85	-1848.03	-1812.07	83.7063
30 	60   	-2340.25	-1839.49	-1811.71	45.1352
31 	60   	-4483.7 	-1845.54	-1807.46	156.437
32 	60   	-2978.63	-1839.11	-1805.41	90.0899
33 	60   	-4058.53	-1840.08	-1803.82	152.821
34 	60   	-4119.81	-1843.94	-1800.77	175.363
35 	60   	-15789  	-1853.59	-1792.22	632.543
36 	60   	-4593.89	-1825.22	-1791.52	159.578
37 	60   	-20885.2	-1860.77	-1790.48	857.976
38 	60   	-3577.76	-1817.92	-1786.91	104.662
39 	60   	-2211.85	-1806.23	-1786.3 	32.746 
40 	60   	-2747.82	-1810.06	-1782.55	71.0645
41 	60   	-3053.5 	-1805.63	-1782.55	75.1891
42 	60   	-4467.16	-1807.07	-1782.15	132.713
43 	60   	-2748.5 	-1807.11	-1779.51	95.2343
44 	60   	-2498.62	-1800.83	-1779.44	67.2032
45 	60   	-3667.57	-1801.6 	-1775.2 	102.116
46 	60   	-5126.91	-1810.08	-1773.09	199.339
47 	60   	-2869.26	-1793.99	-1770.36	66.6999
48 	60   	-2042.96	-1786.22	-1770.36	25.2554
49 	60   	-3505.72	-1798.34	-1763.17	130.046
50 	60   	-5486.77	-1796.33	-1763.17	178.603
51 	60   	-4748.51	-1791.11	-1763.17	148.659
52 	60   	-2359.68	-1780.99	-1760.68	43.295 
53 	60   	-3588.92	-1784.13	-1753.76	107.757
54 	60   	-2533.32	-1782.81	-1753.76	73.8251
55 	60   	-2871.15	-1778.51	-1752.83	71.178 
56 	60   	-3167.24	-1779.34	-1752.83	110.87 
57 	60   	-3253.53	-1779.71	-1751.74	118.873
58 	60   	-5976.71	-1782.77	-1750.14	211.657
59 	60   	-3105.28	-1769.26	-1750.14	82.8274
60 	60   	-4291.24	-1772.28	-1750.14	130.466
61 	60   	-3122.54	-1773.16	-1750.14	100.978
62 	60   	-4140.85	-1770.46	-1749.96	137.639
63 	60   	-6692.38	-1772.54	-1748.83	233.947
64 	60   	-6910.85	-1775.03	-1748.56	243.939
65 	60   	-3091   	-1765.96	-1748.56	95.9297
66 	60   	-2431.76	-1758.64	-1748.56	45.4799
67 	60   	-2223.73	-1760.02	-1748.56	44.4011
68 	60   	-3049.06	-1768.22	-1748.56	107.234
69 	60   	-2492.39	-1762.46	-1748.56	62.2894
70 	60   	-7999.92	-1774.15	-1748.56	286.185
71 	60   	-2757.63	-1760.05	-1748.56	67.3648
72 	60   	-3062.1 	-1759.62	-1748.56	68.4621
73 	60   	-2406.23	-1760.53	-1748.56	63.4876
74 	60   	-2583.64	-1758.94	-1748.56	53.9776
75 	60   	-2724.11	-1760.71	-1747.6 	67.5107
76 	60   	-2858.96	-1763.06	-1744.49	76.2291
77 	60   	-2728.24	-1760.17	-1744.49	79.3674
78 	60   	-8538.95	-1774.47	-1744.49	311.356
79 	60   	-2359.52	-1761   	-1744.49	63.8899
80 	60   	-2402   	-1759.56	-1743.91	53.5737
81 	60   	-2352.2 	-1756.82	-1743.38	50.3607
82 	60   	-2491.7 	-1758.26	-1743.34	63.3466
83 	60   	-7300.25	-1775.79	-1741.89	281.584
84 	60   	-6454.75	-1766.13	-1739.27	222.479
85 	60   	-2541.06	-1756.31	-1739.27	64.2982
86 	60   	-2102.05	-1752.41	-1736.73	37.3458
87 	60   	-2838.69	-1757.54	-1736.73	83.0643
88 	60   	-3094.12	-1761   	-1736.73	112.035
89 	60   	-2744.15	-1750.68	-1734.33	68.37  
90 	60   	-2385.58	-1747.55	-1734.33	43.2207
91 	60   	-2818.11	-1748.65	-1734.33	64.1642
92 	60   	-2659.95	-1746.44	-1734.13	63.0816
93 	60   	-2137.48	-1745.24	-1732.5 	40.6874
94 	60   	-2810.62	-1745.04	-1724.12	60.5073
95 	60   	-2517.37	-1745.76	-1723.37	62.5631
96 	60   	-2895.2 	-1745.46	-1723.37	65.8724
97 	60   	-3777.16	-1743.3 	-1722.81	98.0158
98 	60   	-3145.07	-1741.28	-1721.13	72.426 
99 	60   	-2520.76	-1736.41	-1720.93	43.1773
gen	depth	min     	avg     	max     	std    
0  	60   	-7967.31	-2792.97	-2047.43	638.083
1  	60   	-10202.7	-2480.85	-2005.44	542.843
2  	60   	-3118.6 	-2312.77	-2005.44	158.486
3  	60   	-3824.76	-2220.11	-1972.8 	152.186
4  	60   	-38964.3	-2237.08	-1972.8 	1670.07
5  	60   	-22615.3	-2169.63	-1967.01	1125.14
6  	60   	-4848.66	-2063.15	-1962.72	174.905
7  	60   	-3778.88	-2019.12	-1950.4 	102.811
8  	60   	-3112.41	-2001.62	-1912.7 	95.6754
9  	60   	-3086.34	-1989.89	-1905.76	97.4638
10 	60   	-3584.12	-1984.48	-1905.76	124.385
11 	60   	-17567.7	-2013.54	-1854.11	718.665
12 	60   	-11930.7	-1981.66	-1854.11	471.019
13 	60   	-4617.05	-1947.47	-1852.05	145.852
14 	60   	-6336.84	-1938.97	-1846.46	238.322
15 	60   	-2970   	-1905.63	-1832.21	94.1282
16 	60   	-2238.03	-1878.18	-1821.27	42.9199
17 	60   	-3121.18	-1876.23	-1820.77	115.655
18 	60   	-5259.13	-1878.52	-1810.14	212.725
19 	60   	-6478.19	-1861.13	-1803.14	239.998
20 	60   	-11309.9	-1889.02	-1794.6 	578.736
21 	60   	-3584.33	-1840.09	-1787.16	112.221
22 	60   	-5869.72	-1835.13	-1784.75	189.13 
23 	60   	-2533.04	-1817.57	-1782.82	49.7625
24 	60   	-3755.3 	-1816.08	-1782.16	121.581
25 	60   	-4380.22	-1824.2 	-1780.95	184.448
26 	60   	-3011.35	-1806.1 	-1780.75	91.2372
27 	60   	-5085.08	-1806.47	-1778.09	180.348
28 	60   	-6743.56	-1804.22	-1776.42	230.102
29 	60   	-3234.1 	-1798.27	-1773.15	93.8028
30 	60   	-3646.84	-1807.71	-1768.29	156.233
31 	60   	-3371.48	-1797.28	-1768.29	112.049
32 	60   	-2724.74	-1795.86	-1766.29	85.0863
33 	60   	-4079.22	-1798.02	-1765.9 	149.503
34 	60   	-3635.26	-1788.1 	-1765.9 	110.132
35 	60   	-4668.79	-1797.63	-1765.47	188.828
36 	60   	-2478.32	-1780.35	-1765.47	68.6694
37 	60   	-3320.95	-1784.06	-1765.47	120.776
38 	60   	-3275.99	-1790.96	-1764.24	125.246
39 	60   	-2465.1 	-1778.56	-1755.87	61.322 
40 	60   	-2471.29	-1779.11	-1755.87	65.4134
41 	60   	-3202.47	-1785.93	-1755.87	111.977
42 	60   	-2622.52	-1774.76	-1755.87	65.651 
43 	60   	-2366.44	-1772.87	-1755.87	50.8278
44 	60   	-4174.51	-1782.74	-1755.7 	133.678
45 	60   	-2944.29	-1778.3 	-1754.95	96.8053
46 	60   	-2520.48	-1768.04	-1754.95	56.6808
47 	60   	-2666.34	-1768.85	-1753.78	65.3067
48 	60   	-3214   	-1768.61	-1753.6 	90.3238
49 	60   	-5337.46	-1780.64	-1751.18	189.476
50 	60   	-2310.08	-1765.19	-1751.18	49.0902
51 	60   	-3557.78	-1772.57	-1750.46	114.85 
52 	60   	-2426.01	-1767.41	-1749.73	55.371 
53 	60   	-2569.79	-1764.19	-1749.41	59.3685
54 	60   	-2631.29	-1761.51	-1749.13	60.152 
55 	60   	-2310.93	-1759.3 	-1748.32	38.1358
56 	60   	-2637.31	-1760.21	-1746.38	57.373 
57 	60   	-2962.3 	-1763.02	-1742.4 	81.085 
58 	60   	-2973.33	-1765.18	-1742.4 	87.3775
59 	60   	-2741.5 	-1758.56	-1742.4 	59.1311
60 	60   	-3360.62	-1757.56	-1742.4 	78.7175
61 	60   	-5199.35	-1774.17	-1741.7 	182.606
62 	60   	-2185.5 	-1752.54	-1741.28	38.427 
63 	60   	-3933.87	-1763.23	-1737.8 	124.339
64 	60   	-2096.71	-1753.4 	-1737.8 	41.77  
65 	60   	-2024.08	-1748.61	-1737.8 	27.4119
66 	60   	-3069.47	-1759.65	-1737.8 	91.7302
67 	60   	-3571.24	-1752.97	-1735.86	100.834
68 	60   	-2335.22	-1753.12	-1735.58	58.05  
69 	60   	-2358.01	-1749.04	-1735.28	49.0788
70 	60   	-4406.16	-1753.58	-1735.13	132.634
71 	60   	-2886.14	-1748.05	-1733.48	75.102 
72 	60   	-5386.75	-1755.87	-1732.54	182.561
73 	60   	-2288.93	-1743.62	-1732.54	40.2785
74 	60   	-2667.96	-1748.03	-1731.51	69.7275
75 	60   	-2511.81	-1744.57	-1731.51	57.9165
76 	60   	-2722.13	-1750.91	-1731.51	86.0687
77 	60   	-3769.69	-1751.34	-1731.16	130.777
78 	60   	-5467.04	-1756.29	-1730.64	202.612
79 	60   	-1994.43	-1737.83	-1728.37	24.684 
80 	60   	-3066.77	-1742.66	-1728.37	81.1186
81 	60   	-2133.33	-1735.79	-1727.19	26.9246
82 	60   	-2187.18	-1740.08	-1727.19	40.5408
83 	60   	-3136.69	-1745.02	-1724.53	93.9989
84 	60   	-3405.06	-1746.18	-1723.47	106.729
85 	60   	-6059.98	-1751.6 	-1723.47	208.13 
86 	60   	-3365.82	-1742.61	-1723.45	106.687
87 	60   	-2529.3 	-1742.5 	-1722.82	81.968 
88 	60   	-3477.94	-1740.64	-1722.42	99.4359
89 	60   	-3409.6 	-1745   	-1722.42	109.845
90 	60   	-3125.51	-1739.93	-1722.42	106.577
91 	60   	-3765.69	-1737.43	-1722.42	101.606
92 	60   	-2758.47	-1740.82	-1722.42	89.0491
93 	60   	-2167.58	-1731.63	-1719.55	38.8565
94 	60   	-9837.87	-1783.81	-1719.15	503.695
95 	60   	-2436.31	-1730.55	-1717.73	45.0988
96 	60   	-3641.63	-1742.92	-1717.38	132.931
97 	60   	-6529.37	-1746.76	-1717.38	232.529
98 	60   	-5589.09	-1740.96	-1717.38	188.14 
99 	60   	-3173.07	-1732.89	-1717.28	95.9474
gen	depth	min     	avg     	max     	std    
0  	60   	-12704.8	-2814.34	-2094.55	781.107
1  	60   	-4647.36	-2419.95	-2068.73	265.89 
2  	60   	-3698.59	-2256.59	-2020.07	146.925
3  	60   	-4050.66	-2187.21	-2020.07	159.589
4  	60   	-2694.53	-2134.58	-1993.06	72.6937
5  	60   	-3999.91	-2116.58	-1986.26	141.788
6  	60   	-3120.15	-2081.98	-1966.05	98.661 
7  	60   	-4815.4 	-2063.07	-1960.43	200.511
8  	60   	-3019.92	-2023.7 	-1914.5 	69.0812
9  	60   	-3230.11	-2007.31	-1914.5 	76.6915
10 	60   	-8450.58	-2023.18	-1898.7 	396.647
11 	60   	-3720.99	-1984.12	-1886.65	139.325
12 	60   	-2728.43	-1958.97	-1882.8 	67.5662
13 	60   	-13739.8	-1977.49	-1866.73	574.31 
14 	60   	-3259.06	-1927.69	-1866.73	78.055 
15 	60   	-3131.79	-1924.63	-1853.31	113.451
16 	60   	-6014.26	-1922.93	-1853.31	223.283
17 	60   	-2359.9 	-1895.34	-1851.44	48.3681
18 	60   	-2492.06	-1890.3 	-1846.07	65.9221
19 	60   	-6531.86	-1894.41	-1838.16	227.595
20 	60   	-4274.39	-1879.57	-1829.53	125.551
21 	60   	-2893.04	-1865.58	-1827.02	67.012 
22 	60   	-2584.32	-1860.77	-1824.99	57.2947
23 	60   	-2882.94	-1853.97	-1813.63	77.5238
24 	60   	-10581.2	-1895.45	-1813.63	457.012
25 	60   	-2707.21	-1848.8 	-1813.63	75.6088
26 	60   	-5837.43	-1851.66	-1809.42	198.141
27 	60   	-2712.47	-1839.74	-1808.47	79.0418
28 	60   	-2375.94	-1831.8 	-1803.08	54.2884
29 	60   	-2356.33	-1826.54	-1800.85	49.8997
30 	60   	-4271.32	-1829.59	-1798.6 	132.95 
31 	60   	-3522.58	-1824.18	-1798.6 	95.2732
32 	60   	-3579.09	-1825.89	-1795.35	116.385
33 	60   	-2408.96	-1818.44	-1795.12	60.6659
34 	60   	-2772.6 	-1813.98	-1795.12	68.6004
35 	60   	-4076.89	-1827.47	-1794.42	147.904
36 	60   	-4795.71	-1819.22	-1793.36	154.399
37 	60   	-2314.98	-1809.21	-1792.86	60.6432
38 	60   	-3262.92	-1811.84	-1791.82	92.5209
39 	60   	-2691.56	-1805.76	-1790.05	61.089 
40 	60   	-2243.27	-1804.87	-1790.05	45.3008
41 	60   	-2474.13	-1806.81	-1789.55	62.1785
42 	60   	-3894.35	-1803.54	-1788.8 	98.9507
43 	60   	-8161.16	-1834.07	-1788.8 	368.427
44 	60   	-2622.25	-1802.19	-1787.96	60.0199
45 	60   	-2340.14	-1803.12	-1787.96	53.4465
46 	60   	-3218.63	-1808.62	-1785.3 	108.421
47 	60   	-2156.04	-1796.89	-1779.9 	37.1385
48 	60   	-3047.2 	-1807.32	-1774.83	100.759
49 	60   	-2478.11	-1800.21	-1771.09	58.4555
50 	60   	-4023.8 	-1803.43	-1771.01	125.597
51 	60   	-3382.09	-1804.08	-1770.39	121.207
52 	60   	-3810.25	-1800.44	-1769.54	111.617
53 	60   	-4951.03	-1799.3 	-1764.4 	165.263
54 	60   	-3186.89	-1786.27	-1764.2 	77.2689
55 	60   	-2716.84	-1780.78	-1763.53	62.7264
56 	60   	-3842.09	-1782.01	-1761.8 	104.892
57 	60   	-2458.41	-1777.84	-1761.41	60.7182
58 	60   	-4070.7 	-1778.86	-1759.23	121.598
59 	60   	-2096.22	-1770.76	-1759.23	32.4231
60 	60   	-6755.87	-1782.39	-1756.72	232.658
61 	60   	-2832.25	-1776.04	-1756.72	72.0123
62 	60   	-3912.86	-1777.06	-1753.96	118.937
63 	60   	-3077.36	-1772.15	-1752.37	82.2717
64 	60   	-3215.13	-1772.67	-1751.67	100.757
65 	60   	-2147.32	-1764.99	-1751.57	39.1772
66 	60   	-2654.11	-1767.02	-1751.57	74.3985
67 	60   	-2096.94	-1761.69	-1751.57	35.8042
68 	60   	-5094.14	-1777.72	-1751.57	201.348
69 	60   	-2367.79	-1764.57	-1751.02	53.1074
70 	60   	-2739.19	-1766.73	-1750.62	81.0628
71 	60   	-3526.94	-1768.33	-1750.48	126.568
72 	60   	-2250.11	-1764.2 	-1741.9 	59.7134
73 	60   	-2810.21	-1766.76	-1738.66	81.2924
74 	60   	-2893.87	-1761.57	-1738.66	71.7814
75 	60   	-2731.86	-1764.41	-1737.35	89.5106
76 	60   	-2317.87	-1753.82	-1737.35	38.2732
77 	60   	-9666.66	-1776.08	-1737.23	378.229
78 	60   	-2416.12	-1753.84	-1734.08	61.8458
79 	60   	-2691.69	-1752.63	-1734.08	76.5495
80 	60   	-3047.88	-1753.22	-1733.12	96.3401
81 	60   	-2287.99	-1747.16	-1733.12	52.8991
82 	60   	-4219.54	-1750.86	-1732.42	128.816
83 	60   	-3318.03	-1751.25	-1732.42	106.282
84 	60   	-3625.08	-1748.68	-1731.78	119.226
85 	60   	-9542.22	-1769.59	-1731.72	359.826
86 	60   	-4947.92	-1762.75	-1729.15	217.02 
87 	60   	-2738.01	-1746.46	-1729.15	75.0096
88 	60   	-2430.08	-1743.23	-1729.15	52.1354
89 	60   	-2341.6 	-1744.41	-1728.44	59.7878
90 	60   	-3693.03	-1746.37	-1728.44	101.251
91 	60   	-2515.44	-1741.31	-1725.49	60.4909
92 	60   	-3863.62	-1743.9 	-1724.77	109.266
93 	60   	-5600.68	-1750.78	-1723.57	192.651
94 	60   	-2220.63	-1734.21	-1723.39	33.7967
95 	60   	-4945.05	-1748.83	-1720.05	211.209
96 	60   	-2287.52	-1738.1 	-1720.05	53.833 
97 	60   	-5725.18	-1755.03	-1720.05	262.49 
98 	60   	-2115.37	-1734.45	-1720.05	46.2643
99 	60   	-2353.71	-1731.45	-1719.78	41.7023
gen	depth	min     	avg     	max     	std    
0  	60   	-6092.77	-2779.96	-2081.21	528.203
1  	60   	-3258.99	-2430.82	-2069.78	203.412
2  	60   	-10141.9	-2325.42	-2045.1 	414.376
3  	60   	-7246.24	-2237.75	-1982.29	326.364
4  	60   	-2890.12	-2149.3 	-1951.92	86.7376
5  	60   	-9558.92	-2151.8 	-1951.92	441.046
6  	60   	-9589.19	-2098.6 	-1951.92	345.458
7  	60   	-7072.18	-2076.84	-1903.44	262.614
8  	60   	-2868.04	-2032.31	-1877.9 	80.3203
9  	60   	-2900.17	-2000.77	-1872.29	78.7873
10 	60   	-4476.21	-1971.91	-1868.29	138.195
11 	60   	-7156.75	-1947.43	-1868.29	241.724
12 	60   	-3183.44	-1922.97	-1851.08	106.841
13 	60   	-3513.96	-1906.09	-1846.71	105.31 
14 	60   	-2854.44	-1894.57	-1838.7 	78.9646
15 	60   	-7828.26	-1904.9 	-1829.4 	293.638
16 	60   	-4931.55	-1884.07	-1829.39	172.984
17 	60   	-4904.7 	-1879.78	-1817.5 	210.722
18 	60   	-2328.34	-1851.65	-1817.5 	44.5006
19 	60   	-2656.33	-1849.47	-1817.5 	64.3834
20 	60   	-2830.87	-1844.45	-1812.98	73.9016
21 	60   	-6244.55	-1852.44	-1807.36	218.305
22 	60   	-2520.26	-1829.83	-1803.2 	41.7197
23 	60   	-7034.45	-1864.44	-1801.62	372.832
24 	60   	-2550.14	-1826.32	-1795.91	58.5067
25 	60   	-2435.29	-1818.76	-1795.74	41.6115
26 	60   	-4729.17	-1823.62	-1791.43	150.184
27 	60   	-3761.94	-1824.04	-1787.57	132.843
28 	60   	-2491.54	-1812.28	-1786.48	56.0659
29 	60   	-3924.83	-1818.32	-1784.05	146.275
30 	60   	-2451.51	-1810.08	-1784.05	75.6875
31 	60   	-2551.56	-1804.08	-1777.03	58.1324
32 	60   	-2228.56	-1798.32	-1773.86	43.088 
33 	60   	-3184.38	-1804.73	-1773.86	99.0333
34 	60   	-2156.27	-1792.42	-1772.76	35.6802
35 	60   	-2240.44	-1791.03	-1772.36	40.583 
36 	60   	-2642.72	-1794.4 	-1771.5 	72.5957
37 	60   	-2694.89	-1785.84	-1767.49	53.5373
38 	60   	-3707.65	-1795.08	-1767.49	137.924
39 	60   	-3744.89	-1793.47	-1767.49	135.628
40 	60   	-2698.84	-1785.86	-1767.49	69.0498
41 	60   	-2696.71	-1779.72	-1767.49	49.8858
42 	60   	-4245.72	-1787.86	-1767.49	136.24 
43 	60   	-3856.05	-1786.12	-1767.49	113.004
44 	60   	-10817.8	-1801.04	-1767.49	410.01 
45 	60   	-3275.27	-1786.13	-1767.49	107.871
46 	60   	-2440.73	-1779.26	-1767.49	55.2433
47 	60   	-3757.49	-1786.19	-1767.49	122.513
48 	60   	-3979.14	-1785.01	-1767.49	127.929
49 	60   	-3291.49	-1783.98	-1766.94	101.729
50 	60   	-5088.88	-1803.74	-1766.94	251.161
51 	60   	-3705.48	-1789.14	-1762.81	130.492
52 	60   	-2518.11	-1778.7 	-1762.81	56.1198
53 	60   	-4519.31	-1785.09	-1761.95	140.557
54 	60   	-3039.15	-1780.4 	-1761.95	81.3565
55 	60   	-2395.54	-1783.38	-1760.25	74.1883
56 	60   	-2749.95	-1773.46	-1760.25	65.663 
57 	60   	-8425.33	-1796.63	-1760.25	316.88 
58 	60   	-2669.17	-1774.03	-1760.25	67.4343
59 	60   	-2798.4 	-1772.28	-1760.25	61.9066
60 	60   	-2482.24	-1771.7 	-1760.25	55.8007
61 	60   	-2689.81	-1779.01	-1760.25	88.2343
62 	60   	-2798.17	-1770.57	-1758.86	61.1522
63 	60   	-2002.53	-1764.94	-1758.86	23.2297
64 	60   	-5416.37	-1792.94	-1758.86	229.796
65 	60   	-2714.04	-1772.25	-1751.69	66.63  
66 	60   	-2404.94	-1768.53	-1751.1 	43.5444
67 	60   	-4798.39	-1784.71	-1750.94	184.923
68 	60   	-2234.88	-1769.23	-1750.94	51.2407
69 	60   	-3701.72	-1771.85	-1747.64	120.798
70 	60   	-2232.3 	-1761.82	-1747.64	42.6344
71 	60   	-2437.87	-1762.63	-1747.64	60.122 
72 	60   	-12127.8	-1786.38	-1747.54	468.964
73 	60   	-3555.53	-1768.01	-1747.54	115.341
74 	60   	-2466.66	-1757.52	-1747.45	49.3839
75 	60   	-3435.19	-1761.73	-1747.45	90.3269
76 	60   	-3387.11	-1765.34	-1747.45	106.793
77 	60   	-4078.61	-1765.89	-1747.03	124.204
78 	60   	-2159.29	-1754.54	-1746.94	33.9869
79 	60   	-2682.63	-1760.99	-1746.94	67.474 
80 	60   	-2533.66	-1756.57	-1746.94	51.5645
81 	60   	-2213.97	-1757.72	-1745.12	48.4666
82 	60   	-2811.92	-1763.93	-1744.32	86.5674
83 	60   	-5759.66	-1773.42	-1744.32	206.738
84 	60   	-2148.79	-1757.97	-1743.35	44.7195
85 	60   	-2356.61	-1756.38	-1743.35	47.8613
86 	60   	-3789.49	-1759.37	-1743.35	104.183
87 	60   	-2506.49	-1760.04	-1743.35	72.1068
88 	60   	-2446.58	-1755.75	-1743.35	60.7178
89 	60   	-2794.72	-1754.28	-1743.35	57.7561
90 	60   	-2852.49	-1757.02	-1743.35	66.4561
91 	60   	-2946.39	-1755   	-1743.35	75.3135
92 	60   	-2411.01	-1753.26	-1742.11	48.5337
93 	60   	-4141.24	-1766.34	-1742.08	148.329
94 	60   	-6006.62	-1768.02	-1742.08	205.924
95 	60   	-2488.54	-1754.09	-1742.08	51.0829
96 	60   	-2909.32	-1755.72	-1742.08	79.6859
97 	60   	-6025.74	-1778.28	-1741.28	273.081
98 	60   	-2733.96	-1755.85	-1740.58	75.977 
99 	60   	-2621.11	-1755.57	-1740.58	70.3642
