gen	depth	min     	avg     	max     	std    
0  	60   	-3506.74	-1778.31	-1638.34	152.6  
1  	60   	-2120.58	-1712.81	-1638.34	47.0478
2  	60   	-3109.85	-1689.85	-1637.02	76.628 
3  	60   	-1926.57	-1670.16	-1633.3 	25.4819
4  	60   	-2517.31	-1660.89	-1628.6 	45.8117
5  	60   	-2064.47	-1652.79	-1625.02	34.8263
6  	60   	-2167.75	-1646.57	-1622.36	36.5589
7  	60   	-2165.33	-1641.91	-1621.84	33.6756
8  	60   	-2634.4 	-1638.37	-1616.66	49.7928
9  	60   	-2258.23	-1634.96	-1616.66	38.9066
10 	60   	-2193.22	-1630.53	-1615.51	27.9457
11 	60   	-1777.22	-1626.93	-1614.81	10.4555
12 	60   	-1973.05	-1624.9 	-1614.81	17.1313
13 	60   	-1686.78	-1622.18	-1611.81	6.49139
14 	60   	-1978.27	-1621.1 	-1611.81	17.4012
15 	60   	-1758.49	-1618.5 	-1611.62	9.75307
16 	60   	-1711.84	-1616.85	-1611.29	7.01119
17 	60   	-1716.61	-1615.57	-1610.54	6.3935 
18 	60   	-1759.58	-1615.16	-1610.24	10.9245
19 	60   	-1797.66	-1614.31	-1609.54	12.6198
20 	60   	-1721.88	-1613.84	-1609.32	10.1705
21 	60   	-1669.3 	-1612.16	-1608.89	4.32455
22 	60   	-1787.85	-1612.99	-1608.24	12.4336
23 	60   	-1680.57	-1611.76	-1608.24	6.61108
24 	60   	-2078.64	-1612.65	-1608.24	22.6198
25 	60   	-1719.09	-1610.86	-1608.14	5.97105
26 	60   	-1650.27	-1610.23	-1608.14	3.93075
27 	60   	-1716.14	-1610.83	-1607.49	8.91645
28 	60   	-1681.48	-1609.85	-1607.49	5.75526
29 	60   	-1700.62	-1609.77	-1607.44	6.75727
30 	60   	-3413.84	-1616.72	-1607.44	99.7992
31 	60   	-1664.22	-1609.29	-1607.44	5.22222
32 	60   	-1975.87	-1610.21	-1607.44	18.2186
33 	60   	-1903.42	-1609.69	-1607.44	17.5454
34 	60   	-1665.62	-1608.53	-1606.7 	4.92427
35 	60   	-1694.25	-1608.73	-1606.7 	6.986  
36 	60   	-1663.15	-1608.14	-1606.7 	4.06169
37 	60   	-1779.23	-1608.59	-1606.49	8.60661
38 	60   	-1636.98	-1608.1 	-1606.42	3.3213 
39 	60   	-1664.71	-1607.95	-1605.8 	4.05807
40 	60   	-2022.39	-1610.35	-1605.8 	24.8296
41 	60   	-1731.77	-1607.69	-1605.72	6.37482
42 	60   	-1720.94	-1607.42	-1605.19	6.09337
43 	60   	-1819.22	-1608.03	-1605.1 	14.8317
44 	60   	-1678.91	-1606.88	-1605.1 	4.80809
45 	60   	-1738.8 	-1607.5 	-1604.89	9.46191
46 	60   	-1692.06	-1606.7 	-1604.62	7.00664
47 	60   	-1707.32	-1606.47	-1604.49	6.76138
48 	60   	-1676.32	-1605.77	-1604.4 	3.81229
49 	60   	-1723.51	-1606.3 	-1604.4 	7.78745
50 	60   	-1704.6 	-1606.07	-1604.4 	6.90352
51 	60   	-1724.1 	-1605.73	-1604.32	6.59709
52 	60   	-1666.8 	-1605.7 	-1604.32	5.23037
53 	60   	-1665.68	-1605.33	-1604.32	4.31917
54 	60   	-1818.98	-1605.91	-1604.32	12.2358
55 	60   	-1671.94	-1605.2 	-1603.7 	3.95693
56 	60   	-1831.56	-1606.57	-1603.62	15.6212
57 	60   	-1667.57	-1605.39	-1603.62	4.71975
58 	60   	-1957.55	-1606.49	-1603.49	18.207 
59 	60   	-1651.79	-1604.73	-1603.1 	3.22043
60 	60   	-2057.83	-1605.9 	-1603.1 	21.3162
61 	60   	-1667.79	-1604.62	-1602.92	3.95849
62 	60   	-1655.58	-1604.49	-1602.92	3.85309
63 	60   	-1663.9 	-1604.47	-1602.92	4.38805
64 	60   	-1666.53	-1604.38	-1602.92	5.23644
65 	60   	-1656.34	-1603.66	-1602.92	3.19896
66 	60   	-1654.06	-1603.68	-1602.92	3.9096 
67 	60   	-1713.05	-1604   	-1602.92	7.66598
68 	60   	-1710.36	-1604.2 	-1602.8 	7.38414
69 	60   	-1702.49	-1603.81	-1602.8 	5.5208 
70 	60   	-1755.48	-1603.89	-1602.8 	7.775  
71 	60   	-1854.59	-1605.38	-1602.7 	19.7788
72 	60   	-1894.63	-1604.11	-1602.7 	13.434 
73 	60   	-1650.85	-1603.92	-1602.7 	4.78154
74 	60   	-1649.69	-1603.46	-1602.7 	3.30149
75 	60   	-1664.59	-1603.63	-1602.7 	5.0955 
76 	60   	-1673.64	-1603.88	-1602.1 	6.07088
77 	60   	-1652.57	-1603.4 	-1602.1 	3.51439
78 	60   	-1698.93	-1603.68	-1602   	6.08347
79 	60   	-1799.09	-1604.13	-1602   	10.6704
80 	60   	-1619.64	-1603.06	-1602   	2.05904
81 	60   	-1805.78	-1603.66	-1602   	13.3478
82 	60   	-1653.8 	-1602.81	-1602   	3.23784
83 	60   	-1735.57	-1602.9 	-1602   	7.16289
84 	60   	-1820.75	-1603.28	-1602   	10.5661
85 	60   	-1646.33	-1602.82	-1602   	4.13989
86 	60   	-1652.65	-1602.54	-1602   	3.54595
87 	60   	-1627.94	-1602.55	-1602   	2.75638
88 	60   	-1711.75	-1602.69	-1602   	5.36543
89 	60   	-1766.77	-1603.36	-1602   	9.4631 
90 	60   	-1659.46	-1602.8 	-1602   	4.45994
91 	60   	-2258.68	-1604.66	-1602   	30.6132
92 	60   	-1714.93	-1602.99	-1602   	6.73747
93 	60   	-1638.8 	-1602.55	-1602   	2.79318
94 	60   	-1649.69	-1602.79	-1602   	4.3282 
95 	60   	-1629.24	-1602.7 	-1602   	2.81634
96 	60   	-1633.52	-1602.59	-1602   	2.93184
97 	60   	-1706.92	-1602.8 	-1602   	5.7465 
98 	60   	-1648.31	-1602.66	-1602   	3.3767 
99 	60   	-1768.6 	-1603.19	-1602   	9.21824
gen	depth	min     	avg     	max     	std    
0  	60   	-2873.33	-1766.36	-1644.59	124.791
1  	60   	-4735.27	-1712.36	-1639.69	144.305
2  	60   	-1939.2 	-1683.58	-1635.65	29.342 
3  	60   	-1770.94	-1667.23	-1632.75	18.1835
4  	60   	-1938.81	-1657.53	-1632.75	20.4537
5  	60   	-2472.45	-1652.37	-1624.28	44.3694
6  	60   	-2309.27	-1647.12	-1624.28	39.0788
7  	60   	-2643.48	-1644.44	-1624.23	47.8426
8  	60   	-2127.42	-1639.86	-1623.33	30.9784
9  	60   	-2003.67	-1635.4 	-1621.94	19.0462
10 	60   	-2020.99	-1633.62	-1621.94	20.7926
11 	60   	-1754.86	-1630.34	-1620.14	8.74342
12 	60   	-1715.04	-1628.52	-1620.02	9.12778
13 	60   	-2074.76	-1628.19	-1618.6 	22.3995
14 	60   	-1766.46	-1626.03	-1617.03	10.5166
15 	60   	-1749.23	-1624.5 	-1617.03	8.39814
16 	60   	-2240.61	-1624.11	-1616.03	28.2657
17 	60   	-2147.7 	-1624.07	-1614.38	32.2904
18 	60   	-2126.13	-1624.39	-1613.59	31.8499
19 	60   	-1766.45	-1620.54	-1613.59	11.2065
20 	60   	-2117.08	-1620.82	-1612.69	24.885 
21 	60   	-1800.23	-1619.98	-1612.63	16.9395
22 	60   	-1822.58	-1618.52	-1611.56	13.5466
23 	60   	-1807.64	-1618.24	-1610.09	18.7925
24 	60   	-1664.83	-1614.84	-1610.09	3.97701
25 	60   	-1706.18	-1614.44	-1609.39	7.01887
26 	60   	-1698.08	-1613.19	-1609.39	5.44351
27 	60   	-1756.36	-1612.97	-1608.32	9.09338
28 	60   	-1810.7 	-1613.24	-1608.32	14.239 
29 	60   	-1735.31	-1612.37	-1607.76	11.2589
30 	60   	-1648.3 	-1610.91	-1607.62	3.66665
31 	60   	-1699.32	-1610.97	-1607.62	6.77395
32 	60   	-1923.86	-1612.13	-1607.54	24.4698
33 	60   	-1755.46	-1610.83	-1607.19	11.3041
34 	60   	-1652.76	-1609.08	-1606.54	3.79903
35 	60   	-1635.34	-1608.48	-1606.36	2.21495
36 	60   	-2153.4 	-1609.65	-1605.54	24.7384
37 	60   	-1812.73	-1609.1 	-1605.54	12.2503
38 	60   	-1631.86	-1607.81	-1605.19	2.87504
39 	60   	-1710.05	-1607.88	-1605.14	6.82914
40 	60   	-1687.53	-1607.54	-1605.14	6.48116
41 	60   	-1722.16	-1607.55	-1605.02	7.48559
42 	60   	-1997.02	-1608.79	-1605.02	24.9564
43 	60   	-2179.33	-1608.75	-1604.74	28.3231
44 	60   	-1662.41	-1607.03	-1604.62	6.1222 
45 	60   	-1767   	-1607.19	-1604.62	10.8088
46 	60   	-1739.55	-1606.8 	-1604.62	8.78515
47 	60   	-1685.14	-1606.1 	-1604.19	5.06235
48 	60   	-1654.19	-1605.74	-1604.19	3.73734
49 	60   	-1713.38	-1605.88	-1604.14	6.94807
50 	60   	-1693.66	-1605.53	-1603.92	5.21697
51 	60   	-1669.66	-1605.96	-1603.8 	7.2714 
52 	60   	-1654.59	-1605.43	-1603.8 	4.73763
53 	60   	-1665.34	-1605.14	-1603.62	4.42196
54 	60   	-1689.3 	-1605.28	-1603.62	6.31485
55 	60   	-1759.29	-1605.83	-1603.49	10.634 
56 	60   	-1955.29	-1606.31	-1603.49	22.2215
57 	60   	-1782.43	-1604.94	-1603.49	9.91054
58 	60   	-1759.69	-1605.46	-1603.49	11.253 
59 	60   	-1712.05	-1604.82	-1602.8 	7.32558
60 	60   	-1858.98	-1604.91	-1602.8 	12.8802
61 	60   	-1677.91	-1604.7 	-1602.8 	6.595  
62 	60   	-1942.66	-1605.04	-1602.8 	16.4112
63 	60   	-1672.07	-1604.41	-1602.4 	5.61586
64 	60   	-1704.07	-1604.38	-1602.4 	6.7812 
65 	60   	-1655.35	-1603.67	-1602.4 	3.30396
66 	60   	-6443.76	-1613.63	-1602.1 	216.387
67 	60   	-1678.13	-1603.71	-1602.1 	5.28102
68 	60   	-2754.46	-1605.7 	-1602.1 	51.5163
69 	60   	-1639.45	-1603.26	-1602.1 	3.18763
70 	60   	-1707.79	-1603.41	-1602.1 	5.62535
71 	60   	-1712.16	-1603.59	-1602.1 	7.25359
72 	60   	-1635.25	-1602.93	-1602.1 	3.27308
73 	60   	-1638.11	-1602.72	-1602   	2.86452
74 	60   	-1645.6 	-1602.72	-1601.7 	3.45953
75 	60   	-1744.53	-1603.2 	-1601.7 	7.46315
76 	60   	-1833.93	-1603.52	-1601.7 	12.8029
77 	60   	-1705.67	-1603.16	-1601.7 	6.7712 
78 	60   	-1675.51	-1602.56	-1601.7 	4.09318
79 	60   	-1655.18	-1602.68	-1601.7 	4.16107
80 	60   	-1670.97	-1602.22	-1601.7 	3.68931
81 	60   	-1630.19	-1602.42	-1601.7 	3.11305
82 	60   	-1659.62	-1602.48	-1601.7 	3.70525
83 	60   	-1643.17	-1602.29	-1601.7 	3.10537
84 	60   	-1638.11	-1602.25	-1601.7 	2.66452
85 	60   	-1673.53	-1602.47	-1601.7 	4.77973
86 	60   	-1621.6 	-1602.22	-1601.7 	2.11748
87 	60   	-1885.34	-1602.91	-1601.7 	13.076 
88 	60   	-1660.9 	-1602.38	-1601.7 	4.02663
89 	60   	-1637.54	-1602.02	-1601.7 	2.15356
90 	60   	-1711.05	-1603.19	-1601.7 	9.44994
91 	60   	-1624   	-1602.25	-1601.7 	2.16202
92 	60   	-1613.62	-1602   	-1601.7 	1.44501
93 	60   	-1665.63	-1602.68	-1601.7 	5.21301
94 	60   	-1686.82	-1602.53	-1601.7 	5.13897
95 	60   	-1655.89	-1602.45	-1601.7 	3.6163 
96 	60   	-1828.56	-1603.46	-1601.7 	13.2718
97 	60   	-1685.16	-1602.56	-1601.7 	5.50929
98 	60   	-1625   	-1602.22	-1601.7 	2.44515
99 	60   	-1695.24	-1602.86	-1601.7 	7.18936
gen	depth	min     	avg     	max     	std    
0  	60   	-8377   	-1778.29	-1654.64	321.345
1  	60   	-2175.61	-1706.89	-1650.43	40.0064
2  	60   	-2360.02	-1688.12	-1640.58	44.9546
3  	60   	-1801.93	-1671.3 	-1637.78	15.9105
4  	60   	-2017.04	-1664.92	-1632.38	22.3962
5  	60   	-1892.22	-1657.38	-1629.91	20.3682
6  	60   	-1831.01	-1651.26	-1629.52	16.9481
7  	60   	-1785.96	-1645.41	-1624.76	13.2212
8  	60   	-1995.98	-1642.11	-1624.76	24.5569
9  	60   	-1713.25	-1636.19	-1623.57	10.7583
10 	60   	-1944.8 	-1634.28	-1621.71	21.9532
11 	60   	-1738.45	-1629.24	-1621.08	7.10999
12 	60   	-1749.18	-1628.32	-1620.06	11.2749
13 	60   	-1741.79	-1626.61	-1617.83	9.1489 
14 	60   	-2131.26	-1625.41	-1617.83	23.0829
15 	60   	-2543.87	-1626.91	-1617.66	44.204 
16 	60   	-1828.62	-1623.28	-1615.36	11.5881
17 	60   	-1757.12	-1622.32	-1614.91	9.40321
18 	60   	-1744.86	-1621.4 	-1614.91	11.0312
19 	60   	-1972.21	-1620.77	-1613.97	18.0363
20 	60   	-1913.13	-1620.33	-1612.51	16.0792
21 	60   	-1738.11	-1618.4 	-1612.19	7.99832
22 	60   	-1850.35	-1618.46	-1612.19	16.1619
23 	60   	-1699.72	-1617.13	-1611.81	8.96784
24 	60   	-2160.5 	-1618.17	-1610.98	33.1495
25 	60   	-1734.28	-1615.25	-1610.98	8.79996
26 	60   	-1761.27	-1614.58	-1610.98	8.71167
27 	60   	-1676.5 	-1613.31	-1610.98	4.44085
28 	60   	-1935.07	-1615.04	-1610.34	23.2193
29 	60   	-1760.53	-1613.26	-1610.16	9.27094
30 	60   	-1689.91	-1612.52	-1609.93	6.35244
31 	60   	-1775.78	-1613.23	-1609.93	14.6212
32 	60   	-1672.82	-1612.08	-1609.93	6.56451
33 	60   	-2084.56	-1613.63	-1609.23	28.8332
34 	60   	-1755.64	-1611.87	-1608.94	10.0356
35 	60   	-1906.96	-1611.8 	-1608.94	14.4921
36 	60   	-1681.36	-1610.92	-1608.94	5.01771
37 	60   	-1762.17	-1611.38	-1608.81	10.9026
38 	60   	-1734.31	-1611.05	-1608.64	9.1509 
39 	60   	-2061.75	-1612.71	-1608.64	25.9217
40 	60   	-1964.66	-1611.31	-1608.36	17.8613
41 	60   	-1788.67	-1611.34	-1608.24	13.326 
42 	60   	-1813.99	-1610.59	-1608.24	11.0082
43 	60   	-1654.82	-1609.49	-1608.24	3.14075
44 	60   	-1862.25	-1610.39	-1607.94	13.2122
45 	60   	-1790.18	-1610.17	-1607.94	10.5135
46 	60   	-1817.34	-1609.95	-1607.72	10.631 
47 	60   	-1690.69	-1609   	-1607.54	5.18988
48 	60   	-1701.97	-1609.44	-1607.54	6.89953
49 	60   	-1654.26	-1608.85	-1607.54	4.08705
50 	60   	-1678.04	-1608.94	-1606.84	5.6756 
51 	60   	-1697.23	-1608.9 	-1606.84	5.90572
52 	60   	-1733.31	-1608.88	-1606.84	7.14215
53 	60   	-1653.2 	-1608.57	-1606.79	4.29584
54 	60   	-1719.37	-1608.83	-1606.79	8.73168
55 	60   	-1666.85	-1608.08	-1606.79	4.3986 
56 	60   	-1789.27	-1609.34	-1606.79	13.3363
57 	60   	-1855.49	-1608.76	-1606.79	12.9737
58 	60   	-2060.83	-1608.84	-1606.54	20.8817
59 	60   	-1677.68	-1607.81	-1606.54	5.34305
60 	60   	-2425.63	-1609.8 	-1605.32	37.1363
61 	60   	-1993.13	-1609.4 	-1605.32	21.3769
62 	60   	-1688.63	-1607.63	-1605.32	5.92686
63 	60   	-1708.77	-1607.87	-1605.32	7.69185
64 	60   	-1741.7 	-1607.77	-1605.32	8.00653
65 	60   	-1709.92	-1607.37	-1605.27	5.89692
66 	60   	-1800.27	-1607.74	-1605.27	11.4201
67 	60   	-1660.65	-1606.89	-1605.27	5.56629
68 	60   	-3056.68	-1609.03	-1605.27	64.8727
69 	60   	-1641.52	-1606   	-1605.27	3.1006 
70 	60   	-1768.92	-1606.76	-1605.27	10.2944
71 	60   	-1765.06	-1607.47	-1605.27	12.3083
72 	60   	-1734.37	-1606.67	-1605.14	8.73384
73 	60   	-2243.99	-1607.59	-1605.14	29.7609
74 	60   	-2479.37	-1609.29	-1605.14	42.5518
75 	60   	-1901.59	-1606.52	-1605.14	13.8618
76 	60   	-1847.65	-1607.19	-1605.02	14.3712
77 	60   	-1899.02	-1607.22	-1605.02	16.0933
78 	60   	-1786.82	-1606.6 	-1604.62	10.8142
79 	60   	-1758.89	-1606.51	-1604.62	9.1196 
80 	60   	-1686.57	-1606.2 	-1604.57	6.67847
81 	60   	-2103.74	-1607.41	-1604.57	24.7941
82 	60   	-1692.91	-1606.05	-1604.49	7.50906
83 	60   	-1641.88	-1605.55	-1604.49	3.75045
84 	60   	-1705.34	-1605.43	-1604.49	5.07511
85 	60   	-1643.42	-1605.56	-1604.49	4.18764
86 	60   	-1683.58	-1605.34	-1604.44	4.56655
87 	60   	-1660.72	-1605.33	-1604.44	4.04894
88 	60   	-1988.21	-1607.26	-1604.32	20.8799
89 	60   	-1729.32	-1605.73	-1604.32	8.00098
90 	60   	-2999.87	-1608.75	-1603.8 	62.9797
91 	60   	-1663.54	-1605.25	-1603.8 	3.78638
92 	60   	-1673.88	-1605.28	-1603.8 	4.51432
93 	60   	-1634.93	-1605.21	-1603.8 	3.5882 
94 	60   	-1694.77	-1605.79	-1603.8 	7.71682
95 	60   	-1637.95	-1605.05	-1603.74	3.39625
96 	60   	-1945.78	-1606.12	-1603.74	19.8711
97 	60   	-1690.2 	-1605   	-1603.74	5.86949
98 	60   	-1691.13	-1605.52	-1603.74	8.44723
99 	60   	-1645.74	-1604.64	-1603.74	3.36732
gen	depth	min     	avg     	max     	std    
0  	60   	-9367.83	-1786.33	-1645.16	377.355
1  	60   	-2175.48	-1703.54	-1635.91	42.2545
2  	60   	-2527.63	-1680.59	-1631.22	46.8754
3  	60   	-3304.17	-1665.63	-1631.22	76.6177
4  	60   	-1841   	-1651.27	-1628.53	15.5669
5  	60   	-1886.83	-1644.24	-1625.49	17.5512
6  	60   	-3017.12	-1642.36	-1623.41	69.4828
7  	60   	-5725.02	-1644.44	-1622.01	186.771
8  	60   	-3151.16	-1637.28	-1620.13	78.8146
9  	60   	-1828.09	-1630.85	-1619.77	13.3494
10 	60   	-1713.16	-1627.79	-1615.32	8.71156
11 	60   	-1833.26	-1626.68	-1614.64	15.4878
12 	60   	-2052.74	-1625.26	-1614.27	27.8283
13 	60   	-1858.16	-1622.65	-1609.86	15.4715
14 	60   	-2204.02	-1622.41	-1609.86	37.8375
15 	60   	-1885.98	-1618.75	-1609.86	13.8357
16 	60   	-1652.86	-1616.28	-1609.86	4.79767
17 	60   	-1899.8 	-1617.07	-1609.24	20.0578
18 	60   	-1686.95	-1613.53	-1609.21	5.87246
19 	60   	-1739.71	-1612.75	-1609.04	8.02882
20 	60   	-2597.72	-1613.45	-1609.04	44.5695
21 	60   	-1661.5 	-1610.95	-1608.54	5.21605
22 	60   	-1739.7 	-1611.8 	-1608.54	11.3266
23 	60   	-1687.97	-1611.18	-1607.81	7.69206
24 	60   	-1681.75	-1610.25	-1607.81	5.1896 
25 	60   	-1676.64	-1610.48	-1607.81	6.2459 
26 	60   	-1804.1 	-1610.91	-1607.81	14.553 
27 	60   	-2267.1 	-1611.52	-1607.81	31.8282
28 	60   	-1891.26	-1610.99	-1607.64	17.6607
29 	60   	-1696.45	-1609.85	-1607.11	5.8309 
30 	60   	-1662.3 	-1609.26	-1607.11	4.33388
31 	60   	-1886.89	-1609.67	-1606.94	12.8929
32 	60   	-1776.9 	-1609.75	-1606.29	12.4243
33 	60   	-1705.69	-1609.21	-1606.29	6.81886
34 	60   	-2000.85	-1610.19	-1606.29	21.9895
35 	60   	-1807.48	-1608.99	-1605.72	11.9301
36 	60   	-1724.33	-1608.76	-1605.72	8.66295
37 	60   	-1691.82	-1607.79	-1605.59	5.50204
38 	60   	-1657.42	-1607.49	-1605.59	5.02152
39 	60   	-1685.33	-1606.92	-1605.59	4.17616
40 	60   	-1753.95	-1607.48	-1605.32	9.59464
41 	60   	-1711.08	-1607.25	-1605.32	8.38596
42 	60   	-1824.85	-1607.24	-1605.32	11.6689
43 	60   	-1686.01	-1606.7 	-1605.32	5.65828
44 	60   	-1664.72	-1606.61	-1605.32	5.11574
45 	60   	-1800.62	-1606.4 	-1604.92	9.02605
46 	60   	-1723.53	-1607.06	-1604.92	8.81307
47 	60   	-1715.69	-1606.46	-1604.89	7.37839
48 	60   	-1663.4 	-1606.27	-1604.74	5.03737
49 	60   	-1625.47	-1605.87	-1604.62	2.48953
50 	60   	-1646.12	-1605.81	-1604.62	2.75806
51 	60   	-1638.76	-1605.61	-1604.62	2.44948
52 	60   	-1953.12	-1607.69	-1604.62	19.5121
53 	60   	-1663.13	-1605.62	-1604.19	4.38681
54 	60   	-1632.57	-1605.4 	-1604.05	2.95673
55 	60   	-1692.64	-1605.91	-1603.52	6.48161
56 	60   	-1968.2 	-1606.78	-1603.52	20.2097
57 	60   	-1742.89	-1605.75	-1603.52	7.87181
58 	60   	-2229.82	-1606.64	-1603.49	28.4973
59 	60   	-1659.91	-1604.91	-1603.49	3.94904
60 	60   	-1977.05	-1605.81	-1603.49	20.4902
61 	60   	-1688.55	-1604.51	-1603.49	5.09567
62 	60   	-1667.86	-1604.31	-1603.49	4.08745
63 	60   	-1844.84	-1604.78	-1603.49	11.9176
64 	60   	-1714.48	-1604.43	-1603.49	6.90804
65 	60   	-1671.35	-1604.47	-1603.49	5.4696 
66 	60   	-1672.26	-1604.38	-1603.49	4.39564
67 	60   	-1710.06	-1604.48	-1603.49	5.91195
68 	60   	-1661.95	-1604.17	-1603.49	4.15781
69 	60   	-1902.14	-1605.07	-1603.49	14.4712
70 	60   	-1650.87	-1604.34	-1603.49	4.31068
71 	60   	-1681.4 	-1604.27	-1603.49	5.28544
72 	60   	-1680.79	-1604.34	-1603.49	5.14902
73 	60   	-1676.34	-1604.44	-1603.49	5.3513 
74 	60   	-1630.21	-1604.14	-1603.49	2.7448 
75 	60   	-1679.72	-1604.43	-1603.22	5.46555
76 	60   	-2466.56	-1606.1 	-1603.22	39.0972
77 	60   	-1738.79	-1604.49	-1603.1 	7.5055 
78 	60   	-1776.95	-1604.73	-1603.1 	9.82865
79 	60   	-1686.99	-1604.57	-1603.1 	7.23181
80 	60   	-1682.06	-1604.25	-1603.1 	4.85548
81 	60   	-1640.41	-1603.72	-1603.1 	2.81453
82 	60   	-1705.61	-1604.03	-1603.1 	5.83098
83 	60   	-1722.71	-1604.46	-1602.8 	7.65304
84 	60   	-1708.31	-1603.9 	-1602.8 	5.41957
85 	60   	-1969.08	-1605.07	-1602.8 	18.23  
86 	60   	-1768.17	-1604.35	-1602.8 	9.18283
87 	60   	-1675.52	-1603.82	-1602.8 	5.17695
88 	60   	-1685.57	-1603.92	-1602.8 	5.77356
89 	60   	-1642.46	-1603.44	-1602.8 	3.13891
90 	60   	-1699.21	-1603.94	-1602.7 	6.95856
91 	60   	-1753.98	-1604.29	-1602.7 	9.19693
92 	60   	-1649.34	-1603.42	-1602.7 	3.40453
93 	60   	-2237.51	-1606.44	-1602.7 	33.2052
94 	60   	-1639.54	-1603.48	-1602.4 	3.28078
95 	60   	-1675.35	-1603.32	-1602.4 	4.02985
96 	60   	-1626.97	-1603.23	-1602.4 	2.86419
97 	60   	-1668.26	-1603.51	-1602.4 	5.02196
98 	60   	-1634.84	-1603.4 	-1602.4 	3.21869
99 	60   	-1770.16	-1604.35	-1602.4 	13.626 
gen	depth	min     	avg     	max     	std    
0  	60   	-2260.05	-1769.53	-1637.62	96.9633
1  	60   	-2015.35	-1709.23	-1637.62	39.6086
2  	60   	-2141.95	-1687.37	-1637.52	38.8133
3  	60   	-2574.96	-1673.92	-1632.52	51.3947
4  	60   	-2616.61	-1666.09	-1630   	64.2556
5  	60   	-2266.4 	-1654.3 	-1628.89	34.7047
6  	60   	-1904.64	-1645.89	-1623.98	20.2907
7  	60   	-1869.16	-1638.98	-1620.98	13.2943
8  	60   	-2634.62	-1640.24	-1620.98	59.9044
9  	60   	-1895.48	-1632.77	-1620.34	19.2044
10 	60   	-1847.01	-1629.42	-1618.03	13.5893
11 	60   	-1775.37	-1628.1 	-1618.03	15.131 
12 	60   	-2845.18	-1627.09	-1617.23	54.8417
13 	60   	-1673.07	-1623.3 	-1615.93	5.87802
14 	60   	-2038.91	-1624.16	-1615.08	29.4913
15 	60   	-1817.97	-1621.35	-1613.86	12.8967
16 	60   	-1809.54	-1619.94	-1613.79	12.3094
17 	60   	-1863.22	-1619.48	-1612.19	18.628 
18 	60   	-1974.9 	-1618.33	-1612.19	17.6302
19 	60   	-1760.36	-1616.95	-1611.51	9.84308
20 	60   	-2200.12	-1618.32	-1610.61	33.6019
21 	60   	-1769.9 	-1615.43	-1610.02	10.8554
22 	60   	-2086   	-1615.37	-1609.92	22.4764
23 	60   	-1699.17	-1613.32	-1609.14	5.63076
24 	60   	-1910.88	-1613.85	-1608.97	19.1177
25 	60   	-1688.14	-1611.92	-1607.92	4.6441 
26 	60   	-1732.44	-1612.19	-1607.89	9.96456
27 	60   	-1642.71	-1610.51	-1607.54	3.26472
28 	60   	-1774.62	-1610.71	-1607.24	9.32169
29 	60   	-1767.97	-1610.21	-1606.72	9.86006
30 	60   	-1668.38	-1609.42	-1605.97	5.37377
31 	60   	-1808.23	-1609.56	-1605.97	11.148 
32 	60   	-1719.72	-1609.04	-1605.67	8.23909
33 	60   	-1742.35	-1608.36	-1605.67	7.72727
34 	60   	-2057.57	-1608.75	-1605.67	20.5798
35 	60   	-1645.64	-1607.17	-1605.54	3.38107
36 	60   	-1989.08	-1607.88	-1605.32	17.7609
37 	60   	-1686.02	-1606.93	-1605.27	6.29563
38 	60   	-1959.59	-1607.67	-1604.84	18.1065
39 	60   	-1694.34	-1606.71	-1604.84	6.25164
40 	60   	-2050.74	-1608.32	-1604.84	22.9261
41 	60   	-1819.28	-1606.86	-1604.62	10.9117
42 	60   	-1735.07	-1606.72	-1604.62	9.83627
43 	60   	-2860.44	-1609.03	-1604.14	57.8855
44 	60   	-1947.36	-1607   	-1604.14	17.5215
45 	60   	-1693.66	-1605.87	-1603.92	6.17527
46 	60   	-1680.02	-1605.55	-1603.92	4.7871 
47 	60   	-1705.9 	-1605.96	-1603.8 	8.51869
48 	60   	-1672.53	-1605.36	-1603.49	5.07188
49 	60   	-1679.46	-1605.31	-1603.49	5.34423
50 	60   	-1678.37	-1605.38	-1603.44	7.16242
51 	60   	-1681.43	-1604.69	-1603.44	4.03658
52 	60   	-1666.28	-1604.43	-1603.22	3.69309
53 	60   	-1703.88	-1604.38	-1603.22	5.07467
54 	60   	-1649.57	-1604.17	-1602.74	3.13723
55 	60   	-1664.05	-1604.15	-1602.74	4.00312
56 	60   	-1689.67	-1604.26	-1602.74	5.3889 
57 	60   	-1695.42	-1603.96	-1602.74	4.93583
58 	60   	-1671.24	-1604.21	-1602.74	5.24355
59 	60   	-1822.7 	-1604.61	-1602.74	11.9398
60 	60   	-1658.16	-1603.69	-1602.74	4.46617
61 	60   	-1792.81	-1603.97	-1602.74	10.9321
62 	60   	-1715.33	-1603.56	-1602.52	6.05793
63 	60   	-1767.53	-1603.75	-1602.52	8.16789
64 	60   	-1709.36	-1603.73	-1602.52	6.272  
65 	60   	-1695.01	-1603.91	-1602.52	6.91167
66 	60   	-1761.26	-1604.13	-1602.52	9.55352
67 	60   	-1782.13	-1603.54	-1602.52	8.65762
68 	60   	-1630.44	-1603.2 	-1602.52	2.78135
69 	60   	-2109.99	-1604.82	-1602.52	25.3274
70 	60   	-1662.72	-1603.37	-1602.52	4.7525 
71 	60   	-1806.78	-1604.21	-1602.52	12.5111
72 	60   	-1641.14	-1603.4 	-1602.52	3.84238
73 	60   	-1677.2 	-1603.09	-1602.52	3.90198
74 	60   	-1671.55	-1603.35	-1602.4 	4.92632
75 	60   	-1635.14	-1603.04	-1602.4 	2.71285
76 	60   	-1663.65	-1603.22	-1602.4 	3.77778
77 	60   	-1691.16	-1603.43	-1602.4 	6.26618
78 	60   	-1636.18	-1603.03	-1602.4 	3.02009
79 	60   	-1784.83	-1603.69	-1602.4 	8.9481 
80 	60   	-1690.14	-1603.17	-1602.4 	4.91362
81 	60   	-1791.42	-1603.7 	-1602.4 	11.0144
82 	60   	-1628.32	-1602.73	-1602.4 	1.82553
83 	60   	-1635.62	-1602.77	-1602.4 	2.17494
84 	60   	-1759.89	-1603.51	-1602.4 	9.57019
85 	60   	-1738.25	-1603.2 	-1602.35	6.51583
86 	60   	-1732.7 	-1603.97	-1602.35	9.88822
87 	60   	-1632   	-1602.92	-1602.35	2.60309
88 	60   	-1651.97	-1603.21	-1602.35	4.34068
89 	60   	-1679.45	-1603.32	-1602.35	5.2544 
90 	60   	-1678.5 	-1603.15	-1602.35	4.27461
91 	60   	-1662.49	-1603.53	-1602.35	5.67913
92 	60   	-1638.93	-1603.11	-1602.35	3.48386
93 	60   	-1701.87	-1603.12	-1602.35	5.59348
94 	60   	-1738.4 	-1603.06	-1602.35	6.3575 
95 	60   	-1990.75	-1605.19	-1602.35	22.6655
96 	60   	-1656.24	-1603.03	-1602.35	3.89891
97 	60   	-2157.95	-1604.58	-1602.35	26.7153
98 	60   	-1672.74	-1603.23	-1602   	5.07044
99 	60   	-1634.29	-1602.94	-1602   	3.17997
gen	depth	min     	avg     	max     	std    
0  	60   	-2390.24	-1776.13	-1644.07	101.94 
1  	60   	-2008.3 	-1714.47	-1643.95	42.6565
2  	60   	-2281.59	-1690.13	-1641.78	43.1411
3  	60   	-1891.7 	-1671.97	-1638.97	22.4126
4  	60   	-1751.37	-1661.28	-1632.55	14.0042
5  	60   	-1904.84	-1655.25	-1630.49	15.9558
6  	60   	-2344.17	-1651.94	-1627.54	37.462 
7  	60   	-2050.05	-1646.46	-1621.36	31.5062
8  	60   	-2001.89	-1640.75	-1621.36	20.6625
9  	60   	-1742.71	-1635.37	-1619.81	9.3592 
10 	60   	-1727.28	-1632.54	-1619.01	9.86442
11 	60   	-2108.8 	-1631.29	-1618.64	29.4959
12 	60   	-1853.64	-1627.34	-1617.81	16.3586
13 	60   	-2085.61	-1624.51	-1616.49	21.3816
14 	60   	-2916.33	-1626.54	-1616.04	61.0221
15 	60   	-1847.01	-1622.18	-1615.04	13.2873
16 	60   	-1702.84	-1620.25	-1613.08	6.54977
17 	60   	-1693.8 	-1618.78	-1612.54	5.66384
18 	60   	-1756.45	-1618.19	-1611.56	9.99576
19 	60   	-1773.33	-1617.31	-1610.16	10.689 
20 	60   	-1694.74	-1616.05	-1610.16	7.41055
21 	60   	-1928.4 	-1616.55	-1609.49	21.2385
22 	60   	-1722.49	-1614.29	-1609.34	9.53414
23 	60   	-1749.08	-1612.97	-1608.76	7.11665
24 	60   	-1958.79	-1613.63	-1608.67	20.1976
25 	60   	-1650.25	-1611.47	-1608.34	3.93651
26 	60   	-1864.75	-1611.73	-1607.81	13.7999
27 	60   	-2043.82	-1612.4 	-1607.81	24.2763
28 	60   	-1829.44	-1611.64	-1607.11	13.9605
29 	60   	-2045.35	-1611.45	-1606.94	22.5716
30 	60   	-1711.68	-1610.06	-1606.94	8.43235
31 	60   	-2461.61	-1611.07	-1606.89	38.5748
32 	60   	-2316.09	-1610.13	-1606.19	31.9043
33 	60   	-1858.07	-1609.67	-1606.19	13.4523
34 	60   	-1788.67	-1609.62	-1605.7 	14.3656
35 	60   	-1653.48	-1607.66	-1605.7 	3.82571
36 	60   	-1671.36	-1607.62	-1605.49	5.00927
37 	60   	-1678.23	-1607.6 	-1605.49	6.03874
38 	60   	-1669.3 	-1607.18	-1605.19	6.00093
39 	60   	-1652.89	-1606.45	-1605.19	3.21268
40 	60   	-1636.62	-1606.14	-1605.19	2.39772
41 	60   	-1635.58	-1606   	-1605   	2.29281
42 	60   	-1706.74	-1606.97	-1605   	8.1804 
43 	60   	-1667.3 	-1606.61	-1604.89	5.53083
44 	60   	-1666.92	-1606.07	-1604.84	3.64635
45 	60   	-1654.31	-1605.94	-1604.49	3.13375
46 	60   	-1674.42	-1605.84	-1604.49	4.29854
47 	60   	-1653.78	-1605.63	-1604.49	3.18171
48 	60   	-1678.57	-1605.43	-1604.49	3.83039
49 	60   	-2006.19	-1607.25	-1604.49	21.131 
50 	60   	-1651.72	-1605.51	-1604.49	4.41273
51 	60   	-1687   	-1605.97	-1604.49	7.3204 
52 	60   	-1703.29	-1606.02	-1604.19	8.69537
53 	60   	-1689.13	-1605.27	-1604.14	4.37146
54 	60   	-3852.27	-1611.22	-1604.1 	103.071
55 	60   	-1696.47	-1605.91	-1604.09	8.76802
56 	60   	-1768.57	-1605.79	-1603.8 	11.1491
57 	60   	-1686.46	-1605.14	-1603.49	5.72277
58 	60   	-1665.39	-1605.01	-1603.49	4.9465 
59 	60   	-1917.1 	-1605.55	-1603.49	15.4011
60 	60   	-1632.98	-1604.35	-1603.49	2.09602
61 	60   	-1648.81	-1604.39	-1603.49	3.19601
62 	60   	-1684.79	-1604.64	-1603.49	6.02943
63 	60   	-1660.91	-1604.48	-1603.49	5.32149
64 	60   	-1676.94	-1604.24	-1603.44	4.99487
65 	60   	-1662.65	-1604.14	-1603.44	3.65117
66 	60   	-1628.95	-1603.84	-1603.44	1.72795
67 	60   	-1714.26	-1604.63	-1603.44	7.49122
68 	60   	-1809.82	-1604.68	-1603.39	11.0348
69 	60   	-1735.69	-1604.28	-1603.12	6.50655
70 	60   	-1695.5 	-1604.12	-1603.12	4.97409
71 	60   	-1675.92	-1604.34	-1603.12	5.80658
72 	60   	-1689.14	-1604.83	-1603.1 	7.75591
73 	60   	-1669.55	-1604.31	-1603.1 	5.06304
74 	60   	-1697.86	-1604.14	-1602.8 	5.77545
75 	60   	-1672.73	-1604.2 	-1602.69	5.40654
76 	60   	-1684.82	-1603.81	-1602.69	4.43633
77 	60   	-1677.88	-1604.09	-1602.69	5.71342
78 	60   	-1831.03	-1604.3 	-1602.69	10.9964
79 	60   	-1694.85	-1603.51	-1602.4 	4.67401
80 	60   	-1627.44	-1603.39	-1602.4 	2.44385
81 	60   	-1813.67	-1604.55	-1602.4 	13.2134
82 	60   	-1623.43	-1603.28	-1602.3 	2.23533
83 	60   	-1656.94	-1603.42	-1602.3 	3.78368
84 	60   	-1691.47	-1603.69	-1602.3 	7.3422 
85 	60   	-1673.82	-1603.5 	-1602.1 	5.52139
86 	60   	-1634.05	-1602.89	-1601.7 	2.05375
87 	60   	-1638.3 	-1602.88	-1601.7 	2.86124
88 	60   	-1670.55	-1602.92	-1601.7 	3.95243
89 	60   	-1746.23	-1603.05	-1601.7 	7.03572
90 	60   	-1635.85	-1602.69	-1601.7 	2.39693
91 	60   	-1651.09	-1603.03	-1601.65	4.49556
92 	60   	-1732.97	-1603.33	-1601.65	8.98122
93 	60   	-1626.55	-1602.53	-1601.65	2.11388
94 	60   	-1648.01	-1602.71	-1601.65	3.96402
95 	60   	-1637.12	-1602.67	-1601.65	3.51025
96 	60   	-1684.76	-1602.62	-1601.65	5.19182
97 	60   	-1675.52	-1602.44	-1601.65	4.51397
98 	60   	-1634.48	-1602.14	-1601.65	2.44669
99 	60   	-1665.25	-1602.06	-1601.65	3.33348
gen	depth	min     	avg     	max     	std    
0  	60   	-2932.61	-1768.53	-1643.19	130.649
1  	60   	-2342.09	-1706.38	-1638.83	50.4211
2  	60   	-2670.25	-1684.46	-1637.42	56.6486
3  	60   	-2048.34	-1668.54	-1631.91	26.6566
4  	60   	-2172.12	-1660.07	-1631.91	38.1353
5  	60   	-2040.84	-1652.18	-1629.99	28.2904
6  	60   	-1816.71	-1645.89	-1626.35	16.6534
7  	60   	-2213.81	-1643.68	-1625.66	34.1779
8  	60   	-1916.09	-1637.97	-1622.41	18.5513
9  	60   	-2578   	-1637.25	-1621.99	48.1989
10 	60   	-2385.62	-1634.43	-1617.43	47.6628
11 	60   	-1833.43	-1628.59	-1617.43	13.1951
12 	60   	-1662.58	-1625.6 	-1617.43	4.48025
13 	60   	-2098.78	-1626.44	-1616.78	27.8947
14 	60   	-1860.06	-1623.44	-1615.56	15.1794
15 	60   	-1845.96	-1621.47	-1614.64	12.6111
16 	60   	-1665.06	-1619.89	-1613.64	4.64243
17 	60   	-2051.85	-1620.74	-1613.64	26.8355
18 	60   	-1723.33	-1619.18	-1613.43	9.55749
19 	60   	-1747.51	-1617.94	-1613.31	9.29262
20 	60   	-1861.53	-1618.21	-1611.21	18.5475
21 	60   	-1848.33	-1617.87	-1611.21	15.8219
22 	60   	-1918.44	-1615.94	-1610.04	14.3949
23 	60   	-2102.94	-1617.34	-1610.04	31.7043
24 	60   	-1882.8 	-1615.25	-1610.04	13.9843
25 	60   	-1660.55	-1613.5 	-1609.39	4.50668
26 	60   	-2281.28	-1615.19	-1609.39	32.971 
27 	60   	-1741.68	-1613.13	-1609.39	9.05513
28 	60   	-1888.14	-1613.41	-1609.39	17.9379
29 	60   	-1752.25	-1612.14	-1609.11	9.20969
30 	60   	-1834.52	-1613.21	-1608.94	17.8227
31 	60   	-1661.65	-1611.18	-1608.11	4.55613
32 	60   	-1714.9 	-1611.55	-1608.11	8.69536
33 	60   	-1663.76	-1610.44	-1608.11	4.16355
34 	60   	-1813.57	-1610.67	-1608.11	10.4934
35 	60   	-1970.85	-1611.04	-1607.69	18.3528
36 	60   	-2539.17	-1612.59	-1607.29	44.0855
37 	60   	-1683.06	-1609.75	-1607.29	7.17425
38 	60   	-2209.23	-1610.65	-1607.02	28.143 
39 	60   	-1708.27	-1609.13	-1606.72	7.74497
40 	60   	-1717.68	-1608.69	-1606.72	6.81805
41 	60   	-2425.98	-1610.92	-1606.59	38.2754
42 	60   	-1687.96	-1608.1 	-1606.59	5.36217
43 	60   	-1651.34	-1607.97	-1606.59	4.51252
44 	60   	-1656.87	-1607.69	-1606.29	4.519  
45 	60   	-1714.67	-1608.09	-1605.89	7.24684
46 	60   	-1675.14	-1607.78	-1605.89	5.76644
47 	60   	-1651.36	-1607.22	-1605.89	3.49656
48 	60   	-1873.44	-1608.29	-1605.32	15.668 
49 	60   	-1659.56	-1607.07	-1605.32	3.9298 
50 	60   	-1716.14	-1607.21	-1605.19	7.98204
51 	60   	-1660.02	-1606.45	-1605.19	3.72604
52 	60   	-1682.96	-1606.66	-1605.19	4.96093
53 	60   	-1798.2 	-1606.95	-1605.19	10.8045
54 	60   	-1766.68	-1607.22	-1604.92	11.8749
55 	60   	-1636.2 	-1605.91	-1604.92	2.97281
56 	60   	-1841.11	-1606.42	-1604.49	11.1249
57 	60   	-1633.33	-1605.82	-1604.49	3.17025
58 	60   	-1638.23	-1605.48	-1604.49	2.37782
59 	60   	-1759.9 	-1606.22	-1604.49	9.66395
60 	60   	-1687.79	-1605.66	-1604.49	5.85113
61 	60   	-1732.08	-1605.78	-1604.49	7.75778
62 	60   	-1722.11	-1605.59	-1604.49	6.65748
63 	60   	-1750.73	-1605.61	-1604.22	7.87955
64 	60   	-1666.39	-1605.26	-1604.22	4.23096
65 	60   	-1635.29	-1605.03	-1604.22	2.78348
66 	60   	-1647.41	-1605.03	-1604.22	3.22076
67 	60   	-1719.92	-1605.29	-1604.22	6.951  
68 	60   	-1745.93	-1605.96	-1603.8 	10.2135
69 	60   	-1945.56	-1605.94	-1603.8 	16.4646
70 	60   	-1641.09	-1604.95	-1603.8 	3.17739
71 	60   	-1637.65	-1604.7 	-1603.52	2.51045
72 	60   	-1698.63	-1605.6 	-1603.4 	7.79884
73 	60   	-1646.14	-1604.7 	-1603.4 	3.38978
74 	60   	-1659.75	-1604.49	-1603.4 	3.51564
75 	60   	-1877.65	-1604.93	-1603.4 	13.0411
76 	60   	-1670.35	-1604.79	-1603.1 	5.55283
77 	60   	-1765.88	-1604.71	-1603.1 	8.9747 
78 	60   	-1642.13	-1604.04	-1603.1 	3.07123
79 	60   	-1870.36	-1604.78	-1603.1 	12.8748
80 	60   	-1666.13	-1603.85	-1603.1 	3.56516
81 	60   	-1734.97	-1604.28	-1603.1 	8.78061
82 	60   	-1655.36	-1603.8 	-1603.1 	3.86008
83 	60   	-1726.69	-1604.14	-1603.1 	7.06332
84 	60   	-1628.19	-1603.55	-1603.1 	2.38388
85 	60   	-1702.79	-1603.8 	-1603.1 	5.25444
86 	60   	-1647.14	-1603.64	-1603.1 	3.06356
87 	60   	-1810.87	-1604.38	-1603.1 	10.4947
88 	60   	-2410.49	-1605.33	-1603.1 	36.2413
89 	60   	-1623.74	-1603.45	-1603.1 	1.965  
90 	60   	-1729.98	-1604.04	-1602.8 	6.51506
91 	60   	-1687.45	-1604.01	-1602.8 	6.10904
92 	60   	-1641.04	-1603.62	-1602.8 	2.98933
93 	60   	-1660.85	-1603.98	-1602.8 	4.29461
94 	60   	-1812.37	-1604.49	-1602.8 	13.0164
95 	60   	-1899.62	-1604.84	-1602.8 	15.7568
96 	60   	-1734.27	-1604.43	-1602.8 	9.57621
97 	60   	-2485.45	-1606.12	-1602.8 	40.5683
98 	60   	-1704.67	-1603.84	-1602.8 	5.437  
99 	60   	-1627.27	-1603.5 	-1602.7 	2.19032
gen	depth	min     	avg     	max     	std    
0  	60   	-2534.92	-1772.37	-1646.79	107.59 
1  	60   	-1860.55	-1706.5 	-1637.61	36.9673
2  	60   	-2237.76	-1683.86	-1633.22	41.6419
3  	60   	-2729.07	-1668.27	-1628.6 	52.8266
4  	60   	-1783.88	-1655.56	-1624.58	16.5551
5  	60   	-1912.66	-1647.12	-1623.88	21.8252
6  	60   	-2511.7 	-1641.79	-1622.84	41.2034
7  	60   	-1992.84	-1636.64	-1620.35	27.7511
8  	60   	-1758   	-1630.62	-1616.26	10.6726
9  	60   	-1687.06	-1626.28	-1616.26	6.22894
10 	60   	-1687.64	-1624.08	-1615.69	6.1002 
11 	60   	-1916.38	-1623.01	-1615.69	16.7752
12 	60   	-1882.02	-1622.27	-1614.46	19.489 
13 	60   	-1977.63	-1620.52	-1614.46	19.3466
14 	60   	-2115.06	-1620.25	-1613.73	27.907 
15 	60   	-1711.16	-1618.28	-1613.61	9.4716 
16 	60   	-1686.34	-1616.98	-1613.21	5.87198
17 	60   	-1758.55	-1616.9 	-1612.34	9.64239
18 	60   	-1698.31	-1615.85	-1612.13	6.53477
19 	60   	-1794.49	-1616.76	-1611.39	14.0379
20 	60   	-2043.27	-1617.4 	-1610.36	29.8433
21 	60   	-1839.03	-1615.68	-1610.34	14.7382
22 	60   	-1878.76	-1614.73	-1609.67	13.604 
23 	60   	-1755.21	-1613.63	-1609.64	7.98163
24 	60   	-1753.39	-1613.24	-1608.81	9.86892
25 	60   	-1777.7 	-1614.44	-1608.44	16.6543
26 	60   	-1713.03	-1612.49	-1608.44	9.25105
27 	60   	-1858.42	-1612.43	-1608.44	16.1057
28 	60   	-1676.97	-1610.48	-1608.44	4.56849
29 	60   	-1680.44	-1610.51	-1608.22	5.5989 
30 	60   	-1714.42	-1610.52	-1607.54	8.73748
31 	60   	-1751.42	-1610.16	-1607.54	9.46417
32 	60   	-1785.45	-1610.3 	-1607.42	11.6613
33 	60   	-1716.66	-1609.47	-1607.42	7.1142 
34 	60   	-3179.92	-1613.94	-1607.32	76.346 
35 	60   	-1648.29	-1608.75	-1606.54	3.61793
36 	60   	-1740.55	-1609.55	-1606.54	10.2035
37 	60   	-1732.31	-1608.64	-1605.67	7.28157
38 	60   	-1648.53	-1608.35	-1605.67	4.10571
39 	60   	-1677.2 	-1608.51	-1605.67	6.44889
40 	60   	-1844.67	-1608.38	-1605.67	11.6516
41 	60   	-1671.66	-1607.65	-1605.67	5.37203
42 	60   	-1687.09	-1607.31	-1605.02	5.65416
43 	60   	-1822.85	-1607.63	-1605.02	11.5496
44 	60   	-1817.08	-1607.36	-1604.49	11.6605
45 	60   	-1646.05	-1606.38	-1604.49	3.82914
46 	60   	-1714.32	-1606.3 	-1604.49	6.2376 
47 	60   	-1755.13	-1606.53	-1604.19	8.44279
48 	60   	-1641.26	-1605.76	-1604.19	3.54349
49 	60   	-1632.76	-1605.41	-1604.19	2.56947
50 	60   	-1693.48	-1605.58	-1604.14	5.50983
51 	60   	-1676.86	-1604.98	-1603.8 	3.96272
52 	60   	-1694.34	-1605.35	-1603.49	6.66741
53 	60   	-1641.48	-1604.91	-1603.49	3.40915
54 	60   	-1637.89	-1604.93	-1603.44	3.44665
55 	60   	-1729.33	-1604.99	-1603.44	6.46761
56 	60   	-1768.53	-1604.78	-1603.44	8.42802
57 	60   	-1687.15	-1604.54	-1603.44	5.07929
58 	60   	-1631.02	-1604.1 	-1603.44	2.68687
59 	60   	-1711.45	-1604.45	-1603.44	6.33009
60 	60   	-1771.16	-1605.21	-1603.44	12.2419
61 	60   	-1658.28	-1604.64	-1603.1 	5.96281
62 	60   	-1646.43	-1604.28	-1603.1 	3.85668
63 	60   	-1677.63	-1604.55	-1603.1 	6.17314
64 	60   	-1752.96	-1604.46	-1603.1 	8.65298
65 	60   	-1699.8 	-1604.37	-1603.1 	6.23887
66 	60   	-1644.34	-1603.73	-1603.1 	2.98858
67 	60   	-1845.43	-1604.74	-1603.1 	13.7782
68 	60   	-1941.39	-1604.68	-1603.1 	15.9653
69 	60   	-1669.31	-1604.09	-1603.1 	5.68765
70 	60   	-1935.97	-1604.86	-1603.1 	16.2469
71 	60   	-1640.53	-1603.73	-1603.1 	3.18218
72 	60   	-1634.57	-1603.86	-1603.1 	3.2999 
73 	60   	-1652.56	-1603.71	-1603.1 	3.7033 
74 	60   	-1662.7 	-1604.2 	-1603.1 	5.94521
75 	60   	-1632.88	-1604   	-1603.1 	3.93927
76 	60   	-1753.91	-1604.16	-1603.1 	8.39446
77 	60   	-1681.37	-1604.22	-1603.1 	5.92663
78 	60   	-1647.6 	-1603.83	-1603.1 	3.79559
79 	60   	-1629.17	-1603.57	-1603.1 	2.27689
80 	60   	-1713.39	-1604.25	-1603.1 	7.05173
81 	60   	-1646.98	-1603.84	-1603.1 	3.90519
82 	60   	-1733.27	-1603.94	-1603.1 	6.50793
83 	60   	-1762.28	-1605.22	-1603.1 	12.5356
84 	60   	-1709.97	-1604.02	-1603.1 	6.22172
85 	60   	-1712.83	-1603.74	-1603.1 	5.44035
86 	60   	-1679.02	-1604   	-1602.74	4.88876
87 	60   	-1644.1 	-1603.89	-1602.74	3.95017
88 	60   	-1633.64	-1603.78	-1602.74	3.05887
89 	60   	-1626.98	-1603.64	-1602.4 	2.47648
90 	60   	-1680.49	-1604.27	-1602.4 	6.30997
91 	60   	-1640.79	-1603.89	-1602.4 	3.84613
92 	60   	-1891.63	-1605.57	-1602.4 	18.0637
93 	60   	-1630.21	-1603.47	-1602.4 	2.50464
94 	60   	-2310.89	-1606.92	-1602.4 	39.7662
95 	60   	-1699.69	-1604.13	-1602.4 	7.57357
96 	60   	-1656.47	-1603.41	-1602.4 	4.81033
97 	60   	-1671.84	-1603.52	-1602.4 	6.40278
98 	60   	-1920.5 	-1603.8 	-1602.4 	14.8996
99 	60   	-1733.67	-1603.31	-1602.4 	6.53794
gen	depth	min     	avg     	max     	std    
0  	60   	-2350.29	-1770.32	-1642.43	95.9969
1  	60   	-2831.46	-1716.32	-1642.43	65.2178
2  	60   	-4368.59	-1699.66	-1640.72	169.503
3  	60   	-2104.66	-1675.36	-1635.15	36.9477
4  	60   	-2299.52	-1661.96	-1631.68	32.01  
5  	60   	-2611.19	-1656.15	-1631.23	44.1706
6  	60   	-1833.82	-1651.13	-1629.01	19.6526
7  	60   	-2202.46	-1645.76	-1625.91	33.6856
8  	60   	-1949.15	-1640.34	-1625.68	19.4311
9  	60   	-1919.03	-1637.34	-1623.24	17.8801
10 	60   	-1960.77	-1635.65	-1621.91	27.837 
11 	60   	-1855.87	-1630.7 	-1618.91	14.081 
12 	60   	-1743.9 	-1627.79	-1617.48	8.36646
13 	60   	-1758.81	-1626.92	-1617.48	11.2965
14 	60   	-1770.62	-1625.75	-1616.78	13.6174
15 	60   	-1765.33	-1624.08	-1614.96	11.6845
16 	60   	-1781.38	-1622.93	-1614.96	12.9776
17 	60   	-1801.75	-1620.72	-1613.86	10.2444
18 	60   	-1827.68	-1620.25	-1613.86	14.8922
19 	60   	-1756.04	-1618.12	-1613.64	8.79601
20 	60   	-1928.2 	-1619.13	-1611.16	19.582 
21 	60   	-2076.14	-1619.04	-1611.16	24.5496
22 	60   	-1929.13	-1617.21	-1611.16	16.9016
23 	60   	-1949.85	-1616.24	-1611.16	16.2394
24 	60   	-1734.57	-1615.3 	-1611.04	8.72193
25 	60   	-1655.6 	-1613.82	-1609.91	3.43243
26 	60   	-1755.66	-1613.82	-1609.91	9.49381
27 	60   	-1690.47	-1612.94	-1609.64	6.79662
28 	60   	-1740.81	-1612.67	-1608.51	9.63304
29 	60   	-1681.23	-1611.51	-1608.29	4.71473
30 	60   	-1696.05	-1612.28	-1608.29	8.83853
31 	60   	-1823.2 	-1612.25	-1608.29	13.5646
32 	60   	-1692.64	-1611.21	-1608.29	6.61654
33 	60   	-1651.89	-1610.54	-1608.11	4.17987
34 	60   	-1639.72	-1610.08	-1608.11	2.8929 
35 	60   	-1682.13	-1610.26	-1607.59	5.8619 
36 	60   	-1661.06	-1609.96	-1607.42	4.63582
37 	60   	-1781.38	-1610.73	-1607.42	13.7035
38 	60   	-1897.2 	-1611.11	-1606.54	20.2338
39 	60   	-2023.47	-1610.03	-1606.54	19.5389
40 	60   	-1666.97	-1609   	-1606.54	4.60727
41 	60   	-1815.69	-1609.48	-1606.42	13.3028
42 	60   	-1748.56	-1608.82	-1606.19	9.13956
43 	60   	-1711.15	-1608.48	-1606.19	7.26852
44 	60   	-1711.98	-1608.01	-1604.92	6.49552
45 	60   	-1656.17	-1607.24	-1604.92	3.23577
46 	60   	-1776.37	-1607.81	-1604.92	9.12556
47 	60   	-1712.16	-1607.59	-1604.92	7.97756
48 	60   	-1684.94	-1606.92	-1604.92	5.18014
49 	60   	-1642.49	-1606.35	-1604.89	2.52497
50 	60   	-1678.73	-1606.13	-1604.49	4.27595
51 	60   	-1777.85	-1606.58	-1604.4 	10.0959
52 	60   	-1639.45	-1605.68	-1604.4 	3.29414
53 	60   	-1730.68	-1606.21	-1604.4 	8.52876
54 	60   	-1677.93	-1605.44	-1604.4 	4.53257
55 	60   	-2029.79	-1606.24	-1604.4 	19.3078
56 	60   	-1763.88	-1605.67	-1604.19	8.64521
57 	60   	-1738.53	-1605.43	-1604.1 	8.67891
58 	60   	-1810.87	-1605.57	-1604.1 	10.4056
59 	60   	-1655.05	-1605.2 	-1603.8 	3.56471
60 	60   	-1648.35	-1605.01	-1603.49	3.34055
61 	60   	-1721.41	-1605.66	-1603.49	8.64613
62 	60   	-1717.95	-1605.36	-1603.49	7.23172
63 	60   	-1642.66	-1604.62	-1603.49	2.91236
64 	60   	-1789.22	-1605.1 	-1603.4 	9.48032
65 	60   	-1714.18	-1604.56	-1603.4 	5.58423
66 	60   	-1843.01	-1604.72	-1603.4 	11.1602
67 	60   	-1715.18	-1604.48	-1603.1 	6.76411
68 	60   	-1741.15	-1604.48	-1603.1 	7.08558
69 	60   	-1621.04	-1603.88	-1602.8 	1.90637
70 	60   	-1675.82	-1604.15	-1602.8 	4.24128
71 	60   	-1665.3 	-1604.04	-1602.8 	4.23878
72 	60   	-1745.93	-1604.28	-1602.8 	7.96217
73 	60   	-1765.48	-1604.21	-1602.8 	8.85469
74 	60   	-1858.08	-1604.44	-1602.8 	12.4381
75 	60   	-1806.48	-1604.4 	-1602.8 	10.6805
76 	60   	-1636.24	-1603.77	-1602.8 	3.57791
77 	60   	-1670.15	-1603.42	-1602.8 	3.71818
78 	60   	-1643.85	-1603.25	-1602.7 	2.65457
79 	60   	-1690.79	-1603.47	-1602.7 	4.83266
80 	60   	-1723.6 	-1603.66	-1602.7 	6.18653
81 	60   	-1640.92	-1603.47	-1602.7 	3.87328
82 	60   	-1628.25	-1603.25	-1602.4 	2.40067
83 	60   	-1768.27	-1604.44	-1602.4 	12.6124
84 	60   	-1628.89	-1603.22	-1602.4 	2.62824
85 	60   	-1698.11	-1603.68	-1602.4 	6.10948
86 	60   	-1809.77	-1603.67	-1602.4 	10.4447
87 	60   	-1633.65	-1603.2 	-1602.4 	2.94483
88 	60   	-1759.19	-1603.17	-1602.4 	7.29764
89 	60   	-1684.18	-1603   	-1602.4 	4.34443
90 	60   	-1650.52	-1603.03	-1602.4 	3.75489
91 	60   	-1667.86	-1603.31	-1602.4 	4.98973
92 	60   	-1632.59	-1602.73	-1602.4 	2.01206
93 	60   	-2254.28	-1604.79	-1602.4 	29.8981
94 	60   	-1742.84	-1603.44	-1602.4 	7.51258
95 	60   	-1653.1 	-1603   	-1602.4 	3.52857
96 	60   	-1619.12	-1602.89	-1602.4 	1.91638
97 	60   	-1666.28	-1603.3 	-1602.4 	5.07366
98 	60   	-1632.58	-1603.23	-1602.4 	3.38664
99 	60   	-1722.3 	-1603.76	-1602.4 	7.68979
gen	depth	min     	avg     	max     	std    
0  	60   	-2488.26	-1766.82	-1643.85	97.1817
1  	60   	-3100.19	-1711.37	-1640.88	79.7714
2  	60   	-2175.85	-1683.62	-1631.45	40.0762
3  	60   	-2110.43	-1667.76	-1630.77	27.1406
4  	60   	-2468.9 	-1661.01	-1630.58	45.9082
5  	60   	-1799.12	-1650.64	-1630.58	14.6368
6  	60   	-1788.16	-1645.62	-1625.71	13.882 
7  	60   	-2647.14	-1642.99	-1624.11	51.5546
8  	60   	-1885.93	-1639.34	-1623.41	24.6316
9  	60   	-1857.39	-1634.82	-1619.76	14.8566
10 	60   	-1772.18	-1632.76	-1619.76	12.9267
11 	60   	-1892.76	-1631.74	-1618.21	21.2149
12 	60   	-1833.15	-1628.11	-1616.78	13.2492
13 	60   	-1818.91	-1625.98	-1616.78	12.1302
14 	60   	-1706.11	-1623.43	-1616.3 	7.73771
15 	60   	-1746.5 	-1622.21	-1614.98	11.5769
16 	60   	-1885.42	-1621.14	-1614.22	15.0378
17 	60   	-1887.11	-1620.2 	-1614.22	15.7839
18 	60   	-1695.89	-1618.39	-1614.22	6.10057
19 	60   	-1748.45	-1617.53	-1613.08	8.64827
20 	60   	-1711.33	-1616.95	-1612   	7.34084
21 	60   	-1733.37	-1616.84	-1611.68	9.813  
22 	60   	-1860.34	-1617.08	-1610.98	18.4819
23 	60   	-2481.7 	-1616.55	-1610.91	39.4255
24 	60   	-1726.87	-1614.23	-1610.6 	7.68737
25 	60   	-1651.82	-1612.93	-1610.29	3.0437 
26 	60   	-1904.14	-1613.62	-1609.98	14.7949
27 	60   	-2085.06	-1613.82	-1609.46	23.1029
28 	60   	-1730.16	-1612.27	-1609.39	9.10645
29 	60   	-1743.55	-1612.1 	-1608.69	9.09717
30 	60   	-1649.24	-1611.33	-1608.59	4.28992
31 	60   	-1895.23	-1611.8 	-1608.06	15.4018
32 	60   	-1793.74	-1611.04	-1607.89	11.7692
33 	60   	-1734.56	-1610.14	-1607.11	7.48651
34 	60   	-1967.38	-1610.75	-1607.06	17.7645
35 	60   	-1673.35	-1609.37	-1606.44	4.92576
36 	60   	-1698.79	-1609.16	-1606.36	6.02205
37 	60   	-1803.12	-1609.39	-1606.14	11.9048
38 	60   	-1693.88	-1608.44	-1605.67	5.98323
39 	60   	-2276.19	-1609.29	-1605.67	30.1793
40 	60   	-1838.39	-1608.7 	-1605.44	16.6029
41 	60   	-1685.27	-1607.47	-1605.05	5.33416
42 	60   	-1670.01	-1607   	-1605.05	4.43181
43 	60   	-1721.24	-1607.18	-1604.89	7.36391
44 	60   	-1734.9 	-1606.68	-1604.84	6.78329
45 	60   	-1713.41	-1606.25	-1604.22	5.43993
46 	60   	-1705.08	-1606.16	-1604.22	5.98662
47 	60   	-1644.27	-1605.78	-1604.22	3.65064
48 	60   	-1627.49	-1605.44	-1604.22	2.62598
49 	60   	-1659.46	-1605.42	-1604.22	3.89355
50 	60   	-1940.96	-1606.48	-1604.22	16.6292
51 	60   	-1676.05	-1605.35	-1604.19	4.34766
52 	60   	-1643.86	-1605.25	-1604.19	3.53721
53 	60   	-1942.69	-1606.15	-1604.19	16.1873
54 	60   	-1789.82	-1605.16	-1604.19	9.00462
55 	60   	-1662.05	-1604.8 	-1604.19	3.37768
56 	60   	-1669.58	-1604.92	-1604.19	4.14643
57 	60   	-1658.28	-1605.37	-1604.19	5.37381
58 	60   	-1644.8 	-1604.79	-1604.14	3.08004
59 	60   	-1657.92	-1604.86	-1604.14	3.53027
60 	60   	-1759.38	-1605.68	-1604.14	10.3347
61 	60   	-1795.31	-1605.63	-1604.14	11.5379
62 	60   	-1712.18	-1605.07	-1604.14	6.52664
63 	60   	-1809.77	-1605.03	-1604.14	9.47502
64 	60   	-1680.51	-1605.14	-1604.14	4.97619
65 	60   	-1672.64	-1605.15	-1604.14	5.77112
66 	60   	-1651   	-1604.94	-1603.8 	4.21627
67 	60   	-1693.25	-1605.18	-1603.8 	6.24783
68 	60   	-1716.63	-1604.92	-1603.49	6.09315
69 	60   	-1755.55	-1605.13	-1603.49	8.0095 
70 	60   	-1675.63	-1604.9 	-1603.44	4.77727
71 	60   	-1683.48	-1604.68	-1603.44	4.81726
72 	60   	-1741.99	-1605.31	-1603.44	8.84474
73 	60   	-1929.93	-1605.45	-1603.44	16.7723
74 	60   	-1626.18	-1604.17	-1603.44	2.72764
75 	60   	-1638.23	-1603.91	-1603.4 	2.52394
76 	60   	-1677.82	-1604.37	-1603.4 	5.34898
77 	60   	-2306.6 	-1606.02	-1603.1 	32.6937
78 	60   	-1673.58	-1603.98	-1603.1 	3.74712
79 	60   	-1646.16	-1604.11	-1603.1 	3.58554
80 	60   	-2124.38	-1605.55	-1602.8 	24.2343
81 	60   	-1649.12	-1604.07	-1602.8 	3.83313
82 	60   	-1672.25	-1604.12	-1602.7 	5.23304
83 	60   	-1680.49	-1603.88	-1602.7 	4.74058
84 	60   	-1699.8 	-1603.96	-1602.7 	5.78891
85 	60   	-1701.99	-1604.08	-1602.7 	7.47835
86 	60   	-1781.44	-1603.87	-1602.7 	9.26538
87 	60   	-1685.17	-1603.71	-1602.7 	5.80866
88 	60   	-1904.51	-1604.03	-1602.7 	14.6573
89 	60   	-1619.4 	-1603.12	-1602.7 	1.73892
90 	60   	-1719.32	-1603.64	-1602.7 	6.67875
91 	60   	-1675.52	-1603.77	-1602.7 	5.76144
92 	60   	-1658.3 	-1603.41	-1602.4 	4.08773
93 	60   	-1650.84	-1603.39	-1602.4 	3.96146
94 	60   	-1725.82	-1603.73	-1602.4 	7.95875
95 	60   	-1692.03	-1603.31	-1602.4 	4.75363
96 	60   	-1662.58	-1603.21	-1602.4 	3.71724
97 	60   	-1823.35	-1603.65	-1602.4 	10.4065
98 	60   	-1631.89	-1603.2 	-1602   	3.11239
99 	60   	-1710.31	-1603.4 	-1602   	6.82968
