gen	depth	min     	avg     	max     	std    
0  	100  	-8847.91	-2798.94	-2273.84	489.494
1  	100  	-4522.62	-2544.97	-2266.31	190.803
2  	100  	-3889.68	-2448.84	-2252.12	140.198
3  	100  	-7169.13	-2416.57	-2251.67	327.929
4  	100  	-3485.68	-2348.58	-2220.28	110.731
5  	100  	-6644.01	-2328.79	-2216.16	280.436
6  	100  	-4893.5 	-2293.01	-2205.46	145.082
7  	100  	-3679.47	-2270.29	-2195.58	98.9718
8  	100  	-2888.23	-2249.19	-2194.92	52.2618
9  	100  	-3008.95	-2239.66	-2191.54	65.1797
10 	100  	-2961.51	-2231.32	-2186.16	71.0146
11 	100  	-3742.81	-2225.35	-2179.96	115.477
12 	100  	-3233.75	-2215.68	-2179.71	68.7098
13 	100  	-15733.2	-2238.69	-2167.63	610.993
14 	100  	-3677.24	-2210.61	-2167.63	93.6265
15 	100  	-2821.05	-2201.65	-2167.63	50.0086
16 	100  	-3937.97	-2206.45	-2160.95	135.577
17 	100  	-3429.9 	-2196.43	-2157.58	90.4494
18 	100  	-5452.66	-2192.84	-2154.37	155.976
19 	100  	-2510.61	-2179.64	-2153.46	34.914 
20 	100  	-3474.49	-2181.08	-2149   	82.728 
21 	100  	-3744.64	-2175.25	-2147.81	84.1998
22 	100  	-3157.9 	-2166.7 	-2144.51	52.5146
23 	100  	-2940.48	-2166.82	-2142.45	65.0945
24 	100  	-3047.24	-2166.93	-2141.68	69.0874
25 	100  	-4274.06	-2163.42	-2135.88	107.734
26 	100  	-2838.79	-2160.33	-2135.88	66.6275
27 	100  	-2898.7 	-2159.39	-2130.06	59.4942
28 	100  	-3226.53	-2152.74	-2130.01	57.7266
29 	100  	-3438.09	-2158.01	-2130.01	86.662 
30 	100  	-5993.36	-2157.86	-2128.38	176.415
31 	100  	-4430.99	-2154.54	-2127.73	139.947
32 	100  	-3103.65	-2145.23	-2126.86	55.0921
33 	100  	-3459.39	-2147.08	-2124.58	83.4565
34 	100  	-2499.02	-2138.55	-2124.58	29.1699
35 	100  	-3311.12	-2143.73	-2124.58	72.6179
36 	100  	-2977.79	-2142.25	-2123.03	67.9793
37 	100  	-3641.61	-2137.37	-2121.86	74.113 
38 	100  	-3285.32	-2141.31	-2120.71	88.0803
39 	100  	-3008.84	-2135.47	-2119.38	62.0114
40 	100  	-2353.19	-2129.71	-2118.54	24.1126
41 	100  	-3518.34	-2133.64	-2115.59	76.1237
42 	100  	-5144.42	-2137.93	-2115.19	152.517
43 	100  	-3366.28	-2131.08	-2115.09	82.4236
44 	100  	-2755.39	-2131.41	-2114.89	59.9773
45 	100  	-3088.15	-2128.65	-2113.52	59.4861
46 	100  	-2722.42	-2125.9 	-2113.52	45.4258
47 	100  	-8354.97	-2144.35	-2112.94	324.917
48 	100  	-2406.37	-2121.9 	-2112.82	27.9449
49 	100  	-3079.6 	-2128.54	-2112.82	74.8217
50 	100  	-2956.97	-2126.07	-2112.16	61.5692
51 	100  	-3296.72	-2124.43	-2112.16	75.2903
52 	100  	-3165.47	-2123.44	-2110.67	64.082 
53 	100  	-2585.3 	-2121.42	-2110.67	38.7168
54 	100  	-3053.84	-2122.64	-2110.24	61.0557
55 	100  	-2603.63	-2122.26	-2108.86	45.3667
56 	100  	-3121.48	-2120.55	-2108.86	54.2695
57 	100  	-2473.01	-2118.89	-2107.02	33.6639
58 	100  	-2751.44	-2119.4 	-2107.02	46.8627
59 	100  	-2917.01	-2121.66	-2106.67	62.7035
60 	100  	-2774.66	-2117.77	-2106.58	45.113 
61 	100  	-2688.4 	-2117.13	-2106.58	51.0447
62 	100  	-3394.21	-2125.26	-2105.97	97.3715
63 	100  	-3285.81	-2119.68	-2105.97	73.3111
64 	100  	-2824.99	-2122.09	-2105.27	71.786 
65 	100  	-2616.43	-2112.7 	-2105.27	33.6197
66 	100  	-2593.97	-2113.12	-2105.27	36.4153
67 	100  	-3020.05	-2115.74	-2104.53	54.1021
68 	100  	-2698.75	-2112.29	-2104.51	34.5746
69 	100  	-3029.6 	-2115.8 	-2104.51	56.3319
70 	100  	-3612.84	-2120.5 	-2104.29	101.78 
71 	100  	-2376.11	-2112.58	-2100.29	31.1398
72 	100  	-2593.18	-2113.54	-2100.29	41.163 
73 	100  	-4546.41	-2117.56	-2099.59	122.408
74 	100  	-2326.94	-2109.04	-2099.59	20.4263
75 	100  	-2857.02	-2111.3 	-2098.92	51.0255
76 	100  	-2830.11	-2111.96	-2098.76	56.6736
77 	100  	-2986.05	-2108.32	-2098.72	54.1957
78 	100  	-3631   	-2107.27	-2098.72	72.3607
79 	100  	-3324.05	-2109.88	-2097.72	73.4097
80 	100  	-3236.68	-2107.89	-2097.02	59.2302
81 	100  	-2905.66	-2108.8 	-2096.18	58.8515
82 	100  	-2732.51	-2105.57	-2096.18	42.6142
83 	100  	-3787.39	-2109.33	-2094.44	83.724 
84 	100  	-2487.12	-2104   	-2093.91	31.5056
85 	100  	-2374.53	-2102.16	-2093.72	24.8345
86 	100  	-5351.85	-2110.77	-2093.72	158.227
87 	100  	-2571.64	-2102.74	-2092.96	37.3781
88 	100  	-3850.32	-2108.3 	-2092.52	114.52 
89 	100  	-2364.67	-2098.89	-2092.23	24.7634
90 	100  	-2299.3 	-2097.93	-2092.23	19.6932
91 	100  	-3218.92	-2102.44	-2092.23	61.7863
92 	100  	-2603.38	-2099.35	-2092.23	35.2936
93 	100  	-3022.34	-2101.24	-2091.61	60.3723
94 	100  	-2237.52	-2094.56	-2091.56	11.2573
95 	100  	-2799.76	-2101.36	-2091.56	55.2823
96 	100  	-2381.88	-2097.49	-2091.53	25.303 
97 	100  	-3674.28	-2102.86	-2090.91	96.6941
98 	100  	-2551.62	-2097.61	-2090.91	30.0947
99 	100  	-4347.65	-2107.1 	-2090.91	123.588
gen	depth	min     	avg     	max     	std    
0  	100  	-4564.52	-2763.73	-2244.73	301.189
1  	100  	-13247.8	-2607.82	-2244.73	560.925
2  	100  	-5281.56	-2476.89	-2244.73	184.522
3  	100  	-5363.06	-2417.35	-2244.73	207.555
4  	100  	-2923.41	-2358.07	-2218.97	87.5483
5  	100  	-3869.18	-2320.15	-2209.51	118.355
6  	100  	-4421.68	-2296.21	-2209.51	138.897
7  	100  	-3808.86	-2271.39	-2203.37	107.244
8  	100  	-3347.29	-2258.64	-2195.89	94.0386
9  	100  	-3215.37	-2243.27	-2195.89	66.5591
10 	100  	-3132.73	-2239.17	-2184.61	87.6523
11 	100  	-9283.45	-2260.9 	-2166.43	482.471
12 	100  	-3518.14	-2220.52	-2166.43	97.6957
13 	100  	-4665.14	-2212.65	-2164.24	129.66 
14 	100  	-2565.49	-2198.53	-2159.96	40.5812
15 	100  	-2749.5 	-2192.05	-2151.23	49.9504
16 	100  	-2476.48	-2182.75	-2151.23	34.9441
17 	100  	-9915.26	-2197.04	-2149.19	357.956
18 	100  	-4120.83	-2178.22	-2145.29	107.79 
19 	100  	-3130.88	-2167.36	-2141.32	55.8745
20 	100  	-5911.56	-2172.23	-2141.32	176.404
21 	100  	-2970.05	-2159.06	-2138.05	47.8418
22 	100  	-4476.04	-2175.37	-2133.94	162.676
23 	100  	-2596.82	-2155.27	-2133.94	40.8343
24 	100  	-2461.98	-2150.15	-2133.43	28.3396
25 	100  	-3687.95	-2156.21	-2132.44	111.03 
26 	100  	-3667.3 	-2150.89	-2128.31	78.5944
27 	100  	-2737.28	-2148.19	-2127.01	52.9974
28 	100  	-3183.33	-2147.17	-2126.31	69.9971
29 	100  	-2619.88	-2141.07	-2126.31	36.649 
30 	100  	-4087.2 	-2144.26	-2126.04	95.5298
31 	100  	-2467.94	-2135.37	-2125.53	27.4313
32 	100  	-2468.73	-2134.61	-2125.23	29.4243
33 	100  	-2559.53	-2132.73	-2124.53	29.7362
34 	100  	-2774.93	-2136.13	-2121.74	49.0501
35 	100  	-2832.9 	-2135.47	-2121.74	48.5407
36 	100  	-2626.7 	-2135.25	-2121.74	40.8293
37 	100  	-4156.9 	-2138.62	-2115.29	113.519
38 	100  	-4510.78	-2137.67	-2115.29	117.816
39 	100  	-4241.73	-2136.11	-2115.29	105.14 
40 	100  	-2883.48	-2130.86	-2113.59	47.6652
41 	100  	-2377.99	-2126.81	-2112.89	22.6071
42 	100  	-3903.79	-2136.44	-2112.89	110.529
43 	100  	-3331.38	-2128.5 	-2108.37	66.1287
44 	100  	-2536.06	-2123.85	-2108.37	34.4982
45 	100  	-3414.06	-2125.9 	-2106.67	72.6649
46 	100  	-3759.13	-2128.68	-2104.45	105.956
47 	100  	-3018.24	-2121.1 	-2104.45	52.8478
48 	100  	-2670.31	-2116.11	-2104.45	32.8804
49 	100  	-2987.51	-2119.06	-2103.23	56.8972
50 	100  	-2737.6 	-2115.76	-2102.66	43.6264
51 	100  	-3488.96	-2118.32	-2102.36	75.0771
52 	100  	-2490.32	-2111.22	-2100.84	29.4898
53 	100  	-2305.42	-2108.63	-2100.84	19.1758
54 	100  	-5634.32	-2124.17	-2100.84	180.351
55 	100  	-2457   	-2109.53	-2099.97	30.8019
56 	100  	-2847.57	-2110.44	-2099.27	50.914 
57 	100  	-3672.17	-2111.55	-2099.19	77.0144
58 	100  	-2756.22	-2109.65	-2098.52	47.5937
59 	100  	-2432.65	-2109.05	-2097.82	36.0968
60 	100  	-2645.03	-2106.83	-2097.82	35.9214
61 	100  	-2595.9 	-2108.51	-2097.44	42.7665
62 	100  	-2692.39	-2110.73	-2097.41	56.2656
63 	100  	-2717.35	-2105.33	-2096.36	41.5554
64 	100  	-2900.43	-2104.66	-2095.66	43.1263
65 	100  	-2761.91	-2108.1 	-2095.66	52.5418
66 	100  	-2768.71	-2105.74	-2095.66	45.2154
67 	100  	-3417.37	-2109.76	-2094.68	83.2524
68 	100  	-2758.04	-2104.52	-2094.68	45.011 
69 	100  	-2620.23	-2105.06	-2094.68	46.3333
70 	100  	-2343.25	-2101.22	-2094.68	23.0357
71 	100  	-2710.01	-2104.73	-2094.68	52.7776
72 	100  	-3314.01	-2105.87	-2094.15	69.858 
73 	100  	-3580.6 	-2106.15	-2094.15	84.6953
74 	100  	-2552.46	-2102   	-2093.7 	34.4922
75 	100  	-5102.98	-2110.61	-2093   	144.07 
76 	100  	-3148.29	-2106.33	-2092.87	71.1475
77 	100  	-2514.17	-2102.21	-2091.92	37.6156
78 	100  	-2296.48	-2099.04	-2091.01	20.0539
79 	100  	-4879.84	-2104.31	-2090.15	126.943
80 	100  	-3617.06	-2103.94	-2090.15	81.3605
81 	100  	-2481.94	-2099.79	-2088.67	33.0387
82 	100  	-8880.51	-2124.41	-2088.67	335.851
83 	100  	-3109.45	-2097.36	-2088.45	49.9255
84 	100  	-2324.6 	-2094.49	-2087.92	19.7201
85 	100  	-3638.99	-2098.18	-2087.92	75.6398
86 	100  	-3359.24	-2099.42	-2087.1 	69.1728
87 	100  	-49890.9	-2217.49	-2087.1 	2168.49
88 	100  	-2843.68	-2098.39	-2086.63	55.6901
89 	100  	-2938.86	-2095.97	-2086.32	47.7873
90 	100  	-2492.71	-2094.7 	-2086.32	36.3041
91 	100  	-2921.93	-2093.91	-2085.93	46.4348
92 	100  	-2446.52	-2092.54	-2085.7 	31.0491
93 	100  	-2621.27	-2093.54	-2085.62	41.8469
94 	100  	-2492.25	-2091.87	-2085.42	24.8973
95 	100  	-3137.29	-2096.26	-2084.52	63.7205
96 	100  	-2537.53	-2091.97	-2084.52	34.7813
97 	100  	-3090.77	-2094.82	-2084.23	59.4633
98 	100  	-2417.56	-2092.73	-2084.23	31.3095
99 	100  	-3501.44	-2094.37	-2084.23	69.34  
gen	depth	min     	avg     	max     	std    
0  	100  	-8057.79	-2777.86	-2296.11	454.92 
1  	100  	-10627.8	-2603.34	-2296.11	466.91 
2  	100  	-4771.54	-2466.47	-2265.83	147.842
3  	100  	-3397.7 	-2407.1 	-2258.58	103.991
4  	100  	-2926.31	-2355.86	-2251.11	68.4764
5  	100  	-3540.46	-2329.02	-2233.21	79.8036
6  	100  	-4144.19	-2307.72	-2217.33	103.996
7  	100  	-5234.15	-2299.78	-2195.53	202.063
8  	100  	-3108.77	-2263.05	-2190.55	56.0111
9  	100  	-6770.69	-2257.39	-2178.42	218.593
10 	100  	-3389.22	-2234.51	-2178.42	75.5177
11 	100  	-2767.13	-2220.82	-2171.48	49.6365
12 	100  	-3284.57	-2208.78	-2166.05	62.5326
13 	100  	-3031.48	-2200.14	-2162.62	49.3135
14 	100  	-2914.6 	-2197.8 	-2158.72	60.1936
15 	100  	-2653.34	-2186.93	-2155.19	41.6208
16 	100  	-2946.23	-2181.86	-2154.27	50.4535
17 	100  	-6860.28	-2194.81	-2150.27	264.028
18 	100  	-2516.5 	-2172.12	-2143.51	37.5696
19 	100  	-3355.08	-2177.32	-2134.05	97.9959
20 	100  	-4219.58	-2171.21	-2133.29	113.822
21 	100  	-2695.41	-2160.58	-2130.31	42.5519
22 	100  	-5579.44	-2163.24	-2126   	157.224
23 	100  	-3910.28	-2162.59	-2117.54	129.672
24 	100  	-2906   	-2150.39	-2117.54	61.5255
25 	100  	-2836.78	-2143.91	-2117.54	61.6005
26 	100  	-2326.27	-2134.05	-2116.08	19.991 
27 	100  	-2972.25	-2137.39	-2116.08	64.707 
28 	100  	-2552.04	-2129.87	-2116.08	29.5559
29 	100  	-2545.58	-2129.9 	-2116.08	40.2815
30 	100  	-2838.1 	-2130.16	-2115.61	57.7971
31 	100  	-8407.96	-2145.03	-2115.39	293.133
32 	100  	-2682.85	-2125.06	-2114.21	39.6652
33 	100  	-3013.47	-2129.06	-2113.86	67.3133
34 	100  	-7081.91	-2134.16	-2111.64	232.645
35 	100  	-2575.27	-2121.57	-2110.73	33.255 
36 	100  	-3209.96	-2125.91	-2110.59	73.0235
37 	100  	-2587.13	-2121.77	-2110.59	39.491 
38 	100  	-2653.12	-2124.03	-2110.03	47.6124
39 	100  	-3582.16	-2124.89	-2109.94	92.4166
40 	100  	-4547.99	-2124.69	-2108.7 	121.809
41 	100  	-2426.09	-2116.75	-2108.7 	27.8471
42 	100  	-6824.63	-2134.6 	-2108.7 	245.975
43 	100  	-2696.28	-2119.48	-2108.58	51.6677
44 	100  	-2366.68	-2116.34	-2106.88	28.8432
45 	100  	-5728.27	-2138.66	-2106.88	240.183
46 	100  	-4213.11	-2120.09	-2106.19	102.422
47 	100  	-2552.22	-2116.89	-2105.21	38.6009
48 	100  	-9267.84	-2127.92	-2104.51	321.274
49 	100  	-2721.57	-2113.16	-2103.02	36.3453
50 	100  	-2379.82	-2113.96	-2102.64	29.1803
51 	100  	-5706.52	-2123.54	-2101.73	170.803
52 	100  	-2856.15	-2111.34	-2101.03	42.8322
53 	100  	-3355.61	-2114.23	-2099.93	65.2381
54 	100  	-3301.17	-2112.75	-2099.93	62.9673
55 	100  	-2617.62	-2110.8 	-2098.61	36.7135
56 	100  	-2985.79	-2110.23	-2098.29	45.9604
57 	100  	-2352.93	-2107.12	-2097.66	23.8113
58 	100  	-3070.65	-2114.64	-2097.66	74.2543
59 	100  	-2444.64	-2105.2 	-2097.2 	27.6042
60 	100  	-2989.74	-2108.97	-2096.2 	62.1489
61 	100  	-2612.92	-2109.1 	-2096.2 	46.8758
62 	100  	-4196.68	-2116.62	-2095.5 	140.076
63 	100  	-2607.66	-2105.88	-2095.5 	45.7389
64 	100  	-2846.67	-2102.1 	-2094.24	37.7245
65 	100  	-2875.67	-2104.75	-2093.94	56.1478
66 	100  	-2647.08	-2103.88	-2093.54	42.2411
67 	100  	-2590.83	-2103.36	-2092.39	43.8968
68 	100  	-2557.02	-2105   	-2092.39	47.4609
69 	100  	-3633.81	-2117.63	-2092.39	146.221
70 	100  	-3604.96	-2103.87	-2091.54	84.0152
71 	100  	-2666.28	-2100.43	-2090.89	39.6944
72 	100  	-3085.05	-2102.35	-2089.87	66.0773
73 	100  	-3031.74	-2102.74	-2089.87	62.1157
74 	100  	-2487.31	-2100.06	-2089.87	30.4815
75 	100  	-5435.01	-2104.74	-2089.87	152.152
76 	100  	-2912.8 	-2102.4 	-2089.4 	57.1047
77 	100  	-2654.87	-2096.93	-2089.4 	36.7714
78 	100  	-2456.59	-2097.82	-2089.17	37.3322
79 	100  	-3511.31	-2103.98	-2089.17	98.4121
80 	100  	-2519   	-2096.55	-2088.72	34.6855
81 	100  	-2405.04	-2094.59	-2088.7 	25.6491
82 	100  	-2416.69	-2095.56	-2088.47	29.5015
83 	100  	-2719.47	-2098.05	-2088.47	47.6132
84 	100  	-2340.66	-2095.12	-2087.67	27.8157
85 	100  	-4735.61	-2102.38	-2086.18	134.015
86 	100  	-2660.14	-2096.22	-2086.18	43.9113
87 	100  	-2774.16	-2097.03	-2086.18	48.0854
88 	100  	-2939.55	-2096.09	-2085.95	55.4284
89 	100  	-2440.36	-2092.54	-2085.95	24.9552
90 	100  	-8255.66	-2111.49	-2085.48	295.132
91 	100  	-3903.03	-2102.55	-2084.8 	114.82 
92 	100  	-2381.48	-2092.97	-2084.05	30.5051
93 	100  	-2448.92	-2092.4 	-2084.05	27.8839
94 	100  	-2428.52	-2091.63	-2084.05	27.2182
95 	100  	-9001.16	-2106.66	-2082.75	312.891
96 	100  	-2410.65	-2090.53	-2081.88	26.3863
97 	100  	-2517.43	-2091.28	-2081.75	33.0005
98 	100  	-2510.93	-2090.61	-2080.35	30.306 
99 	100  	-2584.43	-2090.82	-2080.35	40.679 
gen	depth	min     	avg     	max     	std    
0  	100  	-4634.31	-2729.99	-2332.29	284.101
1  	100  	-4069.88	-2541.89	-2278.98	164.338
2  	100  	-5148.93	-2465.36	-2266.72	182.547
3  	100  	-6415.36	-2404.06	-2262.74	200.468
4  	100  	-3667.58	-2358.64	-2240.49	87.459 
5  	100  	-5841.72	-2342.66	-2227.91	193.808
6  	100  	-3406.94	-2309.42	-2210.57	101.261
7  	100  	-5725.84	-2292.73	-2181.26	211.362
8  	100  	-31756.1	-2316.33	-2181.26	1318.66
9  	100  	-2713.21	-2245.75	-2181.26	54.2051
10 	100  	-2995.3 	-2231.48	-2166.66	51.4006
11 	100  	-2905.66	-2224.97	-2166.66	59.8503
12 	100  	-3165.46	-2219.9 	-2159.87	80.6633
13 	100  	-2928.39	-2201.96	-2150.27	51.1683
14 	100  	-2513.52	-2193.08	-2150.27	36.5566
15 	100  	-5076.07	-2190.45	-2148.04	138.12 
16 	100  	-2776.33	-2180.7 	-2144.28	63.8666
17 	100  	-3599.11	-2173.05	-2137.59	71.2819
18 	100  	-3308.17	-2168.84	-2137.59	67.0274
19 	100  	-4312.73	-2164.04	-2134.55	103.591
20 	100  	-3018.26	-2159.05	-2130.58	53.092 
21 	100  	-2737.5 	-2153.38	-2130.58	43.918 
22 	100  	-2446.48	-2147.51	-2130.58	28.886 
23 	100  	-3919.9 	-2161.28	-2128.91	119.846
24 	100  	-2427.75	-2142.19	-2123.51	28.1145
25 	100  	-3078.42	-2141.75	-2123.51	46.9504
26 	100  	-2329.72	-2137.91	-2122.36	20.6172
27 	100  	-2852.71	-2141.88	-2121.81	63.5092
28 	100  	-5989.6 	-2143.29	-2116.21	175.214
29 	100  	-2747.25	-2133.33	-2116.21	35.7628
30 	100  	-2656.81	-2132.61	-2114.32	42.4781
31 	100  	-10562.2	-2153.46	-2114.32	386.128
32 	100  	-2994.63	-2129.26	-2112.99	46.5972
33 	100  	-2738.54	-2130.67	-2112.41	50.5041
34 	100  	-5781.78	-2139.03	-2110.5 	210.868
35 	100  	-4274.48	-2129.32	-2107.25	102.553
36 	100  	-4167.66	-2127.36	-2107.25	106.257
37 	100  	-2888.83	-2120.59	-2105.61	40.4859
38 	100  	-3715.79	-2126.16	-2105.15	85.834 
39 	100  	-2396.73	-2117.76	-2104.74	26.6533
40 	100  	-3882.22	-2125.89	-2103.98	114.175
41 	100  	-2572.42	-2118.22	-2102.63	41.2822
42 	100  	-3766.39	-2120.58	-2102.63	102.036
43 	100  	-7020.84	-2131.76	-2099.22	229.037
44 	100  	-2777.51	-2113.68	-2098.57	41.3374
45 	100  	-2675.38	-2115.03	-2098.57	49.9429
46 	100  	-3007.04	-2112.11	-2098.57	52.5427
47 	100  	-2699.78	-2113.12	-2098.57	48.4743
48 	100  	-2550.09	-2110.96	-2098.06	37.7983
49 	100  	-2504.27	-2107.74	-2097.89	30.128 
50 	100  	-2506.08	-2107.85	-2097.51	33.6647
51 	100  	-3607.88	-2110.78	-2097.51	78.5488
52 	100  	-2806.32	-2107.1 	-2096.68	47.3795
53 	100  	-2457.34	-2104.81	-2096.06	27.7439
54 	100  	-2511.94	-2103.93	-2093.43	32.6504
55 	100  	-2860.81	-2105.97	-2093.43	47.0733
56 	100  	-2370.48	-2103.86	-2093.43	28.1122
57 	100  	-3053.94	-2106.52	-2093.43	55.7294
58 	100  	-3883.97	-2105.95	-2092.18	83.4626
59 	100  	-2695.13	-2103.52	-2091.92	39.7799
60 	100  	-3150.98	-2103.71	-2091.92	71.3959
61 	100  	-4663.25	-2108.53	-2090.78	131.173
62 	100  	-4067.31	-2107.67	-2090.78	129.603
63 	100  	-2609.74	-2101.37	-2089.96	42.3053
64 	100  	-2555.89	-2096.96	-2089.96	25.9763
65 	100  	-2607.49	-2099.49	-2087.65	43.6421
66 	100  	-4600.55	-2107.86	-2087.56	148.749
67 	100  	-2686.09	-2100.61	-2084.69	51.7429
68 	100  	-3888.36	-2100.32	-2084.69	91.6743
69 	100  	-4262.83	-2100.2 	-2082.47	102.728
70 	100  	-2605.5 	-2095.44	-2082.47	40.2601
71 	100  	-2473.66	-2093.29	-2082.37	37.0389
72 	100  	-2654.23	-2092.12	-2081.28	36.8701
73 	100  	-2310.83	-2089.5 	-2080.95	22.8966
74 	100  	-2560.94	-2089.44	-2079.37	33.1718
75 	100  	-2443.36	-2088.81	-2079.37	27.0521
76 	100  	-2223.39	-2085.26	-2079.12	14.7958
77 	100  	-2322.84	-2084.65	-2077.85	16.8525
78 	100  	-2866.94	-2088.58	-2077.85	54.9796
79 	100  	-8507.46	-2103.57	-2077.15	295.378
80 	100  	-2367.2 	-2083.17	-2077.15	21.4359
81 	100  	-2917.64	-2089.77	-2076.45	66.3247
82 	100  	-2956.12	-2086.42	-2075.91	52.3171
83 	100  	-2809.76	-2085.79	-2075.91	50.6078
84 	100  	-2958.48	-2083.54	-2075.91	46.5565
85 	100  	-2500.58	-2083.58	-2075.18	32.1835
86 	100  	-2343.29	-2084.12	-2075.18	30.6138
87 	100  	-2918.44	-2082.64	-2074.74	51.6352
88 	100  	-2873.13	-2084.06	-2074.56	52.0695
89 	100  	-2526.8 	-2080.69	-2074.1 	26.2279
90 	100  	-2300.25	-2080.47	-2074.1 	21.0059
91 	100  	-3960.19	-2083.91	-2074.1 	88.3746
92 	100  	-2903.5 	-2081.45	-2074.1 	46.526 
93 	100  	-2397.57	-2082.2 	-2073.53	32.7629
94 	100  	-2751.22	-2081.2 	-2073.53	37.9595
95 	100  	-2626.46	-2083.54	-2073.47	45.9605
96 	100  	-2527.57	-2082.01	-2073.47	41.6507
97 	100  	-2611.11	-2084.27	-2073.47	48.5714
98 	100  	-2493.83	-2078.16	-2073.47	24.8979
99 	100  	-2685.92	-2079.07	-2073.47	31.6098
gen	depth	min     	avg     	max     	std    
0  	100  	-8380.57	-2752.44	-2301.51	430.535
1  	100  	-3225.52	-2527.19	-2250.16	134.755
2  	100  	-3501.71	-2455.81	-2238.09	134.086
3  	100  	-3081.42	-2382.81	-2221.78	92.2762
4  	100  	-5732.59	-2341.49	-2221.78	173.267
5  	100  	-4703.5 	-2309.49	-2217.6 	156.51 
6  	100  	-4525.14	-2284.38	-2210.52	128.937
7  	100  	-3247.33	-2266.33	-2200.75	77.0035
8  	100  	-4042.36	-2253.53	-2188.9 	101.34 
9  	100  	-4781.66	-2254.1 	-2188.9 	184.919
10 	100  	-4669.9 	-2238.88	-2186.5 	122.889
11 	100  	-3135.94	-2222.84	-2180.2 	63.5181
12 	100  	-4818.84	-2235.83	-2175.1 	184.956
13 	100  	-6427.16	-2220.04	-2170.9 	209.799
14 	100  	-6620.18	-2223.25	-2165.91	246.196
15 	100  	-3889.95	-2210.66	-2153.24	123.589
16 	100  	-4071.17	-2191.66	-2153.24	88.792 
17 	100  	-3041.03	-2188.11	-2150.63	57.6686
18 	100  	-3287.32	-2186.24	-2149.76	91.8275
19 	100  	-4102.5 	-2183.82	-2145.77	137.585
20 	100  	-7763.78	-2178.95	-2143.69	253.124
21 	100  	-2624.77	-2164.28	-2139.87	43.6795
22 	100  	-6703.06	-2171.39	-2137.35	206.697
23 	100  	-3176.23	-2158.89	-2132.05	55.7551
24 	100  	-3363.76	-2159.66	-2131.22	77.7019
25 	100  	-2764.42	-2154.7 	-2131.22	44.0742
26 	100  	-2795.08	-2154.11	-2131.22	50.7165
27 	100  	-3768.71	-2157.89	-2128.49	114.611
28 	100  	-6154.67	-2156.42	-2127.6 	191.433
29 	100  	-2629.1 	-2141.67	-2124.18	37.5465
30 	100  	-14041.5	-2175.56	-2124.18	548.539
31 	100  	-2612.82	-2138.78	-2123.11	40.1186
32 	100  	-4087.45	-2147.68	-2121.51	134.312
33 	100  	-3043.16	-2139.28	-2121.51	55.9462
34 	100  	-3156.09	-2136.54	-2118.93	55.1773
35 	100  	-3980.44	-2139.09	-2118.93	107.88 
36 	100  	-2516.91	-2133.47	-2118.2 	40.3304
37 	100  	-2726.18	-2131.41	-2115.1 	42.8906
38 	100  	-3125.64	-2130.87	-2115.1 	60.149 
39 	100  	-6455.81	-2141.77	-2113.43	210.544
40 	100  	-2956.01	-2131.12	-2113.43	61.2411
41 	100  	-2454.87	-2124.37	-2111.46	32.0843
42 	100  	-3930.92	-2132.78	-2110.83	121.605
43 	100  	-3448.76	-2130.57	-2110.83	90.0471
44 	100  	-3978.56	-2129.85	-2109.43	115.384
45 	100  	-2871.96	-2122.45	-2108.31	49.9691
46 	100  	-2471.24	-2118.41	-2106.61	29.1851
47 	100  	-2340.48	-2114.91	-2106.61	17.3885
48 	100  	-2694.6 	-2119.15	-2106.61	44.3168
49 	100  	-2815.63	-2117.48	-2105.91	42.9903
50 	100  	-2650.92	-2116.66	-2105.79	42.067 
51 	100  	-2485.59	-2115.02	-2100.78	35.061 
52 	100  	-2273.41	-2110.63	-2100.78	15.6198
53 	100  	-2411.39	-2114.26	-2100.78	31.1372
54 	100  	-2746.55	-2114.93	-2099.36	49.6789
55 	100  	-13313.6	-2136.04	-2098.74	506.088
56 	100  	-3014.1 	-2112.77	-2097.26	60.592 
57 	100  	-2471.03	-2109.44	-2094.86	33.0094
58 	100  	-3317.7 	-2111.16	-2094.37	70.4624
59 	100  	-3779.02	-2117.88	-2092.39	124.741
60 	100  	-2529.09	-2104.67	-2092.39	31.4131
61 	100  	-3301.68	-2110.47	-2092.39	85.0256
62 	100  	-7819.41	-2116.3 	-2091.86	268.863
63 	100  	-7451.58	-2115.56	-2091.85	245.605
64 	100  	-2343.66	-2098.81	-2091.56	24.1304
65 	100  	-2563.83	-2100.17	-2091.56	34.3095
66 	100  	-3499.49	-2099.47	-2091.56	70.4734
67 	100  	-2577.48	-2100.14	-2091.04	36.3026
68 	100  	-2623.36	-2100.99	-2091.04	43.5145
69 	100  	-3009.68	-2101.88	-2091.04	63.7345
70 	100  	-2401.37	-2095.57	-2090.16	20.1443
71 	100  	-3089.87	-2100.18	-2089.47	53.6748
72 	100  	-2582.29	-2096.7 	-2089.47	33.7384
73 	100  	-2589.15	-2098.02	-2089.47	42.6617
74 	100  	-2586.12	-2098.99	-2089.47	39.1994
75 	100  	-3346.76	-2098.58	-2089.47	63.4656
76 	100  	-5524.39	-2101.01	-2089.47	155.52 
77 	100  	-2579.91	-2100.9 	-2089.47	52.0137
78 	100  	-2675.17	-2095.17	-2089.47	45.1267
79 	100  	-2312.26	-2094.53	-2089.47	22.0382
80 	100  	-2717.4 	-2097.72	-2089.47	43.0824
81 	100  	-4940.42	-2102.25	-2089.47	131.476
82 	100  	-2931.41	-2096.34	-2089.47	45.7374
83 	100  	-2552.21	-2097.76	-2089.47	44.5348
84 	100  	-2377.27	-2095.23	-2089.47	28.9826
85 	100  	-4334.46	-2105.1 	-2089.47	123.833
86 	100  	-2681.82	-2100.01	-2089.47	52.0249
87 	100  	-2372.37	-2093.46	-2089.47	22.1152
88 	100  	-3297.83	-2100.28	-2089.47	76.5901
89 	100  	-2796.77	-2095.93	-2089.47	44.6846
90 	100  	-2504.52	-2097.46	-2089.47	33.1171
91 	100  	-3566.75	-2103.02	-2089.47	103.522
92 	100  	-2821.69	-2097.52	-2089.47	46.7635
93 	100  	-2440.83	-2092.51	-2087.19	20.7206
94 	100  	-2479.47	-2097.49	-2087.19	39.4348
95 	100  	-2429.7 	-2095.92	-2086.92	30.7355
96 	100  	-5269.57	-2101.22	-2086.92	145.961
97 	100  	-3232.41	-2095.7 	-2086.05	56.7095
98 	100  	-3463.87	-2101.92	-2086.05	90.9741
99 	100  	-2510.88	-2094.24	-2086.05	35.93  
gen	depth	min     	avg     	max     	std    
0  	100  	-4336.87	-2780.14	-2274.7 	339.404
1  	100  	-3753.59	-2563.6 	-2274.7 	151.72 
2  	100  	-3168.33	-2473.96	-2268.98	118.056
3  	100  	-4082.37	-2414.87	-2248.32	151.833
4  	100  	-7666.71	-2373.02	-2240.85	259.395
5  	100  	-5742.27	-2326.62	-2207.77	174.129
6  	100  	-14450.4	-2327.56	-2207.77	566.957
7  	100  	-12956.1	-2306.26	-2207.59	491.551
8  	100  	-5227.38	-2265.15	-2197.21	139.651
9  	100  	-4924.37	-2272.75	-2161.51	192.126
10 	100  	-3229.26	-2244.65	-2161.51	74.4584
11 	100  	-3832.22	-2234.43	-2152.71	111.722
12 	100  	-2508.61	-2210.88	-2152.71	37.8303
13 	100  	-4710.86	-2209.37	-2152.71	143.811
14 	100  	-3721.26	-2188.97	-2149.13	92.2173
15 	100  	-3513.76	-2184.88	-2147.67	89.7238
16 	100  	-2311.5 	-2169.85	-2145.8 	19.3115
17 	100  	-6486.51	-2180.45	-2144.93	200.718
18 	100  	-4846.64	-2168.64	-2142.68	129.794
19 	100  	-4118.97	-2171.04	-2142.51	135.101
20 	100  	-3457.51	-2160.71	-2136.88	73.4415
21 	100  	-2705.4 	-2158.21	-2136.88	52.8392
22 	100  	-5494.38	-2159.97	-2134.24	153.057
23 	100  	-3316.77	-2153.89	-2131.37	78.006 
24 	100  	-4214.72	-2154.68	-2129.14	101.837
25 	100  	-2365.85	-2143.33	-2128.94	19.8246
26 	100  	-2801.03	-2146.38	-2126.78	49.1113
27 	100  	-2741.74	-2143.78	-2125.27	51.3811
28 	100  	-3964.7 	-2144.16	-2123.11	101.433
29 	100  	-2363.26	-2134.58	-2122.24	19.5726
30 	100  	-2516.67	-2136.81	-2120.41	37.905 
31 	100  	-2538.12	-2134.51	-2120.41	35.4044
32 	100  	-3152.8 	-2137.02	-2116.68	65.0442
33 	100  	-2965.98	-2135.17	-2115.62	60.7836
34 	100  	-2771.5 	-2131.9 	-2115.62	44.8715
35 	100  	-5837.81	-2139.02	-2114.58	170.682
36 	100  	-2607.72	-2130.36	-2113.67	47.4565
37 	100  	-2729.5 	-2128.76	-2113.67	47.665 
38 	100  	-2651.94	-2128.92	-2113.67	47.5374
39 	100  	-2503.43	-2122.13	-2112.85	25.198 
40 	100  	-2813.68	-2126.21	-2111.72	54.5838
41 	100  	-2869.99	-2124.14	-2110.14	50.6613
42 	100  	-2460.18	-2123.72	-2110.14	37.2769
43 	100  	-2683.97	-2120.75	-2110.14	36.0543
44 	100  	-2874.7 	-2121.93	-2108.99	50.0093
45 	100  	-22319.8	-2191.59	-2108.99	1034.47
46 	100  	-2301.02	-2117.66	-2107.96	20.2005
47 	100  	-3756.53	-2125.21	-2107.8 	102.825
48 	100  	-2640.61	-2119.97	-2105.18	43.7458
49 	100  	-2321.25	-2114.29	-2104.16	17.2363
50 	100  	-2371.71	-2114.68	-2100.82	22.1405
51 	100  	-3167.18	-2122.26	-2100.6 	80.9432
52 	100  	-2720.69	-2115.29	-2100.6 	46.2885
53 	100  	-5255.9 	-2124.31	-2099.9 	168.048
54 	100  	-2966.61	-2113.67	-2099.9 	52.2176
55 	100  	-3638.13	-2113.21	-2097.93	82.6443
56 	100  	-2609.06	-2109.68	-2097.93	44.9887
57 	100  	-3360.45	-2111.25	-2097.93	68.7152
58 	100  	-4036.78	-2116.32	-2097.2 	128.068
59 	100  	-2649.16	-2109.8 	-2094.6 	48.7103
60 	100  	-3752.98	-2112.66	-2093.08	103.78 
61 	100  	-2386.23	-2103.81	-2093.08	27.9213
62 	100  	-2420.69	-2104.39	-2093.08	30.6559
63 	100  	-2746.2 	-2104.62	-2092.85	47.1299
64 	100  	-2531.35	-2102.54	-2092.85	38.5598
65 	100  	-2603.13	-2100.67	-2092.58	34.1038
66 	100  	-2327.53	-2099.24	-2090.81	24.9427
67 	100  	-3326.22	-2101.24	-2090.28	62.9294
68 	100  	-2779.57	-2098.67	-2090.28	38.9096
69 	100  	-2802.98	-2098.64	-2090.14	40.4579
70 	100  	-2424.39	-2095.51	-2089.21	23.1462
71 	100  	-4462.24	-2106.34	-2089.21	132.573
72 	100  	-2618.2 	-2099.84	-2088.76	50.0541
73 	100  	-2643.43	-2097.51	-2088.51	38.5684
74 	100  	-3256.7 	-2106.1 	-2088.17	100.61 
75 	100  	-2424.44	-2095.17	-2087.43	25.6319
76 	100  	-5281.1 	-2106.58	-2086.98	184.786
77 	100  	-2367.33	-2093.9 	-2086.81	22.8794
78 	100  	-5702.88	-2103.16	-2086.76	175.076
79 	100  	-3372.5 	-2103.2 	-2086.37	113.184
80 	100  	-2628.22	-2094.13	-2086.37	36.8867
81 	100  	-2942.71	-2094.49	-2086.11	47.3836
82 	100  	-4175.43	-2097.26	-2086.11	103.123
83 	100  	-2443.01	-2092.22	-2086.11	27.5913
84 	100  	-2604.54	-2092.85	-2086.11	40.3037
85 	100  	-3053.6 	-2097.38	-2086.11	72.6838
86 	100  	-3753.96	-2097.5 	-2086.11	96.3385
87 	100  	-2476.75	-2093.45	-2086.11	37.9207
88 	100  	-2657.61	-2094.23	-2086.11	49.4807
89 	100  	-2600.42	-2095.19	-2086.11	44.078 
90 	100  	-2564.63	-2094.34	-2085.99	41.8244
91 	100  	-2651.19	-2091.58	-2085.99	34.5321
92 	100  	-2641.7 	-2092.8 	-2085.99	35.7316
93 	100  	-2253.27	-2090.92	-2085.99	19.902 
94 	100  	-2610.16	-2092.93	-2085.41	40.0801
95 	100  	-2518.66	-2091.98	-2085.41	30.0771
96 	100  	-3393.14	-2094.45	-2085.41	66.3142
97 	100  	-2771.48	-2094.08	-2085.29	47.6103
98 	100  	-2920.25	-2098.36	-2085.29	71.6305
99 	100  	-2647.55	-2093.09	-2085.29	39.7738
gen	depth	min     	avg     	max     	std    
0  	100  	-11416  	-2764.7 	-2313.67	563.493
1  	100  	-3928.39	-2516.92	-2303.32	153.15 
2  	100  	-3370.36	-2431.58	-2256.37	104.924
3  	100  	-5324   	-2393.18	-2229.34	162.885
4  	100  	-2741.7 	-2342.93	-2229.34	56.5141
5  	100  	-3022.16	-2317.29	-2211.34	71.8715
6  	100  	-2965.65	-2292.54	-2211.34	75.38  
7  	100  	-7623.92	-2281.2 	-2191.09	248.894
8  	100  	-6988.06	-2263.33	-2188.43	229.389
9  	100  	-3249.61	-2238.6 	-2179.59	75.5251
10 	100  	-2686.77	-2225.74	-2172.26	50.7724
11 	100  	-5992.72	-2225.49	-2167.47	185.606
12 	100  	-2660.44	-2206.41	-2156.18	45.7529
13 	100  	-5020.04	-2217.41	-2151.15	205.277
14 	100  	-2977.41	-2190.35	-2149.35	56.3481
15 	100  	-3384.67	-2189.34	-2144.6 	92.8586
16 	100  	-3341.64	-2178.83	-2134.33	87.2095
17 	100  	-3008.32	-2166.81	-2129.27	51.394 
18 	100  	-2984.1 	-2161.93	-2126.91	58.7262
19 	100  	-2560.75	-2153.36	-2124.86	41.0092
20 	100  	-6328.93	-2169.14	-2122.52	270.266
21 	100  	-2720.92	-2144.21	-2120.48	45.2287
22 	100  	-2713.39	-2141.91	-2119.19	51.5881
23 	100  	-3303.37	-2137.11	-2116.26	59.123 
24 	100  	-2619.25	-2134.42	-2113.75	47.83  
25 	100  	-3658.93	-2135.26	-2112.65	98.2323
26 	100  	-3373.33	-2131.29	-2109.56	69.8642
27 	100  	-2603.37	-2124.93	-2109.56	32.1136
28 	100  	-3785.59	-2128.16	-2108.65	85.4023
29 	100  	-3459.56	-2128.63	-2108.52	89.7916
30 	100  	-2649.34	-2124.14	-2105.46	51.8923
31 	100  	-3732.84	-2122.96	-2105.28	78.7091
32 	100  	-2963.77	-2119.27	-2103.57	57.0309
33 	100  	-3980.7 	-2121.01	-2103.57	93.7073
34 	100  	-3170.23	-2118.97	-2102.77	76.9452
35 	100  	-4013.78	-2117.37	-2102.39	97.1644
36 	100  	-3338.29	-2119.62	-2101.49	90.699 
37 	100  	-2303.3 	-2109.82	-2101.49	20.8378
38 	100  	-2683.16	-2115.12	-2099.12	52.9544
39 	100  	-3460.11	-2115.49	-2098.81	82.5405
40 	100  	-2893.84	-2115.98	-2098.81	71.6453
41 	100  	-2422.54	-2110.21	-2097.24	34.2268
42 	100  	-2639.79	-2109.55	-2097.24	41.8921
43 	100  	-2732.77	-2107.15	-2097.24	38.277 
44 	100  	-2491.06	-2105.83	-2097.24	29.61  
45 	100  	-2576.1 	-2107.99	-2096.93	43.5571
46 	100  	-2365.68	-2105.08	-2096.27	28.8022
47 	100  	-3484.46	-2107.78	-2096.27	74.1149
48 	100  	-2470.99	-2104.03	-2095.45	31.5911
49 	100  	-3299.43	-2108.82	-2095.45	75.6015
50 	100  	-2454.56	-2102.91	-2094.62	27.2968
51 	100  	-5529.69	-2108.05	-2094.62	157.98 
52 	100  	-2320.42	-2100.99	-2094.62	21.3066
53 	100  	-2570.38	-2105.2 	-2093.92	44.1864
54 	100  	-2949.55	-2102.34	-2093.92	48.7307
55 	100  	-10285.4	-2119.46	-2093.75	371.395
56 	100  	-2572.53	-2100.07	-2093.75	31.3695
57 	100  	-3628.64	-2105.88	-2093.75	88.675 
58 	100  	-2661.33	-2103.88	-2093.75	46.6445
59 	100  	-2361.16	-2098.21	-2093.75	22.9406
60 	100  	-2652.18	-2102.96	-2093.75	47.4817
61 	100  	-2526.62	-2102.21	-2093.75	41.3783
62 	100  	-2845.68	-2100.58	-2093.75	48.4654
63 	100  	-6873.17	-2109.86	-2093.75	216.181
64 	100  	-3852.28	-2105.08	-2093.75	94.8148
65 	100  	-9244.38	-2128.77	-2093.42	382.507
66 	100  	-2380.33	-2099.7 	-2092.84	25.8928
67 	100  	-2832.86	-2100.46	-2091.72	45.2144
68 	100  	-2431.41	-2098.29	-2091.72	23.723 
69 	100  	-2649.07	-2100.23	-2091.72	37.929 
70 	100  	-2331.35	-2097.37	-2091.72	20.2415
71 	100  	-2427.63	-2098.27	-2091.06	25.4417
72 	100  	-3017.99	-2101.54	-2091.06	54.3602
73 	100  	-2804.16	-2097.92	-2091.02	40.4995
74 	100  	-2315.77	-2095.43	-2091.02	17.9096
75 	100  	-2693.64	-2098.84	-2091.02	38.2572
76 	100  	-3606.85	-2101.92	-2091.02	97.6118
77 	100  	-4288.58	-2106.24	-2091.02	125.984
78 	100  	-2447.62	-2096.03	-2091.02	25.4048
79 	100  	-3681.41	-2104.37	-2091.02	95.7376
80 	100  	-3613.18	-2101.65	-2091.02	85.2196
81 	100  	-2827.8 	-2101.26	-2091.02	59.2495
82 	100  	-2441.97	-2098.32	-2091.02	35.0218
83 	100  	-3079.61	-2099.3 	-2091.02	62.8625
84 	100  	-3320.05	-2104.47	-2088.87	89.8026
85 	100  	-2433.81	-2097.11	-2088.87	27.9169
86 	100  	-2893.5 	-2096.97	-2088.87	41.1112
87 	100  	-2648.99	-2099.34	-2088.63	49.6664
88 	100  	-4066.79	-2104.07	-2088.63	104.648
89 	100  	-2568.63	-2095.81	-2088.63	29.7353
90 	100  	-2784.96	-2097.43	-2088.17	41.1588
91 	100  	-2737.1 	-2096.35	-2088.17	40.0427
92 	100  	-2575.17	-2096.66	-2088.17	41.4873
93 	100  	-2489.9 	-2093.97	-2088.17	27.5513
94 	100  	-3221.41	-2097.49	-2087.96	57.5655
95 	100  	-2408.27	-2093.17	-2087.93	24.4281
96 	100  	-2610.62	-2095.93	-2087.09	38.4671
97 	100  	-2392.46	-2094.97	-2085.39	31.4831
98 	100  	-7284.4 	-2106.87	-2085.39	237.613
99 	100  	-2530.51	-2093.53	-2085.39	32.5656
gen	depth	min     	avg     	max     	std    
0  	100  	-7340.9 	-2786.15	-2300.42	505.515
1  	100  	-4545.73	-2531.87	-2265.55	177.637
2  	100  	-9696.32	-2444.96	-2221.57	337.191
3  	100  	-3070.27	-2374.85	-2221.57	88.2323
4  	100  	-3623.36	-2329.67	-2206.25	85.6206
5  	100  	-10671.2	-2343.09	-2206.25	449.304
6  	100  	-3529.69	-2286.27	-2202.49	93.0821
7  	100  	-3663.89	-2270.16	-2198.35	110.276
8  	100  	-3834.91	-2250.81	-2181.14	94.6552
9  	100  	-3813.53	-2241.63	-2175.43	127.455
10 	100  	-14162.3	-2256.97	-2166.29	546.245
11 	100  	-4642.48	-2219.03	-2166.29	122.989
12 	100  	-4241.86	-2211.73	-2162.29	124.086
13 	100  	-3407.24	-2198.25	-2149.64	84.6409
14 	100  	-3068.2 	-2190.93	-2149.64	73.6079
15 	100  	-4846.44	-2190.76	-2149.64	163.872
16 	100  	-3187.64	-2182.06	-2149.64	78.8754
17 	100  	-3769.63	-2185.09	-2144.16	113.75 
18 	100  	-3771.03	-2175.41	-2134.42	99.2432
19 	100  	-3168.49	-2167.32	-2131.78	74.2438
20 	100  	-2623.11	-2159.78	-2131.78	42.1786
21 	100  	-2722.98	-2153.32	-2131.78	37.3959
22 	100  	-2882.99	-2150.42	-2129.36	46.357 
23 	100  	-3288.15	-2154.81	-2129.36	90.9306
24 	100  	-2596.7 	-2144.95	-2124.18	40.0367
25 	100  	-2933.54	-2147.2 	-2124.18	61.4735
26 	100  	-2553.82	-2141.85	-2123.41	44.6964
27 	100  	-2712.1 	-2142.81	-2121.26	56.8007
28 	100  	-2378.3 	-2135.55	-2119.55	21.7103
29 	100  	-2448.57	-2136.32	-2119.55	34.4938
30 	100  	-3092.63	-2136.23	-2117.45	59.6201
31 	100  	-4231   	-2145.51	-2117.45	152.925
32 	100  	-3169.83	-2132.19	-2116.17	65.4727
33 	100  	-2440.15	-2128.69	-2114.74	32.0997
34 	100  	-2615.84	-2127.68	-2114.74	39.3426
35 	100  	-3448.99	-2132.21	-2114.04	76.4565
36 	100  	-2661.59	-2125.93	-2114.04	40.9402
37 	100  	-3176.08	-2130.13	-2113.45	86.8515
38 	100  	-5720.33	-2138.56	-2112.4 	204.531
39 	100  	-2406.3 	-2120.87	-2110.1 	23.509 
40 	100  	-2643.46	-2124.77	-2110.1 	43.5855
41 	100  	-7734.49	-2143.2 	-2110.1 	329.343
42 	100  	-4312.52	-2124.68	-2108.49	103.311
43 	100  	-2655.64	-2119.88	-2107.31	44.4627
44 	100  	-5069.21	-2133.91	-2106.66	176.298
45 	100  	-2746   	-2117.57	-2105.42	37.8861
46 	100  	-3025.68	-2117.64	-2105.42	48.7671
47 	100  	-4019.59	-2122.76	-2105.36	122.004
48 	100  	-2879.47	-2120.91	-2104.86	67.9114
49 	100  	-2725.84	-2115.59	-2104.66	45.3469
50 	100  	-3823.49	-2123.17	-2104.54	113.649
51 	100  	-2672.79	-2114.74	-2104.49	45.8202
52 	100  	-2446.13	-2109.95	-2104.16	22.6427
53 	100  	-7140.34	-2127.09	-2103.69	232.837
54 	100  	-2775.77	-2114.49	-2103.69	53.2588
55 	100  	-3604.98	-2120.32	-2103.46	97.9325
56 	100  	-2809.44	-2113.04	-2103.32	52.3216
57 	100  	-3948.9 	-2112.5 	-2102.68	85.1265
58 	100  	-2985.09	-2115.71	-2102.68	68.4071
59 	100  	-4083.19	-2118.31	-2101.35	106.285
60 	100  	-2680.29	-2110.85	-2101.35	38.5379
61 	100  	-3629.44	-2112.45	-2101.35	75.9914
62 	100  	-3385.4 	-2111.62	-2101.21	64.2002
63 	100  	-13717.7	-2129.97	-2101.21	519.488
64 	100  	-4217.88	-2114.71	-2101.09	103.792
65 	100  	-4753.26	-2119.18	-2101.09	137.237
66 	100  	-3298.93	-2114.18	-2101.04	69.9415
67 	100  	-4426.48	-2116.7 	-2100.91	120.672
68 	100  	-5624.57	-2117.63	-2100.74	166.44 
69 	100  	-3801.35	-2117.08	-2100.74	106.28 
70 	100  	-2747.15	-2110.41	-2100.43	46.1095
71 	100  	-9844.25	-2130.19	-2099.75	363.051
72 	100  	-3767.28	-2113.15	-2099.05	93.4303
73 	100  	-3351.25	-2115.74	-2099.05	90.7057
74 	100  	-5896.37	-2122.48	-2099.05	181.754
75 	100  	-2976.89	-2112.19	-2099.05	64.063 
76 	100  	-9298.56	-2128.04	-2098.93	337.111
77 	100  	-2663.44	-2108.14	-2098.35	42.1426
78 	100  	-2253.67	-2103.3 	-2098.35	16.6071
79 	100  	-4540.19	-2113.06	-2098.35	126.46 
80 	100  	-3329.42	-2111.5 	-2098.07	73.6335
81 	100  	-6491.37	-2112.22	-2098.07	198.486
82 	100  	-2817.45	-2109.11	-2098.07	52.6713
83 	100  	-2536.41	-2105.18	-2097.53	32.4911
84 	100  	-3284.62	-2111.16	-2097.52	85.8603
85 	100  	-2435.72	-2105.87	-2096.83	33.1281
86 	100  	-2521.15	-2108.38	-2096.15	41.6574
87 	100  	-2309.06	-2103.62	-2094.88	24.7089
88 	100  	-2827.89	-2106.67	-2094.18	53.6438
89 	100  	-3246.92	-2105.4 	-2094.18	60.4706
90 	100  	-2806.36	-2104.9 	-2094.18	50.2244
91 	100  	-4486.78	-2109.78	-2093.36	138.271
92 	100  	-3433.48	-2105   	-2092.66	70.4772
93 	100  	-2552.45	-2103.15	-2092.66	38.8738
94 	100  	-2562.88	-2100.72	-2092.66	31.2769
95 	100  	-2820.18	-2102.27	-2092.66	54.0605
96 	100  	-2508.28	-2099.74	-2092.66	32.9039
97 	100  	-2614.45	-2101.36	-2092.66	41.4924
98 	100  	-2770.85	-2099.24	-2092.66	39.4144
99 	100  	-3032.43	-2102.5 	-2092.66	64.1607
gen	depth	min     	avg     	max     	std    
0  	100  	-7248.69	-2749.22	-2269.15	462.08 
1  	100  	-4037.63	-2543.09	-2269.15	153.406
2  	100  	-4581.49	-2473.05	-2262.64	173.13 
3  	100  	-2962.87	-2399.81	-2250.54	78.1854
4  	100  	-47357.8	-2443.52	-2237.44	2012.62
5  	100  	-3712   	-2327.07	-2228.4 	127.014
6  	100  	-3125.72	-2301.37	-2221.96	84.1581
7  	100  	-2795.29	-2280.03	-2221.32	56.9583
8  	100  	-6749.67	-2306.05	-2198.86	311.466
9  	100  	-3131.86	-2260.31	-2198.86	64.9021
10 	100  	-7772.52	-2258.35	-2198.86	251.367
11 	100  	-8976.99	-2263   	-2198.67	328.365
12 	100  	-3548.83	-2240.5 	-2186.78	90.454 
13 	100  	-2611.01	-2224.18	-2185.15	38.3467
14 	100  	-2713.49	-2219.5 	-2175.23	43.5115
15 	100  	-3087.51	-2213.25	-2162.55	61.2518
16 	100  	-3312.68	-2212.61	-2162.55	84.5003
17 	100  	-6793.83	-2219.35	-2162.55	255.39 
18 	100  	-3497.66	-2198.49	-2149.68	94.6416
19 	100  	-3219.71	-2187.59	-2149.68	64.9806
20 	100  	-3243.68	-2190.66	-2146.86	94.656 
21 	100  	-4939.02	-2198.34	-2146.86	178.634
22 	100  	-3256   	-2175.69	-2145.33	64.7961
23 	100  	-2347.89	-2166.55	-2145.33	21.7842
24 	100  	-3390.48	-2166.95	-2142.62	70.6615
25 	100  	-4512.96	-2173.21	-2135.78	181.746
26 	100  	-3252.75	-2155.91	-2135.78	56.4681
27 	100  	-3149.11	-2156.97	-2135.78	66.8848
28 	100  	-4943.79	-2161.18	-2133.38	159.424
29 	100  	-2670.8 	-2149.68	-2131.95	40.5742
30 	100  	-3185.2 	-2150.08	-2131.95	68.7678
31 	100  	-3799.92	-2153.99	-2131.95	124.763
32 	100  	-2971.46	-2148.09	-2130.25	67.0967
33 	100  	-3849.85	-2148.53	-2130.25	96.4685
34 	100  	-3012.61	-2143.64	-2130.25	60.5168
35 	100  	-2790.33	-2142.41	-2130.16	50.3117
36 	100  	-2743.7 	-2141.15	-2129.48	52.5703
37 	100  	-4788.22	-2160.93	-2129.38	219.808
38 	100  	-2916.81	-2141.45	-2129.38	55.8042
39 	100  	-2811.6 	-2138.86	-2123.91	44.7457
40 	100  	-4568   	-2145.23	-2123   	130.055
41 	100  	-3488.05	-2140.81	-2122.3 	79.437 
42 	100  	-6679.7 	-2144.54	-2120.21	205.553
43 	100  	-2498.35	-2138   	-2120.21	42.3505
44 	100  	-3745.8 	-2139.3 	-2119.78	93.7506
45 	100  	-2805.26	-2135.42	-2119.78	54.9556
46 	100  	-4063.73	-2133.85	-2118.12	93.2755
47 	100  	-2807.44	-2130.86	-2118.12	48.7389
48 	100  	-2884.42	-2130.87	-2116.75	59.6356
49 	100  	-2377.81	-2124.64	-2116.47	22.4417
50 	100  	-3129.8 	-2133.64	-2115.05	79.1488
51 	100  	-2655.28	-2128.71	-2115.05	47.5141
52 	100  	-2930.44	-2129.27	-2114.75	72.8983
53 	100  	-2675.25	-2127.17	-2114.18	46.2198
54 	100  	-2839.81	-2124.73	-2114.18	49.5481
55 	100  	-2357.55	-2120.44	-2109.07	22.9523
56 	100  	-3089.38	-2126.37	-2108.6 	70.7918
57 	100  	-5112.98	-2127.67	-2108.24	138.125
58 	100  	-2391.23	-2119.15	-2108.24	25.5042
59 	100  	-2548.91	-2122.13	-2107.9 	40.6103
60 	100  	-2872.74	-2119.49	-2107.68	45.1239
61 	100  	-2648.19	-2119.68	-2106.55	45.9384
62 	100  	-2820.28	-2118.97	-2106.55	56.006 
63 	100  	-3233.5 	-2121.69	-2106.55	75.2408
64 	100  	-2488.92	-2112.8 	-2106.09	26.2222
65 	100  	-2762.37	-2116.06	-2105.97	48.1793
66 	100  	-3194.64	-2116.34	-2105.85	64.764 
67 	100  	-2412.5 	-2110.96	-2105.85	20.6696
68 	100  	-2338.08	-2112.94	-2105.8 	26.8697
69 	100  	-3526.85	-2122.72	-2105.15	102.658
70 	100  	-2486.77	-2111.89	-2105.1 	29.9871
71 	100  	-4191.65	-2118.21	-2105.05	101.753
72 	100  	-2775.99	-2116.86	-2104.28	58.448 
73 	100  	-3059.3 	-2113.95	-2104.28	65.0394
74 	100  	-2535.24	-2111.44	-2104   	36.1043
75 	100  	-2563.03	-2111.12	-2103.58	29.7102
76 	100  	-3791.45	-2115.78	-2103.58	85.5958
77 	100  	-9109.14	-2142.5 	-2102.66	362.981
78 	100  	-2324.13	-2110.67	-2102.58	23.5124
79 	100  	-3108.52	-2112.35	-2101.68	53.3738
80 	100  	-3272.3 	-2111.31	-2101.68	62.5405
81 	100  	-2658.11	-2112.91	-2101.68	47.0331
82 	100  	-2642.1 	-2109.19	-2100.76	37.8857
83 	100  	-3788.07	-2117.02	-2100.76	93.8132
84 	100  	-2790.08	-2111.8 	-2100   	55.7813
85 	100  	-5438.14	-2118.22	-2100   	175.664
86 	100  	-2897.71	-2108.51	-2099.8 	46.493 
87 	100  	-2441.43	-2106.44	-2094.79	25.685 
88 	100  	-2306.03	-2104.46	-2094.66	17.3942
89 	100  	-4095.48	-2109.16	-2093.96	93.4945
90 	100  	-2358.96	-2103.36	-2093.04	23.1008
91 	100  	-2352.98	-2105.41	-2093.04	29.8575
92 	100  	-2253.86	-2101.95	-2093.04	17.7202
93 	100  	-3170.92	-2109.33	-2090.26	78.8076
94 	100  	-2593.78	-2102   	-2088.17	39.6971
95 	100  	-2323.58	-2097.02	-2088.17	16.8633
96 	100  	-3289.03	-2102.45	-2087.23	78.5838
97 	100  	-3688.16	-2103.03	-2087.23	80.1913
98 	100  	-3064.12	-2098.15	-2086.65	54.1386
99 	100  	-2374.85	-2094.13	-2085.6 	25.1836
gen	depth	min     	avg     	max     	std    
0  	100  	-6301.99	-2802.5 	-2310.53	431.334
1  	100  	-5725.52	-2580.85	-2255.69	260.824
2  	100  	-3200.88	-2462.51	-2253.04	111.978
3  	100  	-4045.53	-2409.5 	-2251.34	159.741
4  	100  	-6360.29	-2368.97	-2249.81	224.804
5  	100  	-3198.89	-2322.3 	-2199.15	72.9122
6  	100  	-3214.26	-2295.23	-2199.15	69.4459
7  	100  	-4149.34	-2278.16	-2197.34	97.425 
8  	100  	-2987.06	-2260.64	-2195.3 	57.2134
9  	100  	-2740.96	-2246.62	-2187.92	49.5014
10 	100  	-3125.73	-2235.99	-2178.42	70.7663
11 	100  	-3461.85	-2227.93	-2175.07	89.3242
12 	100  	-3289.5 	-2220.14	-2164.76	93.5659
13 	100  	-3078.59	-2210.19	-2157.93	71.112 
14 	100  	-2643.72	-2201.74	-2156.21	50.9579
15 	100  	-3115.87	-2196.52	-2155.48	71.7869
16 	100  	-2529.76	-2182.25	-2147.89	30.7535
17 	100  	-3501.9 	-2180.47	-2146.55	76.8243
18 	100  	-5465.77	-2185.01	-2144.17	190.841
19 	100  	-3257.36	-2168.08	-2141.65	71.0611
20 	100  	-2650.02	-2161.26	-2137.7 	40.3899
21 	100  	-4007.84	-2157.17	-2135.8 	86.3515
22 	100  	-2919.71	-2161.22	-2135.8 	76.3002
23 	100  	-2606.47	-2149.94	-2131.42	36.8804
24 	100  	-2990.97	-2150.21	-2131.42	54.6973
25 	100  	-6753.27	-2163.55	-2130.85	256.956
26 	100  	-3810.48	-2147.63	-2129.47	87.2846
27 	100  	-3107.78	-2149.27	-2128.67	76.3743
28 	100  	-5682.47	-2151.44	-2124.4 	186.494
29 	100  	-2735.43	-2140.02	-2123.86	41.8008
30 	100  	-5127.1 	-2145.41	-2122.76	143.563
31 	100  	-4787.18	-2142.34	-2120.89	133.389
32 	100  	-2703.77	-2139.75	-2120.08	64.9216
33 	100  	-2562.98	-2137.21	-2116.81	48.877 
34 	100  	-2843   	-2133.25	-2115.72	49.812 
35 	100  	-4012.59	-2136.78	-2114.66	98.1194
36 	100  	-2484.15	-2129.8 	-2113.51	37.3302
37 	100  	-3234.05	-2132.82	-2113.51	81.8948
38 	100  	-3423.09	-2126.12	-2113.51	66.7008
39 	100  	-2744.78	-2128.82	-2111.64	54.3566
40 	100  	-3350.42	-2130.23	-2111.64	87.5211
41 	100  	-2584.04	-2123.6 	-2110.94	42.1836
42 	100  	-2790.22	-2123.38	-2110.11	48.2282
43 	100  	-7165.91	-2133.82	-2109.11	238.037
44 	100  	-2624.81	-2122.58	-2109.11	41.4216
45 	100  	-2628.27	-2118.28	-2107.53	35.1721
46 	100  	-2705.56	-2120.46	-2107.53	49.8633
47 	100  	-2793.45	-2116.95	-2107.53	43.3293
48 	100  	-5461.99	-2128.73	-2105.43	183.38 
49 	100  	-2427.17	-2115.94	-2102.83	31.0144
50 	100  	-2613.82	-2116.02	-2102.83	39.926 
51 	100  	-7347.9 	-2132.43	-2102.13	250.938
52 	100  	-3690.8 	-2118.5 	-2102.13	96.4891
53 	100  	-3061.53	-2113.74	-2101.48	59.1637
54 	100  	-4390.92	-2119.32	-2101.48	125.886
55 	100  	-2448.59	-2108.74	-2101.31	29.2797
56 	100  	-2456.39	-2109.58	-2096.6 	33.8264
57 	100  	-2724.88	-2108.65	-2096.6 	38.6428
58 	100  	-4563.11	-2115.99	-2095.44	123.74 
59 	100  	-3081.51	-2111.06	-2094.44	59.2574
60 	100  	-3734.12	-2112.73	-2094.32	88.5399
61 	100  	-2435.1 	-2106.86	-2094.32	30.8349
62 	100  	-3465.49	-2111.1 	-2094.32	91.5922
63 	100  	-2404.2 	-2101.81	-2094.07	26.0379
64 	100  	-3321.98	-2104.71	-2093.74	61.8106
65 	100  	-3192.92	-2105.25	-2093.74	65.6619
66 	100  	-3177.93	-2105.22	-2092.92	62.4051
67 	100  	-2534.27	-2100.2 	-2092.04	29.5715
68 	100  	-2747.75	-2101.9 	-2092.04	43.3258
69 	100  	-2401.46	-2097.18	-2092.04	20.2399
70 	100  	-2768.77	-2098.92	-2091.74	39.2694
71 	100  	-3356.79	-2101.3 	-2090.52	62.9096
72 	100  	-3272.12	-2102.98	-2090.52	75.4485
73 	100  	-2764.17	-2099.48	-2090.27	43.7506
74 	100  	-2369.24	-2098.54	-2088.64	29.9139
75 	100  	-3071.1 	-2100.78	-2088.64	61.1428
76 	100  	-3037.42	-2101.93	-2087.14	60.4534
77 	100  	-4242.08	-2106.9 	-2087.14	126.994
78 	100  	-2358.2 	-2094.47	-2087.14	21.056 
79 	100  	-3484.03	-2102.91	-2086.74	105.806
80 	100  	-2447.14	-2094.05	-2086.04	27.8262
81 	100  	-2305.8 	-2094.17	-2085.22	23.9889
82 	100  	-2300.46	-2091.7 	-2085.22	18.9629
83 	100  	-3131.23	-2097.49	-2084.52	70.3075
84 	100  	-3245.74	-2094.58	-2083.77	65.0843
85 	100  	-2316.08	-2090.42	-2082.95	21.4953
86 	100  	-3555.11	-2095.64	-2082.95	94.4182
87 	100  	-3526.71	-2098.04	-2082.95	83.8103
88 	100  	-2816.66	-2088.93	-2082.95	36.7112
89 	100  	-2347.17	-2087.53	-2082.95	19.9307
90 	100  	-2356.8 	-2089.21	-2082.95	27.5138
91 	100  	-2715.29	-2092.54	-2082.95	48.7355
92 	100  	-2480.24	-2088.11	-2082.95	28.4095
93 	100  	-2745.87	-2089.86	-2082.95	39.4955
94 	100  	-2733.1 	-2088.72	-2082.95	36.1327
95 	100  	-2774.43	-2090.64	-2082.95	47.4822
96 	100  	-2353.2 	-2090.34	-2082.95	30.7355
97 	100  	-3260.13	-2093.09	-2082.73	67.1545
98 	100  	-2459.22	-2089.33	-2082.73	33.4784
99 	100  	-2791.81	-2090.87	-2082.37	48.1172
