gen	depth	min     	avg     	max     	std     
0  	25   	-2415.64	-2071.3 	-2031.92	39.2457 
1  	25   	-2133.03	-2049.59	-2031.92	11.7272 
2  	25   	-2550.52	-2043.38	-2031.92	23.7705 
3  	25   	-2169.68	-2039.48	-2031.7 	10.3676 
4  	25   	-2261.58	-2036.68	-2031   	11.1148 
5  	25   	-2186.78	-2034.75	-2030.12	8.36233 
6  	25   	-2222.57	-2033.39	-2028.49	8.76851 
7  	25   	-2143.02	-2032.59	-2028.22	6.30888 
8  	25   	-2126.85	-2031.89	-2028.22	6.38693 
9  	25   	-2114.44	-2031.06	-2028.22	4.52656 
10 	25   	-2073.94	-2030.49	-2027.8 	2.95745 
11 	25   	-2785.52	-2031.42	-2027.8 	33.8432 
12 	25   	-2083.16	-2029.57	-2027.22	3.5875  
13 	25   	-2180.9 	-2029.46	-2027.1 	7.56542 
14 	25   	-2037.55	-2028.47	-2027.1 	0.967402
15 	25   	-2047.04	-2028.18	-2026.7 	1.53711 
16 	25   	-2040.74	-2027.76	-2026.7 	1.08343 
17 	25   	-2076.67	-2027.6 	-2026.4 	2.55338 
18 	25   	-2081.78	-2027.48	-2026.35	2.8275  
19 	25   	-2070.73	-2027.47	-2026.35	3.25604 
20 	25   	-2031.8 	-2026.98	-2026.35	0.455923
21 	25   	-2052.25	-2026.9 	-2026.35	1.43352 
22 	25   	-2065.77	-2026.89	-2026   	2.59174 
23 	25   	-2035.62	-2026.54	-2026   	0.627763
24 	25   	-2047.58	-2026.59	-2026   	1.61495 
25 	25   	-2037.23	-2026.46	-2026   	0.847708
26 	25   	-2037.49	-2026.45	-2026   	0.993968
27 	25   	-2051.9 	-2026.35	-2026   	1.29014 
28 	25   	-2087.19	-2026.54	-2026   	3.81222 
29 	25   	-2032.74	-2026.13	-2025.7 	0.626612
30 	25   	-2038.8 	-2026.2 	-2025.7 	1.01897 
31 	25   	-2032.05	-2026.08	-2025.7 	0.5646  
32 	25   	-2040.19	-2026.11	-2025.3 	0.948072
33 	25   	-2041.72	-2026.13	-2025.3 	1.48614 
34 	25   	-2050.55	-2025.98	-2025.3 	1.31027 
35 	25   	-2037.28	-2025.86	-2025.3 	1.03095 
36 	25   	-2041.44	-2025.81	-2025.3 	1.08198 
37 	25   	-2055.49	-2025.8 	-2025.3 	1.87155 
38 	25   	-2051.84	-2025.63	-2025.3 	1.59199 
39 	25   	-2034.92	-2025.48	-2025.3 	0.84537 
40 	25   	-2034.96	-2025.44	-2025.3 	0.745316
41 	25   	-2101.4 	-2025.74	-2025.3 	4.09066 
42 	25   	-2201.75	-2025.88	-2025.3 	7.96917 
43 	25   	-2078.09	-2025.54	-2025.3 	2.63112 
44 	25   	-2032.35	-2025.43	-2025.3 	0.679932
45 	25   	-2042.7 	-2025.53	-2025.3 	1.47769 
46 	25   	-2032.05	-2025.39	-2025.3 	0.482293
47 	25   	-2035.92	-2025.43	-2025.3 	0.873199
48 	25   	-2034.92	-2025.44	-2025.3 	0.731212
49 	25   	-2036.85	-2025.42	-2025.3 	0.707431
50 	25   	-2065.01	-2025.52	-2025.3 	1.99055 
51 	25   	-2037.55	-2025.39	-2025.3 	0.646925
52 	25   	-2044.66	-2025.52	-2025.3 	1.42661 
53 	25   	-2064.09	-2025.59	-2025.3 	2.30432 
54 	25   	-2060.12	-2025.57	-2025.3 	2.06565 
55 	25   	-2036.95	-2025.44	-2025.3 	0.806973
56 	25   	-2036.19	-2025.43	-2025.3 	0.811919
57 	25   	-2032.35	-2025.41	-2025.3 	0.69763 
58 	25   	-2053.81	-2025.61	-2025.3 	1.96018 
59 	25   	-2060.42	-2025.59	-2025.3 	2.40156 
60 	25   	-2034.92	-2025.41	-2025.3 	0.773543
61 	25   	-2033.96	-2025.44	-2025.3 	0.765172
62 	25   	-2041.08	-2025.49	-2025.3 	1.17407 
63 	25   	-2033.3 	-2025.4 	-2025.3 	0.612588
64 	25   	-2050.55	-2025.5 	-2025.3 	1.54729 
65 	25   	-2043.68	-2025.54	-2025.3 	1.47155 
66 	25   	-2068.64	-2025.52	-2025.3 	2.05834 
67 	25   	-2037.15	-2025.5 	-2025.3 	1.08767 
68 	25   	-2060.72	-2025.53	-2025.3 	1.92992 
69 	25   	-2036.85	-2025.44	-2025.3 	0.801528
70 	25   	-2042.66	-2025.43	-2025.3 	0.952651
71 	25   	-2206.96	-2025.91	-2025.3 	8.48328 
72 	25   	-2054.26	-2025.56	-2025.3 	1.82154 
73 	25   	-2033.96	-2025.4 	-2025.3 	0.721596
74 	25   	-2084.51	-2025.68	-2025.3 	3.27623 
75 	25   	-2035.89	-2025.45	-2025.3 	0.948961
76 	25   	-2029.52	-2025.4 	-2025.3 	0.468663
77 	25   	-2034.66	-2025.44	-2025.3 	0.779473
78 	25   	-2040.77	-2025.45	-2025.3 	1.06466 
79 	25   	-2043.68	-2025.45	-2025.3 	0.995898
80 	25   	-2082.22	-2025.73	-2025.3 	3.37681 
81 	25   	-2034.92	-2025.45	-2025.3 	0.828468
82 	25   	-2043   	-2025.45	-2025.3 	1.07179 
83 	25   	-2068.64	-2025.51	-2025.3 	2.08444 
84 	25   	-2040.07	-2025.55	-2025.3 	1.19195 
85 	25   	-2035.92	-2025.39	-2025.3 	0.668242
86 	25   	-2037.82	-2025.45	-2025.3 	0.857171
87 	25   	-2035.89	-2025.48	-2025.3 	0.95943 
88 	25   	-2043.72	-2025.43	-2025.3 	1.06581 
89 	25   	-2037.15	-2025.46	-2025.3 	0.828687
90 	25   	-2042.02	-2025.53	-2025.3 	1.30315 
91 	25   	-2031   	-2025.44	-2025.3 	0.647435
92 	25   	-2092.85	-2025.58	-2025.3 	3.09609 
93 	25   	-2035.48	-2025.46	-2025.3 	0.847543
94 	25   	-2043.68	-2025.44	-2025.3 	1.02722 
95 	25   	-2034.92	-2025.45	-2025.3 	0.799349
96 	25   	-2040.11	-2025.5 	-2025.3 	1.16637 
97 	25   	-2041.59	-2025.57	-2025.3 	1.5605  
98 	25   	-2218.71	-2025.93	-2025.3 	8.7376  
99 	25   	-2051.54	-2025.53	-2025.3 	1.43849 
gen	depth	min     	avg     	max     	std     
0  	25   	-2324.75	-2066.51	-2031.15	32.5478 
1  	25   	-3215.74	-2051.59	-2031.15	54.6038 
2  	25   	-2095.83	-2041.77	-2030.52	6.55548 
3  	25   	-2176.97	-2038.44	-2029.44	9.70314 
4  	25   	-2080.06	-2035.03	-2028.62	4.16988 
5  	25   	-2080.2 	-2032.97	-2027.92	3.73475 
6  	25   	-2060.95	-2031.3 	-2027.92	2.70726 
7  	25   	-2061.08	-2029.92	-2027.22	2.06265 
8  	25   	-2104.09	-2029.07	-2027.22	3.85026 
9  	25   	-2196.16	-2028.81	-2027.1 	7.66203 
10 	25   	-2036.18	-2027.92	-2026.52	0.775909
11 	25   	-2107.3 	-2028.26	-2026.4 	5.53376 
12 	25   	-2052.94	-2027.64	-2026.4 	2.00465 
13 	25   	-2087.2 	-2027.37	-2026.4 	2.77309 
14 	25   	-2065.08	-2027.28	-2025.7 	2.43918 
15 	25   	-2035.62	-2026.88	-2025.7 	0.881415
16 	25   	-2070.9 	-2026.88	-2025.7 	2.64546 
17 	25   	-2085.44	-2026.68	-2025.7 	2.97327 
18 	25   	-2074.69	-2026.65	-2025.7 	3.15272 
19 	25   	-2037.55	-2026.18	-2025.7 	0.968785
20 	25   	-2034.66	-2025.98	-2025.7 	0.876148
21 	25   	-2072.6 	-2026.16	-2025.7 	2.91399 
22 	25   	-2069.81	-2026.05	-2025.7 	2.48093 
23 	25   	-2036.59	-2025.91	-2025.7 	0.935754
24 	25   	-2089.87	-2026.22	-2025.7 	3.53895 
25 	25   	-2051.35	-2025.95	-2025.7 	1.62927 
26 	25   	-2033.7 	-2025.86	-2025.7 	0.796028
27 	25   	-2044.74	-2025.91	-2025.7 	1.59371 
28 	25   	-2033.7 	-2025.84	-2025.7 	0.718961
29 	25   	-2053.22	-2026.03	-2025.7 	2.02276 
30 	25   	-2128.38	-2026.03	-2025.7 	4.66381 
31 	25   	-2046.34	-2025.88	-2025.7 	1.2982  
32 	25   	-2058.15	-2025.88	-2025.7 	1.56198 
33 	25   	-2040.07	-2025.92	-2025.7 	1.20226 
34 	25   	-2039.49	-2025.93	-2025.7 	1.28372 
35 	25   	-2059.68	-2025.92	-2025.7 	1.71918 
36 	25   	-2105.85	-2026.33	-2025.7 	5.15563 
37 	25   	-2048.89	-2025.97	-2025.7 	1.96671 
38 	25   	-2078.66	-2026.14	-2025.7 	3.59726 
39 	25   	-2073   	-2026.08	-2025.7 	3.00018 
40 	25   	-2041.44	-2025.96	-2025.7 	1.40955 
41 	25   	-2134.95	-2026.2 	-2025.7 	5.24189 
42 	25   	-2035.62	-2025.86	-2025.7 	0.808083
43 	25   	-2051.54	-2026.01	-2025.7 	1.99707 
44 	25   	-2045.02	-2025.96	-2025.7 	1.63371 
45 	25   	-2046.34	-2025.94	-2025.7 	1.42354 
46 	25   	-2066.07	-2025.98	-2025.7 	2.33553 
47 	25   	-2092.85	-2026   	-2025.7 	3.15186 
48 	25   	-2032.25	-2025.83	-2025.7 	0.656465
49 	25   	-2282.28	-2026.48	-2025.7 	11.752  
50 	25   	-2044.38	-2025.85	-2025.7 	1.11019 
51 	25   	-2047.32	-2026   	-2025.7 	1.74892 
52 	25   	-2076.97	-2025.89	-2025.7 	2.33207 
53 	25   	-2036.1 	-2025.88	-2025.7 	0.927253
54 	25   	-2050.85	-2025.91	-2025.7 	1.43703 
55 	25   	-2037.15	-2025.89	-2025.7 	0.902934
56 	25   	-2078.66	-2026.02	-2025.7 	3.05604 
57 	25   	-2079.94	-2026.3 	-2025.7 	3.71985 
58 	25   	-2040.74	-2025.98	-2025.7 	1.3859  
59 	25   	-2059.14	-2026.08	-2025.7 	2.77293 
60 	25   	-2074.98	-2026.03	-2025.7 	2.63721 
61 	25   	-2050.38	-2025.86	-2025.7 	1.33562 
62 	25   	-2042.7 	-2025.92	-2025.7 	1.28983 
63 	25   	-2034.92	-2025.8 	-2025.7 	0.653215
64 	25   	-2045.3 	-2025.92	-2025.7 	1.39183 
65 	25   	-2033.22	-2025.81	-2025.7 	0.623445
66 	25   	-2065.67	-2025.96	-2025.7 	2.05785 
67 	25   	-2035.36	-2025.87	-2025.7 	0.885189
68 	25   	-2079.55	-2025.96	-2025.7 	2.58843 
69 	25   	-2091.86	-2026.04	-2025.7 	3.20426 
70 	25   	-2051.84	-2025.94	-2025.7 	1.78579 
71 	25   	-2056.18	-2025.92	-2025.7 	1.68829 
72 	25   	-2083.74	-2026.15	-2025.7 	3.73118 
73 	25   	-2041.44	-2025.87	-2025.7 	1.3308  
74 	25   	-2039.49	-2025.85	-2025.7 	0.997659
75 	25   	-2050.27	-2025.96	-2025.7 	1.5053  
76 	25   	-2033.02	-2025.82	-2025.7 	0.670396
77 	25   	-2053.29	-2025.94	-2025.7 	1.65177 
78 	25   	-2034.26	-2025.8 	-2025.7 	0.69174 
79 	25   	-2050.27	-2025.98	-2025.7 	1.87127 
80 	25   	-2039.49	-2025.92	-2025.7 	1.25864 
81 	25   	-2036.97	-2025.92	-2025.7 	1.11139 
82 	25   	-2035.62	-2025.83	-2025.7 	0.774763
83 	25   	-2042.42	-2025.93	-2025.7 	1.33612 
84 	25   	-2046.06	-2025.91	-2025.7 	1.29566 
85 	25   	-2041.05	-2025.92	-2025.7 	1.25463 
86 	25   	-2169.53	-2026.26	-2025.7 	6.84304 
87 	25   	-2035.62	-2025.86	-2025.7 	0.855759
88 	25   	-2055.89	-2026.03	-2025.7 	2.2672  
89 	25   	-2100.11	-2026   	-2025.7 	3.46344 
90 	25   	-2041.44	-2025.92	-2025.7 	1.20577 
91 	25   	-2044.38	-2025.93	-2025.7 	1.35442 
92 	25   	-2124.39	-2026.34	-2025.7 	5.34012 
93 	25   	-2049   	-2025.96	-2025.7 	1.89649 
94 	25   	-2071.72	-2026.11	-2025.7 	2.87734 
95 	25   	-2040.07	-2025.95	-2025.7 	1.3659  
96 	25   	-2051.35	-2025.88	-2025.7 	1.31424 
97 	25   	-2084.97	-2026.1 	-2025.7 	3.08939 
98 	25   	-2045.36	-2025.99	-2025.7 	1.47047 
99 	25   	-2036.01	-2025.81	-2025.7 	0.681349
gen	depth	min     	avg     	max     	std     
0  	25   	-2221.29	-2066.74	-2034.05	27.3256 
1  	25   	-2114.15	-2049.89	-2033.32	9.60434 
2  	25   	-2079.29	-2043.42	-2032.79	6.01242 
3  	25   	-2137.57	-2040.68	-2032.53	8.62395 
4  	25   	-2231.48	-2037.71	-2031.32	10.1089 
5  	25   	-2178.73	-2035.83	-2031.01	7.77363 
6  	25   	-2115.07	-2034.48	-2030.89	6.05143 
7  	25   	-2076.28	-2033.24	-2029.82	2.95139 
8  	25   	-2048.72	-2032.4 	-2029.82	1.58356 
9  	25   	-2100.81	-2031.95	-2028.3 	3.63345 
10 	25   	-2060.96	-2031.31	-2028.1 	2.99287 
11 	25   	-2074.4 	-2030.7 	-2027.22	2.8584  
12 	25   	-2062.22	-2029.83	-2027.1 	2.48707 
13 	25   	-2038.4 	-2029   	-2027.1 	1.13636 
14 	25   	-2049.84	-2028.57	-2027.1 	1.60644 
15 	25   	-2046.34	-2028.07	-2026.4 	1.30062 
16 	25   	-2042.4 	-2027.76	-2026.4 	1.21359 
17 	25   	-2113.07	-2027.66	-2026.4 	4.23906 
18 	25   	-2067.88	-2027.34	-2026.4 	2.16236 
19 	25   	-2118.91	-2027.26	-2026.35	4.28525 
20 	25   	-2037.28	-2026.84	-2025.7 	0.852313
21 	25   	-2034.66	-2026.64	-2025.7 	0.838867
22 	25   	-2180.5 	-2027.03	-2025.7 	7.27444 
23 	25   	-2036.32	-2026.49	-2025.7 	1.02198 
24 	25   	-2038.25	-2026.32	-2025.7 	1.07596 
25 	25   	-2456.06	-2027.33	-2025.7 	19.9469 
26 	25   	-2112.05	-2026.26	-2025.7 	5.09592 
27 	25   	-2081.93	-2026.02	-2025.7 	2.7914  
28 	25   	-2047.32	-2026.03	-2025.7 	1.80627 
29 	25   	-2037.55	-2025.83	-2025.7 	0.76268 
30 	25   	-2071.72	-2026.05	-2025.7 	2.40105 
31 	25   	-2055.19	-2025.98	-2025.7 	2.09532 
32 	25   	-2080.94	-2026.18	-2025.7 	3.39682 
33 	25   	-2037.89	-2025.9 	-2025.7 	1.10467 
34 	25   	-2058.15	-2025.94	-2025.7 	1.85902 
35 	25   	-2037.28	-2025.86	-2025.7 	1.02519 
36 	25   	-2118.73	-2026.23	-2025.7 	5.79693 
37 	25   	-2094.38	-2026.02	-2025.7 	3.44708 
38 	25   	-2052.24	-2025.98	-2025.7 	1.85316 
39 	25   	-2052.52	-2025.98	-2025.7 	1.64452 
40 	25   	-2039.22	-2025.87	-2025.7 	0.92165 
41 	25   	-2088.48	-2026.23	-2025.7 	4.21997 
42 	25   	-2030.85	-2025.78	-2025.7 	0.429408
43 	25   	-2050.27	-2025.92	-2025.7 	1.66058 
44 	25   	-2045.36	-2025.9 	-2025.7 	1.15716 
45 	25   	-2035.62	-2025.79	-2025.7 	0.681664
46 	25   	-2054.74	-2026.11	-2025.7 	2.27593 
47 	25   	-2039.77	-2025.93	-2025.7 	1.14455 
48 	25   	-2036.02	-2025.85	-2025.7 	0.932039
49 	25   	-2247.35	-2026.32	-2025.7 	10.0138 
50 	25   	-2051.54	-2026.01	-2025.7 	2.04916 
51 	25   	-2036.59	-2025.86	-2025.7 	1.00772 
52 	25   	-2048.44	-2026.01	-2025.7 	1.92374 
53 	25   	-2064.13	-2026.12	-2025.7 	2.81502 
54 	25   	-2055.48	-2025.97	-2025.7 	2.07795 
55 	25   	-2033.7 	-2025.78	-2025.7 	0.609144
56 	25   	-2065.08	-2025.88	-2025.7 	1.85348 
57 	25   	-2113.74	-2026.04	-2025.7 	4.04161 
58 	25   	-2057.46	-2025.97	-2025.7 	1.75296 
59 	25   	-2045.08	-2026.01	-2025.7 	1.75659 
60 	25   	-2039.35	-2025.86	-2025.7 	0.974328
61 	25   	-2035.36	-2025.88	-2025.7 	0.879398
62 	25   	-2195.46	-2026.57	-2025.7 	9.19748 
63 	25   	-2211.72	-2026.75	-2025.7 	10.0125 
64 	25   	-2159.86	-2026.32	-2025.7 	6.29667 
65 	25   	-2122.29	-2026.34	-2025.7 	5.26934 
66 	25   	-2051.54	-2025.95	-2025.7 	1.47683 
67 	25   	-2036.85	-2025.91	-2025.7 	1.12827 
68 	25   	-2093.68	-2026.13	-2025.7 	4.20138 
69 	25   	-2045.54	-2025.88	-2025.7 	1.19189 
70 	25   	-2066.69	-2026.01	-2025.7 	2.22169 
71 	25   	-2074.98	-2026.04	-2025.7 	2.8877  
72 	25   	-2101.8 	-2026.1 	-2025.7 	3.71833 
73 	25   	-2042.02	-2025.97	-2025.7 	1.49113 
74 	25   	-2057.7 	-2026.04	-2025.7 	2.37977 
75 	25   	-2073.04	-2026.05	-2025.7 	2.4709  
76 	25   	-2054.8 	-2025.96	-2025.7 	1.79017 
77 	25   	-2109.06	-2026.19	-2025.7 	4.43701 
78 	25   	-2042.14	-2025.95	-2025.7 	1.44698 
79 	25   	-2044.66	-2025.86	-2025.7 	1.10861 
80 	25   	-2042.66	-2025.95	-2025.7 	1.52954 
81 	25   	-2041.04	-2025.87	-2025.7 	1.04506 
82 	25   	-2039.89	-2025.91	-2025.7 	1.16726 
83 	25   	-2063.39	-2026.02	-2025.7 	2.12973 
84 	25   	-2054.21	-2026.04	-2025.7 	2.08778 
85 	25   	-2037.55	-2025.82	-2025.7 	0.724362
86 	25   	-2071.31	-2025.99	-2025.7 	2.36756 
87 	25   	-2040.77	-2025.91	-2025.7 	1.10126 
88 	25   	-2033.7 	-2025.85	-2025.7 	0.76588 
89 	25   	-2060.76	-2026.09	-2025.7 	2.65032 
90 	25   	-2042.66	-2025.93	-2025.7 	1.28436 
91 	25   	-2050.55	-2025.93	-2025.7 	1.5529  
92 	25   	-2042.7 	-2025.93	-2025.7 	1.18685 
93 	25   	-2264.92	-2026.5 	-2025.7 	10.8847 
94 	25   	-2046.34	-2025.91	-2025.7 	1.45162 
95 	25   	-2036.85	-2025.86	-2025.7 	0.910156
96 	25   	-2053.22	-2026   	-2025.7 	1.89851 
97 	25   	-2089.58	-2026.14	-2025.7 	3.32775 
98 	25   	-2128.23	-2026.14	-2025.7 	4.76008 
99 	25   	-2056.47	-2026.05	-2025.7 	2.1207  
gen	depth	min     	avg     	max     	std     
0  	25   	-2295.07	-2069.56	-2033.77	31.4551 
1  	25   	-2131.63	-2050.82	-2033.77	11.7524 
2  	25   	-2149.35	-2044.04	-2031.67	10.3848 
3  	25   	-2207.17	-2040.35	-2030   	11.3032 
4  	25   	-2326.74	-2037.34	-2029.3 	13.5203 
5  	25   	-2132.99	-2035.27	-2029.3 	6.23405 
6  	25   	-2080.59	-2033.69	-2029.3 	3.69141 
7  	25   	-2051.95	-2032.1 	-2029.3 	2.27649 
8  	25   	-2138.95	-2032.03	-2028.62	8.00423 
9  	25   	-2058.29	-2030.55	-2028.6 	2.21096 
10 	25   	-2067.88	-2030.04	-2028.6 	2.32213 
11 	25   	-2138.86	-2030.07	-2028.49	5.91024 
12 	25   	-2071.72	-2029.38	-2027.92	2.14011 
13 	25   	-2106.88	-2029.59	-2027.92	5.44416 
14 	25   	-2046.75	-2028.91	-2027.8 	1.52205 
15 	25   	-2113.04	-2028.82	-2027.8 	3.92132 
16 	25   	-2062.93	-2028.55	-2027.22	2.71346 
17 	25   	-2279.99	-2029.33	-2027.1 	13.602  
18 	25   	-2041.19	-2028.11	-2027.1 	1.32702 
19 	25   	-2130.77	-2028.3 	-2027.1 	5.20013 
20 	25   	-2078.66	-2027.88	-2027.1 	3.01814 
21 	25   	-2053.24	-2027.64	-2027.1 	1.61009 
22 	25   	-2062.81	-2027.56	-2027.05	2.55079 
23 	25   	-2052.32	-2027.35	-2027.05	1.70144 
24 	25   	-2145.96	-2027.69	-2027.05	6.85322 
25 	25   	-2095.55	-2027.61	-2026.4 	4.33284 
26 	25   	-2045.08	-2027.34	-2026.4 	1.54896 
27 	25   	-2060.14	-2027.31	-2026.4 	2.35429 
28 	25   	-2051.54	-2027.2 	-2026.4 	1.63692 
29 	25   	-2076.97	-2027.08	-2026.4 	2.48604 
30 	25   	-2039.08	-2026.81	-2026.4 	1.17646 
31 	25   	-2051.9 	-2026.72	-2026.4 	1.80426 
32 	25   	-2042.7 	-2026.57	-2026.4 	1.17981 
33 	25   	-2062.55	-2026.69	-2026.4 	2.09489 
34 	25   	-2039.15	-2026.58	-2026.4 	1.05231 
35 	25   	-2055.94	-2026.71	-2026.4 	2.05958 
36 	25   	-2038.25	-2026.56	-2026.4 	0.95943 
37 	25   	-2036.32	-2026.54	-2026.4 	0.822351
38 	25   	-2042.7 	-2026.58	-2026.4 	1.22485 
39 	25   	-2074.64	-2026.67	-2026.4 	2.31343 
40 	25   	-2068.74	-2026.93	-2026.4 	3.3751  
41 	25   	-2036.05	-2026.55	-2026.4 	0.805161
42 	25   	-2063.05	-2026.61	-2026.4 	1.9051  
43 	25   	-2035.36	-2026.52	-2026.4 	0.749081
44 	25   	-2069.57	-2026.89	-2026.4 	2.94721 
45 	25   	-2047.2 	-2026.58	-2026.4 	1.32958 
46 	25   	-2035.49	-2026.53	-2026.4 	0.733307
47 	25   	-2046.51	-2026.57	-2026.4 	1.33598 
48 	25   	-2035.89	-2026.54	-2026.35	0.750327
49 	25   	-2050.97	-2026.57	-2026.35	1.28085 
50 	25   	-2037.55	-2026.53	-2026.35	0.855729
51 	25   	-2036.01	-2026.54	-2026.35	0.889689
52 	25   	-2079.28	-2026.65	-2026.35	2.76339 
53 	25   	-2045.64	-2026.56	-2026.35	1.21378 
54 	25   	-2039.54	-2026.57	-2026.35	1.21946 
55 	25   	-2057.39	-2026.52	-2026.35	1.60417 
56 	25   	-2062.7 	-2026.74	-2026.35	2.52289 
57 	25   	-2083.91	-2026.8 	-2026   	3.85543 
58 	25   	-2060.43	-2026.57	-2026   	2.1658  
59 	25   	-2068.34	-2026.64	-2026   	2.93178 
60 	25   	-2040.14	-2026.48	-2025.7 	1.13493 
61 	25   	-2059.43	-2026.48	-2025.7 	1.86925 
62 	25   	-2034   	-2026.25	-2025.7 	0.756037
63 	25   	-2033.3 	-2026.12	-2025.7 	0.755619
64 	25   	-2069.68	-2026.31	-2025.7 	3.10971 
65 	25   	-2071.31	-2026.13	-2025.7 	2.47313 
66 	25   	-2033.96	-2025.82	-2025.7 	0.541585
67 	25   	-2038.46	-2025.85	-2025.7 	0.916869
68 	25   	-2041.7 	-2025.91	-2025.7 	1.26857 
69 	25   	-2050.27	-2025.9 	-2025.7 	1.64427 
70 	25   	-2039.49	-2025.89	-2025.7 	0.995018
71 	25   	-2056.21	-2025.92	-2025.7 	1.84213 
72 	25   	-2066.19	-2026.02	-2025.7 	2.19144 
73 	25   	-2035.07	-2025.9 	-2025.7 	0.93294 
74 	25   	-2049.87	-2025.92	-2025.3 	1.58955 
75 	25   	-2036.85	-2025.9 	-2025.3 	1.14409 
76 	25   	-2062.7 	-2026.04	-2025.3 	2.56336 
77 	25   	-2034.66	-2025.79	-2025.3 	0.70873 
78 	25   	-2029.92	-2025.71	-2025.3 	0.403233
79 	25   	-2054.21	-2025.81	-2025.3 	1.88097 
80 	25   	-2039.1 	-2025.71	-2025.3 	1.38618 
81 	25   	-2056.32	-2025.71	-2025.3 	2.35746 
82 	25   	-2029.22	-2025.38	-2025.3 	0.383046
83 	25   	-2041   	-2025.52	-2025.3 	1.29633 
84 	25   	-2072.01	-2025.86	-2025.3 	4.0289  
85 	25   	-2051.84	-2025.49	-2025.3 	1.49714 
86 	25   	-2045.36	-2025.45	-2025.3 	1.1372  
87 	25   	-2032.35	-2025.43	-2025.3 	0.670013
88 	25   	-2036.74	-2025.47	-2025.3 	0.901472
89 	25   	-2049.57	-2025.52	-2025.3 	1.63772 
90 	25   	-2049.57	-2025.44	-2025.3 	1.18317 
91 	25   	-2035.22	-2025.41	-2025.3 	0.759238
92 	25   	-2033.57	-2025.39	-2025.3 	0.542392
93 	25   	-2034.26	-2025.46	-2025.3 	0.818195
94 	25   	-2037.82	-2025.44	-2025.3 	0.834714
95 	25   	-2037.62	-2025.47	-2025.3 	0.982344
96 	25   	-2052.24	-2025.57	-2025.3 	1.72663 
97 	25   	-2038.8 	-2025.42	-2025.3 	0.784181
98 	25   	-2040.74	-2025.51	-2025.3 	1.31393 
99 	25   	-2046.17	-2025.44	-2025.3 	1.11779 
gen	depth	min     	avg     	max     	std     
0  	25   	-2339.51	-2071.02	-2035.24	37.3284 
1  	25   	-2096.62	-2050.42	-2032.1 	10.2193 
2  	25   	-2868.69	-2045.94	-2031.19	38.4761 
3  	25   	-2086.49	-2039.69	-2031.19	5.00652 
4  	25   	-2106.28	-2037.05	-2029.49	4.76399 
5  	25   	-2087.06	-2034.92	-2029.49	4.39077 
6  	25   	-2057.48	-2033   	-2028.62	2.65765 
7  	25   	-2130.37	-2032.1 	-2028.49	5.47731 
8  	25   	-2049.87	-2030.75	-2027.8 	1.7436  
9  	25   	-2093.26	-2030.01	-2027.4 	3.13516 
10 	25   	-2112.74	-2029.76	-2027.22	4.88082 
11 	25   	-2064.22	-2029.13	-2027.1 	2.30557 
12 	25   	-2046.36	-2028.62	-2026.4 	1.31645 
13 	25   	-2170.59	-2029.1 	-2026.4 	9.01047 
14 	25   	-2045.08	-2027.88	-2026.4 	1.27435 
15 	25   	-2043.12	-2027.5 	-2026.4 	1.19727 
16 	25   	-2047.74	-2027.22	-2026.4 	1.33539 
17 	25   	-2053.02	-2027.13	-2026   	2.17516 
18 	25   	-2065.08	-2026.89	-2026   	2.43806 
19 	25   	-2081.63	-2026.82	-2026   	3.39593 
20 	25   	-2048.84	-2026.56	-2026   	1.28857 
21 	25   	-2182.2 	-2026.98	-2026   	7.27281 
22 	25   	-2077.67	-2026.68	-2026   	3.15655 
23 	25   	-2040.07	-2026.26	-2026   	1.06535 
24 	25   	-2037.55	-2026.17	-2025.7 	0.928774
25 	25   	-2036.59	-2026.19	-2025.7 	0.98863 
26 	25   	-2160.86	-2026.52	-2025.7 	6.54237 
27 	25   	-2059.14	-2026.22	-2025.7 	1.74133 
28 	25   	-2030.15	-2026.07	-2025.7 	0.464395
29 	25   	-2041.72	-2026.1 	-2025.7 	1.15557 
30 	25   	-2042.42	-2026.12	-2025.7 	1.32988 
31 	25   	-2042.66	-2025.94	-2025.7 	1.13777 
32 	25   	-2043.4 	-2025.94	-2025.7 	1.2859  
33 	25   	-2052.24	-2026.07	-2025.7 	2.21822 
34 	25   	-2036.59	-2025.92	-2025.7 	1.0391  
35 	25   	-2045.36	-2025.9 	-2025.7 	1.58431 
36 	25   	-2033.7 	-2025.79	-2025.7 	0.619866
37 	25   	-2042.42	-2025.95	-2025.7 	1.33577 
38 	25   	-2038.52	-2025.9 	-2025.7 	1.17611 
39 	25   	-2042.7 	-2025.95	-2025.7 	1.44271 
40 	25   	-2048.44	-2025.95	-2025.7 	1.80832 
41 	25   	-2043.4 	-2025.94	-2025.7 	1.46296 
42 	25   	-2061.12	-2025.9 	-2025.7 	1.80263 
43 	25   	-2031.8 	-2025.86	-2025.7 	0.733463
44 	25   	-2034.66	-2025.82	-2025.7 	0.723585
45 	25   	-2040.47	-2025.89	-2025.7 	1.09011 
46 	25   	-2030.85	-2025.84	-2025.7 	0.656283
47 	25   	-2133.65	-2026.07	-2025.7 	4.89901 
48 	25   	-2066.36	-2026.14	-2025.7 	3.06831 
49 	25   	-2173.82	-2026.16	-2025.7 	6.65807 
50 	25   	-2035.62	-2025.84	-2025.7 	0.751929
51 	25   	-2066.52	-2026.16	-2025.7 	2.7394  
52 	25   	-2039.79	-2025.84	-2025.7 	0.923438
53 	25   	-2088.88	-2026.12	-2025.7 	3.64935 
54 	25   	-2039.49	-2025.85	-2025.7 	0.894964
55 	25   	-2055.48	-2025.96	-2025.7 	1.73877 
56 	25   	-2041.87	-2025.9 	-2025.7 	1.26853 
57 	25   	-2039.77	-2025.84	-2025.7 	1.00176 
58 	25   	-2098.42	-2026.03	-2025.7 	3.55277 
59 	25   	-2045.36	-2025.97	-2025.7 	1.53437 
60 	25   	-2074.28	-2026.09	-2025.7 	2.72633 
61 	25   	-2125.98	-2026.21	-2025.7 	4.83272 
62 	25   	-2038.52	-2025.83	-2025.7 	0.850935
63 	25   	-2051.93	-2025.9 	-2025.7 	1.4087  
64 	25   	-2103.32	-2026.22	-2025.7 	4.21231 
65 	25   	-2033   	-2025.85	-2025.7 	0.725466
66 	25   	-2069.33	-2026   	-2025.7 	2.34772 
67 	25   	-2110.75	-2026.17	-2025.7 	4.67809 
68 	25   	-2046.51	-2025.91	-2025.7 	1.45132 
69 	25   	-2036.59	-2025.91	-2025.7 	1.09294 
70 	25   	-2037.9 	-2025.86	-2025.7 	1.03822 
71 	25   	-2034.66	-2025.85	-2025.7 	0.765839
72 	25   	-2064.03	-2025.95	-2025.7 	2.03852 
73 	25   	-2037.55	-2025.87	-2025.7 	1.0042  
74 	25   	-2102.1 	-2026.05	-2025.7 	3.68214 
75 	25   	-2050.22	-2025.96	-2025.7 	1.79323 
76 	25   	-2048.3 	-2025.97	-2025.7 	1.50754 
77 	25   	-2038.52	-2025.81	-2025.7 	0.734812
78 	25   	-2052.24	-2025.93	-2025.7 	1.82072 
79 	25   	-2047.32	-2026   	-2025.7 	1.61319 
80 	25   	-2043.68	-2025.87	-2025.7 	1.26453 
81 	25   	-2054.26	-2025.89	-2025.7 	1.50412 
82 	25   	-2059.73	-2025.93	-2025.7 	1.90996 
83 	25   	-2049.98	-2026.03	-2025.7 	1.94314 
84 	25   	-2040.47	-2025.88	-2025.7 	1.08589 
85 	25   	-2038.52	-2025.92	-2025.7 	1.07001 
86 	25   	-2073.95	-2026.02	-2025.7 	2.4404  
87 	25   	-2033.08	-2025.83	-2025.7 	0.733323
88 	25   	-2034.66	-2025.85	-2025.7 	0.886956
89 	25   	-2041.7 	-2025.9 	-2025.7 	1.27942 
90 	25   	-2103.62	-2026.08	-2025.7 	3.82392 
91 	25   	-2040.47	-2025.92	-2025.7 	1.32997 
92 	25   	-2039.95	-2025.9 	-2025.7 	1.1354  
93 	25   	-2054.49	-2026.12	-2025.7 	2.47199 
94 	25   	-2033.7 	-2025.8 	-2025.7 	0.593293
95 	25   	-2035.89	-2025.82	-2025.7 	0.772535
96 	25   	-2044.38	-2025.86	-2025.7 	1.0541  
97 	25   	-2043.4 	-2025.86	-2025.7 	1.10705 
98 	25   	-2057.17	-2026.03	-2025.7 	2.16079 
99 	25   	-2048.3 	-2025.89	-2025.7 	1.23538 
gen	depth	min     	avg     	max     	std     
0  	25   	-2269.68	-2067.4 	-2030.67	30.6424 
1  	25   	-2212.29	-2049.47	-2030.67	13.1378 
2  	25   	-2143.72	-2042.57	-2029.84	8.86979 
3  	25   	-2125.23	-2038.47	-2029.84	7.52927 
4  	25   	-2079.71	-2035.09	-2029.27	4.0408  
5  	25   	-3201.67	-2035.13	-2029.27	52.3431 
6  	25   	-2073.6 	-2031.24	-2028.62	2.77685 
7  	25   	-2061.24	-2030.58	-2028.62	2.22462 
8  	25   	-2038.42	-2029.93	-2027.92	1.00193 
9  	25   	-2051.95	-2029.74	-2027.87	1.78296 
10 	25   	-2050.97	-2029.5 	-2027.8 	1.9783  
11 	25   	-2081.34	-2029.51	-2027.8 	3.61249 
12 	25   	-2100.2 	-2029.46	-2027.74	5.34383 
13 	25   	-2069.11	-2028.85	-2027.22	2.60151 
14 	25   	-2052.94	-2028.48	-2027.22	1.76829 
15 	25   	-2056.18	-2028.38	-2027.22	2.05567 
16 	25   	-2055.73	-2028.14	-2027.1 	1.79133 
17 	25   	-2053.49	-2027.93	-2026.52	1.47067 
18 	25   	-2044.8 	-2027.83	-2026.52	1.53034 
19 	25   	-2063.1 	-2027.69	-2026.52	2.2238  
20 	25   	-2069.86	-2027.59	-2026.52	2.83715 
21 	25   	-2074.98	-2027.5 	-2026.52	2.56763 
22 	25   	-2074.27	-2027.29	-2026.52	2.33043 
23 	25   	-2039.77	-2027.06	-2026.4 	1.09697 
24 	25   	-2043.68	-2026.8 	-2026.4 	1.13573 
25 	25   	-2037.28	-2026.69	-2026.4 	0.856904
26 	25   	-2058.59	-2027   	-2026.4 	2.74528 
27 	25   	-2039.49	-2026.66	-2026.4 	1.01201 
28 	25   	-2046.34	-2026.78	-2026.4 	1.68781 
29 	25   	-2064.79	-2026.98	-2026.4 	2.93305 
30 	25   	-2037.41	-2026.7 	-2026.4 	1.26511 
31 	25   	-2049.28	-2026.54	-2026.4 	1.22255 
32 	25   	-2169.9 	-2027.13	-2026.4 	7.53872 
33 	25   	-2052.49	-2026.6 	-2026.4 	1.56037 
34 	25   	-2035.36	-2026.5 	-2026.4 	0.696778
35 	25   	-2073.99	-2026.77	-2026.4 	3.15968 
36 	25   	-2041.17	-2026.66	-2026.4 	1.34751 
37 	25   	-2034.4 	-2026.54	-2026.4 	0.692266
38 	25   	-2039.54	-2026.56	-2026.4 	1.009   
39 	25   	-2034.66	-2026.46	-2026.4 	0.517857
40 	25   	-2082.16	-2026.84	-2026.4 	3.67571 
41 	25   	-2135.35	-2027.04	-2026.4 	6.92118 
42 	25   	-2109.06	-2026.91	-2026.4 	5.3327  
43 	25   	-2084.61	-2026.74	-2026.4 	3.06609 
44 	25   	-2045.08	-2026.58	-2026.4 	1.20669 
45 	25   	-2083.33	-2026.73	-2026.4 	2.96235 
46 	25   	-2061.41	-2026.73	-2026.4 	2.48038 
47 	25   	-2050.11	-2026.74	-2026.4 	1.88085 
48 	25   	-2041.74	-2026.55	-2026.4 	0.957828
49 	25   	-2031.8 	-2026.48	-2026.4 	0.467335
50 	25   	-2034.4 	-2026.53	-2026.4 	0.687399
51 	25   	-2070.03	-2026.68	-2026.4 	2.24016 
52 	25   	-2031.55	-2026.52	-2026.4 	0.598374
53 	25   	-2104.79	-2026.93	-2026.4 	4.09066 
54 	25   	-2121.02	-2026.98	-2026.4 	4.77818 
55 	25   	-2057.17	-2026.67	-2026.4 	1.99899 
56 	25   	-2054   	-2026.6 	-2026.4 	1.5512  
57 	25   	-2070.03	-2026.67	-2026.4 	2.27776 
58 	25   	-2127.38	-2027.02	-2026.4 	5.72849 
59 	25   	-2049   	-2026.63	-2026.4 	1.50854 
60 	25   	-2033   	-2026.53	-2026.4 	0.653299
61 	25   	-2035.36	-2026.57	-2026.4 	0.860527
62 	25   	-2146.14	-2026.98	-2026.4 	6.16092 
63 	25   	-2039.49	-2026.6 	-2026.4 	1.14656 
64 	25   	-2029.7 	-2026.46	-2026.4 	0.305054
65 	25   	-2049.98	-2026.7 	-2026.4 	1.80826 
66 	25   	-2044.38	-2026.61	-2026.4 	1.34678 
67 	25   	-2032.74	-2026.49	-2026.4 	0.50098 
68 	25   	-2136.64	-2026.87	-2026.4 	5.14948 
69 	25   	-2054.91	-2026.56	-2026.4 	1.41675 
70 	25   	-2037.96	-2026.62	-2026.4 	1.10904 
71 	25   	-2065.08	-2026.6 	-2026.4 	1.94945 
72 	25   	-2037.55	-2026.56	-2026.4 	0.859404
73 	25   	-2042.14	-2026.56	-2026.4 	1.20696 
74 	25   	-2032.49	-2026.49	-2026.4 	0.589559
75 	25   	-2143.32	-2026.88	-2025.7 	5.38026 
76 	25   	-2032.09	-2026.48	-2025.7 	0.493305
77 	25   	-2035.36	-2026.52	-2025.7 	0.736435
78 	25   	-2049   	-2026.59	-2025.7 	1.36099 
79 	25   	-2077.67	-2026.61	-2025.7 	2.38988 
80 	25   	-2111.75	-2026.86	-2025.7 	5.15648 
81 	25   	-2053.22	-2026.54	-2025.7 	1.77433 
82 	25   	-2061.1 	-2026.47	-2025.7 	2.09091 
83 	25   	-2052.05	-2026.21	-2025.7 	1.80692 
84 	25   	-2037.55	-2025.94	-2025.7 	1.03893 
85 	25   	-2052.24	-2025.93	-2025.7 	1.56865 
86 	25   	-2072.87	-2025.99	-2025.7 	2.6138  
87 	25   	-2034.66	-2025.87	-2025.7 	0.881624
88 	25   	-2068.94	-2026.17	-2025.7 	3.23896 
89 	25   	-2047.6 	-2025.98	-2025.7 	1.73367 
90 	25   	-2081.93	-2025.93	-2025.7 	2.62145 
91 	25   	-2051.95	-2025.84	-2025.7 	1.2882  
92 	25   	-2063.05	-2025.94	-2025.7 	1.8958  
93 	25   	-2036.59	-2025.82	-2025.7 	0.809255
94 	25   	-2044.38	-2025.96	-2025.7 	1.40887 
95 	25   	-2145.61	-2026.3 	-2025.7 	6.08416 
96 	25   	-2055.89	-2025.88	-2025.7 	1.5446  
97 	25   	-2041.7 	-2025.91	-2025.7 	1.17892 
98 	25   	-2033.22	-2025.89	-2025.7 	0.916743
99 	25   	-2048.3 	-2025.9 	-2025.7 	1.41741 
gen	depth	min     	avg     	max     	std     
0  	25   	-2623.66	-2070.16	-2032.36	44.0023 
1  	25   	-2573.36	-2051.05	-2032.36	35.5641 
2  	25   	-2186.14	-2041.67	-2031.67	10.7043 
3  	25   	-2100.81	-2037.71	-2030.89	4.65321 
4  	25   	-2127.65	-2035.9 	-2030.89	6.90287 
5  	25   	-2219.16	-2034.23	-2029.44	8.6155  
6  	25   	-2219.86	-2033.86	-2029.44	11.4823 
7  	25   	-2165.6 	-2032.95	-2029.32	8.65649 
8  	25   	-2101.51	-2031.79	-2028.49	3.60014 
9  	25   	-2052.33	-2030.89	-2027.92	1.95845 
10 	25   	-2068.74	-2030.32	-2027.92	3.29062 
11 	25   	-2085.67	-2029.54	-2027.22	2.95792 
12 	25   	-2056.3 	-2029.04	-2027.1 	1.86686 
13 	25   	-2067.39	-2028.75	-2026.7 	3.05382 
14 	25   	-2059.84	-2028   	-2026.7 	1.62283 
15 	25   	-2064.49	-2027.81	-2026.4 	2.06245 
16 	25   	-2048.89	-2027.51	-2026.4 	1.44214 
17 	25   	-2245.35	-2027.65	-2026.4 	9.8012  
18 	25   	-2047.32	-2027.02	-2026   	1.29535 
19 	25   	-2096.84	-2027   	-2026   	3.33979 
20 	25   	-2124.99	-2027.06	-2026   	5.38362 
21 	25   	-2043.4 	-2026.6 	-2025.7 	1.21895 
22 	25   	-2055.49	-2026.52	-2025.7 	1.86373 
23 	25   	-2036.59	-2026.22	-2025.7 	0.84795 
24 	25   	-2051.55	-2026.25	-2025.7 	2.04807 
25 	25   	-2050.55	-2026.07	-2025.3 	1.32086 
26 	25   	-2059.43	-2026.08	-2025.3 	1.80353 
27 	25   	-2093.57	-2025.96	-2025.3 	3.08969 
28 	25   	-2124.29	-2026.1 	-2025.3 	4.8065  
29 	25   	-2038.12	-2025.82	-2025.3 	0.956468
30 	25   	-2036.59	-2025.78	-2025.3 	0.909937
31 	25   	-2040.74	-2025.67	-2025.3 	0.979507
32 	25   	-2037.65	-2025.54	-2025.3 	1.07489 
33 	25   	-2040.05	-2025.48	-2025.3 	1.20053 
34 	25   	-2041.72	-2025.43	-2025.3 	0.956794
35 	25   	-2044.66	-2025.57	-2025.3 	1.57615 
36 	25   	-2042.02	-2025.53	-2025.3 	1.24595 
37 	25   	-2058.46	-2025.55	-2025.3 	1.97895 
38 	25   	-2042.7 	-2025.47	-2025.3 	1.0377  
39 	25   	-2045.64	-2025.52	-2025.3 	1.37776 
40 	25   	-2043   	-2025.43	-2025.3 	0.942177
41 	25   	-2069.33	-2025.73	-2025.3 	3.02903 
42 	25   	-2032.05	-2025.49	-2025.3 	0.7506  
43 	25   	-2043.68	-2025.56	-2025.3 	1.4789  
44 	25   	-2061.1 	-2025.64	-2025.3 	2.57353 
45 	25   	-2044.87	-2025.45	-2025.3 	1.11886 
46 	25   	-2058.74	-2025.61	-2025.3 	2.01589 
47 	25   	-2029.49	-2025.38	-2025.3 	0.39862 
48 	25   	-2074.28	-2025.77	-2025.3 	3.45729 
49 	25   	-2179.8 	-2025.75	-2025.3 	6.94839 
50 	25   	-2084.51	-2025.63	-2025.3 	3.08227 
51 	25   	-2039.1 	-2025.48	-2025.3 	1.08062 
52 	25   	-2035.62	-2025.48	-2025.3 	0.9161  
53 	25   	-2046.62	-2025.43	-2025.3 	1.0652  
54 	25   	-2034.52	-2025.41	-2025.3 	0.694721
55 	25   	-2051.89	-2025.55	-2025.3 	1.64111 
56 	25   	-2032.05	-2025.45	-2025.3 	0.785698
57 	25   	-2033.96	-2025.4 	-2025.3 	0.593438
58 	25   	-2042.66	-2025.43	-2025.3 	0.887979
59 	25   	-2038.8 	-2025.49	-2025.3 	1.0534  
60 	25   	-2040.07	-2025.5 	-2025.3 	1.28705 
61 	25   	-2030.15	-2025.38	-2025.3 	0.467846
62 	25   	-2037.26	-2025.41	-2025.3 	0.725134
63 	25   	-2033.96	-2025.37	-2025.3 	0.535504
64 	25   	-2037.15	-2025.41	-2025.3 	0.823775
65 	25   	-2036.95	-2025.48	-2025.3 	0.950629
66 	25   	-2078.25	-2025.6 	-2025.3 	2.65684 
67 	25   	-2045.64	-2025.48	-2025.3 	1.34341 
68 	25   	-2061.41	-2025.65	-2025.3 	2.55817 
69 	25   	-2088.48	-2025.86	-2025.3 	4.80521 
70 	25   	-2045.64	-2025.52	-2025.3 	1.2784  
71 	25   	-2093.45	-2025.65	-2025.3 	3.49359 
72 	25   	-2038.12	-2025.45	-2025.3 	0.97001 
73 	25   	-2054.49	-2025.53	-2025.3 	1.61256 
74 	25   	-2030.15	-2025.38	-2025.3 	0.42034 
75 	25   	-2045.54	-2025.41	-2025.3 	1.00047 
76 	25   	-2039.77	-2025.44	-2025.3 	0.884228
77 	25   	-2031.4 	-2025.4 	-2025.3 	0.61428 
78 	25   	-2037.32	-2025.47	-2025.3 	0.991553
79 	25   	-2047.46	-2025.55	-2025.3 	1.42312 
80 	25   	-2058.44	-2025.5 	-2025.3 	1.71888 
81 	25   	-2036.85	-2025.45	-2025.3 	0.940682
82 	25   	-2103.09	-2025.66	-2025.3 	3.69785 
83 	25   	-2052.52	-2025.57	-2025.3 	1.98644 
84 	25   	-2061.71	-2025.44	-2025.3 	1.68898 
85 	25   	-2040.07	-2025.43	-2025.3 	0.878632
86 	25   	-2049.02	-2025.58	-2025.3 	1.8976  
87 	25   	-2036.85	-2025.42	-2025.3 	0.837619
88 	25   	-2036.3 	-2025.44	-2025.3 	0.849841
89 	25   	-2033.96	-2025.42	-2025.3 	0.691671
90 	25   	-2035.89	-2025.45	-2025.3 	0.84006 
91 	25   	-2035.89	-2025.43	-2025.3 	0.810915
92 	25   	-2034.14	-2025.42	-2025.3 	0.713621
93 	25   	-2041.72	-2025.47	-2025.3 	1.12034 
94 	25   	-2043.68	-2025.48	-2025.3 	1.26343 
95 	25   	-2050.85	-2025.5 	-2025.3 	1.38823 
96 	25   	-2041.44	-2025.62	-2025.3 	1.81144 
97 	25   	-2062.4 	-2025.54	-2025.3 	2.19284 
98 	25   	-2030.15	-2025.42	-2025.3 	0.544453
99 	25   	-2039.7 	-2025.52	-2025.3 	1.28054 
gen	depth	min     	avg     	max     	std     
0  	25   	-2317.23	-2064.89	-2034.4 	25.8477 
1  	25   	-2155.48	-2050.29	-2033.7 	12.2268 
2  	25   	-2070.59	-2042.03	-2031.14	5.57477 
3  	25   	-2113.15	-2038.99	-2031.14	5.93665 
4  	25   	-2074.1 	-2036.55	-2030.14	3.7552  
5  	25   	-2110.16	-2035.33	-2028.44	6.01822 
6  	25   	-2095.57	-2033.67	-2028.44	3.55908 
7  	25   	-2134.64	-2032.97	-2028.1 	6.56974 
8  	25   	-2103.73	-2031.69	-2027.74	4.76169 
9  	25   	-2049.13	-2030.28	-2027.74	1.92869 
10 	25   	-2053.99	-2029.35	-2027.05	1.67934 
11 	25   	-2073.65	-2028.75	-2027.05	2.62576 
12 	25   	-2081.44	-2028.45	-2027.05	2.96287 
13 	25   	-2039.87	-2028.07	-2026.4 	1.08111 
14 	25   	-2107.42	-2028.19	-2026.4 	4.44922 
15 	25   	-2037.98	-2027.64	-2026.4 	0.909997
16 	25   	-2072.01	-2027.58	-2026.4 	2.35417 
17 	25   	-2063.39	-2027.55	-2026.4 	3.07611 
18 	25   	-2101.21	-2027.29	-2026.4 	3.44861 
19 	25   	-2080.24	-2027.18	-2026.4 	3.00031 
20 	25   	-2079.31	-2026.89	-2026.4 	2.6592  
21 	25   	-2061.77	-2026.8 	-2026.35	2.55759 
22 	25   	-2059.14	-2026.75	-2026.35	2.25677 
23 	25   	-2041.7 	-2026.57	-2026.35	1.16365 
24 	25   	-2042.12	-2026.61	-2026.35	1.16549 
25 	25   	-2041.72	-2026.67	-2026.35	1.50533 
26 	25   	-2047.75	-2026.59	-2026.35	1.31804 
27 	25   	-2054.86	-2026.8 	-2026.35	2.50506 
28 	25   	-2036.18	-2026.53	-2026.35	0.973044
29 	25   	-2308.38	-2027.4 	-2026.35	13.3702 
30 	25   	-2073.99	-2026.77	-2026.35	3.30576 
31 	25   	-2063.52	-2026.59	-2026.35	1.9401  
32 	25   	-2032.38	-2026.44	-2026.35	0.550105
33 	25   	-2040.36	-2026.49	-2026.35	1.01041 
34 	25   	-2099.81	-2026.92	-2025.7 	4.97315 
35 	25   	-2044.58	-2026.52	-2025.7 	1.24951 
36 	25   	-2064.09	-2026.57	-2025.7 	2.1996  
37 	25   	-2305.39	-2027.31	-2025.7 	13.0768 
38 	25   	-2037.14	-2026.36	-2025.7 	0.975165
39 	25   	-2044.05	-2026.25	-2025.7 	1.47875 
40 	25   	-2067.51	-2026.1 	-2025.7 	2.40104 
41 	25   	-2062.4 	-2026.03	-2025.7 	2.46143 
42 	25   	-2070.36	-2025.96	-2025.7 	2.25536 
43 	25   	-2050.27	-2026.05	-2025.7 	2.01317 
44 	25   	-2039.77	-2025.88	-2025.7 	1.08106 
45 	25   	-2038.52	-2025.92	-2025.7 	1.27522 
46 	25   	-2046.06	-2025.9 	-2025.7 	1.33239 
47 	25   	-2035.62	-2025.89	-2025.7 	1.03861 
48 	25   	-2072.75	-2025.98	-2025.7 	2.33054 
49 	25   	-2047.32	-2025.88	-2025.7 	1.29722 
50 	25   	-2055.48	-2025.95	-2025.7 	1.84183 
51 	25   	-2102.14	-2026.04	-2025.7 	3.59991 
52 	25   	-2132.66	-2026.1 	-2025.7 	4.94351 
53 	25   	-2222.4 	-2026.45	-2025.7 	10.0928 
54 	25   	-2031.8 	-2025.78	-2025.7 	0.461917
55 	25   	-2034.27	-2025.84	-2025.7 	0.771027
56 	25   	-2052.76	-2025.89	-2025.7 	1.50928 
57 	25   	-2041.72	-2025.92	-2025.7 	1.32646 
58 	25   	-2192.47	-2026.18	-2025.7 	7.52579 
59 	25   	-2033.7 	-2025.88	-2025.7 	0.776287
60 	25   	-2041.7 	-2025.89	-2025.7 	1.20287 
61 	25   	-2103.09	-2026.08	-2025.7 	3.75289 
62 	25   	-2042.42	-2025.94	-2025.7 	1.32634 
63 	25   	-2047.6 	-2025.97	-2025.7 	1.72235 
64 	25   	-2036.95	-2025.86	-2025.7 	0.929188
65 	25   	-2053.22	-2025.9 	-2025.7 	1.50622 
66 	25   	-2049.98	-2026.11	-2025.7 	2.17567 
67 	25   	-2054.26	-2025.9 	-2025.7 	1.4924  
68 	25   	-2039.49	-2025.89	-2025.7 	1.06443 
69 	25   	-2058.17	-2025.86	-2025.7 	1.54754 
70 	25   	-2044.38	-2025.87	-2025.7 	1.06118 
71 	25   	-2046.62	-2025.87	-2025.7 	1.22641 
72 	25   	-2068.05	-2025.92	-2025.7 	2.29203 
73 	25   	-2050.27	-2025.92	-2025.7 	1.50678 
74 	25   	-2033.44	-2025.82	-2025.7 	0.668299
75 	25   	-2047.32	-2025.87	-2025.7 	1.30108 
76 	25   	-2038.52	-2025.86	-2025.3 	0.964702
77 	25   	-2034.66	-2025.83	-2025.3 	0.772193
78 	25   	-2049.64	-2025.91	-2025.3 	1.63743 
79 	25   	-2058.85	-2025.93	-2025.3 	1.89783 
80 	25   	-2034.92	-2025.7 	-2025.3 	0.606687
81 	25   	-2044.38	-2025.72	-2025.3 	1.52237 
82 	25   	-2046.51	-2025.55	-2025.3 	1.50541 
83 	25   	-2059.97	-2025.64	-2025.3 	2.39989 
84 	25   	-2059.73	-2025.58	-2025.3 	2.02272 
85 	25   	-2029.8 	-2025.37	-2025.3 	0.405583
86 	25   	-2032.05	-2025.41	-2025.3 	0.638398
87 	25   	-2036.19	-2025.45	-2025.3 	0.846915
88 	25   	-2036.19	-2025.43	-2025.3 	0.786799
89 	25   	-2042.95	-2025.43	-2025.3 	1.08617 
90 	25   	-2038.12	-2025.42	-2025.3 	0.806067
91 	25   	-2139.93	-2025.64	-2025.3 	5.15579 
92 	25   	-2039.25	-2025.42	-2025.3 	0.844678
93 	25   	-2046.92	-2025.55	-2025.3 	1.81038 
94 	25   	-2044.66	-2025.52	-2025.3 	1.38301 
95 	25   	-2044.96	-2025.46	-2025.3 	1.12837 
96 	25   	-2048.4 	-2025.46	-2025.3 	1.27597 
97 	25   	-2038.84	-2025.47	-2025.3 	0.972644
98 	25   	-2033.8 	-2025.41	-2025.3 	0.627561
99 	25   	-2086.19	-2025.6 	-2025.3 	2.92359 
gen	depth	min     	avg     	max     	std     
0  	25   	-2303.3 	-2070.97	-2032.74	30.9705 
1  	25   	-2669.9 	-2054.37	-2032.2 	34.4983 
2  	25   	-2123.42	-2044.51	-2031.79	8.17797 
3  	25   	-2153.98	-2040.52	-2031.05	8.52056 
4  	25   	-2114.38	-2037.59	-2030.19	4.7721  
5  	25   	-2084.28	-2035.36	-2030.19	4.07834 
6  	25   	-2139.56	-2033.98	-2029.8 	6.15326 
7  	25   	-2087.36	-2033.13	-2029.49	4.7592  
8  	25   	-2147.89	-2032.64	-2029.32	7.24325 
9  	25   	-2057.95	-2031.66	-2028.8 	2.81686 
10 	25   	-2086.43	-2030.96	-2028.62	3.47402 
11 	25   	-2052.95	-2030.2 	-2027.4 	1.53555 
12 	25   	-2086.67	-2030.09	-2027.4 	3.23066 
13 	25   	-2051.4 	-2029.48	-2027.4 	1.70517 
14 	25   	-2048.64	-2029.08	-2027.1 	1.47049 
15 	25   	-2172.92	-2029.22	-2027.1 	6.96189 
16 	25   	-2261.78	-2029.12	-2027.1 	13.0013 
17 	25   	-2038.95	-2027.8 	-2026.4 	0.946657
18 	25   	-2078.66	-2027.8 	-2026.4 	3.4695  
19 	25   	-2058.15	-2027.41	-2026.4 	1.70463 
20 	25   	-2041.44	-2027.07	-2026.4 	1.06896 
21 	25   	-2124.39	-2027.33	-2026.4 	6.48869 
22 	25   	-2037.82	-2026.72	-2025.7 	1.16841 
23 	25   	-2045.28	-2026.64	-2025.7 	1.3421  
24 	25   	-2034.4 	-2026.52	-2025.7 	0.944328
25 	25   	-2110.16	-2026.67	-2025.7 	4.11821 
26 	25   	-2057.17	-2026.3 	-2025.7 	2.07091 
27 	25   	-2031.8 	-2025.88	-2025.7 	0.598928
28 	25   	-2043.4 	-2025.94	-2025.7 	1.28459 
29 	25   	-2054.21	-2026   	-2025.7 	1.85749 
30 	25   	-2061.12	-2025.99	-2025.7 	2.14606 
31 	25   	-2065.93	-2025.96	-2025.7 	2.07398 
32 	25   	-2052.52	-2026.08	-2025.7 	2.36995 
33 	25   	-2042.7 	-2025.87	-2025.7 	1.18491 
34 	25   	-2070.58	-2026.07	-2025.7 	3.04572 
35 	25   	-2047.32	-2025.91	-2025.7 	1.48437 
36 	25   	-2044.66	-2025.87	-2025.7 	1.12313 
37 	25   	-2036.59	-2025.81	-2025.7 	0.648837
38 	25   	-2060.42	-2026   	-2025.7 	2.22313 
39 	25   	-2060.13	-2026.02	-2025.7 	2.3055  
40 	25   	-2071.02	-2026.18	-2025.7 	3.28548 
41 	25   	-2098.52	-2026.08	-2025.7 	3.82496 
42 	25   	-2037.44	-2025.85	-2025.7 	0.944317
43 	25   	-2049.28	-2025.92	-2025.7 	1.54    
44 	25   	-2042.66	-2025.89	-2025.7 	1.28678 
45 	25   	-2052.94	-2026.01	-2025.7 	1.86213 
46 	25   	-2037.89	-2025.87	-2025.7 	1.07233 
47 	25   	-2131.96	-2026.19	-2025.7 	5.05413 
48 	25   	-2050.27	-2025.96	-2025.7 	1.63271 
49 	25   	-2045.1 	-2025.96	-2025.7 	1.39119 
50 	25   	-2039.49	-2025.93	-2025.7 	1.19896 
51 	25   	-2048.3 	-2025.86	-2025.7 	1.3425  
52 	25   	-2052.24	-2025.83	-2025.7 	1.25375 
53 	25   	-2106.77	-2026.01	-2025.7 	3.7699  
54 	25   	-2067.75	-2026.12	-2025.7 	2.74163 
55 	25   	-2199.75	-2026.38	-2025.7 	8.5601  
56 	25   	-2044.92	-2025.85	-2025.7 	1.19889 
57 	25   	-2075.82	-2026.16	-2025.7 	3.32862 
58 	25   	-2055.19	-2025.93	-2025.7 	1.6191  
59 	25   	-2042.42	-2025.85	-2025.7 	0.979777
60 	25   	-2046.34	-2025.92	-2025.7 	1.34985 
61 	25   	-2071.72	-2026   	-2025.7 	2.61057 
62 	25   	-2047.2 	-2025.93	-2025.7 	1.54594 
63 	25   	-2086.89	-2026.1 	-2025.7 	3.36488 
64 	25   	-2056.88	-2026.07	-2025.7 	2.38231 
65 	25   	-2046.06	-2025.87	-2025.7 	1.30551 
66 	25   	-2065.08	-2026.06	-2025.7 	2.89279 
67 	25   	-2035.48	-2025.8 	-2025.7 	0.677508
68 	25   	-2050.68	-2025.94	-2025.7 	1.6029  
69 	25   	-2037.55	-2025.86	-2025.7 	0.796238
70 	25   	-2045.36	-2025.96	-2025.7 	1.64517 
71 	25   	-2048.17	-2025.93	-2025.7 	1.63186 
72 	25   	-2047.32	-2026.02	-2025.7 	1.78972 
73 	25   	-2058.44	-2026   	-2025.7 	2.08073 
74 	25   	-2031.8 	-2025.8 	-2025.7 	0.542962
75 	25   	-2038.8 	-2025.9 	-2025.7 	1.03562 
76 	25   	-2085.9 	-2026.11	-2025.7 	3.91425 
77 	25   	-2173.22	-2026.33	-2025.7 	7.17441 
78 	25   	-2098.17	-2026.32	-2025.7 	5.0341  
79 	25   	-2046.62	-2026.03	-2025.7 	1.76935 
80 	25   	-2037.55	-2025.84	-2025.7 	0.907635
81 	25   	-2052.24	-2025.92	-2025.7 	1.63506 
82 	25   	-2042.7 	-2025.94	-2025.7 	1.40578 
83 	25   	-2052.24	-2026   	-2025.7 	1.867   
84 	25   	-2050.27	-2025.98	-2025.7 	1.64349 
85 	25   	-2030.85	-2025.83	-2025.7 	0.612615
86 	25   	-2037.55	-2025.85	-2025.7 	0.840458
87 	25   	-2063.06	-2025.96	-2025.7 	2.05677 
88 	25   	-2047.32	-2025.9 	-2025.7 	1.3986  
89 	25   	-2032.35	-2025.82	-2025.7 	0.666523
90 	25   	-2035.62	-2025.95	-2025.7 	1.15857 
91 	25   	-2056.21	-2025.94	-2025.7 	1.97662 
92 	25   	-2110.46	-2026.14	-2025.7 	4.09658 
93 	25   	-2038.52	-2025.88	-2025.7 	1.08915 
94 	25   	-2052.52	-2025.88	-2025.7 	1.33909 
95 	25   	-2046.06	-2025.91	-2025.7 	1.42575 
96 	25   	-2076.97	-2026.07	-2025.7 	3.08046 
97 	25   	-2050.55	-2026   	-2025.7 	1.88055 
98 	25   	-2067.06	-2026.01	-2025.7 	2.53105 
99 	25   	-2041.12	-2025.91	-2025.7 	1.28101 
gen	depth	min     	avg     	max     	std     
0  	25   	-2418.95	-2069.7 	-2029.84	37.8889 
1  	25   	-2167.05	-2049.73	-2029.84	14.0901 
2  	25   	-2506.11	-2043.37	-2029.84	23.2397 
3  	25   	-2329.91	-2038.38	-2029.84	14.7838 
4  	25   	-2123   	-2035.79	-2029.49	7.59168 
5  	25   	-2057.6 	-2033.62	-2029.44	2.7301  
6  	25   	-2129.02	-2033.12	-2028.8 	6.80804 
7  	25   	-2167.07	-2032.09	-2028.8 	6.82553 
8  	25   	-2072.79	-2031   	-2028.8 	2.54752 
9  	25   	-2070.73	-2030.39	-2027.4 	2.30128 
10 	25   	-2069.6 	-2029.85	-2027.4 	2.15374 
11 	25   	-2124   	-2029.92	-2027.4 	5.5965  
12 	25   	-2061.25	-2029.06	-2027.22	1.80968 
13 	25   	-2088   	-2028.93	-2027.1 	3.22355 
14 	25   	-2037.28	-2028.32	-2027.1 	0.858321
15 	25   	-2065.61	-2028.28	-2026.7 	2.61532 
16 	25   	-2057.46	-2027.87	-2026.52	1.94423 
17 	25   	-2037.14	-2027.46	-2026.4 	0.790956
18 	25   	-2097.53	-2027.73	-2026.4 	4.97554 
19 	25   	-2057.58	-2027.26	-2026   	2.32864 
20 	25   	-2060.83	-2027.01	-2026   	2.1193  
21 	25   	-2055.89	-2026.8 	-2025.7 	2.11383 
22 	25   	-2054.62	-2026.52	-2025.7 	1.44506 
23 	25   	-2051.25	-2026.5 	-2025.7 	2.02696 
24 	25   	-2042.7 	-2026.22	-2025.7 	1.16064 
25 	25   	-2066.36	-2026.18	-2025.7 	2.21035 
26 	25   	-2032.3 	-2025.88	-2025.7 	0.534494
27 	25   	-2054.26	-2026.01	-2025.7 	2.05925 
28 	25   	-2072.6 	-2026.09	-2025.7 	2.98138 
29 	25   	-2052.24	-2026.04	-2025.7 	1.89995 
30 	25   	-2040.74	-2025.91	-2025.3 	1.14833 
31 	25   	-2035.89	-2025.8 	-2025.3 	0.64041 
32 	25   	-2030.85	-2025.76	-2025.3 	0.403391
33 	25   	-2073.7 	-2026.04	-2025.3 	2.8079  
34 	25   	-2071.02	-2025.93	-2025.3 	2.52942 
35 	25   	-2041.05	-2025.75	-2025.3 	0.902893
36 	25   	-2032.74	-2025.63	-2025.3 	0.608894
37 	25   	-2096.66	-2025.63	-2025.3 	3.22171 
38 	25   	-2037.82	-2025.53	-2025.3 	1.23722 
39 	25   	-2066.36	-2025.57	-2025.3 	2.4979  
40 	25   	-2045.54	-2025.58	-2025.3 	1.77312 
41 	25   	-2053.36	-2025.61	-2025.3 	2.13959 
42 	25   	-2047.6 	-2025.49	-2025.3 	1.36206 
43 	25   	-2039.1 	-2025.47	-2025.3 	1.09978 
44 	25   	-2106.38	-2025.73	-2025.3 	4.08373 
45 	25   	-2078.55	-2025.52	-2025.3 	2.4841  
46 	25   	-2033.96	-2025.48	-2025.3 	0.885423
47 	25   	-2028.6 	-2025.36	-2025.3 	0.335969
48 	25   	-2032.05	-2025.37	-2025.3 	0.495072
49 	25   	-2064.68	-2025.54	-2025.3 	2.12234 
50 	25   	-2037.82	-2025.47	-2025.3 	0.978386
51 	25   	-2047.28	-2025.65	-2025.3 	1.81088 
52 	25   	-2065.67	-2025.51	-2025.3 	1.98392 
53 	25   	-2054.26	-2025.61	-2025.3 	2.00776 
54 	25   	-2043.68	-2025.48	-2025.3 	1.18657 
55 	25   	-2037.82	-2025.49	-2025.3 	1.09795 
56 	25   	-2038.84	-2025.46	-2025.3 	0.968338
57 	25   	-2034.92	-2025.4 	-2025.3 	0.666934
58 	25   	-2037.15	-2025.48	-2025.3 	1.00996 
59 	25   	-2039.49	-2025.43	-2025.3 	0.806428
60 	25   	-2033.49	-2025.39	-2025.3 	0.532307
61 	25   	-2032.05	-2025.36	-2025.3 	0.409772
62 	25   	-2033   	-2025.42	-2025.3 	0.702085
63 	25   	-2104.09	-2025.65	-2025.3 	3.68551 
64 	25   	-2033.3 	-2025.45	-2025.3 	0.782717
65 	25   	-2034.92	-2025.44	-2025.3 	0.826825
66 	25   	-2030.46	-2025.36	-2025.3 	0.363957
67 	25   	-2036.85	-2025.48	-2025.3 	0.956019
68 	25   	-2030.46	-2025.4 	-2025.3 	0.510711
69 	25   	-2091.16	-2025.66	-2025.3 	3.36506 
70 	25   	-2036.85	-2025.43	-2025.3 	0.821358
71 	25   	-2045.64	-2025.51	-2025.3 	1.36338 
72 	25   	-2030.49	-2025.4 	-2025.3 	0.50556 
73 	25   	-2062.93	-2025.49	-2025.3 	1.86334 
74 	25   	-2061.38	-2025.6 	-2025.3 	1.98884 
75 	25   	-2052.82	-2025.56	-2025.3 	2.01848 
76 	25   	-2036.95	-2025.53	-2025.3 	1.12984 
77 	25   	-2083.52	-2025.74	-2025.3 	3.60904 
78 	25   	-2046.62	-2025.56	-2025.3 	1.62495 
79 	25   	-2042.7 	-2025.45	-2025.3 	1.07513 
80 	25   	-2033   	-2025.4 	-2025.3 	0.556037
81 	25   	-2077.67	-2025.57	-2025.3 	2.59711 
82 	25   	-2069.33	-2025.64	-2025.3 	2.63751 
83 	25   	-2031.92	-2025.39	-2025.3 	0.530778
84 	25   	-2036.19	-2025.43	-2025.3 	0.711925
85 	25   	-2035.89	-2025.43	-2025.3 	0.794795
86 	25   	-2043.68	-2025.49	-2025.3 	1.13915 
87 	25   	-2052.82	-2025.69	-2025.3 	2.31894 
88 	25   	-2082.52	-2025.58	-2025.3 	2.77013 
89 	25   	-2045.54	-2025.56	-2025.3 	1.67562 
90 	25   	-2065.08	-2025.54	-2025.3 	2.16054 
91 	25   	-2038.8 	-2025.49	-2025.3 	1.16093 
92 	25   	-2039.72	-2025.48	-2025.3 	1.04702 
93 	25   	-2033.3 	-2025.4 	-2025.3 	0.657786
94 	25   	-2059.72	-2025.5 	-2025.3 	1.70309 
95 	25   	-2051.84	-2025.49	-2025.3 	1.30965 
96 	25   	-2036.19	-2025.44	-2025.3 	0.875467
97 	25   	-2032.35	-2025.38	-2025.3 	0.532311
98 	25   	-2035.22	-2025.47	-2025.3 	0.878589
99 	25   	-2040.74	-2025.47	-2025.3 	1.04537 
