gen	depth	min     	avg     	max     	std    
0  	60   	-3832.36	-2453.6 	-2183.17	215.483
1  	60   	-3578.12	-2324.43	-2152.44	116.063
2  	60   	-2862.12	-2268.59	-2121.6 	66.8394
3  	60   	-3432.96	-2234.87	-2118.01	77.2133
4  	60   	-2826.79	-2203.31	-2110.91	63.6369
5  	60   	-2817.36	-2178.66	-2110.91	49.5869
6  	60   	-3207.83	-2164.68	-2104.36	63.5389
7  	60   	-3157.62	-2150.37	-2104.36	57.7817
8  	60   	-2883.72	-2139   	-2099.79	54.3185
9  	60   	-2584.18	-2131.42	-2098.38	45.1705
10 	60   	-2542.87	-2122.53	-2090.43	36.6002
11 	60   	-7558.95	-2128.08	-2090.43	248.908
12 	60   	-2587.91	-2108.85	-2083.94	32.0501
13 	60   	-2941.9 	-2107.26	-2083.24	60.2068
14 	60   	-2484.9 	-2099.51	-2082.24	27.2473
15 	60   	-2401.72	-2096.64	-2081.15	24.2184
16 	60   	-3806.04	-2106.7 	-2080.27	121.444
17 	60   	-2726.73	-2092.96	-2079.92	38.2084
18 	60   	-3050.62	-2094.59	-2077.36	68.6979
19 	60   	-2605.26	-2091.46	-2077.02	38.4639
20 	60   	-2939.39	-2094.09	-2075.4 	64.4227
21 	60   	-2377.25	-2087.43	-2074.78	27.4741
22 	60   	-2254.26	-2082.84	-2071   	13.9227
23 	60   	-2175.72	-2081.24	-2071   	10.8244
24 	60   	-2199.82	-2079.4 	-2070.24	10.9247
25 	60   	-3007.57	-2084.27	-2070.24	56.4906
26 	60   	-2688.68	-2079.01	-2066.73	30.1653
27 	60   	-2451.41	-2078.59	-2066.73	31.2804
28 	60   	-3467.76	-2080.62	-2065.26	67.7581
29 	60   	-2265.97	-2074.63	-2064.51	17.5221
30 	60   	-2417.02	-2073.27	-2063.39	27.0778
31 	60   	-2205.82	-2070.49	-2062.48	11.0161
32 	60   	-2363.57	-2070.06	-2062.07	21.4851
33 	60   	-3120.19	-2070.22	-2062.07	48.4056
34 	60   	-3227.13	-2073   	-2060.01	63.7792
35 	60   	-3433.11	-2070.65	-2060.01	64.3936
36 	60   	-2809.27	-2070.14	-2059.58	55.5468
37 	60   	-2268.11	-2066.05	-2059.01	21.0169
38 	60   	-4265.6 	-2073.73	-2057.97	119.321
39 	60   	-2803.05	-2065.62	-2057.97	48.0022
40 	60   	-3715.08	-2067.22	-2057.72	76.4724
41 	60   	-2421.14	-2063.22	-2056.58	24.6223
42 	60   	-9571.09	-2079.54	-2056.58	336.995
43 	60   	-2447.43	-2064.56	-2056.26	30.1423
44 	60   	-2923.04	-2065.09	-2055.76	56.5409
45 	60   	-2289.07	-2061.87	-2055.76	19.4252
46 	60   	-2388.22	-2062.58	-2055   	25.5323
47 	60   	-2126.76	-2058.5 	-2055   	5.2568 
48 	60   	-2541.53	-2060.68	-2054.95	25.913 
49 	60   	-2430.85	-2059.83	-2054.91	25.4976
50 	60   	-2513.61	-2061.57	-2054.36	31.1227
51 	60   	-2285.08	-2058.36	-2054.19	16.2082
52 	60   	-2475.08	-2058.54	-2054.01	22.0962
53 	60   	-2518.17	-2059.23	-2053.54	27.3949
54 	60   	-7326.56	-2079.93	-2053.19	287.757
55 	60   	-2343.96	-2057.37	-2053.19	17.2832
56 	60   	-2304.43	-2056.45	-2052.84	17.0687
57 	60   	-2532.68	-2058.79	-2052.6 	32.2456
58 	60   	-2445.92	-2056.21	-2052.6 	22.521 
59 	60   	-2278.81	-2055.46	-2052.37	14.418 
60 	60   	-2566.46	-2057.68	-2051.91	34.7605
61 	60   	-2832.9 	-2059.21	-2051.91	48.0362
62 	60   	-2980.81	-2059.79	-2051.91	60.6469
63 	60   	-3037.28	-2057.51	-2051.32	48.9742
64 	60   	-2200.62	-2054.33	-2051.32	10.6084
65 	60   	-2508.81	-2055.55	-2051.32	22.3147
66 	60   	-2232.38	-2054.22	-2051.02	11.8795
67 	60   	-2644.52	-2057.93	-2051.01	35.4537
68 	60   	-3080.19	-2060.08	-2051.01	59.8454
69 	60   	-2337.91	-2054.82	-2050.38	17.3865
70 	60   	-2311.93	-2055.27	-2049.68	16.9716
71 	60   	-2268.97	-2054.08	-2049.68	16.7746
72 	60   	-2492.75	-2054.41	-2049.5 	23.5168
73 	60   	-2211.09	-2053.01	-2049.5 	11.254 
74 	60   	-2656.18	-2053.97	-2048.62	29.7079
75 	60   	-4864.52	-2063.31	-2048.62	148.867
76 	60   	-2230.46	-2052.36	-2048.62	12.9341
77 	60   	-2396.71	-2054   	-2048.62	24.7475
78 	60   	-2422.98	-2052.64	-2048.28	21.8996
79 	60   	-2298.61	-2051.42	-2048.26	14.0917
80 	60   	-2483.92	-2051.81	-2047.58	22.0807
81 	60   	-3432.54	-2055.96	-2047.58	68.2894
82 	60   	-2534.83	-2052.77	-2047.58	26.67  
83 	60   	-2441.1 	-2053.12	-2047.58	27.731 
84 	60   	-2150.04	-2050.96	-2047.58	10.8114
85 	60   	-2351.14	-2051.49	-2047.28	22.1357
86 	60   	-2292.24	-2051.55	-2047.28	19.2067
87 	60   	-2195.09	-2049.64	-2047.28	11.7113
88 	60   	-2477.47	-2053   	-2046.88	30.4468
89 	60   	-2194.63	-2049.23	-2046.68	9.25155
90 	60   	-2172.39	-2048.92	-2046.68	8.39816
91 	60   	-2512.8 	-2050.87	-2046.18	28.1295
92 	60   	-2194.57	-2048.23	-2046.18	7.47311
93 	60   	-2322.75	-2051.56	-2046.16	22.3325
94 	60   	-2299.84	-2050.82	-2045.98	22.8595
95 	60   	-2509.01	-2050.1 	-2045.75	29.575 
96 	60   	-2209.9 	-2048.22	-2045.75	10.3571
97 	60   	-2481.34	-2049.63	-2045.75	23.1919
98 	60   	-2145.18	-2047.36	-2045.75	7.66418
99 	60   	-2185.73	-2049.62	-2045.75	15.9401
gen	depth	min     	avg     	max     	std    
0  	60   	-4623.18	-2485.41	-2160.43	273.155
1  	60   	-3456.23	-2342.76	-2160.31	134.227
2  	60   	-3470.34	-2267.54	-2149.93	93.9592
3  	60   	-4398.45	-2234.56	-2135.75	134.789
4  	60   	-2915.58	-2200.61	-2128.54	48.4594
5  	60   	-3274.41	-2186.33	-2119.93	75.8942
6  	60   	-3320.19	-2167.8 	-2119.05	63.0496
7  	60   	-2352.88	-2153.24	-2103.45	23.8111
8  	60   	-2337.28	-2143.4 	-2103.45	21.5437
9  	60   	-2747.17	-2141.63	-2097.76	43.3711
10 	60   	-2909.36	-2134.38	-2096.96	59.2204
11 	60   	-2468.03	-2124.44	-2095.66	33.074 
12 	60   	-3088.22	-2116.66	-2092.46	47.5943
13 	60   	-2619.05	-2111.22	-2092.46	32.375 
14 	60   	-2391.95	-2107.52	-2092.46	26.4942
15 	60   	-2766.7 	-2106.89	-2089.54	41.8977
16 	60   	-2324.46	-2104.55	-2087.7 	26.5493
17 	60   	-5231.64	-2113.18	-2087.19	161.793
18 	60   	-2229.84	-2097.55	-2084.56	12.1743
19 	60   	-2473.78	-2098.04	-2082.43	29.8962
20 	60   	-2401.56	-2094.55	-2081.61	22.5529
21 	60   	-3433.68	-2098.36	-2077.51	87.5167
22 	60   	-2646.64	-2092.33	-2077.51	34.894 
23 	60   	-2221.75	-2087.58	-2077.5 	14.6328
24 	60   	-3337.23	-2089.37	-2076.58	61.0039
25 	60   	-2799.58	-2087.79	-2074.44	44.3319
26 	60   	-2541.95	-2086.05	-2072.94	34.1644
27 	60   	-2271.17	-2082.11	-2072.94	16.4509
28 	60   	-2944.14	-2085.08	-2072.77	50.5715
29 	60   	-2483.44	-2080.14	-2071.19	26.3314
30 	60   	-3738.9 	-2083.19	-2071.14	80.2468
31 	60   	-6601.08	-2095.67	-2071.14	232.359
32 	60   	-2407.53	-2077.91	-2069.2 	27.2158
33 	60   	-3392.02	-2078.29	-2069.2 	60.8806
34 	60   	-2392.24	-2077   	-2069.2 	27.482 
35 	60   	-2739.84	-2079   	-2068.72	46.5309
36 	60   	-2466.94	-2075.73	-2068.37	24.9412
37 	60   	-2812.95	-2077.99	-2066.32	45.9847
38 	60   	-2185.1 	-2072.44	-2066.32	11.6258
39 	60   	-2256.66	-2072.58	-2064.86	15.0598
40 	60   	-2909.49	-2076.49	-2064.86	45.7267
41 	60   	-2853.82	-2075.94	-2064.25	53.2735
42 	60   	-2357.51	-2071.64	-2064.25	22.6935
43 	60   	-2846.17	-2073.72	-2063.47	47.6545
44 	60   	-3862.5 	-2073.87	-2063.4 	82.953 
45 	60   	-2243.09	-2069.09	-2062.11	14.7196
46 	60   	-2454.09	-2071.38	-2062.11	30.2162
47 	60   	-2388.17	-2070.62	-2062.11	26.3077
48 	60   	-2208.74	-2067.51	-2061.91	13.0862
49 	60   	-2243.43	-2067.28	-2061.48	14.6771
50 	60   	-2583.06	-2070.91	-2060.6 	39.5439
51 	60   	-2785.57	-2068.21	-2060.44	38.1109
52 	60   	-3026.21	-2072.51	-2058.66	64.3117
53 	60   	-2621.45	-2067.52	-2057.13	31.7415
54 	60   	-2489.64	-2066.12	-2057.13	29.7048
55 	60   	-3301.81	-2067.27	-2056.31	59.9743
56 	60   	-2353.71	-2064.14	-2056.17	22.8441
57 	60   	-3087.2 	-2069.58	-2055.52	75.6253
58 	60   	-2328.62	-2061.64	-2055.52	17.032 
59 	60   	-3717.17	-2063.81	-2054.34	75.7034
60 	60   	-2159.67	-2058.99	-2054.17	8.98366
61 	60   	-2397.58	-2060.83	-2054.17	26.3771
62 	60   	-2750.16	-2059.83	-2053.34	33.878 
63 	60   	-2249.11	-2058.21	-2053.25	14.53  
64 	60   	-2394.19	-2058.9 	-2053.04	27.4337
65 	60   	-2639.43	-2058.21	-2052.74	29.8851
66 	60   	-2486.63	-2059.1 	-2052.22	30.0738
67 	60   	-5448.84	-2065.31	-2052.22	157.816
68 	60   	-3480.91	-2063.25	-2051.95	86.5493
69 	60   	-2565.67	-2055.76	-2051.73	24.6059
70 	60   	-4295.92	-2067.08	-2051.48	123.002
71 	60   	-2392.68	-2056.75	-2051.48	25.4127
72 	60   	-2264.6 	-2054.41	-2050.82	14.3034
73 	60   	-2442.57	-2055.68	-2050.42	24.3195
74 	60   	-2484.37	-2055.29	-2050.42	24.3264
75 	60   	-2285.07	-2054.96	-2050.12	19.6273
76 	60   	-2197.11	-2053.37	-2050.12	10.9694
77 	60   	-2149.23	-2053.27	-2049.72	10.286 
78 	60   	-2419.41	-2054.37	-2049.57	22.452 
79 	60   	-2155.96	-2052.4 	-2049.57	9.14918
80 	60   	-2367.43	-2053.79	-2049.57	21.9995
81 	60   	-3370.02	-2055.65	-2049.57	61.0519
82 	60   	-2334.6 	-2054.02	-2049.57	22.2674
83 	60   	-3588.59	-2055.18	-2049.57	69.6957
84 	60   	-2156.82	-2052.3 	-2049.57	11.3424
85 	60   	-2732.81	-2053.24	-2049.57	33.3399
86 	60   	-2434.19	-2054.27	-2049.57	28.7398
87 	60   	-2334.84	-2052.67	-2049.57	17.3609
88 	60   	-2286.53	-2052.6 	-2049.57	18.3581
89 	60   	-2430.13	-2053.61	-2049.57	26.6104
90 	60   	-2384.8 	-2054.52	-2049.57	26.29  
91 	60   	-4639.59	-2060.62	-2049.57	121.966
92 	60   	-2141.71	-2051.52	-2049.57	8.9116 
93 	60   	-2823.04	-2054.94	-2049.51	44.4725
94 	60   	-2634.18	-2054.44	-2049.42	38.0362
95 	60   	-4436.93	-2058.55	-2049.42	109.665
96 	60   	-2266.13	-2053.09	-2049.42	18.8804
97 	60   	-2138.57	-2052.16	-2049.42	10.5114
98 	60   	-2246.72	-2052.68	-2048.87	14.8517
99 	60   	-2916.08	-2055.4 	-2048.87	51.0757
gen	depth	min     	avg     	max     	std    
0  	60   	-3915.69	-2462.05	-2156.5 	237.212
1  	60   	-3106.3 	-2329.16	-2156.5 	98.9577
2  	60   	-4043.55	-2283.2 	-2149.24	121.828
3  	60   	-3564.46	-2237.42	-2144.08	85.9514
4  	60   	-4820.49	-2214.06	-2121.01	151.5  
5  	60   	-3305.21	-2194.22	-2118.77	89.5043
6  	60   	-2794.59	-2176.68	-2118.77	55.1236
7  	60   	-3016.13	-2166.38	-2115.66	60.3433
8  	60   	-2842.35	-2154.19	-2111.5 	52.0896
9  	60   	-5451.32	-2151.94	-2109.71	178.402
10 	60   	-2569.51	-2135.96	-2099.86	38.8262
11 	60   	-2585.92	-2128.58	-2099.51	32.1263
12 	60   	-3971.79	-2125.95	-2091.78	85.3831
13 	60   	-2811.64	-2119.99	-2086.99	36.5366
14 	60   	-2240.69	-2113.04	-2086.99	13.5549
15 	60   	-2543.22	-2111.29	-2086.99	29.2791
16 	60   	-2868.75	-2109.17	-2086.99	49.5892
17 	60   	-2264.23	-2099.02	-2083.51	14.3061
18 	60   	-4096.87	-2103.78	-2074.72	104.338
19 	60   	-3745.23	-2102.51	-2074.68	90.6087
20 	60   	-2338.76	-2092.01	-2074.68	22.8379
21 	60   	-3215.3 	-2093.32	-2074.21	59.9253
22 	60   	-2452.94	-2090.1 	-2072.5 	33.9527
23 	60   	-3120.06	-2090.18	-2072.5 	62.7479
24 	60   	-3132.68	-2085.47	-2070.46	63.3213
25 	60   	-3798.84	-2084.98	-2070.46	84.5724
26 	60   	-3214.8 	-2082.74	-2069.45	58.2352
27 	60   	-2615.34	-2077.28	-2068.86	29.7985
28 	60   	-2453.36	-2076.48	-2066.41	30.7102
29 	60   	-2437.05	-2074.82	-2066.41	23.6697
30 	60   	-2502.22	-2074.7 	-2066.13	27.696 
31 	60   	-5658.27	-2080.56	-2065.71	162.338
32 	60   	-2738.51	-2076.21	-2065.36	43.5033
33 	60   	-2920.2 	-2073.55	-2064.06	42.7064
34 	60   	-2190.66	-2070.2 	-2063.71	12.9656
35 	60   	-2456.41	-2070.94	-2063.71	26.5966
36 	60   	-4003.71	-2076.86	-2062.83	111.601
37 	60   	-3274.67	-2077.21	-2062.36	83.0077
38 	60   	-3251.22	-2071.9 	-2062.36	57.7435
39 	60   	-2312.97	-2068.79	-2061.4 	23.2051
40 	60   	-2240.14	-2067.2 	-2061.19	17.2703
41 	60   	-2285.48	-2066.52	-2061.03	18.9352
42 	60   	-3289.36	-2069.84	-2061   	62.6066
43 	60   	-2754.19	-2067.68	-2060.7 	37.2039
44 	60   	-2444.08	-2065.31	-2059.66	22.7043
45 	60   	-2424.68	-2064.88	-2059.66	21.0225
46 	60   	-2533.76	-2066.86	-2059.66	34.0604
47 	60   	-2851.45	-2066.53	-2059.33	42.1992
48 	60   	-3662.43	-2069.52	-2059.21	80.0804
49 	60   	-2358.78	-2066.58	-2058.74	28.7014
50 	60   	-2635.68	-2065.7 	-2058.74	39.0365
51 	60   	-2827   	-2065.65	-2058.64	47.4676
52 	60   	-2216.8 	-2064.33	-2058.31	19.3005
53 	60   	-2196.6 	-2060.76	-2058.14	9.32548
54 	60   	-2592.34	-2064.34	-2058.14	32.1803
55 	60   	-2246.73	-2061.16	-2057.26	11.2401
56 	60   	-3155.42	-2065.87	-2057.05	59.8363
57 	60   	-2312.03	-2062.42	-2056.61	18.9574
58 	60   	-2354.24	-2061.81	-2056.13	19.3855
59 	60   	-2248.07	-2060.14	-2054.71	12.2164
60 	60   	-2460.65	-2060.65	-2054.71	21.9943
61 	60   	-2612.73	-2060   	-2054.51	27.8927
62 	60   	-2275.06	-2060.74	-2054.51	19.7897
63 	60   	-3062.72	-2064.09	-2053.81	67.1352
64 	60   	-2472.77	-2059.18	-2053.81	23.0917
65 	60   	-2735.07	-2060.01	-2053.74	36.681 
66 	60   	-3121.14	-2059.78	-2053.21	52.6682
67 	60   	-2223.36	-2057.67	-2052.27	14.9939
68 	60   	-2602.73	-2058.7 	-2052.27	30.24  
69 	60   	-2233.24	-2057.08	-2052.27	15.6704
70 	60   	-2181.02	-2056.17	-2052.04	11.5255
71 	60   	-2512.45	-2057.91	-2052.04	24.471 
72 	60   	-3964.29	-2065.33	-2052.04	109.565
73 	60   	-2207.15	-2055.16	-2051.41	12.9   
74 	60   	-2323.12	-2055.33	-2051.41	18.6802
75 	60   	-2323.03	-2056.09	-2051.41	20.0407
76 	60   	-2983.15	-2058.21	-2051.34	49.7413
77 	60   	-2562.41	-2056.46	-2051.34	28.7216
78 	60   	-2246.69	-2055.25	-2051.1 	16.656 
79 	60   	-2210.51	-2055.08	-2050.7 	15.6627
80 	60   	-2633.53	-2055.97	-2050.7 	32.5867
81 	60   	-2904.21	-2056.55	-2050.51	42.1508
82 	60   	-2366.86	-2053.96	-2050.51	21.4065
83 	60   	-2361.35	-2055.48	-2050.24	27.0428
84 	60   	-3490.04	-2060.47	-2050.24	87.2026
85 	60   	-3385.72	-2058.53	-2050.24	71.7729
86 	60   	-2271.87	-2053.27	-2050   	15.7062
87 	60   	-2215.88	-2053.82	-2050   	14.0003
88 	60   	-2219.89	-2053.21	-2049.53	11.9401
89 	60   	-3462.87	-2057.79	-2049.53	69.3206
90 	60   	-2217.94	-2053.63	-2049.53	16.6124
91 	60   	-2884.05	-2057.53	-2049.42	49.7435
92 	60   	-2216.35	-2052.89	-2049.42	14.2814
93 	60   	-4268.27	-2057.83	-2049.1 	100.659
94 	60   	-2249.78	-2053.53	-2049.1 	20.0021
95 	60   	-2980.84	-2054.95	-2049.1 	53.6019
96 	60   	-2243.95	-2053.16	-2049.1 	17.6506
97 	60   	-2330.42	-2052.67	-2049.1 	21.7213
98 	60   	-2187.45	-2051.73	-2049.1 	11.9025
99 	60   	-2482.99	-2053.79	-2049.1 	25.9196
gen	depth	min     	avg     	max     	std    
0  	60   	-5322.31	-2473.11	-2199.88	257.82 
1  	60   	-2726.07	-2333.48	-2157.55	89.6612
2  	60   	-2681.64	-2276.09	-2157.55	58.6273
3  	60   	-3379.43	-2247.81	-2125.61	83.8923
4  	60   	-2772.5 	-2216.35	-2125.61	47.6032
5  	60   	-2913.29	-2195.15	-2113.52	53.2791
6  	60   	-2947.95	-2177.8 	-2113.52	49.1532
7  	60   	-2540.79	-2162.78	-2113.52	35.6389
8  	60   	-3114.18	-2156.52	-2108.7 	59.2045
9  	60   	-2370.93	-2145.59	-2106.9 	28.2906
10 	60   	-3107.65	-2139.35	-2105.4 	56.5278
11 	60   	-3038.6 	-2130.94	-2094.32	49.0167
12 	60   	-3818.78	-2129.18	-2093.98	83.9543
13 	60   	-5840.07	-2137.44	-2093.98	227.269
14 	60   	-2497.22	-2118.58	-2093.85	32.7197
15 	60   	-2494.11	-2113.74	-2091.1 	28.507 
16 	60   	-3406.25	-2117.38	-2087.26	94.5521
17 	60   	-2299.59	-2103.16	-2080.25	16.3754
18 	60   	-2696.7 	-2104.98	-2079.12	54.2881
19 	60   	-2545.55	-2095.92	-2077.56	27.3924
20 	60   	-2387.34	-2092.17	-2077.32	23.4152
21 	60   	-2346.51	-2087.85	-2073.9 	17.9767
22 	60   	-2256.02	-2087.29	-2073.23	18.77  
23 	60   	-2338.28	-2083.46	-2073.23	16.0882
24 	60   	-2346.65	-2083.03	-2072.3 	22.712 
25 	60   	-2508.53	-2083.63	-2072.3 	36.9462
26 	60   	-2668.34	-2081.91	-2071.6 	41.4037
27 	60   	-2454.09	-2079.09	-2071.32	23.7403
28 	60   	-2459.08	-2078.71	-2069.8 	28.4095
29 	60   	-2311.67	-2077.31	-2069.8 	20.7871
30 	60   	-5656.61	-2087.07	-2069.28	176.898
31 	60   	-2898.78	-2078.49	-2068.36	49.2517
32 	60   	-2315.4 	-2075.31	-2067.88	19.0051
33 	60   	-3260.97	-2081.63	-2066.48	88.5865
34 	60   	-2373.5 	-2073.12	-2065.18	20.8594
35 	60   	-2581.53	-2073.28	-2064.48	30.2008
36 	60   	-2516.1 	-2072.91	-2062.96	27.0469
37 	60   	-2289.24	-2071.61	-2061.56	22.1666
38 	60   	-2413.86	-2069.87	-2061.13	19.451 
39 	60   	-2268.69	-2068.09	-2061.13	16.5528
40 	60   	-2177.88	-2066.78	-2060.24	10.7686
41 	60   	-4799.93	-2074.13	-2060.16	132.632
42 	60   	-2843.96	-2067.98	-2060.11	42.6166
43 	60   	-3088.24	-2069.85	-2059.49	70.9575
44 	60   	-2533.63	-2066.85	-2058.6 	33.4017
45 	60   	-2519.85	-2064.81	-2058.38	26.5285
46 	60   	-2542.82	-2065.13	-2058.06	29.9134
47 	60   	-2329.66	-2063.56	-2057.41	20.6654
48 	60   	-2663.76	-2064.93	-2057.38	38.6695
49 	60   	-2410.53	-2062.05	-2057.24	19.6455
50 	60   	-2231.65	-2062.3 	-2057.07	17.0794
51 	60   	-2408.45	-2062.57	-2056.54	26.0831
52 	60   	-2250.11	-2061.63	-2055.34	16.0889
53 	60   	-2612.31	-2062.78	-2055.34	37.0128
54 	60   	-2287.62	-2060.2 	-2055.12	14.128 
55 	60   	-2993.84	-2063.86	-2055.12	52.3447
56 	60   	-2550.99	-2062.2 	-2054.37	34.8509
57 	60   	-2262.92	-2058.3 	-2054.34	11.0182
58 	60   	-2277.88	-2059.39	-2054.34	17.6964
59 	60   	-2183.95	-2058.37	-2054.34	14.3473
60 	60   	-2241.84	-2058.09	-2054.34	16.0695
61 	60   	-2272.96	-2057.63	-2053.64	17.0036
62 	60   	-2456.11	-2057.16	-2053.64	20.0404
63 	60   	-2272.93	-2058.04	-2053.64	16.6261
64 	60   	-2587.41	-2058.92	-2053.64	32.9407
65 	60   	-2330.27	-2057.43	-2053.64	20.5668
66 	60   	-2293.26	-2056.36	-2052.27	13.3751
67 	60   	-2520.9 	-2057.49	-2052.09	25.1226
68 	60   	-2573.41	-2057.07	-2051.55	26.0394
69 	60   	-2188.68	-2055.74	-2051.55	11.7412
70 	60   	-2313.03	-2056.51	-2051.55	18.472 
71 	60   	-2413.46	-2057.55	-2051.42	27.969 
72 	60   	-2215.34	-2054.88	-2051.42	12.4303
73 	60   	-2638.51	-2056.09	-2050.72	30.6553
74 	60   	-2397.73	-2056.27	-2050.72	23.6655
75 	60   	-2397.02	-2055.83	-2050.72	25.6995
76 	60   	-2331.74	-2053.29	-2050.72	14.0999
77 	60   	-4010.86	-2059.15	-2050   	89.6661
78 	60   	-2343.72	-2053.06	-2050   	17.8888
79 	60   	-2506.24	-2053.55	-2049.95	23.8552
80 	60   	-2191.31	-2053.01	-2048.47	12.7505
81 	60   	-2224.93	-2051.89	-2048.47	10.5674
82 	60   	-2168.3 	-2051.72	-2048.15	8.5253 
83 	60   	-3061.42	-2054.99	-2048.13	52.9716
84 	60   	-2340.36	-2051.59	-2048.13	15.6798
85 	60   	-2180.59	-2051.07	-2048.13	12.2685
86 	60   	-2566.71	-2052.81	-2047.77	30.4694
87 	60   	-2238.18	-2050.88	-2047.58	15.7076
88 	60   	-2539.13	-2052.45	-2047.45	28.5161
89 	60   	-2256.45	-2050.99	-2047.16	16.8043
90 	60   	-2191.77	-2050.18	-2047.16	10.7775
91 	60   	-2165.14	-2050.64	-2047.16	13.1776
92 	60   	-2211.03	-2050.04	-2047.16	11.6235
93 	60   	-2103.42	-2049.13	-2046.88	6.99914
94 	60   	-2670.13	-2051.52	-2046.73	33.3843
95 	60   	-2407.89	-2049.76	-2046.33	20.1656
96 	60   	-8397.28	-2072.75	-2046.33	366.744
97 	60   	-2290.48	-2050.01	-2046.33	17.5935
98 	60   	-2243.01	-2049.13	-2046.33	12.8699
99 	60   	-3414.47	-2053.79	-2046.33	65.8136
gen	depth	min     	avg     	max     	std    
0  	60   	-4593.21	-2471.19	-2158.43	255.21 
1  	60   	-6878.82	-2337.62	-2148.1 	285.421
2  	60   	-4156.62	-2273.19	-2139.52	150.443
3  	60   	-4335.25	-2229.02	-2136.65	132.77 
4  	60   	-4696.61	-2203.2 	-2136.65	123.327
5  	60   	-2988.18	-2183.37	-2133.86	51.6846
6  	60   	-3028.67	-2174.21	-2132.27	65.0904
7  	60   	-2837.18	-2166.44	-2128.17	55.8614
8  	60   	-2634.28	-2157.55	-2124.8 	42.8976
9  	60   	-4467.9 	-2158.85	-2117.37	123.293
10 	60   	-3173.19	-2152.25	-2117.37	72.9391
11 	60   	-3469.05	-2146.51	-2114.69	79.4587
12 	60   	-4017.56	-2143.94	-2114.69	91.8881
13 	60   	-3394.38	-2140.32	-2111.4 	75.0961
14 	60   	-4110.56	-2137.66	-2108.04	98.1204
15 	60   	-3418.34	-2129.63	-2107.86	62.2059
16 	60   	-2422.9 	-2124.54	-2100.92	26.2529
17 	60   	-3897   	-2127.88	-2092.74	95.6529
18 	60   	-2722.38	-2115.85	-2091.63	32.9176
19 	60   	-3582.29	-2116.59	-2091.63	74.0605
20 	60   	-2339   	-2109.8 	-2085.94	23.7755
21 	60   	-2865.04	-2108.73	-2084.16	42.2214
22 	60   	-3019.55	-2104.74	-2083.08	54.2622
23 	60   	-3147.12	-2101.59	-2082.46	58.9542
24 	60   	-2349.14	-2094.34	-2080.99	23.0451
25 	60   	-3004.67	-2092.29	-2078.69	43.6895
26 	60   	-2279.44	-2089.22	-2078.69	16.0054
27 	60   	-3625.73	-2095.87	-2077.86	95.5292
28 	60   	-2292.38	-2086.42	-2076.91	17.1333
29 	60   	-3317.82	-2090.37	-2073.98	65.8853
30 	60   	-2771.55	-2087.58	-2073.98	43.9968
31 	60   	-2308.19	-2083.46	-2073.03	22.1746
32 	60   	-2619.71	-2087.24	-2072.33	47.8702
33 	60   	-2384.81	-2080.32	-2070.2 	22.2171
34 	60   	-2340.23	-2080.22	-2070.2 	23.3058
35 	60   	-2215.75	-2077.35	-2068.94	14.4594
36 	60   	-2466.5 	-2077.08	-2068.45	24.8069
37 	60   	-3040.79	-2081.16	-2067.88	59.2326
38 	60   	-2413.28	-2077.57	-2067.3 	29.985 
39 	60   	-2274.34	-2074.1 	-2066.2 	15.4377
40 	60   	-2204.03	-2072.97	-2063.88	14.4426
41 	60   	-3747.91	-2079.23	-2063.88	89.9301
42 	60   	-2882.65	-2076.04	-2063.88	55.6573
43 	60   	-2356.13	-2071.53	-2062.48	23.1037
44 	60   	-2528.84	-2071.6 	-2062.48	28.087 
45 	60   	-2507.14	-2069.46	-2062.06	24.2538
46 	60   	-2379.87	-2068.86	-2061.78	20.4957
47 	60   	-3003.79	-2071.85	-2060.66	50.0744
48 	60   	-2643.75	-2067.86	-2060.66	30.7532
49 	60   	-2188.39	-2065.48	-2060.07	12.2961
50 	60   	-2383.25	-2066.73	-2060.07	24.3015
51 	60   	-2886.65	-2066.33	-2059.58	39.2694
52 	60   	-2894.11	-2066.24	-2059.38	43.9698
53 	60   	-2414.64	-2063.96	-2058.88	19.0991
54 	60   	-2443.87	-2064.69	-2058.88	25.4182
55 	60   	-2246.67	-2063.45	-2058.88	16.4075
56 	60   	-2163.69	-2061.03	-2058.26	7.29909
57 	60   	-2504.44	-2062.4 	-2058.05	22.3156
58 	60   	-2666.89	-2065.71	-2056.44	39.5173
59 	60   	-2344.38	-2061.18	-2056.4 	15.6922
60 	60   	-2190.21	-2062.07	-2056.07	14.6193
61 	60   	-2163.24	-2060.88	-2055.87	11.0289
62 	60   	-2253.92	-2061.4 	-2055.4 	19.8118
63 	60   	-2520.69	-2062.02	-2054.92	30.9028
64 	60   	-2215.7 	-2059.18	-2054.54	13.2658
65 	60   	-2299.94	-2061.53	-2054.54	24.7319
66 	60   	-2684.52	-2061.16	-2054.24	42.9878
67 	60   	-2411.59	-2060.83	-2054.1 	28.4549
68 	60   	-2243.88	-2057.65	-2053.84	14.2124
69 	60   	-2206.78	-2056.97	-2053.82	10.7749
70 	60   	-2193.59	-2056.36	-2053.4 	11.3543
71 	60   	-2337.2 	-2058.97	-2052.75	25.8962
72 	60   	-2103.8 	-2054.85	-2052.05	4.30382
73 	60   	-2709.44	-2058.3 	-2051.77	33.538 
74 	60   	-2526.32	-2057.01	-2051.77	25.0194
75 	60   	-2388.76	-2056.72	-2051.35	19.9425
76 	60   	-2228.82	-2056.01	-2051.05	15.2384
77 	60   	-2368.1 	-2055.13	-2051.05	17.3025
78 	60   	-2396.03	-2057.35	-2050.66	28.4944
79 	60   	-2708.88	-2058.1 	-2050.62	43.4661
80 	60   	-3601.31	-2058.55	-2050.22	72.8979
81 	60   	-2349.31	-2054.79	-2050.05	19.861 
82 	60   	-2218.22	-2053.84	-2049.96	12.9643
83 	60   	-2806.76	-2055.83	-2049.66	37.9001
84 	60   	-3016.27	-2054.38	-2049.52	45.277 
85 	60   	-2174.5 	-2052.89	-2048.89	12.3023
86 	60   	-2353.01	-2054.45	-2048.66	24.8163
87 	60   	-4521.63	-2058.26	-2048.66	112.338
88 	60   	-2377.77	-2052.23	-2048.26	17.7055
89 	60   	-2229.2 	-2052.05	-2048.26	13.5972
90 	60   	-2155.87	-2051.25	-2048.26	9.16184
91 	60   	-2106.69	-2050.05	-2047.89	5.99963
92 	60   	-2192.78	-2050.02	-2047.89	9.08282
93 	60   	-2831.18	-2054.42	-2047.89	45.5316
94 	60   	-2395.39	-2051.88	-2047.56	19.2446
95 	60   	-2244.01	-2050.94	-2047.56	15.2623
96 	60   	-2347.1 	-2052.16	-2047.56	21.4899
97 	60   	-2250.08	-2050.32	-2047.56	14.6769
98 	60   	-2414.93	-2051.61	-2047.56	23.0895
99 	60   	-2293.46	-2050.74	-2047.56	17.0159
gen	depth	min     	avg     	max     	std    
0  	60   	-7433.56	-2489.64	-2169.26	374.684
1  	60   	-3816.03	-2343.61	-2156.91	129.322
2  	60   	-2631.76	-2264.45	-2156.91	60.2878
3  	60   	-3428.61	-2230.78	-2127.95	75.4695
4  	60   	-3439.51	-2208.29	-2111.07	97.8387
5  	60   	-2653.6 	-2182.89	-2111.07	35.912 
6  	60   	-2713.5 	-2168.14	-2104.19	36.5421
7  	60   	-2623.54	-2158.87	-2092.29	46.431 
8  	60   	-2761.51	-2143.15	-2090.42	40.5667
9  	60   	-5516.57	-2143.75	-2090.42	172.25 
10 	60   	-2534.15	-2122.56	-2088.1 	31.8432
11 	60   	-2898.02	-2117.18	-2087.25	57.3312
12 	60   	-2304.71	-2106.19	-2085.55	18.7828
13 	60   	-2907.63	-2106.2 	-2085.33	53.4217
14 	60   	-2262.77	-2096.87	-2084.24	16.6152
15 	60   	-2852.52	-2099.81	-2084.14	50.3065
16 	60   	-2731.81	-2094.4 	-2079.67	33.7937
17 	60   	-2424.36	-2092.34	-2079.67	23.3755
18 	60   	-3853.42	-2098.7 	-2079.67	102.539
19 	60   	-6080.64	-2097.85	-2079.67	180.409
20 	60   	-2895.91	-2092.03	-2076.11	50.636 
21 	60   	-2373.63	-2088.76	-2076.11	28.798 
22 	60   	-2492.61	-2085.8 	-2075.25	30.6024
23 	60   	-2378.75	-2084.86	-2075.25	24.407 
24 	60   	-2531.9 	-2083.81	-2071.92	28.0807
25 	60   	-3619.17	-2086.11	-2071.67	73.1163
26 	60   	-2487.08	-2082.62	-2071.67	28.784 
27 	60   	-2323.15	-2079.43	-2069.45	15.4945
28 	60   	-2758.5 	-2081.85	-2069.1 	42.5821
29 	60   	-2236.27	-2077.46	-2068.29	12.6204
30 	60   	-2215.86	-2075.91	-2068.27	12.1472
31 	60   	-2329.36	-2076.11	-2067.29	23.3727
32 	60   	-2420.82	-2075.06	-2064.49	27.4282
33 	60   	-3348.85	-2074.47	-2064.49	59.5947
34 	60   	-2772.09	-2072.45	-2064.41	34.3944
35 	60   	-2355.14	-2072.35	-2062.83	25.7093
36 	60   	-2269.51	-2069.59	-2062.83	17.8861
37 	60   	-2343.27	-2068.7 	-2062.83	18.7303
38 	60   	-4642.59	-2077.59	-2062.83	121.615
39 	60   	-2478.76	-2067.67	-2062.72	23.8607
40 	60   	-2752.25	-2068.45	-2062.22	35.2972
41 	60   	-2676.39	-2071.62	-2060.7 	46.5808
42 	60   	-3220.2 	-2070.82	-2060.7 	57.9532
43 	60   	-2875.09	-2068.35	-2060.7 	51.6336
44 	60   	-2287.88	-2065.35	-2060.7 	16.6834
45 	60   	-2219.12	-2064.64	-2060.39	13.7291
46 	60   	-2190.03	-2064.09	-2058.6 	11.8367
47 	60   	-2271.91	-2064.11	-2058.6 	17.166 
48 	60   	-2437.39	-2064.64	-2058.47	26.039 
49 	60   	-3135.76	-2067.82	-2058.47	66.63  
50 	60   	-2666.61	-2067.28	-2058.47	46.2024
51 	60   	-5096.54	-2074.93	-2058.47	166.398
52 	60   	-2734.76	-2063.1 	-2057.9 	32.995 
53 	60   	-2403.43	-2062.14	-2057.08	20.9049
54 	60   	-2588.71	-2064.4 	-2057.08	39.55  
55 	60   	-2142.58	-2059.86	-2057.08	8.19471
56 	60   	-2304.73	-2060.57	-2057.08	16.2395
57 	60   	-2263.85	-2061.19	-2055.3 	17.8415
58 	60   	-2330.08	-2061.74	-2055.3 	19.9001
59 	60   	-2295.87	-2060.11	-2055.3 	16.2159
60 	60   	-2619.66	-2060.65	-2055.17	30.5585
61 	60   	-2593.56	-2060.38	-2055.17	28.7096
62 	60   	-2659.43	-2061.16	-2054.25	38.6707
63 	60   	-3342.64	-2060.55	-2054.25	58.4436
64 	60   	-2663.88	-2061   	-2053.88	35.709 
65 	60   	-2440.76	-2059.07	-2053.62	24.1436
66 	60   	-2805.39	-2060.21	-2053.62	41.6369
67 	60   	-2524.3 	-2059.81	-2052.97	29.7451
68 	60   	-2766.32	-2061.22	-2052.97	48.6554
69 	60   	-4089.92	-2062.61	-2052.97	95.6849
70 	60   	-4349.27	-2061.06	-2052.55	103.164
71 	60   	-2511.26	-2059.3 	-2052.28	32.7461
72 	60   	-2689.72	-2059.37	-2051.92	42.9778
73 	60   	-2346.38	-2056.11	-2051.92	17.0641
74 	60   	-2218.31	-2055.69	-2050.91	14.1484
75 	60   	-2178.11	-2055.57	-2050.91	12.886 
76 	60   	-2363.08	-2055.93	-2050.91	20.6164
77 	60   	-2191.68	-2054.46	-2050.7 	11.2824
78 	60   	-2732.56	-2057.52	-2050.68	42.1078
79 	60   	-2154.95	-2054   	-2050.53	10.2793
80 	60   	-2399.69	-2054.14	-2050.53	19.813 
81 	60   	-2267.03	-2054.27	-2050   	18.1532
82 	60   	-2322.65	-2055.13	-2050   	22.0648
83 	60   	-2163.86	-2052.69	-2049.86	9.78777
84 	60   	-2235.48	-2052.9 	-2048.98	13.9022
85 	60   	-6033.27	-2060.51	-2048.98	178.401
86 	60   	-2284.45	-2053.91	-2048.98	20.0574
87 	60   	-2233.77	-2054.36	-2048.98	19.3186
88 	60   	-2320.16	-2053.46	-2048.73	18.2182
89 	60   	-3148.17	-2055.25	-2048.28	58.1627
90 	60   	-2227.46	-2052.14	-2047.85	11.8651
91 	60   	-2343.69	-2053.59	-2047.85	22.6784
92 	60   	-2292.66	-2052.72	-2047.85	19.6797
93 	60   	-2237.96	-2051.78	-2047.46	14.3384
94 	60   	-2163.52	-2051.21	-2047.46	11.776 
95 	60   	-2473.89	-2051.85	-2047.16	24.5427
96 	60   	-2297.38	-2050.61	-2046.66	15.6589
97 	60   	-2703.96	-2051.24	-2046.66	30.3628
98 	60   	-2334   	-2052.35	-2046.38	23.2278
99 	60   	-2235.41	-2049.82	-2046.38	11.5379
gen	depth	min     	avg     	max     	std    
0  	60   	-4156.64	-2465.49	-2169.01	254.624
1  	60   	-4092.28	-2338.95	-2160.78	175.508
2  	60   	-7614.56	-2287.68	-2127.81	281.802
3  	60   	-4762.06	-2247.13	-2126.98	161.412
4  	60   	-4824.5 	-2213.36	-2120.35	140.105
5  	60   	-2707.72	-2182.97	-2117.09	43.9291
6  	60   	-4371.52	-2171.01	-2112.38	110.508
7  	60   	-3513.05	-2157.05	-2111.11	76.8232
8  	60   	-2959.11	-2144.87	-2102.89	47.3671
9  	60   	-2290.93	-2133.38	-2101.08	21.3167
10 	60   	-2752.54	-2130.54	-2097.18	48.3672
11 	60   	-2484.13	-2122.66	-2097.18	29.6133
12 	60   	-3110.34	-2119.43	-2091.77	56.0111
13 	60   	-4711.25	-2118.38	-2089.22	121.108
14 	60   	-3702.77	-2114.18	-2084.32	90.6705
15 	60   	-3774.64	-2108.42	-2084.32	80.6489
16 	60   	-2500.45	-2101.9 	-2084.1 	28.37  
17 	60   	-2522.43	-2099.78	-2077.26	35.23  
18 	60   	-2396.91	-2094.74	-2077.26	19.8917
19 	60   	-2352.72	-2092.41	-2075.8 	18.735 
20 	60   	-2737.31	-2092.8 	-2075.8 	45.9191
21 	60   	-2705.25	-2090.14	-2072.96	39.9184
22 	60   	-2837.99	-2089.91	-2072.48	55.03  
23 	60   	-3385.22	-2088.39	-2072.48	77.7354
24 	60   	-2596.27	-2081.73	-2071.73	31.3753
25 	60   	-3555.77	-2085.32	-2071.58	94.8196
26 	60   	-2251.68	-2077.8 	-2071.36	13.8032
27 	60   	-2278.19	-2077.7 	-2069.98	18.6415
28 	60   	-2584.2 	-2078.05	-2067.19	31.589 
29 	60   	-2780.71	-2080.44	-2067.19	48.9882
30 	60   	-3183.42	-2080.27	-2067.16	57.1554
31 	60   	-2809.77	-2079.4 	-2067.16	48.4547
32 	60   	-2932.65	-2076.31	-2067.16	43.9587
33 	60   	-2531.51	-2074.65	-2066.71	32.2622
34 	60   	-3132.82	-2074.13	-2065.78	51.1235
35 	60   	-2217.55	-2070.71	-2065.49	15.7832
36 	60   	-2267.06	-2069.56	-2065.08	14.1177
37 	60   	-2864.53	-2072.05	-2064.95	43.9856
38 	60   	-2590.09	-2071.65	-2064.79	31.1068
39 	60   	-2477.11	-2069.92	-2064.07	22.6582
40 	60   	-2539.93	-2071.67	-2062.25	34.6278
41 	60   	-2295.98	-2068.39	-2062.25	16.6948
42 	60   	-2425.63	-2071.11	-2061.98	32.6842
43 	60   	-2390.72	-2068.73	-2061.98	23.135 
44 	60   	-3009.74	-2069.84	-2061.98	50.9282
45 	60   	-2481.15	-2067.87	-2061.13	27.5224
46 	60   	-2300.37	-2065.76	-2060.66	15.8643
47 	60   	-2408.71	-2065.7 	-2060.31	20.7528
48 	60   	-2474.02	-2067.36	-2060.31	30.6896
49 	60   	-2369.57	-2065.86	-2059.84	22.9754
50 	60   	-2261.43	-2063.89	-2059.49	16.2918
51 	60   	-2211.25	-2063.75	-2058.51	14.6031
52 	60   	-2178.95	-2062.84	-2058.51	11.2092
53 	60   	-2842.58	-2064.85	-2058.51	40.0573
54 	60   	-2404.83	-2064.35	-2058.51	25.6699
55 	60   	-2174.8 	-2061.78	-2058.51	10.5132
56 	60   	-3597.48	-2064.96	-2057.69	69.775 
57 	60   	-2455.18	-2063.08	-2057.69	23.9332
58 	60   	-2279.13	-2062.83	-2057.39	21.0574
59 	60   	-2349.34	-2063.49	-2056.99	26.7576
60 	60   	-2381.79	-2061.88	-2056.99	19.9254
61 	60   	-2336.87	-2061.61	-2056.95	22.005 
62 	60   	-2376.52	-2061.5 	-2055.91	21.2993
63 	60   	-2542.96	-2061.22	-2055.04	25.983 
64 	60   	-2227.01	-2059.6 	-2054.78	13.4946
65 	60   	-2479.88	-2060.13	-2053.95	22.5158
66 	60   	-2259.44	-2059.68	-2053.95	14.5048
67 	60   	-2400.05	-2059.23	-2053.95	22.6209
68 	60   	-2347.4 	-2060.09	-2053.52	21.416 
69 	60   	-2132.4 	-2056.55	-2052.42	8.079  
70 	60   	-2279.07	-2056.56	-2052.42	13.8608
71 	60   	-2223.46	-2056.44	-2052.42	13.0677
72 	60   	-2211.04	-2056.4 	-2052.42	15.1738
73 	60   	-3043.77	-2058.29	-2050.33	47.0489
74 	60   	-2698.75	-2056.72	-2050.33	32.8108
75 	60   	-2204.2 	-2055.33	-2050.33	13.001 
76 	60   	-2378.21	-2056.8 	-2049.63	25.4655
77 	60   	-3705.95	-2058.09	-2049.63	74.9311
78 	60   	-2249.72	-2054.57	-2049.45	15.8635
79 	60   	-2338.93	-2054.88	-2049.45	21.4872
80 	60   	-2332.08	-2054.34	-2049.45	21.0963
81 	60   	-2269.98	-2051.75	-2049.45	11.3117
82 	60   	-2821.85	-2054.35	-2049.45	45.9718
83 	60   	-2728.86	-2055.05	-2049.45	40.9367
84 	60   	-2203.41	-2052.66	-2049.45	13.4752
85 	60   	-2123.36	-2050.73	-2049.35	6.13937
86 	60   	-2367.54	-2052.68	-2049.35	17.7638
87 	60   	-2288.51	-2052.45	-2049.35	16.1983
88 	60   	-2358.71	-2054.14	-2049.35	26.847 
89 	60   	-2678.47	-2054.12	-2049.35	34.0685
90 	60   	-2298.17	-2053.03	-2048.75	21.0551
91 	60   	-2420.17	-2051.31	-2048.75	17.5425
92 	60   	-2304.15	-2051.99	-2048.75	15.515 
93 	60   	-2256.65	-2051.97	-2048.75	15.262 
94 	60   	-2242.06	-2051.79	-2048.66	14.8928
95 	60   	-2181.57	-2051.79	-2048.22	12.2904
96 	60   	-2199.8 	-2050.88	-2047.83	10.9844
97 	60   	-2486.09	-2053.54	-2047.83	31.2131
98 	60   	-2259.96	-2051.09	-2047.83	13.5979
99 	60   	-3128.38	-2053.79	-2047.83	53.1947
gen	depth	min     	avg     	max     	std    
0  	60   	-3826.46	-2457.02	-2177.78	216.174
1  	60   	-2846.94	-2324.18	-2148   	94.2203
2  	60   	-3313.04	-2273.76	-2147.9 	97.0596
3  	60   	-2914.14	-2228.66	-2144.52	60.7758
4  	60   	-2499.8 	-2201.83	-2138.66	34.443 
5  	60   	-4555.73	-2196.28	-2128.48	132.216
6  	60   	-2852.32	-2170.11	-2126.87	43.0345
7  	60   	-2978.46	-2160   	-2112.56	51.6543
8  	60   	-2529.67	-2148.89	-2110.66	35.8894
9  	60   	-2415.42	-2142.96	-2110.66	32.6934
10 	60   	-3945.18	-2144.59	-2103.34	113.68 
11 	60   	-2396.53	-2128.48	-2101.45	19.5467
12 	60   	-2733.84	-2126.17	-2101.45	40.9281
13 	60   	-2390.54	-2119.02	-2098.82	25.2781
14 	60   	-2461.04	-2115.31	-2098.15	27.6263
15 	60   	-2566.45	-2113.71	-2096.95	32.8845
16 	60   	-3194.95	-2111.25	-2092.36	54.7007
17 	60   	-11129.5	-2144.6 	-2090.87	517.899
18 	60   	-2531.86	-2104.59	-2087.7 	26.8682
19 	60   	-2571.23	-2105.06	-2083.98	38.1296
20 	60   	-3867.98	-2108.54	-2083.91	105.864
21 	60   	-2660   	-2096.24	-2083.16	29.1608
22 	60   	-2368.02	-2094.51	-2078.13	23.4281
23 	60   	-2285.82	-2090.61	-2077.43	12.9056
24 	60   	-3078.03	-2093.73	-2077.23	57.2488
25 	60   	-2441.05	-2088.18	-2076.73	21.7413
26 	60   	-2356.54	-2086.42	-2074.31	24.2119
27 	60   	-5448.5 	-2093.58	-2073.56	163.377
28 	60   	-2284.75	-2083.12	-2069.76	20.3939
29 	60   	-2720.37	-2085.43	-2069.76	51.7374
30 	60   	-2483.17	-2079.32	-2069.76	24.2033
31 	60   	-2449.14	-2078.27	-2067.45	24.128 
32 	60   	-2561.77	-2078.9 	-2066.54	38.5897
33 	60   	-3216.43	-2077.48	-2064.45	55.6628
34 	60   	-2869.18	-2074.83	-2064.45	40.4383
35 	60   	-2816.77	-2072.26	-2063.2 	35.5704
36 	60   	-2588.72	-2073.75	-2062.49	38.3318
37 	60   	-2245.9 	-2069.03	-2061.75	14.3902
38 	60   	-2309.91	-2069.5 	-2061.75	20.4838
39 	60   	-3254.5 	-2071.7 	-2061.75	58.9308
40 	60   	-2245.28	-2066.83	-2058.91	13.8098
41 	60   	-2570   	-2069.15	-2058.91	35.075 
42 	60   	-2468.15	-2067.24	-2058.83	29.1834
43 	60   	-2268.91	-2066.28	-2058.8 	20.6436
44 	60   	-3008.47	-2067.52	-2058.62	48.3487
45 	60   	-3088.49	-2068.52	-2058.53	63.4691
46 	60   	-3334.5 	-2067.23	-2058.53	64.4865
47 	60   	-2434.11	-2065.86	-2058.53	34.479 
48 	60   	-2581.13	-2064.11	-2057.85	36.3629
49 	60   	-2192.72	-2060.83	-2057.85	10.2277
50 	60   	-2380.42	-2061.5 	-2057.85	20.1676
51 	60   	-2429.48	-2062.22	-2056.45	23.8745
52 	60   	-2223.31	-2060.93	-2055.48	14.5444
53 	60   	-2178.63	-2060.82	-2055.48	12.7591
54 	60   	-2479.55	-2061.33	-2055.13	28.1   
55 	60   	-2290.92	-2061.58	-2055.13	21.8044
56 	60   	-3095.37	-2065.66	-2055.06	68.3105
57 	60   	-2618.85	-2061.78	-2055.06	35.5905
58 	60   	-2524.9 	-2060.14	-2054.43	30.1763
59 	60   	-5059.99	-2066.56	-2053.34	139.432
60 	60   	-2326.08	-2058.4 	-2053.34	18.0532
61 	60   	-2539.78	-2059.03	-2053.34	27.0007
62 	60   	-2499.04	-2059.92	-2053.22	32.8279
63 	60   	-2744.38	-2061.51	-2053.22	48.1998
64 	60   	-3020.69	-2059.7 	-2053.22	48.8508
65 	60   	-2225.03	-2055.75	-2052.52	12.3527
66 	60   	-2577.46	-2058.44	-2052.52	33.1917
67 	60   	-2224.09	-2056.26	-2052.52	16.1444
68 	60   	-2320.3 	-2056.67	-2052.52	18.1852
69 	60   	-2163.99	-2055.57	-2052.13	11.1331
70 	60   	-2916.46	-2057.68	-2052.13	41.7637
71 	60   	-2276.54	-2055.9 	-2052.13	17.6535
72 	60   	-2496.08	-2056.59	-2052.13	28.1702
73 	60   	-2820.1 	-2056.94	-2052.13	38.5889
74 	60   	-2226.8 	-2055.1 	-2052.13	14.9565
75 	60   	-2175.05	-2055.42	-2052.13	14.1735
76 	60   	-2209.05	-2054.13	-2051.51	9.8062 
77 	60   	-2219.93	-2054.97	-2051.51	13.7969
78 	60   	-2299.34	-2055.8 	-2051.34	17.8583
79 	60   	-2198.56	-2053.98	-2049.82	9.92577
80 	60   	-2276.42	-2055.39	-2049.82	17.6904
81 	60   	-2274.39	-2054.97	-2049.82	16.2044
82 	60   	-2464.83	-2054.9 	-2049.82	24.9021
83 	60   	-3355.82	-2063.52	-2049.82	96.0269
84 	60   	-2335.91	-2055.08	-2049.82	23.438 
85 	60   	-2227.69	-2053.75	-2049.82	16.1591
86 	60   	-2528.86	-2054.61	-2049.35	31.9224
87 	60   	-2322.38	-2053.75	-2049.12	21.5956
88 	60   	-2178.21	-2051.59	-2049.12	9.30697
89 	60   	-2239.07	-2053.07	-2048.83	15.3901
90 	60   	-2216.88	-2052.01	-2048.83	12.6443
91 	60   	-2481.56	-2054.45	-2048.43	29.5264
92 	60   	-2475.19	-2055.46	-2048.25	33.5708
93 	60   	-2640.54	-2052.23	-2048.25	27.9048
94 	60   	-2223.99	-2050.75	-2047.6 	10.8115
95 	60   	-2246.83	-2052.22	-2047.6 	15.6303
96 	60   	-4920.19	-2062.31	-2047.44	149.499
97 	60   	-2386.59	-2052.15	-2047.3 	22.1008
98 	60   	-2203.16	-2051.4 	-2046.72	13.6274
99 	60   	-2282.6 	-2050.64	-2046.72	13.899 
gen	depth	min     	avg     	max     	std    
0  	60   	-3768.81	-2481.49	-2166.31	244.668
1  	60   	-3072.39	-2336.22	-2145.45	104.362
2  	60   	-3143.84	-2267.55	-2140.8 	88.0534
3  	60   	-3543.21	-2229.99	-2122.35	95.7151
4  	60   	-2578.03	-2189.78	-2117.79	43.2827
5  	60   	-3182.66	-2171.3 	-2117.78	57.2406
6  	60   	-2551.1 	-2155.59	-2112.3 	34.2296
7  	60   	-2385.1 	-2144.2 	-2112.3 	25.1058
8  	60   	-2836.93	-2139.37	-2104.85	48.4109
9  	60   	-2603.97	-2132.49	-2104.85	43.2245
10 	60   	-2745.29	-2126.16	-2098.77	41.2813
11 	60   	-2512.72	-2121.03	-2095.64	36.9217
12 	60   	-3270.18	-2117.95	-2093.03	61.6965
13 	60   	-3765.19	-2114.93	-2093.03	84.6686
14 	60   	-3853.47	-2110.63	-2091.64	83.1595
15 	60   	-2623.04	-2105.02	-2090.43	35.7693
16 	60   	-2463.95	-2102.18	-2087.4 	30.2757
17 	60   	-2849.06	-2102.28	-2085.5 	47.9447
18 	60   	-3311.53	-2100.4 	-2084.87	59.6589
19 	60   	-2608.86	-2096.39	-2084.86	34.6049
20 	60   	-2348.57	-2092.66	-2081.91	16.656 
21 	60   	-2382.24	-2091.75	-2081.91	18.4672
22 	60   	-2507.77	-2092.63	-2079.03	30.5036
23 	60   	-2613.5 	-2092.17	-2077.53	37.6321
24 	60   	-2419.56	-2089.06	-2076.36	26.0117
25 	60   	-2488.13	-2089.81	-2075.46	34.1676
26 	60   	-2263.86	-2084.75	-2074.18	16.9338
27 	60   	-2776.24	-2084.12	-2073.21	35.6205
28 	60   	-2631.58	-2081.6 	-2072.61	27.4447
29 	60   	-2709.11	-2081.03	-2072.61	33.7709
30 	60   	-2526.4 	-2082.24	-2072.61	38.8949
31 	60   	-6201.5 	-2089.15	-2072.61	196.004
32 	60   	-2172.9 	-2076.42	-2071.79	11.2342
33 	60   	-2570.56	-2079.66	-2070.29	36.9318
34 	60   	-2713.28	-2078.84	-2070.29	39.5629
35 	60   	-2642.85	-2076.62	-2069.86	29.6554
36 	60   	-3372.5 	-2078.83	-2068.06	62.3646
37 	60   	-2283.47	-2074.25	-2067.91	17.483 
38 	60   	-2558.59	-2075.48	-2067.49	35.9024
39 	60   	-2688.77	-2076.85	-2067.49	38.9719
40 	60   	-3165.94	-2076.25	-2067.11	55.0829
41 	60   	-2344.21	-2074.15	-2066.54	24.313 
42 	60   	-2170.35	-2070.84	-2065.84	10.2931
43 	60   	-2352.39	-2072.99	-2065.41	25.6096
44 	60   	-5739.22	-2084.95	-2063.64	181.176
45 	60   	-2593.92	-2073.03	-2062.12	37.3799
46 	60   	-2303.19	-2069.87	-2062.12	20.5993
47 	60   	-2676.52	-2071.98	-2062.12	40.5751
48 	60   	-3453.57	-2071.47	-2062.12	67.2001
49 	60   	-2624.34	-2068.68	-2061.42	33.0006
50 	60   	-2642.47	-2066.54	-2061.42	33.7077
51 	60   	-2167.2 	-2063.98	-2061.07	8.66868
52 	60   	-2786.13	-2068.12	-2060.79	43.9312
53 	60   	-2877.8 	-2067.95	-2060.79	48.8116
54 	60   	-2286.93	-2064.89	-2060.32	17.5563
55 	60   	-3186.99	-2068.39	-2059.74	59.4904
56 	60   	-2280.04	-2065.01	-2059.74	18.5227
57 	60   	-2407.33	-2065.52	-2059.74	24.8771
58 	60   	-2715.51	-2066.31	-2059.74	36.3245
59 	60   	-3757.02	-2068.28	-2059.74	78.3863
60 	60   	-2241.52	-2063.6 	-2058.21	14.4828
61 	60   	-2279.4 	-2063.91	-2057.34	18.0893
62 	60   	-2292.69	-2063.67	-2056.29	19.019 
63 	60   	-2294.3 	-2063.27	-2056.29	18.4836
64 	60   	-2303.58	-2062.08	-2056.29	17.5361
65 	60   	-2934.9 	-2063.4 	-2056.29	45.3608
66 	60   	-2792.55	-2062.78	-2055.82	39.2765
67 	60   	-2174.6 	-2058.79	-2055.72	9.29852
68 	60   	-2134.93	-2058.49	-2055.6 	9.22597
69 	60   	-2288.27	-2059.08	-2055.6 	18.3777
70 	60   	-2615.44	-2061.73	-2055.6 	38.9769
71 	60   	-2359.7 	-2059.89	-2055.02	21.3474
72 	60   	-2345.94	-2059.58	-2055.02	21.866 
73 	60   	-3296.45	-2062.27	-2054.95	69.3485
74 	60   	-5295.75	-2068.64	-2054.95	154.696
75 	60   	-2669.83	-2060.35	-2054.82	34.0745
76 	60   	-2195.29	-2057.85	-2054.55	12.9236
77 	60   	-2181.51	-2057.05	-2054   	10.3018
78 	60   	-2506.89	-2058.65	-2054   	24.4828
79 	60   	-2185.02	-2057.84	-2054   	12.7645
80 	60   	-2147.67	-2056.46	-2054   	7.8996 
81 	60   	-2383.2 	-2058.2 	-2053.95	21.1181
82 	60   	-2126.42	-2055.81	-2053.95	7.83648
83 	60   	-2277.07	-2057.82	-2053.3 	19.6541
84 	60   	-2231.33	-2057.15	-2053.3 	16.7838
85 	60   	-2179.32	-2056.44	-2053.3 	11.2604
86 	60   	-2289.57	-2057.28	-2053.22	21.7714
87 	60   	-2341.69	-2057.47	-2052.89	20.2693
88 	60   	-2247.44	-2057.41	-2051.9 	17.2992
89 	60   	-2197.2 	-2056.44	-2051.9 	14.6116
90 	60   	-3261.59	-2059.23	-2051.5 	57.3442
91 	60   	-2164.66	-2055.04	-2051.5 	9.68836
92 	60   	-2272.15	-2055.09	-2050.8 	14.4445
93 	60   	-2469.02	-2055.39	-2050.58	24.1981
94 	60   	-2459.96	-2054.89	-2050.58	23.9345
95 	60   	-9272.24	-2074.09	-2049.28	334.056
96 	60   	-2134.45	-2052.71	-2049.15	7.24571
97 	60   	-2478.99	-2053.63	-2048.58	22.0592
98 	60   	-2481.26	-2054.57	-2048.58	25.4901
99 	60   	-2158.67	-2052.03	-2047.78	9.49755
gen	depth	min     	avg     	max     	std    
0  	60   	-5512.32	-2479.12	-2166.1 	277.714
1  	60   	-8570.88	-2362.32	-2166.1 	312.916
2  	60   	-6278.51	-2292.6 	-2163.92	206.165
3  	60   	-2624.48	-2245.62	-2156.86	54.0789
4  	60   	-4035   	-2227.4 	-2145.26	115.462
5  	60   	-3109.79	-2202.47	-2138.53	70.347 
6  	60   	-3225.44	-2183.22	-2136.21	57.2099
7  	60   	-6678.31	-2182.3 	-2128.43	209.834
8  	60   	-2464.33	-2158.35	-2123.72	24.4753
9  	60   	-2897.55	-2158.06	-2117.69	67.1108
10 	60   	-2535.77	-2145.99	-2113.51	31.8974
11 	60   	-2750.82	-2141.86	-2112.28	47.1198
12 	60   	-3466.25	-2136.68	-2105.58	69.7322
13 	60   	-2405.43	-2128.74	-2097.85	25.2512
14 	60   	-2648.41	-2126.01	-2096.72	37.8476
15 	60   	-2750.83	-2121.42	-2094.67	45.0163
16 	60   	-2942.45	-2119.81	-2092.89	59.9419
17 	60   	-2556.66	-2111.34	-2090.35	30.3851
18 	60   	-2413.47	-2107.72	-2085.02	24.8183
19 	60   	-3637.64	-2109.56	-2084.32	96.7261
20 	60   	-2896.78	-2103.04	-2082.5 	59.6761
21 	60   	-2591.8 	-2096.36	-2082.37	32.0798
22 	60   	-2290.4 	-2092.39	-2080.51	17.0943
23 	60   	-6875.91	-2101.98	-2079.32	215.669
24 	60   	-6326.88	-2097.33	-2078.88	190.426
25 	60   	-2897.99	-2091.01	-2078.68	50.7176
26 	60   	-4769.98	-2094.28	-2077.05	127.487
27 	60   	-2482.75	-2084.54	-2074.77	22.0001
28 	60   	-2598.97	-2083.54	-2070.61	26.1019
29 	60   	-2330.66	-2083.4 	-2070.61	20.9018
30 	60   	-2788.73	-2084.21	-2069.99	44.3818
31 	60   	-2205.03	-2078.98	-2069.35	14.1935
32 	60   	-2737.49	-2081.43	-2068.84	42.9003
33 	60   	-2296.69	-2076.56	-2068.02	16.6303
34 	60   	-2357.12	-2075   	-2066.4 	18.9273
35 	60   	-2553.17	-2076.19	-2063.43	29.9386
36 	60   	-2349.34	-2073.04	-2063.27	20.2392
37 	60   	-3757.17	-2078.53	-2061.84	83.8664
38 	60   	-2512.53	-2071.33	-2061.84	28.0229
39 	60   	-2403.11	-2071.17	-2061.84	25.7181
40 	60   	-2229.51	-2068.3 	-2060.99	15.0749
41 	60   	-2533.89	-2067.52	-2060.99	26.7941
42 	60   	-3134.1 	-2070.4 	-2059.28	66.7816
43 	60   	-2865.83	-2068.08	-2058.8 	41.8357
44 	60   	-3125.9 	-2068.97	-2058.1 	61.6465
45 	60   	-2851.54	-2067.03	-2057.93	42.0079
46 	60   	-2254.33	-2062.81	-2057.06	12.6803
47 	60   	-2369.39	-2062.99	-2057.06	23.3825
48 	60   	-2825.68	-2063.63	-2055.31	38.6108
49 	60   	-2282.57	-2062.57	-2055.31	20.7355
50 	60   	-2295.98	-2060.57	-2053.91	13.8809
51 	60   	-2397.47	-2061.79	-2053.64	24.9469
52 	60   	-2188.28	-2060.09	-2053.64	12.7421
53 	60   	-2222.51	-2059.01	-2053.64	12.2179
54 	60   	-2870.31	-2061.02	-2053.21	42.4048
55 	60   	-2165.74	-2057.66	-2053.21	10.6001
56 	60   	-2387.48	-2059.7 	-2053.21	27.6208
57 	60   	-2226.22	-2056.08	-2053.21	11.4012
58 	60   	-3047.07	-2059.98	-2052.76	50.7556
59 	60   	-2988.65	-2059.44	-2052.76	53.6371
60 	60   	-2717.19	-2057.16	-2052.76	32.9765
61 	60   	-2453.2 	-2058.55	-2052.76	33.7959
62 	60   	-2617.01	-2057.69	-2052.36	34.5637
63 	60   	-2168.47	-2055.09	-2052.36	10.0776
64 	60   	-2283.62	-2056.11	-2052.36	20.9282
65 	60   	-2162.87	-2055.05	-2051.57	10.573 
66 	60   	-2243.29	-2055.69	-2051.57	16.0861
67 	60   	-2203.33	-2055.16	-2051.57	12.3261
68 	60   	-3810.8 	-2059.06	-2051.57	81.6346
69 	60   	-2418.92	-2057.2 	-2051.54	26.9965
70 	60   	-2841.97	-2056.14	-2051.54	37.1646
71 	60   	-2455.61	-2056.74	-2050.88	28.4208
72 	60   	-2260.3 	-2054.4 	-2050.88	12.8402
73 	60   	-2424.15	-2056.23	-2050.87	24.8747
74 	60   	-2277   	-2056.57	-2050.87	22.0917
75 	60   	-2662.65	-2057.18	-2050.73	40.4857
76 	60   	-3212.23	-2059.14	-2050.73	72.446 
77 	60   	-2278.86	-2054.15	-2050.73	18.1239
78 	60   	-2776.31	-2057.47	-2050.18	46.1513
79 	60   	-2369.35	-2054.04	-2050.18	19.651 
80 	60   	-2138.84	-2052.68	-2050.18	8.1672 
81 	60   	-2177.04	-2052.18	-2050.18	8.80565
82 	60   	-2402.1 	-2055.31	-2050.09	25.0696
83 	60   	-5670.78	-2060.17	-2050.09	162.023
84 	60   	-2231.35	-2053.04	-2049.55	14.7248
85 	60   	-2438.18	-2053.78	-2049.48	25.2005
86 	60   	-2693.21	-2055.23	-2049.44	34.6263
87 	60   	-2674.69	-2053.98	-2048.72	30.8288
88 	60   	-2485.15	-2054.78	-2048.72	34.277 
89 	60   	-2508.93	-2053.34	-2048.02	24.9221
90 	60   	-2118.75	-2051.01	-2047.56	7.41867
91 	60   	-2652.77	-2053.61	-2047.56	32.9503
92 	60   	-2209.75	-2051.01	-2047.56	11.5467
93 	60   	-2250.26	-2050.36	-2046.98	13.2542
94 	60   	-2317.11	-2051.06	-2046.39	16.7349
95 	60   	-2708.95	-2051.13	-2046.39	31.0211
96 	60   	-3682.12	-2055.56	-2046.39	78.3248
97 	60   	-2226.11	-2049.07	-2046.05	11.0937
98 	60   	-2200.35	-2049.51	-2045.98	13.265 
99 	60   	-2306.4 	-2050.49	-2045.85	22.0586
