gen	depth	min     	avg     	max     	std    
0  	100  	-24995.5	-5794.36	-3367.37	1953.53
1  	100  	-10072.5	-4652.26	-3367.37	832.846
2  	100  	-9188.63	-4161.48	-3204.41	582.239
3  	100  	-12482.8	-3861.95	-3110.2 	577.875
4  	100  	-47583.7	-3845.58	-2905.41	2633.83
5  	100  	-16384.3	-3496.62	-2905.41	703.154
6  	100  	-5632.35	-3326.6 	-2769.99	260.644
7  	100  	-27747.5	-3293.12	-2769.99	1262.16
8  	100  	-6758.05	-3143.27	-2769.99	317.3  
9  	100  	-9581.38	-3090.3 	-2747.02	450.995
10 	100  	-5125.89	-2999.88	-2709.18	231.473
11 	100  	-4930.98	-2939.49	-2626.12	220.104
12 	100  	-10626.7	-2888.59	-2626.12	382.903
13 	100  	-12158  	-2857.01	-2589.19	513.896
14 	100  	-17936.1	-2854.63	-2572.16	808.854
15 	100  	-8213.62	-2774.42	-2572.16	404.706
16 	100  	-9606.1 	-2714.01	-2532.01	416.562
17 	100  	-4424.32	-2663.07	-2505.35	178.569
18 	100  	-5405.4 	-2641.34	-2505.35	235.785
19 	100  	-4798.72	-2607.76	-2474.51	180.338
20 	100  	-10924.5	-2643.36	-2467.14	579.738
21 	100  	-5611.23	-2580.35	-2456.1 	240.523
22 	100  	-21454  	-2584.62	-2447.8 	864.03 
23 	100  	-5597.44	-2546.52	-2428.68	283.421
24 	100  	-6870.85	-2519.35	-2427.21	297.107
25 	100  	-23616.7	-2588.79	-2403.6 	1137.31
26 	100  	-4504.34	-2482.9 	-2393.47	149.183
27 	100  	-4006.74	-2462.71	-2393.47	129.815
28 	100  	-24071.1	-2576.93	-2378.44	1315.87
29 	100  	-4565.63	-2445.36	-2356.53	157.608
30 	100  	-4716.51	-2460.16	-2355.83	218.593
31 	100  	-3914.31	-2425.68	-2350.77	153.115
32 	100  	-25129.1	-2482.69	-2350.6 	1228.3 
33 	100  	-7847.11	-2444.34	-2333.39	438.163
34 	100  	-9040.2 	-2416.53	-2313.08	365.928
35 	100  	-5745.54	-2405.49	-2309.43	255.259
36 	100  	-6584.72	-2378.38	-2303.26	229.163
37 	100  	-14772.3	-2413.37	-2301.77	638.203
38 	100  	-4483.15	-2356.37	-2293.72	147.033
39 	100  	-7610.02	-2363.28	-2289.7 	315.313
40 	100  	-10381.2	-2379.72	-2270.26	485.746
41 	100  	-3949.69	-2347.59	-2270.06	177.491
42 	100  	-6523.22	-2352.07	-2266.96	329.859
43 	100  	-36471.2	-2440.07	-2263.86	1883.47
44 	100  	-4991.58	-2323.24	-2256.97	194.007
45 	100  	-5080.01	-2341.68	-2255.11	271.51 
46 	100  	-6224.66	-2317.22	-2253.84	252.97 
47 	100  	-4268.24	-2307.36	-2245.28	193.504
48 	100  	-6039.39	-2307.95	-2239.78	254.63 
49 	100  	-6774.79	-2301.73	-2238.65	260.996
50 	100  	-4494.75	-2291.69	-2228.44	193.028
51 	100  	-10943.6	-2298.83	-2223.31	425.502
52 	100  	-3730.07	-2279.38	-2222.66	156.108
53 	100  	-7033.89	-2279.04	-2214.46	262.77 
54 	100  	-5355.47	-2259.32	-2212.78	185.892
55 	100  	-4540.41	-2254   	-2209.59	153.011
56 	100  	-8352.02	-2259.26	-2197.88	315.739
57 	100  	-12401.3	-2267.51	-2189.4 	481.068
58 	100  	-57053.7	-2494.26	-2187.76	3451.45
59 	100  	-5486.12	-2261.99	-2182.79	282.19 
60 	100  	-3701.6 	-2233.46	-2178.24	130.328
61 	100  	-5389.21	-2230.7 	-2176.38	189.8  
62 	100  	-3798.49	-2208.23	-2174.55	110.423
63 	100  	-4079.28	-2208.54	-2172.49	119.548
64 	100  	-9220.65	-2235.16	-2172.46	385.718
65 	100  	-6972.33	-2228.09	-2170.55	304.742
66 	100  	-11275.4	-2244.92	-2168.07	546.979
67 	100  	-5090.77	-2206.29	-2167.22	177.968
68 	100  	-6449.04	-2221.14	-2158   	271.963
69 	100  	-2933.11	-2188.95	-2157.53	80.972 
70 	100  	-6304.74	-2198.35	-2152.31	217.88 
71 	100  	-3723.12	-2186.42	-2152.31	105.509
72 	100  	-4940.49	-2201.21	-2151.84	202.401
73 	100  	-2903.76	-2179.98	-2150.79	84.8418
74 	100  	-3841.25	-2177.75	-2146.95	115.623
75 	100  	-4373.58	-2181.9 	-2143.5 	183.656
76 	100  	-7456.42	-2188.53	-2141.41	297.721
77 	100  	-19588.4	-2220.64	-2139.19	802.201
78 	100  	-7389.38	-2192.05	-2136.26	340.257
79 	100  	-3451.88	-2169.61	-2132.28	124.481
80 	100  	-3202.77	-2168.71	-2128.12	103.508
81 	100  	-7081.02	-2178.26	-2125.04	259.044
82 	100  	-10645.3	-2206.39	-2125.04	543.475
83 	100  	-24274.8	-2267.05	-2120.61	1394.73
84 	100  	-3932.58	-2157.33	-2119   	138.619
85 	100  	-5251.91	-2170.98	-2117.79	212.316
86 	100  	-5632.38	-2162.35	-2114.14	222.304
87 	100  	-4580.3 	-2158.32	-2112.4 	183.68 
88 	100  	-4784.34	-2172.71	-2111.61	245.878
89 	100  	-7395.24	-2157.63	-2109.49	309.591
90 	100  	-13006  	-2188.07	-2109.49	610.972
91 	100  	-11175.8	-2161.24	-2108.79	432.882
92 	100  	-3896.08	-2154.28	-2108.01	188.408
93 	100  	-9093.39	-2176.72	-2107.61	389.74 
94 	100  	-10857.3	-2174.84	-2106.67	479.803
95 	100  	-3230.39	-2134.12	-2105.58	97.9249
96 	100  	-7310.95	-2137.74	-2105.58	253.942
97 	100  	-6207.96	-2160.84	-2104.86	317.779
98 	100  	-6928.06	-2169.72	-2103.74	337.28 
99 	100  	-8217.63	-2158.3 	-2103.18	374.293
gen	depth	min     	avg     	max     	std    
0  	100  	-41924.5	-6075.85	-3560.94	3077.6 
1  	100  	-8147.22	-4742.62	-3539.19	701.595
2  	100  	-35160.3	-4307.38	-3250.67	1458.46
3  	100  	-22502.7	-4021.2 	-3250.67	946.107
4  	100  	-15053.5	-3809.93	-3186.16	716.301
5  	100  	-15743  	-3611.59	-3103.4 	665.647
6  	100  	-46110  	-3606.6 	-3072.74	2631.41
7  	100  	-30384.9	-3519.01	-2836.86	1845.6 
8  	100  	-18097.9	-3272.56	-2749.3 	737.838
9  	100  	-6617.21	-3146.92	-2749.3 	231.951
10 	100  	-7019.1 	-3082.57	-2746.42	275.009
11 	100  	-8881.37	-3032.96	-2716.7 	403.068
12 	100  	-10486.4	-2975.67	-2685.66	486.932
13 	100  	-9305.87	-2909.54	-2670.78	374.595
14 	100  	-20189.7	-2930.64	-2625.37	1136.71
15 	100  	-6094.56	-2806.4 	-2593.2 	281.472
16 	100  	-9050.62	-2778.79	-2578.25	362.341
17 	100  	-24074.4	-2855.12	-2566.9 	1196.44
18 	100  	-4693.37	-2719.36	-2547.64	237.437
19 	100  	-8344.07	-2681.52	-2515.3 	353.471
20 	100  	-8691.02	-2683.49	-2510.72	451.499
21 	100  	-23110.3	-2699.65	-2498.86	1201.61
22 	100  	-6956.72	-2626.76	-2487.39	316.412
23 	100  	-17239.6	-2646.77	-2476.69	788.172
24 	100  	-6915.88	-2575.92	-2469.63	277.806
25 	100  	-7677.74	-2564.89	-2448.64	301.966
26 	100  	-12897.4	-2551.58	-2438.09	492.552
27 	100  	-10835.4	-2567.61	-2424.18	544.152
28 	100  	-6348.18	-2522.2 	-2403.81	297.735
29 	100  	-7205.48	-2501.24	-2395.73	307.028
30 	100  	-12529.5	-2517.49	-2385.36	619.274
31 	100  	-6633.43	-2473.97	-2377.28	253.279
32 	100  	-6870.46	-2463.72	-2376.77	272.119
33 	100  	-7050.64	-2466.44	-2370.99	321.257
34 	100  	-18150.6	-2528.28	-2367.37	936.117
35 	100  	-7031.39	-2441.03	-2354   	347.674
36 	100  	-15456.9	-2504   	-2339.53	856.07 
37 	100  	-15095  	-2450.05	-2339.53	633.513
38 	100  	-19012.9	-2479.26	-2337.79	885.882
39 	100  	-5576.43	-2402.51	-2333.44	224.872
40 	100  	-7190.65	-2407.61	-2329.79	320.719
41 	100  	-8115.18	-2392.09	-2321.21	291.829
42 	100  	-4191.4 	-2385.77	-2311.74	188.723
43 	100  	-5444.24	-2389.67	-2311   	277.397
44 	100  	-5032.09	-2363.61	-2311   	166.132
45 	100  	-6247.97	-2358.46	-2307.14	226.278
46 	100  	-22468.9	-2415.11	-2307.14	953.983
47 	100  	-7097.04	-2382.83	-2303.36	352.178
48 	100  	-15166.9	-2400.26	-2300.01	703.899
49 	100  	-4219.37	-2355.34	-2292.09	185.359
50 	100  	-11643.3	-2372.42	-2292.09	451.223
51 	100  	-7760.93	-2381.21	-2287.32	413.439
52 	100  	-5146.82	-2353.37	-2285.62	258.115
53 	100  	-8030.07	-2366.43	-2285.62	403.615
54 	100  	-4149.33	-2326.62	-2284.91	135.659
55 	100  	-7715.44	-2335.71	-2284.27	279.942
56 	100  	-6381.15	-2334.4 	-2278.96	257.246
57 	100  	-16760.1	-2370.14	-2278.96	732.37 
58 	100  	-5301.5 	-2312.18	-2278.26	169.371
59 	100  	-4392.68	-2327.16	-2276.26	192.672
60 	100  	-5700.01	-2334.74	-2274.02	271.325
61 	100  	-8073.36	-2347.56	-2272.52	399.789
62 	100  	-5215.8 	-2321.56	-2272.52	243.332
63 	100  	-5842.64	-2342.96	-2272.13	322.166
64 	100  	-4745.67	-2307.06	-2270.93	172.145
65 	100  	-9071.43	-2351.29	-2270.67	512.769
66 	100  	-4709.65	-2319.61	-2268.33	221.763
67 	100  	-8450.15	-2333.31	-2268.28	375.038
68 	100  	-3810.81	-2307.84	-2267.06	156.073
69 	100  	-5031.83	-2314.03	-2258.89	235.103
70 	100  	-3477.34	-2296.55	-2255.27	123.669
71 	100  	-7915.5 	-2331.68	-2252.87	376.618
72 	100  	-6582.14	-2319.2 	-2251.61	302.225
73 	100  	-8645.82	-2336.53	-2251.61	422.929
74 	100  	-5788.8 	-2320.77	-2248.42	254.906
75 	100  	-6252.73	-2326.91	-2248.42	358.694
76 	100  	-5575.44	-2294.81	-2248.42	236.577
77 	100  	-6935.15	-2293.74	-2248.42	253.521
78 	100  	-3815.88	-2271.01	-2232.07	102.819
79 	100  	-5357.72	-2283.44	-2226.69	200.112
80 	100  	-6709.18	-2306.85	-2226.69	309.931
81 	100  	-11528.3	-2311.81	-2226.69	465.752
82 	100  	-5811.5 	-2287.51	-2224.84	242.547
83 	100  	-4205.81	-2264.08	-2209.71	136.472
84 	100  	-5041.07	-2269.44	-2200.33	206.35 
85 	100  	-6115.18	-2269.74	-2200.33	273.769
86 	100  	-3905.54	-2254.17	-2198.87	132.195
87 	100  	-3495.55	-2257.31	-2196.02	166.693
88 	100  	-4548.73	-2256.29	-2192.76	214.113
89 	100  	-6811.5 	-2259.42	-2186.21	354.006
90 	100  	-5211.9 	-2241.35	-2183.86	227.417
91 	100  	-6243.42	-2236.75	-2182.91	298.404
92 	100  	-4855.43	-2233.21	-2169.92	227.682
93 	100  	-16668.2	-2277.3 	-2169.92	728.06 
94 	100  	-8574.55	-2231.16	-2168.82	340.658
95 	100  	-5646.39	-2230.03	-2165.62	279.013
96 	100  	-6675.77	-2243.97	-2165.62	382.655
97 	100  	-10655.6	-2232.67	-2165.52	518.427
98 	100  	-7032.45	-2227.58	-2164.41	306.627
99 	100  	-4328.33	-2195.03	-2162.27	144.82 
gen	depth	min     	avg     	max     	std    
0  	100  	-21420  	-5671.05	-3502.93	1816.31
1  	100  	-8760.61	-4531.17	-3210.59	689.497
2  	100  	-36365.6	-4151.77	-3091.8 	1580.03
3  	100  	-11813.3	-3828.31	-3021.28	768.462
4  	100  	-16500  	-3620.07	-2981.26	715.781
5  	100  	-14645.9	-3470.88	-2981.26	737.646
6  	100  	-10609.5	-3304.71	-2919.84	416.921
7  	100  	-15261.7	-3204.37	-2858.83	616.863
8  	100  	-5023.79	-3093.73	-2845.5 	181.081
9  	100  	-9917.22	-3124.01	-2813.08	606.655
10 	100  	-17331.6	-3062.18	-2761.14	948.622
11 	100  	-11234.3	-2989.97	-2746.53	607.556
12 	100  	-14299.6	-2950.79	-2714.08	610.258
13 	100  	-7277.12	-2858.58	-2679.14	266.621
14 	100  	-18302.8	-2923.96	-2618.41	955.541
15 	100  	-6024.46	-2809.52	-2592.19	259.74 
16 	100  	-10266.3	-2805.58	-2571.32	559.868
17 	100  	-16103.5	-2759.23	-2546.08	660.221
18 	100  	-5922.98	-2703.75	-2488.71	314.419
19 	100  	-4378.08	-2637.62	-2482.54	152.52 
20 	100  	-12200  	-2690.18	-2481.61	756.105
21 	100  	-9832.27	-2617.95	-2454.65	489.039
22 	100  	-5000.02	-2563.43	-2440.95	219.148
23 	100  	-5773.5 	-2538.86	-2408.77	222.273
24 	100  	-7949.24	-2518.44	-2395.16	296.704
25 	100  	-5486.09	-2497.67	-2391.17	214.469
26 	100  	-6799.09	-2478.61	-2391.17	285.137
27 	100  	-10516  	-2474.23	-2383.74	408.504
28 	100  	-7618.06	-2472.42	-2371.49	384.051
29 	100  	-4696.57	-2430.28	-2362.54	168.568
30 	100  	-12557.5	-2455.55	-2355.4 	503.537
31 	100  	-4866.12	-2434.71	-2353.11	236.095
32 	100  	-6361.29	-2419   	-2342.77	237.35 
33 	100  	-10122.4	-2430.33	-2329.38	420.944
34 	100  	-3620.8 	-2401.2 	-2327.31	159.763
35 	100  	-5590.75	-2397.94	-2319.72	279.356
36 	100  	-20169.5	-2457.14	-2308.28	974.429
37 	100  	-5543.93	-2392.51	-2303.23	260.331
38 	100  	-8069.71	-2382.62	-2303.23	331.333
39 	100  	-5438.6 	-2352.99	-2301.6 	188.595
40 	100  	-11679.4	-2399.38	-2281.19	652.077
41 	100  	-3703.54	-2342.5 	-2281.19	142.557
42 	100  	-12614.4	-2376.04	-2276.3 	568.127
43 	100  	-4089.25	-2335.22	-2275.97	163.41 
44 	100  	-6370.71	-2354.85	-2275.97	347.723
45 	100  	-7346.95	-2327.7 	-2274.35	293.356
46 	100  	-4270.72	-2317.79	-2271.47	178.781
47 	100  	-9302.73	-2366.68	-2269.96	502.728
48 	100  	-4874.28	-2323.55	-2269.16	214.946
49 	100  	-3753.38	-2312.11	-2267.61	164.664
50 	100  	-15874.3	-2384.79	-2264.17	798.56 
51 	100  	-4887.13	-2317.84	-2264.17	216.286
52 	100  	-5777.22	-2316.96	-2262.55	260.419
53 	100  	-5201.58	-2316.92	-2262.55	275.37 
54 	100  	-5296.18	-2303.52	-2262.55	199.332
55 	100  	-9650.67	-2349.89	-2249.57	485.294
56 	100  	-4118.54	-2312.79	-2249.57	198.232
57 	100  	-14254.2	-2364.07	-2248.61	832.908
58 	100  	-4303.48	-2289.15	-2248.61	141.951
59 	100  	-11639.7	-2319.63	-2245.73	474.933
60 	100  	-3549.9 	-2282.53	-2238.44	127.621
61 	100  	-5930.55	-2294.7 	-2234.91	239.612
62 	100  	-15477.9	-2327.51	-2233.38	708.146
63 	100  	-3521.31	-2273.96	-2230.82	121.41 
64 	100  	-5642.13	-2295.51	-2230.82	264.881
65 	100  	-5935.72	-2282.2 	-2228.84	251.694
66 	100  	-22296  	-2341.18	-2228.02	1178.2 
67 	100  	-4855.54	-2268.07	-2224.8 	184.436
68 	100  	-5507.4 	-2295.08	-2224.8 	272.134
69 	100  	-8318   	-2298.82	-2224.8 	439.258
70 	100  	-6876.71	-2269.09	-2216.65	283.189
71 	100  	-10057.7	-2301.48	-2208.74	453.298
72 	100  	-7359.65	-2280.59	-2206.13	318.658
73 	100  	-4497.63	-2257.04	-2202.25	161.851
74 	100  	-10839.9	-2299.75	-2202.25	566.862
75 	100  	-4047.65	-2254.81	-2200.57	172.029
76 	100  	-16498.2	-2267.61	-2191.92	644.829
77 	100  	-5393.13	-2255.39	-2188.32	237.216
78 	100  	-5263.69	-2228.7 	-2184.85	157.117
79 	100  	-5285.31	-2248.02	-2184.85	251.061
80 	100  	-14653.4	-2272.63	-2184.85	644.26 
81 	100  	-10417.2	-2245.93	-2183.46	405.047
82 	100  	-5278.73	-2241.05	-2182.35	241.264
83 	100  	-5789.9 	-2255.84	-2181.53	338.603
84 	100  	-4460.95	-2227.26	-2180.34	219.968
85 	100  	-3512.48	-2211.8 	-2177.37	123.395
86 	100  	-10627.8	-2240.32	-2177.37	428.409
87 	100  	-9298.46	-2249.11	-2172.32	480.666
88 	100  	-7730.71	-2244.57	-2166.34	329.687
89 	100  	-4643.04	-2205.92	-2163.2 	169.111
90 	100  	-6317.88	-2230.43	-2160.71	329.882
91 	100  	-25916.7	-2349.82	-2160.71	1399.69
92 	100  	-4209.33	-2198.34	-2154.54	146.041
93 	100  	-7865.24	-2238.36	-2146.15	393.433
94 	100  	-4451.55	-2183.49	-2145.45	130.701
95 	100  	-4290.62	-2207.44	-2142.44	207.022
96 	100  	-3662.74	-2180.67	-2141.61	132.331
97 	100  	-4223.56	-2177.39	-2137.07	160.654
98 	100  	-11915.1	-2188.71	-2124.11	449.371
99 	100  	-6376.9 	-2206.22	-2121.41	327.233
gen	depth	min     	avg     	max     	std    
0  	100  	-125553 	-6009.57	-3463.83	5668.22
1  	100  	-40585.6	-4762.88	-3272.51	1871.17
2  	100  	-19363.4	-4200.21	-3126.27	980.736
3  	100  	-10952.2	-3783.41	-3035.89	534.417
4  	100  	-9823.55	-3566.61	-2981.71	478.74 
5  	100  	-7999.67	-3393.61	-2946.12	457.134
6  	100  	-14673.3	-3293.72	-2835.95	783.163
7  	100  	-18062.8	-3182.85	-2773.45	837.077
8  	100  	-13887  	-3111.32	-2759.97	684.359
9  	100  	-6602.01	-2999.07	-2702.86	290.847
10 	100  	-9824.57	-3038.69	-2673.65	683.545
11 	100  	-4661.42	-2876.85	-2616.02	201.7  
12 	100  	-17032.5	-2877.84	-2573.71	740.335
13 	100  	-23810.1	-2830.14	-2553.55	1120.05
14 	100  	-100936 	-3006.93	-2532.16	4429.63
15 	100  	-6482.93	-2719.63	-2530.89	299.716
16 	100  	-17086.4	-2718.8 	-2500.61	737.638
17 	100  	-6011.67	-2664.13	-2453.7 	351.823
18 	100  	-34297.6	-2704.11	-2425.47	1512.44
19 	100  	-6597.29	-2593.76	-2424.82	288.833
20 	100  	-6458.56	-2576.04	-2396.86	326.261
21 	100  	-15696.8	-2590.35	-2386.41	786.165
22 	100  	-16461.8	-2576.44	-2375.12	824.961
23 	100  	-5526.51	-2495.6 	-2334.28	254.521
24 	100  	-5744.96	-2475.17	-2326.37	282.195
25 	100  	-6666.9 	-2468.07	-2301.16	298.274
26 	100  	-7205.33	-2439.62	-2300.85	295.968
27 	100  	-18526.4	-2511.29	-2300.85	1022.46
28 	100  	-4931.19	-2386.29	-2288.24	177.384
29 	100  	-7765.9 	-2403.12	-2276.53	396.748
30 	100  	-6173.41	-2358.62	-2272.9 	235.013
31 	100  	-12099.2	-2370.3 	-2253.76	495.866
32 	100  	-8242.25	-2384.73	-2253.33	488.627
33 	100  	-4911.16	-2324.89	-2253.33	176.023
34 	100  	-4983.34	-2316.76	-2243.39	212.25 
35 	100  	-4738.96	-2311.86	-2231.51	197.966
36 	100  	-3940.82	-2301.18	-2227.04	173.535
37 	100  	-4983.97	-2293.08	-2224.53	193.77 
38 	100  	-9067.84	-2307.55	-2221.4 	432.871
39 	100  	-3830.47	-2266.78	-2217.52	127.867
40 	100  	-3841.78	-2271.02	-2212.17	150.889
41 	100  	-4872.1 	-2278.84	-2207.32	231.634
42 	100  	-4993.88	-2279.34	-2203.71	294.171
43 	100  	-10234.6	-2302.59	-2201.77	529.112
44 	100  	-4658.98	-2246.45	-2200.58	195.554
45 	100  	-14771.5	-2325.89	-2192.09	856.584
46 	100  	-10318.8	-2267.76	-2191.49	430.747
47 	100  	-4173.82	-2234.59	-2191.49	177.662
48 	100  	-10178  	-2272.76	-2189.69	548.821
49 	100  	-4107.77	-2228.82	-2189.17	173.952
50 	100  	-7846.49	-2256.47	-2188.35	401.821
51 	100  	-6959.32	-2270.57	-2185.87	412.125
52 	100  	-7482.82	-2238.25	-2185.87	290.4  
53 	100  	-5463.49	-2225.71	-2182.13	218.705
54 	100  	-7808.5 	-2245.73	-2182.13	347.358
55 	100  	-8829.67	-2227.25	-2180.21	322.165
56 	100  	-3645.41	-2224.78	-2179.16	136.197
57 	100  	-7278.57	-2255.38	-2179.16	392.723
58 	100  	-4313.19	-2210.01	-2178.46	138.186
59 	100  	-8934.43	-2256.93	-2174.9 	452.244
60 	100  	-5982.3 	-2237.8 	-2173.5 	288.645
61 	100  	-5825.72	-2221.6 	-2173.5 	234.637
62 	100  	-9159.95	-2231.79	-2172.8 	371.185
63 	100  	-6155.98	-2224.73	-2172.8 	277.095
64 	100  	-12449.9	-2247.9 	-2172.8 	659.513
65 	100  	-4369.87	-2207.25	-2172.8 	168.539
66 	100  	-5083.25	-2207.93	-2172.8 	225.238
67 	100  	-34445.1	-2279.84	-2172.8 	1456.45
68 	100  	-5999.28	-2234.47	-2172.8 	337.142
69 	100  	-10170  	-2245.73	-2172.8 	506.646
70 	100  	-4033.01	-2200.54	-2172.8 	140.044
71 	100  	-6199   	-2226.5 	-2172.8 	291.179
72 	100  	-4729.95	-2197.41	-2172.8 	151.899
73 	100  	-6223.26	-2208.06	-2172.11	228.169
74 	100  	-20237.8	-2262.79	-2171.28	864.337
75 	100  	-4519.2 	-2211.81	-2165.8 	205.677
76 	100  	-19073.1	-2256.86	-2165.56	847.728
77 	100  	-6694.58	-2218.06	-2165.5 	317.588
78 	100  	-4439.48	-2211.14	-2164.04	208.239
79 	100  	-3655.94	-2198.54	-2162.88	129.707
80 	100  	-5747.9 	-2211.73	-2162.18	236.056
81 	100  	-4734.71	-2206.39	-2162.18	210.104
82 	100  	-12410.9	-2274.7 	-2161.11	757.85 
83 	100  	-4338.88	-2203.43	-2160.41	203.132
84 	100  	-7349.11	-2216.88	-2160.41	330.294
85 	100  	-6052.66	-2195.43	-2160.41	203.293
86 	100  	-4707.9 	-2204.04	-2158.2 	201.673
87 	100  	-7137.08	-2207.64	-2158.2 	289.625
88 	100  	-4703.99	-2195.61	-2158.2 	180.378
89 	100  	-4280.27	-2193.97	-2158.2 	163.971
90 	100  	-5463.75	-2208.73	-2158.2 	257.388
91 	100  	-7189.56	-2210.47	-2158.2 	312.553
92 	100  	-6066.17	-2210.71	-2158.2 	297.766
93 	100  	-7547.52	-2206.3 	-2158.2 	359.44 
94 	100  	-12747  	-2213.06	-2158.2 	514.357
95 	100  	-5163.77	-2185.16	-2158.2 	176.278
96 	100  	-3577.9 	-2188.17	-2158.2 	129.088
97 	100  	-8705.57	-2212.03	-2158.2 	349.203
98 	100  	-5609.84	-2208.43	-2158.2 	265.25 
99 	100  	-4195.62	-2188.27	-2158.2 	151.714
gen	depth	min     	avg     	max     	std    
0  	100  	-32936.3	-5964.3 	-3340.35	2581.89
1  	100  	-9247.12	-4647.75	-3340.35	798.684
2  	100  	-26855.3	-4223.69	-3217.15	1459.45
3  	100  	-29682.9	-3983.32	-2989.01	1702.62
4  	100  	-7821.08	-3647   	-2976.29	422.381
5  	100  	-10120  	-3498.95	-2892.49	527.055
6  	100  	-16103.9	-3460.98	-2887.47	1028.94
7  	100  	-6542.81	-3249.15	-2837.46	337.517
8  	100  	-36351.9	-3238.65	-2797.74	1594.98
9  	100  	-8168.62	-3055.78	-2788.38	357.722
10 	100  	-12224.8	-3047.17	-2695.59	684.412
11 	100  	-9173.72	-2976.19	-2676.78	597.963
12 	100  	-7512.95	-2897.57	-2636.63	378.559
13 	100  	-6866.03	-2838.46	-2605.12	302.655
14 	100  	-11391.3	-2803.67	-2566.42	447.685
15 	100  	-6571.14	-2779.14	-2566.42	374.108
16 	100  	-5855.74	-2734.23	-2505.93	315.761
17 	100  	-5454.88	-2684.97	-2505.93	254.13 
18 	100  	-6062.09	-2679.23	-2491.28	346.04 
19 	100  	-4109.26	-2609.38	-2487.62	126.733
20 	100  	-45112.8	-2736.5 	-2468.75	2056.34
21 	100  	-11238.7	-2591.58	-2434.99	441.68 
22 	100  	-5975.71	-2558.6 	-2413.57	300.807
23 	100  	-5262.9 	-2530.11	-2402.32	225.455
24 	100  	-8041.15	-2541.85	-2402.32	405.657
25 	100  	-7980.11	-2502.85	-2356.08	339.584
26 	100  	-5505.74	-2474.97	-2352.31	215.805
27 	100  	-10152.6	-2489.33	-2345.5 	517.237
28 	100  	-8400.16	-2456.06	-2341.5 	401.585
29 	100  	-3750.8 	-2415.88	-2325.83	130.399
30 	100  	-7672.57	-2419.32	-2325.83	308.328
31 	100  	-5246.96	-2393.69	-2319.23	193.386
32 	100  	-6293.61	-2408.85	-2306.83	303.108
33 	100  	-10488.7	-2430.72	-2304.7 	602.478
34 	100  	-4422.07	-2361.55	-2298.38	147.132
35 	100  	-6201.1 	-2375.4 	-2290.11	261.983
36 	100  	-6495.57	-2356.03	-2284.16	247.202
37 	100  	-10897.5	-2391.75	-2267.15	607.613
38 	100  	-4995.45	-2340.37	-2267.15	226.212
39 	100  	-4505.45	-2321.36	-2261.85	165.698
40 	100  	-7074.75	-2330.11	-2259.83	302.966
41 	100  	-5314.26	-2330.9 	-2256.75	230.635
42 	100  	-4551.65	-2313.97	-2256.75	175.176
43 	100  	-6507.04	-2328.02	-2250.82	328.465
44 	100  	-29381.9	-2362.49	-2244.51	1248.42
45 	100  	-3828.94	-2298.37	-2244.17	174.514
46 	100  	-29217.9	-2380.07	-2242.78	1258.85
47 	100  	-5705.94	-2304.28	-2233.75	253.84 
48 	100  	-3814.07	-2286.18	-2233.75	168.318
49 	100  	-29869.5	-2340.69	-2229.14	1247.96
50 	100  	-9825.22	-2289.4 	-2225.11	413.906
51 	100  	-8219.57	-2280.39	-2223.95	347.278
52 	100  	-10736.3	-2291.27	-2221.8 	515.228
53 	100  	-4689.12	-2265.52	-2220.49	212.055
54 	100  	-6312.59	-2267.77	-2217.44	246.555
55 	100  	-5039.9 	-2261.42	-2214.45	177.338
56 	100  	-14613.1	-2318.94	-2210.87	750.046
57 	100  	-8801.26	-2272.94	-2207.92	385.1  
58 	100  	-3524.75	-2254.08	-2204.79	153.939
59 	100  	-5309.79	-2265.18	-2204.79	261.868
60 	100  	-3394.97	-2241.9 	-2203.17	127.159
61 	100  	-8267.95	-2239.42	-2202.77	284.413
62 	100  	-6951.29	-2251.19	-2202.08	273.068
63 	100  	-4786.97	-2248.32	-2199.86	226.314
64 	100  	-3834.72	-2232.56	-2199.86	135.563
65 	100  	-6534.52	-2239.01	-2198.91	229.869
66 	100  	-7080.49	-2251.42	-2198.21	263.191
67 	100  	-4155.34	-2251.01	-2197.51	214.548
68 	100  	-5047.74	-2241.54	-2197.51	218.341
69 	100  	-9307.69	-2278.89	-2192.58	433.729
70 	100  	-8621.98	-2280.63	-2192.58	535.282
71 	100  	-12125.3	-2299.18	-2192.58	697.029
72 	100  	-4538.86	-2240.44	-2192.58	226.561
73 	100  	-3185.08	-2227.9 	-2187.67	123.108
74 	100  	-5526.3 	-2246.59	-2185.97	260.072
75 	100  	-5288.12	-2228.51	-2182.45	196.578
76 	100  	-7336.69	-2228.61	-2182.45	266.172
77 	100  	-5543.9 	-2231.62	-2180.8 	262.217
78 	100  	-3857.09	-2215.22	-2180.8 	154.533
79 	100  	-13965.5	-2300.61	-2177.96	858.431
80 	100  	-11936.2	-2245.33	-2176.99	498.588
81 	100  	-4749.24	-2224.31	-2176.92	218.78 
82 	100  	-4974.46	-2234.08	-2174.84	242.498
83 	100  	-4779.7 	-2218.03	-2172.38	204.069
84 	100  	-5545.69	-2230.73	-2171.92	286.718
85 	100  	-17409.9	-2238.58	-2166.17	703.474
86 	100  	-4913.75	-2208.6 	-2164.99	165.246
87 	100  	-3592.14	-2214.07	-2160.74	160.811
88 	100  	-4758.24	-2209.06	-2158.05	203.355
89 	100  	-4035.84	-2189.7 	-2154.95	120.233
90 	100  	-9881.66	-2239.31	-2154.95	510.988
91 	100  	-5792.13	-2203.22	-2154.65	239.776
92 	100  	-5475.95	-2193.24	-2153.21	183.733
93 	100  	-4981.41	-2199.75	-2148.68	200.802
94 	100  	-3370.51	-2184.36	-2148.68	118.923
95 	100  	-3160.87	-2179.41	-2148.06	105.199
96 	100  	-39746.7	-2306.44	-2146.76	1783.33
97 	100  	-4152.76	-2177.48	-2146.55	128.676
98 	100  	-3939.33	-2177.27	-2145.72	136.037
99 	100  	-3731.25	-2174.03	-2144.99	129.674
gen	depth	min     	avg     	max     	std    
0  	100  	-21456.2	-5537.29	-3147.86	1731.47
1  	100  	-11514.3	-4554.27	-3146.08	870.081
2  	100  	-17466.7	-4090.57	-3146.08	803.951
3  	100  	-29068.8	-3871.43	-3019.18	1404.06
4  	100  	-8244.68	-3581.81	-2932.93	433.322
5  	100  	-19329.2	-3557.36	-2901.57	1370.87
6  	100  	-8881.87	-3316.25	-2867.69	422.43 
7  	100  	-6442.51	-3188.3 	-2795.61	296.446
8  	100  	-8454.44	-3105.78	-2771.39	371.065
9  	100  	-19036.1	-3089.04	-2705.71	902.362
10 	100  	-11379.4	-2991.01	-2662.38	610.882
11 	100  	-5919.76	-2866.04	-2600.94	227.675
12 	100  	-6229.94	-2824.92	-2590.29	264.042
13 	100  	-18938.1	-2846.09	-2521.58	926.457
14 	100  	-4575.5 	-2736.27	-2498.44	185.142
15 	100  	-20079.1	-2755.17	-2498.44	834.623
16 	100  	-4838.12	-2644.16	-2498.44	172.122
17 	100  	-8318.28	-2620.73	-2491.01	345.595
18 	100  	-34489.6	-2705.49	-2475.71	1673.3 
19 	100  	-9177.96	-2569.67	-2460.09	336.564
20 	100  	-5721.71	-2563.38	-2442.39	295.687
21 	100  	-5560.55	-2521.97	-2437.56	194.11 
22 	100  	-17083.9	-2574.28	-2407.75	728.056
23 	100  	-13247.2	-2543.16	-2407.75	643.627
24 	100  	-11886.2	-2529.88	-2392.7 	585.354
25 	100  	-6977.72	-2472.54	-2378.15	248.75 
26 	100  	-9178   	-2495.91	-2354.16	498.875
27 	100  	-5809.05	-2461.93	-2344.98	288.653
28 	100  	-7435.82	-2422.12	-2336.88	256.618
29 	100  	-6138.52	-2416.06	-2333.26	265.551
30 	100  	-5111.07	-2396.08	-2321.81	218.137
31 	100  	-7401.5 	-2384.88	-2317.12	251.676
32 	100  	-18029.2	-2473.07	-2300.3 	1039.66
33 	100  	-12306.1	-2398.49	-2297.51	502.478
34 	100  	-7103.32	-2370.73	-2289.8 	326.321
35 	100  	-7173.09	-2360.4 	-2279.23	295.802
36 	100  	-10781.1	-2358.65	-2276.09	436.764
37 	100  	-4228.02	-2340.88	-2255.46	193.807
38 	100  	-6329.57	-2349.53	-2255.46	325.208
39 	100  	-4796.2 	-2316.95	-2242.65	167.666
40 	100  	-5804.3 	-2317.86	-2230.95	244.668
41 	100  	-3831.18	-2291.72	-2230.17	126.803
42 	100  	-14340.5	-2347.11	-2223.14	737.025
43 	100  	-3664.7 	-2277.83	-2223.14	131.43 
44 	100  	-3365.34	-2266.72	-2217.31	115.83 
45 	100  	-6015.7 	-2283.75	-2216.56	290.049
46 	100  	-12218.1	-2352.17	-2215.46	707.729
47 	100  	-5336.82	-2267.35	-2211.82	211.148
48 	100  	-4353.1 	-2262.86	-2210.44	192.189
49 	100  	-15355.4	-2304.25	-2207.84	658.092
50 	100  	-11090.1	-2280.79	-2205.19	523.78 
51 	100  	-4842.6 	-2254.72	-2202.92	193.896
52 	100  	-10918.1	-2286.09	-2200.15	461.667
53 	100  	-4596.77	-2255.28	-2198.35	224.335
54 	100  	-7508.82	-2265.78	-2196.4 	379.891
55 	100  	-5837.46	-2253.31	-2195.51	240.273
56 	100  	-26849.4	-2297.4 	-2187.91	1134.17
57 	100  	-5656.64	-2244.76	-2187.39	253.114
58 	100  	-18802.5	-2301.52	-2183.83	990.52 
59 	100  	-12771.6	-2274.45	-2183.83	669.937
60 	100  	-7590.55	-2278.19	-2177.49	445.274
61 	100  	-3963.35	-2229.63	-2177.49	185.55 
62 	100  	-14645.7	-2254.98	-2170.04	590.5  
63 	100  	-5937.79	-2221.89	-2167.21	218.164
64 	100  	-23891  	-2276.22	-2167.21	1022.63
65 	100  	-10463.1	-2241.74	-2164.17	441.161
66 	100  	-4033.28	-2201.51	-2161.78	129    
67 	100  	-34746.7	-2313.55	-2161.78	1586.22
68 	100  	-8164.35	-2239.89	-2157.19	457.729
69 	100  	-4724.32	-2197.26	-2157.19	198.52 
70 	100  	-5512   	-2219.25	-2157.19	263.418
71 	100  	-5181.9 	-2202.11	-2156.14	203.49 
72 	100  	-4458.17	-2204.29	-2155.32	212.587
73 	100  	-8832.74	-2228.42	-2154.9 	430.864
74 	100  	-7764.73	-2205.12	-2151.68	320.493
75 	100  	-5690.97	-2203.57	-2150.98	230.354
76 	100  	-4948.36	-2194.7 	-2149.98	192.205
77 	100  	-4957.84	-2189.51	-2149.98	190.12 
78 	100  	-6578.94	-2208.35	-2149.34	292.147
79 	100  	-3032.13	-2177.28	-2147.02	101.344
80 	100  	-3570.85	-2175.06	-2147.02	115.613
81 	100  	-11138.5	-2233.65	-2146.2 	596.591
82 	100  	-6219.77	-2194.05	-2146.2 	267.555
83 	100  	-16852.9	-2199.94	-2144.8 	667.612
84 	100  	-7462.93	-2227.69	-2138.81	409.748
85 	100  	-7952.59	-2210.56	-2138.81	406.907
86 	100  	-5325.83	-2180.5 	-2138.81	226.23 
87 	100  	-21545.7	-2225.76	-2137.13	892.734
88 	100  	-12065.3	-2240.4 	-2137.13	565.993
89 	100  	-4346.19	-2181.07	-2137.13	190.636
90 	100  	-7285.97	-2180.09	-2136.43	284.937
91 	100  	-16008.2	-2205.07	-2136.43	693.196
92 	100  	-8831.27	-2202.17	-2135.61	454.628
93 	100  	-8184.83	-2206.76	-2134.91	438.936
94 	100  	-10780.6	-2198.62	-2134.91	451.295
95 	100  	-4033.45	-2166.04	-2134.21	141.676
96 	100  	-4531.58	-2172.5 	-2134.21	198.112
97 	100  	-8338.11	-2179.91	-2129.93	331.62 
98 	100  	-4693.51	-2177.23	-2129.93	216.059
99 	100  	-5312.64	-2176.9 	-2128.24	222.898
gen	depth	min     	avg     	max     	std    
0  	100  	-94258.3	-6089.49	-3237.36	4775.43
1  	100  	-15996.8	-4615.32	-3121.53	944.564
2  	100  	-89705.1	-4412.32	-3121.53	4297.66
3  	100  	-10022.2	-3772.02	-2971.99	493.625
4  	100  	-10572.7	-3571.12	-2963.3 	566.192
5  	100  	-20133.6	-3474.33	-2855.7 	1082.84
6  	100  	-12681.2	-3300.54	-2832.53	717.575
7  	100  	-18235.5	-3214.2 	-2754.18	913.795
8  	100  	-8027.88	-3056.54	-2737.11	375.483
9  	100  	-12066.1	-2997.94	-2721.39	500.392
10 	100  	-30484.7	-3044.7 	-2699.48	1514.43
11 	100  	-6337.4 	-2854.86	-2685.27	247.674
12 	100  	-14390.1	-2859.68	-2656.41	742.875
13 	100  	-11868.7	-2818.27	-2639.19	480.731
14 	100  	-10689.6	-2792.02	-2621.05	467.395
15 	100  	-19625.1	-2789.47	-2603.04	791.024
16 	100  	-28070  	-2771.64	-2582.13	1155.16
17 	100  	-10988.7	-2759.7 	-2548.26	729.746
18 	100  	-6340.17	-2689.44	-2548.26	269.298
19 	100  	-5064.85	-2672.17	-2539.03	233.777
20 	100  	-6034.28	-2645.6 	-2524.42	263.422
21 	100  	-9463.9 	-2698.37	-2496.48	623.813
22 	100  	-12027.5	-2612.12	-2458.7 	449.485
23 	100  	-5242.22	-2611.38	-2458.7 	293.767
24 	100  	-8039.69	-2599.14	-2458.7 	365.567
25 	100  	-5386.95	-2577.68	-2448.43	245.202
26 	100  	-14472.1	-2583.64	-2435.78	613.423
27 	100  	-7235.59	-2558.2 	-2422.95	340.291
28 	100  	-5409.09	-2536.32	-2413.4 	248.464
29 	100  	-5250.58	-2525.02	-2405.05	273.306
30 	100  	-18319.9	-2541.77	-2384.61	882.63 
31 	100  	-6220.32	-2493.6 	-2376.76	272.948
32 	100  	-5022.95	-2472.55	-2372.61	222.799
33 	100  	-22379.5	-2519.77	-2368.19	955.723
34 	100  	-7297.31	-2448.2 	-2361.88	274.204
35 	100  	-9096.53	-2491.28	-2342.72	539.786
36 	100  	-5094.91	-2429.98	-2342.72	227.952
37 	100  	-5051.29	-2417   	-2330.48	239.959
38 	100  	-11816.7	-2420.95	-2325.67	482.766
39 	100  	-10643.9	-2434.49	-2316.29	574.968
40 	100  	-21154.3	-2425.28	-2311.52	873.85 
41 	100  	-15780.7	-2491.13	-2292.43	970.9  
42 	100  	-7707.92	-2382.8 	-2290.22	316.748
43 	100  	-11379.3	-2381.07	-2288.02	463.567
44 	100  	-5882.33	-2366.64	-2285.27	312.146
45 	100  	-5966   	-2347.27	-2274.91	248.564
46 	100  	-4780   	-2338.3 	-2274.91	215.274
47 	100  	-16471.1	-2358.86	-2268.31	719.147
48 	100  	-4268.76	-2330.47	-2263.52	203.602
49 	100  	-13761.4	-2340.09	-2263.52	566.293
50 	100  	-8401.95	-2339.76	-2261.21	361.946
51 	100  	-6168.3 	-2341.6 	-2259.59	348.589
52 	100  	-6867.62	-2343.35	-2258.68	372.118
53 	100  	-30827.4	-2386.27	-2256.28	1355.04
54 	100  	-17262.5	-2347.83	-2255.61	739.078
55 	100  	-7719.58	-2312.58	-2254.09	322.098
56 	100  	-7422.59	-2307.34	-2250.27	311.377
57 	100  	-11038.5	-2336.83	-2249.08	513.482
58 	100  	-4545.38	-2288.18	-2243.98	163.804
59 	100  	-10959.9	-2313.92	-2242.71	461.65 
60 	100  	-12484.6	-2334.36	-2240.88	661.306
61 	100  	-3708.46	-2289.2 	-2239.61	154.272
62 	100  	-7878.97	-2308.37	-2238.52	403.693
63 	100  	-6957.82	-2290.96	-2235.43	288.221
64 	100  	-4619.79	-2297.14	-2233.43	237.386
65 	100  	-9572.28	-2289.68	-2233.43	356.338
66 	100  	-9800.02	-2282.76	-2232.08	367.737
67 	100  	-5011.38	-2306.56	-2232.08	311.463
68 	100  	-4877.54	-2290.48	-2231.93	248.488
69 	100  	-5042.99	-2277.09	-2222.33	219.105
70 	100  	-5792.87	-2278.37	-2222.33	253.4  
71 	100  	-4481.72	-2268.04	-2221.38	165.995
72 	100  	-9177.14	-2311.07	-2221.12	541.864
73 	100  	-4089.06	-2265.19	-2219.6 	170.996
74 	100  	-6034.89	-2276.44	-2215.9 	252.765
75 	100  	-4342.45	-2262.96	-2215.9 	195.51 
76 	100  	-4337.95	-2262.87	-2212.52	193.616
77 	100  	-4544.79	-2259.53	-2211   	204.648
78 	100  	-7109.69	-2273   	-2206.73	327.492
79 	100  	-6019.47	-2248.94	-2198.38	196.189
80 	100  	-6946.51	-2272.63	-2198.09	342.638
81 	100  	-6692.11	-2251.4 	-2193.75	247.389
82 	100  	-4875.62	-2251.31	-2191.74	188.86 
83 	100  	-5999.25	-2237.7 	-2189.71	215.045
84 	100  	-6444.16	-2239.81	-2189.71	255.809
85 	100  	-10864  	-2258.33	-2189.1 	473.675
86 	100  	-13536.3	-2266.9 	-2187.1 	604.01 
87 	100  	-6420.49	-2254.6 	-2183.78	330.364
88 	100  	-8668.84	-2249.77	-2183.68	412.127
89 	100  	-6473.42	-2245.19	-2183.68	322.81 
90 	100  	-7554.36	-2234.47	-2183.46	285.543
91 	100  	-15147  	-2265.52	-2183.46	665.078
92 	100  	-5724.37	-2246.14	-2183.46	330.38 
93 	100  	-9790.06	-2231.75	-2183.04	395.747
94 	100  	-3662.22	-2210.62	-2182.81	120    
95 	100  	-4060.15	-2208.11	-2182.81	128.327
96 	100  	-3212.46	-2208.02	-2182.81	120.554
97 	100  	-4264.49	-2221.61	-2182.81	186.523
98 	100  	-5061.97	-2231.05	-2182.81	233.802
99 	100  	-3807.38	-2210.91	-2181.94	151.362
gen	depth	min     	avg     	max     	std    
0  	100  	-35473.6	-5895.84	-3459.19	2233.01
1  	100  	-15160.7	-4756.25	-3067.19	1133.98
2  	100  	-10563.9	-4196.04	-3067.19	725.95 
3  	100  	-7198.96	-3882.53	-3052.2 	405.457
4  	100  	-12590.5	-3713.83	-2902.88	603.427
5  	100  	-15728.5	-3572.26	-2845.67	782.621
6  	100  	-15878.9	-3393.34	-2819.46	726.152
7  	100  	-9867.47	-3242.56	-2741.94	558.737
8  	100  	-7049.09	-3098.85	-2715.11	309.888
9  	100  	-9834.52	-3044.06	-2715.11	491.515
10 	100  	-8152.92	-2975.44	-2691.74	406.244
11 	100  	-10751.4	-2911.9 	-2626.94	447.083
12 	100  	-20057.3	-2919.61	-2613.7 	937.646
13 	100  	-5471.53	-2793.28	-2601.8 	251.292
14 	100  	-10987.9	-2797.2 	-2584.52	529.311
15 	100  	-8771.29	-2756.04	-2547.55	403.25 
16 	100  	-7433.23	-2712.3 	-2538.41	331.114
17 	100  	-6365.74	-2676.79	-2512.38	333.475
18 	100  	-7046.34	-2658.99	-2495.4 	381.034
19 	100  	-5814.89	-2633.04	-2453.48	328.68 
20 	100  	-3772.15	-2582.58	-2453.48	154.236
21 	100  	-4930.72	-2555.75	-2427.62	183.425
22 	100  	-7016.62	-2544.47	-2427.62	342.417
23 	100  	-8090.54	-2535.81	-2416.53	435.792
24 	100  	-5147.52	-2499.7 	-2407.01	230.84 
25 	100  	-8061.05	-2493.64	-2395.18	367.515
26 	100  	-10180.7	-2484.22	-2384.32	396.11 
27 	100  	-5590.16	-2455.56	-2384.32	212.908
28 	100  	-4549.91	-2442.2 	-2383.03	166.933
29 	100  	-4994.16	-2440.94	-2375.74	187.485
30 	100  	-30967.5	-2594.25	-2373.69	1915.91
31 	100  	-10862.6	-2460.32	-2366.83	486.831
32 	100  	-33487.9	-2518.12	-2352.16	1484.72
33 	100  	-7273.91	-2444.17	-2352.16	346.321
34 	100  	-8005.66	-2428.65	-2352.16	325.283
35 	100  	-4764.93	-2400.96	-2344.35	157.453
36 	100  	-7843.78	-2410.32	-2340.95	302.686
37 	100  	-5410.19	-2415.55	-2337.88	294.424
38 	100  	-6614.3 	-2405.45	-2337.88	332.752
39 	100  	-13372.5	-2441.22	-2336.39	650.308
40 	100  	-8586.9 	-2405.41	-2333.82	430.873
41 	100  	-14340.8	-2401.11	-2329.13	574.997
42 	100  	-15978.5	-2454.3 	-2329.13	783.694
43 	100  	-5556.54	-2395.5 	-2328.1 	307.389
44 	100  	-7301.48	-2399.88	-2325.1 	398.66 
45 	100  	-5153.5 	-2363.59	-2319.57	171.224
46 	100  	-7051.81	-2375.8 	-2317.51	287.321
47 	100  	-8152.25	-2388.26	-2317.51	349.532
48 	100  	-6944.5 	-2375.49	-2308.8 	295.446
49 	100  	-6792.27	-2373.45	-2302.21	278.574
50 	100  	-3981.73	-2361.13	-2297.85	181.826
51 	100  	-4466.75	-2352.17	-2297.33	163.805
52 	100  	-4531.7 	-2346.65	-2293.28	178.442
53 	100  	-13005.9	-2367.35	-2284.49	541.287
54 	100  	-7101.87	-2362.59	-2284.49	363.638
55 	100  	-4206.16	-2327.07	-2270.08	161.113
56 	100  	-5146.11	-2344.68	-2270.08	248.338
57 	100  	-11645.9	-2392.02	-2264.73	660.654
58 	100  	-16993.6	-2351.07	-2263.59	690.781
59 	100  	-6373.77	-2333.52	-2254.12	306.04 
60 	100  	-4239.28	-2316.82	-2252.26	207.895
61 	100  	-4564.09	-2305.67	-2247.98	166.44 
62 	100  	-6101.74	-2316.33	-2246.19	269.347
63 	100  	-7618.18	-2318.12	-2238.06	338.605
64 	100  	-12975.6	-2307.33	-2236.9 	501.052
65 	100  	-6637.11	-2304.25	-2227.82	290.728
66 	100  	-5418.64	-2288.14	-2226.8 	227.192
67 	100  	-5868.64	-2284.34	-2218.97	232.358
68 	100  	-5729.09	-2278.99	-2216.44	232.536
69 	100  	-5964.85	-2273.85	-2214.13	239.08 
70 	100  	-10096  	-2276.05	-2209.14	393.915
71 	100  	-6362.06	-2269.11	-2209.14	270.05 
72 	100  	-7329.24	-2267.44	-2209.14	309.853
73 	100  	-187505 	-2659.6 	-2208.18	8293.61
74 	100  	-6083.48	-2254.72	-2204.53	241.717
75 	100  	-3512.14	-2242.05	-2199.34	128.276
76 	100  	-3783.96	-2239.64	-2199.34	158.474
77 	100  	-15575.9	-2258.58	-2198.96	616.185
78 	100  	-9587.51	-2282.87	-2196.96	543.417
79 	100  	-10077.2	-2260.18	-2196.94	416.123
80 	100  	-8870.98	-2258.18	-2196.56	428.428
81 	100  	-3895.32	-2242.66	-2195.98	178.496
82 	100  	-3407.13	-2232.79	-2195.28	133.361
83 	100  	-3329.81	-2217.56	-2195.28	109.808
84 	100  	-7018.47	-2283.86	-2194.82	437.14 
85 	100  	-7231.15	-2237.79	-2194.42	297.989
86 	100  	-4504.13	-2230.13	-2194.35	174.794
87 	100  	-5675.68	-2234.58	-2193.78	255.134
88 	100  	-7983.59	-2261.14	-2192.63	443.168
89 	100  	-120030 	-2499.87	-2183.14	5282.49
90 	100  	-3156.47	-2218.91	-2183.14	100.447
91 	100  	-6222.62	-2248.78	-2183.14	348.766
92 	100  	-6258.73	-2241.81	-2180.02	287.635
93 	100  	-4182.15	-2213.28	-2178.65	122.244
94 	100  	-6638.52	-2241.65	-2173.71	334.313
95 	100  	-5092.57	-2215.12	-2172.8 	212.23 
96 	100  	-6925.75	-2244.82	-2172.75	364.242
97 	100  	-6540.87	-2214.16	-2172.75	245.274
98 	100  	-55350.5	-2337.81	-2169.89	2394.81
99 	100  	-16015  	-2270.55	-2168.23	902.428
gen	depth	min     	avg     	max     	std    
0  	100  	-15166.6	-5618.44	-3370.82	1597.95
1  	100  	-12391.8	-4573.29	-3324.68	844.41 
2  	100  	-8048.72	-4076.58	-3197.99	510.378
3  	100  	-7169.4 	-3827.37	-3151.33	387.853
4  	100  	-9625.6 	-3646.5 	-3024.8 	464.352
5  	100  	-11040.4	-3515.13	-2979.11	503.467
6  	100  	-11535.9	-3394.51	-2924.07	510.856
7  	100  	-8477.52	-3292.94	-2921.38	380.463
8  	100  	-10838.1	-3231.47	-2870.25	579.032
9  	100  	-4923.03	-3087.69	-2799.94	191.62 
10 	100  	-6300.28	-3064.87	-2739.82	344.006
11 	100  	-10586.2	-2999.44	-2714.15	443.423
12 	100  	-10926.1	-2953.53	-2708.29	473.484
13 	100  	-14120.3	-2947.37	-2644.82	780.181
14 	100  	-6731.93	-2836.22	-2590.43	240.81 
15 	100  	-7373.68	-2819.22	-2590.43	357.854
16 	100  	-7728.66	-2764.15	-2577.24	257.217
17 	100  	-8937.82	-2760.14	-2552.66	407.524
18 	100  	-6545.47	-2719.78	-2495.22	268.497
19 	100  	-8275.86	-2723.55	-2495.22	400.644
20 	100  	-11702.4	-2725.98	-2495.22	665.128
21 	100  	-24031.8	-2680.5 	-2481.93	997.712
22 	100  	-4283.51	-2603.51	-2468.12	162.185
23 	100  	-6760.22	-2592.39	-2449.81	308.008
24 	100  	-3714.59	-2541.86	-2430.08	128.671
25 	100  	-6761.52	-2543.11	-2400.91	283.131
26 	100  	-8494.8 	-2532.03	-2397.15	354.397
27 	100  	-8145.47	-2552.67	-2385.89	490.411
28 	100  	-28967.3	-2587.95	-2346.22	1668.41
29 	100  	-4372.19	-2451.87	-2337.96	184.417
30 	100  	-4549.26	-2447.54	-2320.84	204.821
31 	100  	-6376.77	-2430.81	-2306.39	266.064
32 	100  	-10363.9	-2429.67	-2299.06	462.905
33 	100  	-5290.58	-2397.41	-2299.06	234.34 
34 	100  	-6065.63	-2390.08	-2286.83	264.554
35 	100  	-10657.5	-2408.84	-2286   	533.986
36 	100  	-4625.83	-2348.56	-2274.9 	163.674
37 	100  	-5163.92	-2350.3 	-2268.8 	236.221
38 	100  	-4955.18	-2330.57	-2263.87	166.932
39 	100  	-6256.69	-2353.61	-2253.7 	308.177
40 	100  	-9043.81	-2333.85	-2247.29	368.891
41 	100  	-5354.91	-2351.4 	-2247.29	322.358
42 	100  	-17267.4	-2345.35	-2247.04	725.493
43 	100  	-5588.51	-2311.54	-2243.06	257.032
44 	100  	-6782.19	-2314.62	-2243.06	307.4  
45 	100  	-9198.18	-2311.3 	-2238.09	375.986
46 	100  	-5741.62	-2294.48	-2236.38	207.072
47 	100  	-5476.87	-2300.79	-2236.38	261.747
48 	100  	-4281.25	-2280.08	-2236.38	168.569
49 	100  	-3968.49	-2295.96	-2235.54	205.647
50 	100  	-9465.2 	-2288.21	-2235.23	346.525
51 	100  	-7851.84	-2317.4 	-2227.05	408.232
52 	100  	-6000.51	-2277.12	-2227.05	223.446
53 	100  	-6852.76	-2279.67	-2222.74	252.489
54 	100  	-4248.92	-2272.92	-2222.35	190.258
55 	100  	-9769.02	-2293.11	-2222.35	405.365
56 	100  	-4737.56	-2278.87	-2220.09	225.72 
57 	100  	-5218.45	-2269.46	-2219.44	197.448
58 	100  	-5434.12	-2277.82	-2205.7 	264.097
59 	100  	-11778.7	-2280.06	-2205.7 	478.547
60 	100  	-7773.26	-2273.51	-2205.7 	345.292
61 	100  	-35193.9	-2330.64	-2203.47	1490.73
62 	100  	-11485.1	-2296.16	-2202.07	597.272
63 	100  	-4634.06	-2250.17	-2197.99	185.056
64 	100  	-17904.8	-2277.6 	-2197.5 	718.345
65 	100  	-10427.8	-2262.66	-2197.5 	442.463
66 	100  	-9170.57	-2254.27	-2192.84	374.154
67 	100  	-4619.35	-2238.28	-2192.84	173.595
68 	100  	-3805.43	-2224.08	-2192.13	114.267
69 	100  	-4832.46	-2240.15	-2188.09	236.154
70 	100  	-4894.86	-2240.37	-2187.52	216.124
71 	100  	-4272.33	-2224.71	-2185.91	170.289
72 	100  	-6380.31	-2241.22	-2183.19	268.327
73 	100  	-8465.3 	-2240.35	-2181.02	378.916
74 	100  	-3729.04	-2222.33	-2178.01	157.728
75 	100  	-6597.74	-2228.62	-2178.01	253.483
76 	100  	-5292.2 	-2235.13	-2178.01	257.633
77 	100  	-5307.29	-2222.13	-2176.68	197.249
78 	100  	-3422.82	-2202   	-2176.32	107.665
79 	100  	-20440.4	-2258.41	-2174.62	866.283
80 	100  	-38389.5	-2290.31	-2174.62	1631.21
81 	100  	-9227.99	-2231.2 	-2170.52	380.202
82 	100  	-3184.45	-2191.19	-2170.52	74.9982
83 	100  	-5498.94	-2216.66	-2170.52	225.468
84 	100  	-7769.45	-2242.4 	-2169.1 	395.153
85 	100  	-5774.3 	-2212.35	-2169.02	218.385
86 	100  	-3760.61	-2197.18	-2168.54	135.196
87 	100  	-10271.1	-2235.92	-2168.54	443.845
88 	100  	-8375.94	-2223.95	-2168.54	372.615
89 	100  	-4399.8 	-2209.18	-2168.27	185.086
90 	100  	-3361.53	-2194.9 	-2167.3 	119.732
91 	100  	-3777.21	-2202.96	-2166.95	169.965
92 	100  	-5514.82	-2215.9 	-2166.57	255.363
93 	100  	-5400.46	-2216.08	-2166.57	244.26 
94 	100  	-27578.6	-2267.39	-2166.25	1168.37
95 	100  	-3788.41	-2196.18	-2166.25	148.739
96 	100  	-5254.05	-2202.97	-2166.25	195.814
97 	100  	-10247  	-2216.92	-2166.25	428.872
98 	100  	-5704.99	-2210.61	-2166.25	223.261
99 	100  	-6820.75	-2230.85	-2166.25	354.378
gen	depth	min     	avg     	max     	std    
0  	100  	-22561.6	-5716.1 	-3352.87	1986.48
1  	100  	-18550  	-4664.08	-3300.5 	1065.23
2  	100  	-20172.7	-4135.65	-3100.48	981.03 
3  	100  	-5902.66	-3778.8 	-3050.68	361.434
4  	100  	-30579.9	-3642.07	-2992.16	1296.66
5  	100  	-7948.3 	-3434.81	-2825.83	501.221
6  	100  	-7952.44	-3279.74	-2812.66	360.221
7  	100  	-9520.76	-3192.26	-2778.79	430.237
8  	100  	-35718.6	-3196.42	-2712.53	1752.44
9  	100  	-37897.1	-3092.98	-2665.43	1665.96
10 	100  	-5171.35	-2929.76	-2665.43	233.535
11 	100  	-6242.27	-2894.3 	-2619.16	329.909
12 	100  	-17079.9	-2892.53	-2616.75	884.175
13 	100  	-12458.8	-2871.31	-2616.75	811.963
14 	100  	-19553.8	-2819.81	-2593.51	838.666
15 	100  	-6323.95	-2738.18	-2565.05	255.554
16 	100  	-6004.79	-2707.53	-2543.27	228.02 
17 	100  	-4723.19	-2683.17	-2543.27	188.665
18 	100  	-23304.7	-2763.38	-2508.77	1131.88
19 	100  	-14338.6	-2735.05	-2507.66	897.816
20 	100  	-3445.84	-2599.01	-2480.92	89.7969
21 	100  	-13126  	-2634.93	-2477.66	577.412
22 	100  	-8835.29	-2603.37	-2477.66	421.224
23 	100  	-23203.3	-2654.08	-2466.08	1059.67
24 	100  	-3424.11	-2534.32	-2450.78	84.8659
25 	100  	-8519.46	-2551.97	-2447.87	317.107
26 	100  	-12688.1	-2595.66	-2432.93	789.7  
27 	100  	-18137.8	-2569.16	-2425.05	806.131
28 	100  	-4168.51	-2497.29	-2415.5 	163.14 
29 	100  	-8669.28	-2490.04	-2393.16	305.94 
30 	100  	-16292.8	-2522.15	-2389.49	723.701
31 	100  	-7446.46	-2491.99	-2383.7 	426.043
32 	100  	-12280.4	-2505   	-2376.4 	592.289
33 	100  	-5541.17	-2444.76	-2361.22	235.6  
34 	100  	-11491.1	-2470.9 	-2350.7 	549.799
35 	100  	-5201.26	-2430.09	-2339.2 	219.22 
36 	100  	-7493.35	-2410.86	-2335.13	285.368
37 	100  	-4437.25	-2398.81	-2309.03	168.438
38 	100  	-7942.38	-2400.98	-2297.63	321.379
39 	100  	-5231.12	-2411.97	-2287.82	297.272
40 	100  	-6604.08	-2380.97	-2287.82	265    
41 	100  	-48886.1	-2453.03	-2285.99	2087.78
42 	100  	-3980.58	-2348.93	-2279.01	168.08 
43 	100  	-11900.1	-2357.79	-2275.14	462.238
44 	100  	-9111.17	-2368.81	-2263.88	500.411
45 	100  	-5712.85	-2340.08	-2259.62	271.287
46 	100  	-11536.1	-2349.75	-2257.58	470.559
47 	100  	-5222.94	-2318.57	-2248.06	232.366
48 	100  	-24635.1	-2373.73	-2248.06	1073.9 
49 	100  	-3750.94	-2299.95	-2245.69	143.759
50 	100  	-37604.1	-2363.27	-2233.36	1593.49
51 	100  	-4140.73	-2296.44	-2233.36	192.658
52 	100  	-39254.2	-2412.05	-2218.07	1779.04
53 	100  	-4320.92	-2278.19	-2213.65	178.407
54 	100  	-24383.1	-2355.96	-2213.65	1215.31
55 	100  	-4404.4 	-2275.78	-2209.09	175.779
56 	100  	-3508.17	-2257.15	-2206.57	119.414
57 	100  	-12636.7	-2290.79	-2196.13	505.457
58 	100  	-8783.81	-2257.65	-2195.99	318.681
59 	100  	-9048.3 	-2265.1 	-2195.99	360.317
60 	100  	-3411.46	-2232.89	-2192.34	96.3101
61 	100  	-9011.14	-2289.13	-2190.02	442.632
62 	100  	-7763.28	-2270.51	-2185.78	422.521
63 	100  	-3525.97	-2230.15	-2185.78	120.353
64 	100  	-6108.19	-2249.23	-2185.78	294.278
65 	100  	-12515.3	-2257.32	-2183.77	533.224
66 	100  	-4235.02	-2236.55	-2183.77	195.063
67 	100  	-5601.08	-2231.17	-2179.76	244.379
68 	100  	-4753.02	-2233.21	-2178.63	202.854
69 	100  	-6378.26	-2251.59	-2168.57	342.341
70 	100  	-4754.7 	-2220.42	-2153.81	200.841
71 	100  	-5588.17	-2222.91	-2153.81	211.929
72 	100  	-10650.2	-2238.58	-2149.6 	492.475
73 	100  	-4777.47	-2219.73	-2144.57	209.871
74 	100  	-3285.64	-2193.18	-2144.23	107.934
75 	100  	-10686  	-2233.11	-2144.23	591.091
76 	100  	-5470.84	-2188.85	-2139.77	184.628
77 	100  	-7564.15	-2214.25	-2139.77	346.079
78 	100  	-4183.95	-2190.13	-2139.77	182.188
79 	100  	-4943.11	-2175.21	-2139.77	171.88 
80 	100  	-7169.99	-2192.08	-2135.15	317.769
81 	100  	-4951.73	-2179.99	-2135.15	235.383
82 	100  	-4316.9 	-2176.74	-2135.15	195.613
83 	100  	-3628.24	-2165.63	-2133.87	126.077
84 	100  	-3659.68	-2167.46	-2133.77	128.656
85 	100  	-6699.2 	-2176.82	-2132.34	255.069
86 	100  	-3858.75	-2159.45	-2132.34	126.982
87 	100  	-7201.31	-2185.86	-2132.25	328.169
88 	100  	-5492.02	-2164.43	-2132.25	195.592
89 	100  	-7916.5 	-2183.98	-2132.25	342.912
90 	100  	-24528  	-2242.33	-2132.25	1131.99
91 	100  	-7061.79	-2166.12	-2131.3 	258.937
92 	100  	-3741.52	-2162.4 	-2131.3 	148.292
93 	100  	-5470.89	-2182.56	-2131.3 	272.027
94 	100  	-4304.5 	-2156.55	-2131.3 	133.797
95 	100  	-4399.08	-2159.22	-2131.3 	152.284
96 	100  	-37703  	-2306.56	-2131.3 	2072.9 
97 	100  	-4861.24	-2167.82	-2131.3 	189.096
98 	100  	-3345.38	-2155.06	-2131.3 	111.581
99 	100  	-4741.42	-2161.77	-2131.3 	164.029
