gen	depth	min     	avg     	max     	std    
0  	60   	-16788  	-5263.55	-3029.66	1589.7 
1  	60   	-9093.05	-4281.84	-3029.66	697.706
2  	60   	-15300.5	-3880.12	-2733.5 	898.243
3  	60   	-10036  	-3512.47	-2716.76	541.333
4  	60   	-14039.8	-3280.93	-2711.11	571.975
5  	60   	-7138.1 	-3114.09	-2632.23	360.958
6  	60   	-7976.66	-3020.35	-2589.75	443.093
7  	60   	-7316.35	-2888.25	-2589.75	320.461
8  	60   	-6409.47	-2820.34	-2570.35	268.702
9  	60   	-5450.73	-2777.95	-2553.28	273.669
10 	60   	-12977.8	-2747.66	-2511.59	664.463
11 	60   	-5819.04	-2678.34	-2473.18	232.43 
12 	60   	-8477.49	-2661.52	-2418.09	382.001
13 	60   	-6444.41	-2613.72	-2349.08	260.835
14 	60   	-7283.53	-2576.07	-2349.08	289.005
15 	60   	-6497.27	-2529.63	-2349.08	241.262
16 	60   	-8236.72	-2521.91	-2298.65	377.103
17 	60   	-9506.58	-2499.78	-2298.65	447.418
18 	60   	-3380.61	-2425.58	-2296.98	103.53 
19 	60   	-3233.77	-2397.41	-2236.69	99.1787
20 	60   	-13752.6	-2416.16	-2236.69	600.688
21 	60   	-7421.75	-2371.96	-2229.08	331.445
22 	60   	-5247.62	-2343.21	-2215.9 	234.409
23 	60   	-5165.35	-2332.4 	-2206.25	284.118
24 	60   	-4829.97	-2302.47	-2196.16	223.869
25 	60   	-10020.1	-2295.26	-2189.91	456.736
26 	60   	-5113.76	-2266.49	-2186.69	207.098
27 	60   	-6010.29	-2251.21	-2181.75	209.711
28 	60   	-3120.67	-2228.1 	-2180.46	82.9205
29 	60   	-6969.49	-2238.23	-2168.74	248.251
30 	60   	-13355.1	-2314.62	-2155.01	922.55 
31 	60   	-9584.18	-2235.56	-2155.01	432.995
32 	60   	-4656.99	-2223.07	-2148.83	242.661
33 	60   	-6009.65	-2214.16	-2147.6 	242.336
34 	60   	-6229.16	-2213.35	-2143.13	262.417
35 	60   	-11076.8	-2249.8 	-2142.2 	581.957
36 	60   	-7867.24	-2197.94	-2137.69	314.666
37 	60   	-6482.29	-2211.24	-2130.88	354.569
38 	60   	-4109.19	-2182.73	-2122.5 	162.312
39 	60   	-4095.57	-2175.63	-2121.47	166.786
40 	60   	-8384.92	-2191.42	-2118.2 	350.666
41 	60   	-7303.84	-2170.14	-2117.09	256.979
42 	60   	-5092.47	-2166.42	-2115.27	200.601
43 	60   	-13662.6	-2194.44	-2114.26	625.532
44 	60   	-15569.6	-2179.8 	-2113.04	617.479
45 	60   	-6910.28	-2152.38	-2113.04	238.676
46 	60   	-4423.51	-2159.73	-2110.73	229.569
47 	60   	-10132.7	-2190.69	-2109.65	517.057
48 	60   	-7082.92	-2150.39	-2107.93	285.912
49 	60   	-6301.8 	-2163.52	-2101.65	319.48 
50 	60   	-5100.14	-2151.68	-2098.81	207.904
51 	60   	-4640.16	-2157.15	-2098.49	240.22 
52 	60   	-17864.7	-2188.76	-2094.61	746.025
53 	60   	-6408.06	-2138.27	-2091.94	232.349
54 	60   	-5580.59	-2139.74	-2090.75	262.982
55 	60   	-10544.1	-2141.81	-2090.06	398.714
56 	60   	-4115.52	-2139.94	-2088.43	193.814
57 	60   	-4696.78	-2125.86	-2084.97	163.356
58 	60   	-7230.53	-2135.94	-2083.63	306.882
59 	60   	-80507.9	-2331.42	-2082.27	3533.46
60 	60   	-7063.08	-2125.35	-2081.45	275.684
61 	60   	-3186.44	-2112.08	-2079.34	117.616
62 	60   	-31154.5	-2199.01	-2077.79	1338.6 
63 	60   	-3924.15	-2121.48	-2077.79	174.922
64 	60   	-8609.43	-2137.41	-2077.11	447.741
65 	60   	-3330.39	-2101.82	-2072.15	97.1608
66 	60   	-4504.68	-2120.32	-2068.93	203.602
67 	60   	-5707.5 	-2115.27	-2066.67	216.539
68 	60   	-3458.9 	-2102.25	-2066.67	118.423
69 	60   	-5535.56	-2109.51	-2066.67	204.668
70 	60   	-4463.35	-2128.27	-2065.4 	233.359
71 	60   	-5539.48	-2103.73	-2064.09	239.006
72 	60   	-5637.96	-2110.95	-2064.06	263.319
73 	60   	-6000.06	-2103.97	-2063.79	249.389
74 	60   	-7019.11	-2107.34	-2063.04	275.567
75 	60   	-4765.54	-2100.37	-2062.22	188.716
76 	60   	-8994.63	-2108.11	-2062.22	348.111
77 	60   	-4962.75	-2114.54	-2062.05	236.069
78 	60   	-4202.69	-2114.27	-2062.05	224.078
79 	60   	-4360.12	-2093.74	-2062.05	158.853
80 	60   	-4919.78	-2099.64	-2062.05	221.282
81 	60   	-5053.13	-2094.06	-2061.35	173.087
82 	60   	-4219.97	-2091.26	-2061.35	153.046
83 	60   	-12287.1	-2148.34	-2061.35	656.02 
84 	60   	-6788.63	-2117.98	-2061.35	374.453
85 	60   	-6641.86	-2097.08	-2061.35	243.838
86 	60   	-28702.9	-2152.08	-2061.35	1211.89
87 	60   	-4044.91	-2103.93	-2061.35	197.214
88 	60   	-9752.65	-2105.17	-2061.35	373.325
89 	60   	-4855.96	-2102.65	-2061.35	226.658
90 	60   	-3856.76	-2091.99	-2061.35	135.553
91 	60   	-6370.23	-2104.16	-2061.35	247.498
92 	60   	-3940.15	-2085.5 	-2061.35	127.519
93 	60   	-8980.35	-2098.96	-2061.35	331.862
94 	60   	-4174.15	-2094.23	-2061.35	163.94 
95 	60   	-11983.8	-2116.68	-2061.35	476.583
96 	60   	-3187.34	-2090   	-2061.35	127.741
97 	60   	-5553.53	-2101.27	-2061.35	212.893
98 	60   	-13022.3	-2173.5 	-2061.35	801.509
99 	60   	-8022.63	-2118.65	-2061.35	366.245
gen	depth	min     	avg     	max     	std    
0  	60   	-21836.8	-5270.27	-3085.61	1775.9 
1  	60   	-18751.3	-4202.42	-3085.61	862.035
2  	60   	-7618.99	-3793.3 	-3014.68	469.224
3  	60   	-174116 	-3877.23	-2890.64	7637.44
4  	60   	-6630.11	-3346.3 	-2788.93	348.994
5  	60   	-25162.4	-3267.95	-2632.26	1202.55
6  	60   	-18368.8	-3156.53	-2632.26	853.818
7  	60   	-4829.29	-2987.74	-2628.74	202.701
8  	60   	-10368.8	-2945.99	-2566.05	496.538
9  	60   	-4521.14	-2817.42	-2563.24	183.111
10 	60   	-8360.94	-2779.8 	-2511.3 	397.751
11 	60   	-13912.5	-2715.93	-2472.68	562.621
12 	60   	-7863.45	-2676.77	-2460.38	430.238
13 	60   	-6479.29	-2631.54	-2444.61	338.175
14 	60   	-13699.5	-2603.34	-2409.35	582.934
15 	60   	-8572.85	-2557.94	-2409.35	336.467
16 	60   	-4502.97	-2516.15	-2367.1 	199.987
17 	60   	-5362.43	-2478.75	-2367.1 	172.657
18 	60   	-6291.49	-2472.59	-2343.27	257.366
19 	60   	-4325.78	-2442.87	-2342.57	160.925
20 	60   	-4191.94	-2415.16	-2319.78	141.293
21 	60   	-8446.43	-2430.14	-2313.35	370.363
22 	60   	-5752.92	-2398.45	-2274.15	258.689
23 	60   	-10089.6	-2401.65	-2274.15	473.919
24 	60   	-4703.36	-2357.67	-2260.64	155.244
25 	60   	-9329.3 	-2371.4 	-2257.95	392.369
26 	60   	-6079.31	-2332.48	-2232.96	197.783
27 	60   	-5739.33	-2331.63	-2232.96	233.788
28 	60   	-4345.84	-2301.95	-2232.96	147.946
29 	60   	-5169.34	-2296.02	-2209.8 	182.8  
30 	60   	-7623.04	-2288.24	-2204.4 	272.738
31 	60   	-4738.65	-2285.42	-2204.4 	213.767
32 	60   	-6453.64	-2275.05	-2182.9 	283.425
33 	60   	-4547.68	-2260.58	-2178.64	169.954
34 	60   	-7946.47	-2260.27	-2177.37	316.075
35 	60   	-8117.34	-2247.91	-2166.09	312.038
36 	60   	-7183.12	-2247.09	-2163.52	308.377
37 	60   	-5952.06	-2217.53	-2157.89	218.76 
38 	60   	-5988.96	-2214.58	-2157.04	257.261
39 	60   	-10615.5	-2253.46	-2150.91	559.487
40 	60   	-8824.75	-2214.23	-2150.22	339.786
41 	60   	-3646.68	-2184.88	-2150.05	107.495
42 	60   	-6134.81	-2211.21	-2139.56	294.265
43 	60   	-4063.97	-2173.94	-2137.43	118.601
44 	60   	-4197.38	-2189.95	-2133.27	173.549
45 	60   	-10172.4	-2198.19	-2126.99	394.94 
46 	60   	-3277.44	-2160.51	-2118.15	90.3105
47 	60   	-6503.85	-2176.73	-2104.54	283.022
48 	60   	-5168.71	-2158.6 	-2104.54	164.212
49 	60   	-5380.43	-2156.33	-2101.45	201.385
50 	60   	-3484.59	-2136.44	-2099.53	92.496 
51 	60   	-3064.99	-2131.93	-2091.25	92.674 
52 	60   	-5394.23	-2153.55	-2091.25	234.146
53 	60   	-4945.32	-2141.16	-2090.55	239.269
54 	60   	-5205.13	-2129.41	-2087.04	183.287
55 	60   	-5793.37	-2134.95	-2082.57	228.972
56 	60   	-4777.96	-2126.71	-2082.57	213.565
57 	60   	-4621.66	-2126.57	-2080.08	191.472
58 	60   	-6361.93	-2138.66	-2080.08	285.513
59 	60   	-2943.69	-2103.05	-2078.55	73.5117
60 	60   	-7300.95	-2126.39	-2078.55	300.987
61 	60   	-3947.35	-2107.01	-2076.3 	115.692
62 	60   	-4018.63	-2111.17	-2075.6 	171.653
63 	60   	-4336.54	-2107.9 	-2075.25	145.925
64 	60   	-8053.55	-2127.04	-2071.95	337.114
65 	60   	-3538.11	-2109.3 	-2071.95	143.07 
66 	60   	-12199.2	-2145.23	-2071.25	589.006
67 	60   	-3320.52	-2095.57	-2067.95	101.375
68 	60   	-4686.52	-2099.12	-2066.46	148.899
69 	60   	-2922.19	-2096.46	-2066.42	105.144
70 	60   	-5645.74	-2094.2 	-2063.64	189.995
71 	60   	-3866.81	-2099.25	-2063.56	167.512
72 	60   	-3789.92	-2097.31	-2060.81	152.458
73 	60   	-3043.54	-2086.74	-2060.81	103.038
74 	60   	-12551.4	-2109.73	-2059.56	493.335
75 	60   	-2889.96	-2088.77	-2059.56	108.537
76 	60   	-4135.72	-2088.68	-2058.82	144.631
77 	60   	-14461.1	-2123.65	-2058.82	574.674
78 	60   	-5004.46	-2105.68	-2057.22	246.243
79 	60   	-3599.3 	-2081.12	-2056.89	113.031
80 	60   	-5646.49	-2102.32	-2056.57	228.165
81 	60   	-6202.39	-2102.33	-2052.41	327.028
82 	60   	-3677.88	-2083.54	-2052.41	130.735
83 	60   	-8991.6 	-2104.32	-2050.92	351.494
84 	60   	-6018.95	-2101.98	-2050.92	284.833
85 	60   	-7851.3 	-2098.46	-2050.47	309.053
86 	60   	-3857.78	-2070.53	-2042.65	128.35 
87 	60   	-8620.07	-2094.4 	-2042.65	320.94 
88 	60   	-4327.01	-2083.46	-2040.52	183.566
89 	60   	-4409.59	-2079.67	-2039.95	170.338
90 	60   	-7127.87	-2087.19	-2033.3 	270.271
91 	60   	-3181.49	-2064.75	-2032.83	91.3652
92 	60   	-4384.81	-2067.13	-2032.6 	146.057
93 	60   	-3017.98	-2058.12	-2028.48	94.0815
94 	60   	-4105.68	-2065.58	-2028.48	145.657
95 	60   	-7497.08	-2082.75	-2028.48	347.04 
96 	60   	-3605.33	-2065.28	-2028.48	148.828
97 	60   	-4404.87	-2062.8 	-2027.13	176.175
98 	60   	-5945.75	-2059.73	-2024.35	226.739
99 	60   	-4257.52	-2055.85	-2023.26	143.269
gen	depth	min     	avg     	max     	std    
0  	60   	-12457.5	-5337.16	-3120.53	1431.24
1  	60   	-11284.1	-4405.5 	-2973.66	741.063
2  	60   	-11890.6	-3998.72	-2910.43	706.879
3  	60   	-7998.62	-3673.5 	-2873.08	428.976
4  	60   	-19596.5	-3488.73	-2793.75	810.189
5  	60   	-12114.8	-3308.8 	-2749.54	565.613
6  	60   	-8368.97	-3129.85	-2725.71	347.239
7  	60   	-9622.82	-3025.02	-2681.28	424.14 
8  	60   	-44517.7	-3058.15	-2624.74	2120   
9  	60   	-8512.63	-2863.59	-2606.04	342.081
10 	60   	-12351.2	-2831.48	-2573   	620.299
11 	60   	-6532.83	-2759.88	-2549.46	288.066
12 	60   	-6087.11	-2740.97	-2544.68	314.73 
13 	60   	-5970.12	-2674.96	-2510.71	218.834
14 	60   	-5384.13	-2672.12	-2489.13	271.007
15 	60   	-8918.36	-2632.85	-2464.21	340.707
16 	60   	-4055.24	-2585.25	-2447.79	143.361
17 	60   	-6234.49	-2592.61	-2404.34	346.426
18 	60   	-7600.13	-2573.88	-2404.34	409.41 
19 	60   	-5118.27	-2518.11	-2389.38	183.167
20 	60   	-5313.51	-2490.36	-2369.54	190.642
21 	60   	-4705.83	-2467.64	-2363   	132.211
22 	60   	-24850.8	-2584.33	-2358.51	1461.93
23 	60   	-17200.8	-2519.81	-2345.25	797.139
24 	60   	-6715.21	-2441.69	-2322.71	301.908
25 	60   	-18294.7	-2440.34	-2312.45	733.455
26 	60   	-51076.8	-2490.72	-2299.62	2180.46
27 	60   	-7662.19	-2421.17	-2295.56	386.9  
28 	60   	-14481.8	-2394.88	-2260.8 	569.484
29 	60   	-9210.36	-2371.91	-2256.23	367.851
30 	60   	-4274.52	-2345.13	-2256.23	149.03 
31 	60   	-6952.81	-2333.65	-2254.9 	279.77 
32 	60   	-7374.22	-2359.08	-2254.9 	388.049
33 	60   	-4968.96	-2323.13	-2254.43	199.13 
34 	60   	-5757.67	-2305.98	-2238.81	215.967
35 	60   	-5178.63	-2299.71	-2232.65	207.448
36 	60   	-5466.73	-2294.42	-2226.79	245.324
37 	60   	-11210  	-2329.62	-2221.8 	596.247
38 	60   	-9769.07	-2287.64	-2212.14	374.084
39 	60   	-3548.02	-2258.2 	-2210.74	119.087
40 	60   	-3899.47	-2255.51	-2197.47	137.353
41 	60   	-4114.9 	-2247.66	-2196.59	138.709
42 	60   	-3573.96	-2232.99	-2192.46	93.0389
43 	60   	-18634.9	-2319.35	-2185.21	930.392
44 	60   	-6630.44	-2251.25	-2182.53	313.294
45 	60   	-4879   	-2229.81	-2181.98	159.235
46 	60   	-5850.41	-2223.55	-2173.24	193.017
47 	60   	-4148.05	-2222.41	-2167.83	169.305
48 	60   	-8178.18	-2229.14	-2166.79	344.558
49 	60   	-5162.8 	-2212.93	-2152.25	198.807
50 	60   	-5521.57	-2224.27	-2151.33	260.697
51 	60   	-3291.75	-2190.11	-2145.5 	87.136 
52 	60   	-3492.9 	-2187.01	-2139.01	110.969
53 	60   	-4986.76	-2199.34	-2139.01	245.46 
54 	60   	-3275.58	-2175.58	-2132.95	100.507
55 	60   	-5109.22	-2192.15	-2125.55	209.647
56 	60   	-4201.78	-2171.95	-2125.26	146.791
57 	60   	-31455.8	-2222.94	-2119.06	1314.92
58 	60   	-7696.48	-2180.87	-2115   	297.739
59 	60   	-3202.18	-2152.83	-2113.09	97.1813
60 	60   	-13928.1	-2207.73	-2106.52	608.033
61 	60   	-4589.83	-2152.75	-2104.84	172.875
62 	60   	-7935.18	-2161.97	-2102.23	321.74 
63 	60   	-6294.6 	-2153.52	-2097.91	248.676
64 	60   	-3058.07	-2132.34	-2097.91	93.2132
65 	60   	-3504.6 	-2125.04	-2095.71	96.7965
66 	60   	-3212.8 	-2131.88	-2088.9 	113.465
67 	60   	-8925.53	-2155.27	-2088.9 	380.306
68 	60   	-3539.32	-2120.58	-2088.9 	115.777
69 	60   	-8510.72	-2144.25	-2087.54	350.876
70 	60   	-6356.82	-2117.88	-2081.96	213.271
71 	60   	-25234  	-2189.18	-2081.81	1067.55
72 	60   	-3247.78	-2115.6 	-2081.81	116.616
73 	60   	-6411.37	-2136   	-2081.81	276.789
74 	60   	-5483.87	-2124.82	-2078.95	217.817
75 	60   	-11173.5	-2139.21	-2077.61	483.289
76 	60   	-3396.93	-2108.87	-2076.83	113.149
77 	60   	-4397.61	-2106.43	-2073.65	158.942
78 	60   	-6194.04	-2102.59	-2068.73	194.258
79 	60   	-3144.15	-2101.4 	-2068.73	107.212
80 	60   	-16985.4	-2121.69	-2066.73	669.577
81 	60   	-3304.46	-2103.23	-2066.73	131.362
82 	60   	-6442.93	-2115.01	-2066.56	279.629
83 	60   	-12601.7	-2128.32	-2064.6 	566.247
84 	60   	-7965.9 	-2117.83	-2059.13	349.56 
85 	60   	-3750.15	-2096.07	-2052.29	155.657
86 	60   	-5795.89	-2087.39	-2049.77	179.457
87 	60   	-4838.83	-2106.19	-2048.59	244.804
88 	60   	-6255.06	-2093.9 	-2046.38	245.818
89 	60   	-15456.6	-2137.11	-2044.11	719.745
90 	60   	-5300.04	-2092.93	-2043.8 	212.155
91 	60   	-23620.4	-2167.71	-2043.78	1171.64
92 	60   	-5519.29	-2086.55	-2042.78	205.576
93 	60   	-11495.4	-2103.85	-2041.92	473.518
94 	60   	-8316.28	-2095.21	-2040.3 	357.875
95 	60   	-9692.5 	-2098.8 	-2039.37	425.806
96 	60   	-3269.62	-2065.25	-2038.1 	112.617
97 	60   	-5481.14	-2075.9 	-2036.76	220.332
98 	60   	-5561.23	-2066.45	-2033.11	184.844
99 	60   	-3946.94	-2060.33	-2032.65	133.166
gen	depth	min     	avg     	max     	std    
0  	60   	-25017.7	-5487.36	-3199.18	1855.95
1  	60   	-21829.3	-4386.39	-3172.88	1281.97
2  	60   	-29100.6	-4035.1 	-2911.69	1856.31
3  	60   	-45341  	-3669.4 	-2894.46	2007.55
4  	60   	-9331.66	-3397.83	-2870.92	509.818
5  	60   	-8816.51	-3222.51	-2673.86	370.249
6  	60   	-35582.9	-3218.81	-2672.45	1905.91
7  	60   	-8109.56	-2997.86	-2653.45	354.555
8  	60   	-7662.62	-2909.88	-2613.93	361.675
9  	60   	-8218.61	-2836.52	-2603.21	365.18 
10 	60   	-5216.25	-2760.86	-2584.42	167.436
11 	60   	-9904.39	-2739.37	-2533.94	448.329
12 	60   	-4776.96	-2695.07	-2517.13	179.207
13 	60   	-7313.72	-2678.76	-2512.17	348.271
14 	60   	-10596.9	-2688.57	-2481.5 	611.768
15 	60   	-7721.71	-2629.71	-2441.2 	325.218
16 	60   	-7472.62	-2568.76	-2398.93	271.34 
17 	60   	-4904.81	-2551.53	-2398.23	218.926
18 	60   	-6829.44	-2521   	-2352.62	283.141
19 	60   	-7244.73	-2518.53	-2352.62	349.871
20 	60   	-4604.82	-2483.44	-2352.62	201.029
21 	60   	-81240.7	-2651.47	-2352.62	3567.63
22 	60   	-3899.72	-2432.8 	-2352.62	121.162
23 	60   	-3931.65	-2425.64	-2330.45	150.695
24 	60   	-16973.6	-2456.37	-2319.43	732.573
25 	60   	-6268.71	-2412.47	-2302.36	288.496
26 	60   	-3928.09	-2377.98	-2279.11	116.382
27 	60   	-16857  	-2451.54	-2248.07	941.619
28 	60   	-4451.23	-2356.26	-2246.99	173.415
29 	60   	-6632.4 	-2351.8 	-2242.27	322.264
30 	60   	-7106.24	-2326.46	-2237.4 	275.563
31 	60   	-13847.5	-2334.87	-2229.57	567.543
32 	60   	-4606.58	-2297.07	-2217.62	188.282
33 	60   	-6518.37	-2288.97	-2207.35	274.082
34 	60   	-15686  	-2304.58	-2206.42	630.728
35 	60   	-4715.84	-2261.04	-2196.98	166.282
36 	60   	-4170.4 	-2257.67	-2187.54	163.679
37 	60   	-9274.62	-2253.87	-2187.54	339.738
38 	60   	-7026.97	-2252.01	-2185.15	275.68 
39 	60   	-16813.4	-2293.55	-2175.86	781.942
40 	60   	-3245.99	-2221.14	-2175.86	98.226 
41 	60   	-4594.76	-2235.16	-2171.95	210.392
42 	60   	-7030.11	-2244.78	-2167.06	314.559
43 	60   	-11684.9	-2261.23	-2161.91	577.271
44 	60   	-5250.39	-2211.14	-2154.64	176.096
45 	60   	-10532.6	-2228   	-2154.64	411.907
46 	60   	-7195.14	-2209.96	-2150.59	275.983
47 	60   	-21587.1	-2257.97	-2150.59	919.796
48 	60   	-5719.35	-2205.59	-2146.34	231.795
49 	60   	-10931.5	-2251.03	-2144.34	631.571
50 	60   	-3031.9 	-2173.86	-2130.99	79.613 
51 	60   	-5415.65	-2188.76	-2130.99	210.56 
52 	60   	-18157.7	-2273.36	-2130.99	990.151
53 	60   	-5436.24	-2189.37	-2130.29	222.821
54 	60   	-7465.17	-2194.9 	-2130.29	365.035
55 	60   	-4215.93	-2180.17	-2128.62	184.253
56 	60   	-39983.3	-2276.63	-2128.6 	1728.4 
57 	60   	-5960.51	-2180.03	-2127.68	259.759
58 	60   	-5067.12	-2175.22	-2124.26	220.398
59 	60   	-4274.24	-2172   	-2123.92	206.052
60 	60   	-9451.5 	-2177.61	-2122.99	354.565
61 	60   	-4266.78	-2166.9 	-2122.98	189.99 
62 	60   	-3125.72	-2149.54	-2118.48	88.1444
63 	60   	-4268.27	-2159.54	-2115.09	162.586
64 	60   	-3183.71	-2142.16	-2114.39	84.0592
65 	60   	-4437.97	-2150.41	-2113.25	170.393
66 	60   	-6145.96	-2154.13	-2113.25	223.738
67 	60   	-6910.92	-2173.76	-2112.87	342.412
68 	60   	-4425.58	-2153.31	-2112.2 	190.195
69 	60   	-19020.6	-2196.44	-2112.2 	822.631
70 	60   	-5052.96	-2139.56	-2111.86	166.237
71 	60   	-2902.4 	-2133.22	-2111.86	86.8   
72 	60   	-6174.22	-2155.39	-2111.16	241.59 
73 	60   	-5416.3 	-2152.78	-2111.16	219.053
74 	60   	-12124.6	-2225.97	-2111.16	738.361
75 	60   	-6779.6 	-2156.38	-2107.58	277.128
76 	60   	-11052.4	-2173.3 	-2104.36	473.383
77 	60   	-3285.66	-2133.58	-2103.09	98.9695
78 	60   	-7799.13	-2162.26	-2102.39	310.745
79 	60   	-16322.7	-2203.75	-2101.76	925.201
80 	60   	-3340.06	-2132.99	-2101.38	118.461
81 	60   	-6057.15	-2160   	-2101.07	305.292
82 	60   	-7393.86	-2165.55	-2100.37	344.203
83 	60   	-7222.23	-2140   	-2100.37	275.831
84 	60   	-5541.11	-2139.26	-2098.93	223.728
85 	60   	-3543.22	-2133.17	-2098.31	147.029
86 	60   	-5369.34	-2133.38	-2089.87	202.572
87 	60   	-5370.04	-2135.08	-2089.87	200.174
88 	60   	-8688.8 	-2143.61	-2089.18	369.144
89 	60   	-4605.7 	-2140.68	-2089.18	219.131
90 	60   	-4980.78	-2139.04	-2088.39	225.731
91 	60   	-5577.68	-2129.56	-2080.23	223.022
92 	60   	-4429.35	-2130.14	-2080.23	195.26 
93 	60   	-6832.62	-2153.4 	-2076   	358.16 
94 	60   	-8938.42	-2125.17	-2073.83	337.098
95 	60   	-5113.53	-2118.86	-2073.32	191.165
96 	60   	-3498.17	-2109.01	-2071.39	140.48 
97 	60   	-4811.51	-2123.28	-2070.42	232.06 
98 	60   	-6527.87	-2115.82	-2067.99	272.688
99 	60   	-5038.76	-2115.85	-2067.63	236.942
gen	depth	min     	avg     	max     	std    
0  	60   	-14071.9	-5294.46	-3227.17	1678.71
1  	60   	-11073.6	-4321.69	-3075.18	808.529
2  	60   	-19677.3	-3899.69	-2943.34	919.756
3  	60   	-9312.93	-3565.97	-2943.34	478.226
4  	60   	-56966.5	-3457.42	-2843.68	2426.85
5  	60   	-7424.78	-3220.21	-2580.77	374.223
6  	60   	-6475.93	-3118.98	-2571.51	299.972
7  	60   	-18968.5	-3031.62	-2568.49	755.599
8  	60   	-9401.21	-2914.3 	-2497.08	417.711
9  	60   	-6985.23	-2781.8 	-2463.39	277.994
10 	60   	-6998.36	-2688.96	-2463.39	271.363
11 	60   	-6838.8 	-2618.12	-2415.92	234.402
12 	60   	-27240  	-2637.95	-2401.23	1164.79
13 	60   	-7590.39	-2546.19	-2391.49	344.334
14 	60   	-4454.17	-2506.53	-2352.07	193.409
15 	60   	-7503.47	-2497.69	-2338.3 	360.896
16 	60   	-6781.14	-2455.31	-2335.26	249.998
17 	60   	-15252.7	-2484.57	-2318.64	684.365
18 	60   	-17743.6	-2467.51	-2308.96	813.681
19 	60   	-3977.94	-2398.72	-2284.9 	172.751
20 	60   	-3715.61	-2380.19	-2275.06	154.458
21 	60   	-8596.62	-2377.2 	-2273.2 	332.83 
22 	60   	-6816.47	-2364.74	-2271.43	323.342
23 	60   	-3610.59	-2324.08	-2258.51	113.966
24 	60   	-5198.15	-2331.23	-2250.89	233.739
25 	60   	-3707.64	-2308.48	-2234.18	135.042
26 	60   	-41411.4	-2441.03	-2230.88	1933.11
27 	60   	-6690.37	-2298.29	-2228.28	225.625
28 	60   	-4569.38	-2298.6 	-2222.12	198.549
29 	60   	-4541.2 	-2279.81	-2217.82	189.233
30 	60   	-4188.85	-2262.94	-2215.57	137.067
31 	60   	-8146.08	-2307.75	-2215.57	450.858
32 	60   	-6123.62	-2270.62	-2214.74	264.869
33 	60   	-3691.63	-2256.98	-2208.2 	142.233
34 	60   	-3873.28	-2246.91	-2208.2 	136.495
35 	60   	-3752.1 	-2245   	-2207.69	133.232
36 	60   	-6360.72	-2259.28	-2206.86	258.22 
37 	60   	-4110.8 	-2233.72	-2202.77	137.365
38 	60   	-3640.51	-2240.68	-2201.2 	127.583
39 	60   	-3516.3 	-2230.28	-2194.99	104.45 
40 	60   	-6457.27	-2256.11	-2183.22	325.093
41 	60   	-15376.8	-2267.25	-2162.81	639.89 
42 	60   	-8551.13	-2241.45	-2151.8 	307.931
43 	60   	-11289.1	-2271.43	-2143.62	611.879
44 	60   	-3838.18	-2212.67	-2123.94	146.043
45 	60   	-3037.4 	-2186.94	-2123.94	80.2747
46 	60   	-6610.44	-2200.8 	-2105.64	310.837
47 	60   	-4362.59	-2172.64	-2104.82	134.905
48 	60   	-3819.71	-2180.37	-2103.42	165.013
49 	60   	-4921.12	-2175.48	-2100.84	205.184
50 	60   	-7707.26	-2173.01	-2097.8 	296.736
51 	60   	-3833.06	-2142.63	-2097.8 	136.89 
52 	60   	-7479.64	-2147.92	-2095.84	345.509
53 	60   	-3169.55	-2123.68	-2094.74	84.5204
54 	60   	-3289.88	-2125.59	-2093.43	100.228
55 	60   	-3145.18	-2121.77	-2089.08	100.713
56 	60   	-5700.48	-2130.81	-2087.68	230.693
57 	60   	-5094.93	-2128.43	-2082.88	212.208
58 	60   	-8696.84	-2155.29	-2082.88	366.445
59 	60   	-12003.6	-2136.3 	-2082.38	466.596
60 	60   	-6473.98	-2142.78	-2081.99	323.444
61 	60   	-5139.24	-2121.86	-2081.99	198.895
62 	60   	-5007.79	-2110.99	-2081.22	167.455
63 	60   	-4258.1 	-2115.08	-2080.91	183.797
64 	60   	-5046.44	-2115.91	-2080.91	179.477
65 	60   	-7871.24	-2127.31	-2078.23	311.271
66 	60   	-3701.14	-2100.61	-2076.24	121.974
67 	60   	-7568.53	-2117.61	-2076.19	300.986
68 	60   	-4172.06	-2110.4 	-2075.54	161.23 
69 	60   	-5267.07	-2119.76	-2074.4 	234.525
70 	60   	-8256.19	-2136.13	-2073.49	437.548
71 	60   	-4575.86	-2113.93	-2072.74	184.231
72 	60   	-8280.21	-2118.71	-2067.46	353.009
73 	60   	-8911.11	-2115.86	-2062.78	327.3  
74 	60   	-10805  	-2119.77	-2062.78	418.944
75 	60   	-4709.41	-2101.68	-2060.36	159.489
76 	60   	-8013.8 	-2109.87	-2057.28	328.446
77 	60   	-4923.8 	-2112.96	-2057.28	224.19 
78 	60   	-5955.28	-2096.7 	-2051.4 	227.102
79 	60   	-4153.01	-2085.04	-2051.4 	133.492
80 	60   	-7438.61	-2105.09	-2048.72	298.691
81 	60   	-3815.8 	-2086.1 	-2047.79	144.439
82 	60   	-5390.33	-2091.81	-2046.22	215.734
83 	60   	-5048.84	-2072.53	-2046.14	151.106
84 	60   	-4011.49	-2080.62	-2043.97	153.821
85 	60   	-7143.8 	-2097.57	-2043.2 	334.78 
86 	60   	-3578.8 	-2075.9 	-2039.84	132.694
87 	60   	-6957.33	-2108.31	-2039.84	402.722
88 	60   	-4528.23	-2077.04	-2038.41	183.843
89 	60   	-4338.62	-2085.21	-2038.41	203.441
90 	60   	-6010.53	-2078.76	-2038.24	258.248
91 	60   	-3990.83	-2083.68	-2037.15	182.836
92 	60   	-8363.72	-2107.44	-2029.9 	419.102
93 	60   	-4620.87	-2069.18	-2027.9 	150.144
94 	60   	-4507.85	-2065.66	-2027.2 	158.544
95 	60   	-4137.11	-2066.33	-2027.2 	135.647
96 	60   	-7254.04	-2081.77	-2026.32	363.203
97 	60   	-6585.23	-2069.44	-2025.76	265.808
98 	60   	-3074.92	-2047.98	-2024.37	85.7002
99 	60   	-26401  	-2155.26	-2023.76	1402.58
gen	depth	min     	avg     	max     	std    
0  	60   	-18892.5	-5402.67	-3177.58	1797.98
1  	60   	-7645.1 	-4242.88	-3177.58	655.726
2  	60   	-11320.1	-3828.52	-2954.11	649.153
3  	60   	-9959.74	-3537.71	-2945.67	457.778
4  	60   	-14160.4	-3404.21	-2780.98	694.036
5  	60   	-57722.5	-3358.72	-2780.98	2503.89
6  	60   	-8826.94	-3152.8 	-2721.48	438.745
7  	60   	-6804   	-3032.61	-2695.59	287.987
8  	60   	-17893.1	-3046.13	-2621.67	1066.93
9  	60   	-4961.55	-2858.38	-2608.21	176.615
10 	60   	-4946.66	-2798.93	-2534.86	183.404
11 	60   	-6442.32	-2741.09	-2534.86	215.239
12 	60   	-7264.74	-2720.04	-2503.69	364.512
13 	60   	-15626.5	-2729.81	-2426.29	724.127
14 	60   	-14736.8	-2666.06	-2424.57	685.848
15 	60   	-6466.5 	-2602   	-2419.45	262.865
16 	60   	-4208.71	-2567.57	-2368.59	171.592
17 	60   	-9539.45	-2557.05	-2367.37	423.699
18 	60   	-8843.57	-2525.06	-2348.25	352.476
19 	60   	-18712.2	-2544.95	-2328.79	827.363
20 	60   	-5755.37	-2464   	-2306.39	250.238
21 	60   	-12430  	-2466.42	-2277.68	534.646
22 	60   	-10865.2	-2415.08	-2277.68	397.076
23 	60   	-7887.65	-2413.4 	-2277.68	338.993
24 	60   	-4439.09	-2364.17	-2276.1 	148.093
25 	60   	-5273.69	-2346.67	-2267.05	171.99 
26 	60   	-3977.4 	-2334.83	-2261.61	172.234
27 	60   	-6844.57	-2333.27	-2243.38	274.636
28 	60   	-4381.19	-2312.51	-2237.22	161.087
29 	60   	-28725  	-2375.08	-2235.21	1241.51
30 	60   	-4486.5 	-2299.12	-2234.6 	185.169
31 	60   	-4993.39	-2291.87	-2229.99	167.655
32 	60   	-3127.27	-2274.5 	-2205.59	114.987
33 	60   	-4378.04	-2266.99	-2205.59	163.409
34 	60   	-4076   	-2265.88	-2205.38	159.587
35 	60   	-3483.97	-2250.24	-2200.01	97.0232
36 	60   	-3955.41	-2251.93	-2190.7 	152.105
37 	60   	-3900.89	-2248.79	-2187.02	148.773
38 	60   	-5770.24	-2260.22	-2185.69	238.909
39 	60   	-6593.43	-2244.96	-2176.01	252.764
40 	60   	-4635.07	-2237.32	-2175.64	188.316
41 	60   	-2928.18	-2210.4 	-2164.86	75.6366
42 	60   	-3564.72	-2213.5 	-2164.54	129.268
43 	60   	-10135.4	-2229.36	-2164.54	420.215
44 	60   	-4427.49	-2210.94	-2164.54	159.476
45 	60   	-7735.4 	-2222.85	-2154.25	352.477
46 	60   	-8187.32	-2241.71	-2153.96	444.079
47 	60   	-9147.68	-2236.81	-2153.96	553.745
48 	60   	-9183.02	-2214.57	-2149.55	414.668
49 	60   	-6064.53	-2216.63	-2145.58	327.711
50 	60   	-6165.5 	-2185.83	-2145.58	208.769
51 	60   	-3716.6 	-2178.57	-2140.01	134.116
52 	60   	-6237.33	-2180.03	-2139.86	249.642
53 	60   	-5092.98	-2176.83	-2131.59	167.746
54 	60   	-18152.6	-2260.52	-2131.59	877.377
55 	60   	-5630.19	-2181.32	-2131.59	247.175
56 	60   	-5239.29	-2188.01	-2124.25	248.817
57 	60   	-4073.13	-2179.1 	-2124.25	203.972
58 	60   	-3636.26	-2162.01	-2121.86	119.512
59 	60   	-3352.22	-2154.75	-2118.65	105.505
60 	60   	-6598.42	-2181.7 	-2117.21	326.107
61 	60   	-7186.72	-2171.07	-2115.5 	294.928
62 	60   	-4660.96	-2142.84	-2115.44	132.844
63 	60   	-4702.22	-2160.46	-2109.95	217.485
64 	60   	-10257.1	-2155.73	-2107.94	396.984
65 	60   	-4875.25	-2158.98	-2104.91	212.318
66 	60   	-8833   	-2159.04	-2104.91	350.584
67 	60   	-4237.32	-2148.36	-2102.9 	156.639
68 	60   	-14460.8	-2173.55	-2100.67	591.127
69 	60   	-4154.29	-2137.58	-2096.62	159.694
70 	60   	-7428.08	-2149.32	-2096.18	303.426
71 	60   	-3273.81	-2118.22	-2093.36	87.7348
72 	60   	-4078.32	-2129.04	-2091.36	133.717
73 	60   	-35558  	-2344.34	-2091.36	2183.55
74 	60   	-5660.11	-2127.19	-2089.54	190.739
75 	60   	-3811.38	-2121.99	-2088.71	137.824
76 	60   	-5134.39	-2132.61	-2087.51	250.084
77 	60   	-3936.23	-2115.19	-2087.51	123.178
78 	60   	-3552.7 	-2107.41	-2087.51	100.456
79 	60   	-7771.82	-2149.08	-2085.6 	415.128
80 	60   	-5123.23	-2125.15	-2085.6 	205.608
81 	60   	-5200.94	-2130.39	-2082.24	252.103
82 	60   	-3425.39	-2111.14	-2080.78	114.657
83 	60   	-5900.27	-2114.27	-2079.62	198.301
84 	60   	-9056.31	-2140.09	-2079.62	409.4  
85 	60   	-3274.68	-2112.56	-2077.86	123.232
86 	60   	-3869.14	-2109.32	-2077.73	131.582
87 	60   	-4146.64	-2113.56	-2074.93	169.556
88 	60   	-3352.29	-2117.81	-2074.93	151.682
89 	60   	-7639.65	-2128.56	-2074.91	347.679
90 	60   	-4699.04	-2120.06	-2072.36	205.438
91 	60   	-4803.32	-2117.82	-2071.79	209.085
92 	60   	-4659.09	-2110.08	-2071.79	192.044
93 	60   	-5414.42	-2107.88	-2069.14	209.071
94 	60   	-4233.9 	-2099.83	-2069.14	141.335
95 	60   	-2935.9 	-2092.21	-2069.04	90.0339
96 	60   	-5556.63	-2101.11	-2068.51	216.681
97 	60   	-10553  	-2123.69	-2067.73	434.175
98 	60   	-2805.66	-2090.15	-2066.12	81.8686
99 	60   	-18973  	-2154.46	-2064.39	847.189
gen	depth	min     	avg     	max     	std    
0  	60   	-27325.1	-5331.4 	-3161.97	2064.56
1  	60   	-47201.9	-4408.52	-2934.4 	2282.01
2  	60   	-6564.79	-3742.19	-2825.66	476.055
3  	60   	-17695.4	-3557.6 	-2814.69	972.317
4  	60   	-18168  	-3306.22	-2736.05	839.147
5  	60   	-4497.84	-3089.44	-2694.98	196.501
6  	60   	-10774.3	-2990.39	-2611.29	384.076
7  	60   	-30510.7	-3042.39	-2611.29	1509.86
8  	60   	-6874.69	-2821.74	-2585.49	239.139
9  	60   	-4486.7 	-2742.24	-2533.4 	139.725
10 	60   	-13034.5	-2742.94	-2475.94	542.238
11 	60   	-5144.02	-2676.82	-2459.03	231.301
12 	60   	-13932.4	-2658.7 	-2449.3 	538.269
13 	60   	-23982.5	-2714.98	-2437.19	1267.51
14 	60   	-5789.76	-2590.09	-2376.24	303.573
15 	60   	-7924.44	-2556.46	-2364.79	369.552
16 	60   	-7768.62	-2539.75	-2356.96	382.496
17 	60   	-16514.3	-2502.38	-2342.43	659.802
18 	60   	-11697.5	-2498.36	-2308.25	604.739
19 	60   	-4232.76	-2410.32	-2301.92	169.268
20 	60   	-6772.56	-2406.34	-2278.51	301.121
21 	60   	-3479.08	-2362.85	-2272.89	104.085
22 	60   	-8449.47	-2369.48	-2266.9 	306.779
23 	60   	-11546.4	-2385.09	-2264.07	543.09 
24 	60   	-7004.09	-2331.17	-2256.61	241.894
25 	60   	-5671.64	-2329.51	-2245.01	225.872
26 	60   	-4234.99	-2301.54	-2239.61	141.004
27 	60   	-10478.2	-2337.53	-2229.52	600.77 
28 	60   	-14364.5	-2314.13	-2223.54	566.154
29 	60   	-9953.34	-2307.88	-2210.04	410.799
30 	60   	-3783.31	-2266.47	-2196.55	130.662
31 	60   	-9014.99	-2281.43	-2176.42	386.603
32 	60   	-6005.39	-2251.31	-2175.04	207.822
33 	60   	-15267.6	-2279.61	-2174.9 	667.6  
34 	60   	-7090   	-2253.6 	-2157.03	325.279
35 	60   	-6771.23	-2229.84	-2151.32	250.945
36 	60   	-9242.09	-2250.55	-2151.32	412.076
37 	60   	-3969.3 	-2209.41	-2151.32	151.536
38 	60   	-4090.94	-2202.56	-2144.07	147.358
39 	60   	-8723.8 	-2236.36	-2135.06	504.184
40 	60   	-4446.23	-2207.26	-2135.06	214.685
41 	60   	-4825.82	-2189.66	-2131.94	193.255
42 	60   	-12431.6	-2212.36	-2126.99	520.751
43 	60   	-6774.96	-2177   	-2122.43	237.652
44 	60   	-6183.96	-2173.86	-2117.25	216.401
45 	60   	-48403.5	-2255.22	-2111.93	2076.28
46 	60   	-5514.11	-2163.02	-2111.76	197.787
47 	60   	-17477.7	-2214.08	-2109.71	917.714
48 	60   	-3766.35	-2141.55	-2108.1 	117.772
49 	60   	-4028.78	-2161.01	-2108.1 	196.206
50 	60   	-4621.95	-2156.87	-2105.82	205.671
51 	60   	-4097.8 	-2132.48	-2103.02	130.125
52 	60   	-4102.42	-2138.02	-2102.09	159.483
53 	60   	-4006.61	-2145.78	-2100.05	174.386
54 	60   	-4973.59	-2140.38	-2099.89	199.166
55 	60   	-4255.28	-2123.57	-2094.55	123.444
56 	60   	-2858.76	-2116.65	-2092.15	69.7257
57 	60   	-3235.38	-2113.79	-2092.15	83.1536
58 	60   	-4336.6 	-2132   	-2090.53	174.761
59 	60   	-4038.64	-2127.31	-2088.34	148.923
60 	60   	-4710.32	-2123.84	-2086.69	169.129
61 	60   	-4344.87	-2129.22	-2085.8 	183.668
62 	60   	-26605.3	-2198.6 	-2080.13	1204.7 
63 	60   	-3614.34	-2114.47	-2080.13	136.27 
64 	60   	-9840.86	-2158.31	-2080.13	486.392
65 	60   	-5954.82	-2124.3 	-2077.01	265.488
66 	60   	-4940.04	-2122.93	-2076.91	203.121
67 	60   	-5366.91	-2119.34	-2074.14	233.082
68 	60   	-3542.49	-2108.47	-2069.46	128.124
69 	60   	-2960.77	-2103.49	-2069.46	101.175
70 	60   	-5851.32	-2111.61	-2069.46	243.671
71 	60   	-12855.7	-2163.55	-2065.47	595.645
72 	60   	-5497.38	-2109.06	-2061.33	251.504
73 	60   	-5618.69	-2101.66	-2060.98	233.105
74 	60   	-3369.1 	-2089.14	-2055.64	107.339
75 	60   	-4372.51	-2099.53	-2055.64	190    
76 	60   	-4471.69	-2102.02	-2053.28	186.36 
77 	60   	-5004.09	-2099.85	-2049.4 	214.12 
78 	60   	-21635.8	-2174.78	-2046.75	1033.98
79 	60   	-3034.63	-2080.32	-2045.1 	106.728
80 	60   	-24920.5	-2255.91	-2041.77	1702.33
81 	60   	-8002.79	-2102.61	-2040.97	371.007
82 	60   	-4400.74	-2072.61	-2036.83	151.199
83 	60   	-4830.33	-2078.48	-2031.75	173.291
84 	60   	-7727.07	-2079.2 	-2031.75	294.496
85 	60   	-3316.28	-2067.05	-2029.94	119.814
86 	60   	-10942.3	-2103.27	-2028.59	485.3  
87 	60   	-6538.14	-2081.24	-2026.65	269.287
88 	60   	-3934.19	-2061.05	-2025.5 	155.325
89 	60   	-4733.11	-2060.36	-2023.03	191.757
90 	60   	-8187.64	-2118.45	-2023.03	540.9  
91 	60   	-4812.2 	-2070.97	-2022.34	224.508
92 	60   	-6369.5 	-2067.72	-2020.55	270.808
93 	60   	-4892.36	-2048.73	-2019.99	152.19 
94 	60   	-16286.8	-2084.06	-2019.1 	660.121
95 	60   	-4149.99	-2045.81	-2018.94	160.845
96 	60   	-2893.12	-2043.73	-2018.02	98.1686
97 	60   	-3599.54	-2043.63	-2017.49	129.563
98 	60   	-9780.09	-2080.11	-2016.32	438.827
99 	60   	-3234.6 	-2037.81	-2016.09	108.079
gen	depth	min     	avg     	max     	std    
0  	60   	-57035  	-5456.85	-2968.02	2751.85
1  	60   	-7958.37	-4345.78	-2930.57	714.414
2  	60   	-12317.4	-3916.35	-2859.66	677.978
3  	60   	-19271.4	-3608.51	-2841.62	1067.18
4  	60   	-13241.7	-3350.04	-2664.15	630.732
5  	60   	-57280  	-3380.33	-2655.35	2737.33
6  	60   	-9151.28	-3013.43	-2587.63	408.089
7  	60   	-9482.08	-2898.53	-2558.12	364.176
8  	60   	-5131.47	-2816.14	-2558.12	216.527
9  	60   	-69640.3	-2918.31	-2558.12	3036.39
10 	60   	-7870.16	-2702.67	-2535.26	349.49 
11 	60   	-15071.2	-2706.14	-2517.66	673.975
12 	60   	-5264.35	-2624.83	-2506.55	206.111
13 	60   	-5811.84	-2623.48	-2466.02	271.108
14 	60   	-14488  	-2675.04	-2451.84	910.117
15 	60   	-33299.7	-2663.75	-2427.93	1424.5 
16 	60   	-54561.2	-2726.16	-2405.25	2599.27
17 	60   	-18382.4	-2575.12	-2386.66	837.166
18 	60   	-5205.19	-2498.71	-2370.19	163.971
19 	60   	-6417.76	-2515.26	-2330.78	362.77 
20 	60   	-10116.7	-2484.15	-2330.78	411.319
21 	60   	-9577.2 	-2447.7 	-2311.75	361.615
22 	60   	-9044.85	-2427.83	-2311.6 	343.689
23 	60   	-19346.1	-2453.45	-2298.28	826.207
24 	60   	-6967.41	-2389.06	-2285.53	286.789
25 	60   	-6515.61	-2382.55	-2280.51	310.61 
26 	60   	-4712.05	-2352.42	-2271.21	164.244
27 	60   	-6178.08	-2354.79	-2260.67	286.793
28 	60   	-6525.3 	-2352.12	-2250   	328.408
29 	60   	-5337.76	-2327.33	-2243.6 	231.045
30 	60   	-7617.25	-2344   	-2243.27	406.103
31 	60   	-4186.6 	-2307.16	-2236.49	204.513
32 	60   	-5189.33	-2310.45	-2235.53	282.813
33 	60   	-6281.32	-2286.27	-2233.09	238.789
34 	60   	-5643.5 	-2288.04	-2231.73	250.491
35 	60   	-6956.42	-2291.3 	-2222.19	339.288
36 	60   	-7584.63	-2289.71	-2216.9 	375.077
37 	60   	-3935.75	-2267.03	-2201.81	162.809
38 	60   	-9808.71	-2291.41	-2198.01	446.226
39 	60   	-3890.25	-2252.65	-2193.78	126.214
40 	60   	-4900.35	-2254.23	-2191.73	183.494
41 	60   	-6971.1 	-2261.77	-2186.27	347.739
42 	60   	-19605  	-2269.43	-2186.27	785.841
43 	60   	-8813.04	-2247.36	-2184.39	342.678
44 	60   	-6200.46	-2251.89	-2180.92	313.592
45 	60   	-10400.8	-2268.97	-2176.44	584.956
46 	60   	-3842.94	-2219.47	-2172.4 	154.011
47 	60   	-6153.5 	-2234.24	-2171.18	248.78 
48 	60   	-4901.53	-2219.42	-2157.45	202.017
49 	60   	-6885.64	-2216.35	-2157.45	243.793
50 	60   	-9003.91	-2274.47	-2157.45	567.966
51 	60   	-6137.02	-2228.09	-2154.76	320.325
52 	60   	-6920.74	-2226.42	-2151.38	338.552
53 	60   	-7186.84	-2215.34	-2149.76	316.251
54 	60   	-3150.79	-2179.7 	-2149.06	86.0595
55 	60   	-5513.62	-2197.88	-2147.56	218.742
56 	60   	-13566.1	-2236.18	-2143.39	673.857
57 	60   	-8029.07	-2219.13	-2143.39	409.442
58 	60   	-3516.55	-2174.08	-2143.39	116.174
59 	60   	-8760.48	-2200.99	-2143.39	360.217
60 	60   	-4423.61	-2182.22	-2142.23	177.099
61 	60   	-3501.47	-2173.56	-2140.41	123.11 
62 	60   	-7680.02	-2199.42	-2140.41	342.931
63 	60   	-4887.02	-2177.08	-2140.41	194.184
64 	60   	-16925.5	-2215   	-2140.41	748.154
65 	60   	-4146.78	-2174.15	-2140.41	178.895
66 	60   	-17864.8	-2213.12	-2139.71	782.462
67 	60   	-24099.9	-2264.63	-2139.71	1088.55
68 	60   	-5068.61	-2178.35	-2139.71	214.176
69 	60   	-3301.45	-2159.23	-2139.71	87.131 
70 	60   	-8930.21	-2194.64	-2134.1 	373.405
71 	60   	-3005.94	-2155.39	-2134.1 	79.3766
72 	60   	-5483.02	-2187.48	-2134.1 	272.392
73 	60   	-3353.61	-2165.28	-2133.04	122.692
74 	60   	-3313.6 	-2169.8 	-2133.04	132.607
75 	60   	-4767.33	-2179.24	-2132.92	204.104
76 	60   	-13842.5	-2206.01	-2132.92	580.787
77 	60   	-3798.99	-2175.61	-2130.54	168.543
78 	60   	-12771.6	-2228.11	-2130.54	793.993
79 	60   	-6031.14	-2165.66	-2130.54	242.143
80 	60   	-4155.32	-2166.13	-2130.54	166.879
81 	60   	-4491.41	-2160.88	-2128.21	143.102
82 	60   	-2947.4 	-2152   	-2128.21	82.8053
83 	60   	-12157.7	-2228.47	-2126.26	692.244
84 	60   	-4719.26	-2165.15	-2126.26	192.886
85 	60   	-5299.45	-2180.91	-2120.54	274.93 
86 	60   	-3410.63	-2154.99	-2120.54	116.719
87 	60   	-6476.96	-2179.61	-2113.34	327.976
88 	60   	-5168.42	-2154.45	-2113.34	186.604
89 	60   	-6472.31	-2167.9 	-2113.34	303.97 
90 	60   	-9261.44	-2163.34	-2111.63	382.212
91 	60   	-3754.2 	-2147.16	-2110.53	134.075
92 	60   	-46537.4	-2243.91	-2102.27	2007.33
93 	60   	-7382.71	-2175.54	-2102.27	365.226
94 	60   	-4921.36	-2145.14	-2101.57	200.82 
95 	60   	-18910.7	-2220.13	-2093.54	894.864
96 	60   	-6445.43	-2146.42	-2084.32	267.229
97 	60   	-3453.23	-2128.72	-2084.32	122.279
98 	60   	-8473.33	-2154.47	-2082.52	400.882
99 	60   	-9380.69	-2150.75	-2079.95	377.717
gen	depth	min     	avg     	max     	std    
0  	60   	-35994.3	-5294.99	-3055.02	2315.79
1  	60   	-7223.7 	-4234.47	-2980.98	698.369
2  	60   	-16985.3	-3784.1 	-2980.98	841.362
3  	60   	-30610.4	-3686.77	-2843.2 	1825.97
4  	60   	-6410.57	-3316.26	-2800.06	334.189
5  	60   	-18937  	-3193.35	-2664.98	808.526
6  	60   	-24646.4	-3166.45	-2662.29	1372.89
7  	60   	-14999.3	-3023.69	-2611.25	816.491
8  	60   	-9995.8 	-2894.72	-2523.51	479.376
9  	60   	-7218.11	-2826.52	-2523.51	362.297
10 	60   	-13746.4	-2785.5 	-2481.43	638.247
11 	60   	-5194.06	-2682.75	-2467.95	171.48 
12 	60   	-9161.47	-2677.83	-2428.93	393.352
13 	60   	-4176.14	-2589.76	-2428.93	113.964
14 	60   	-5984.65	-2581.69	-2388.17	267.347
15 	60   	-4072.69	-2532.33	-2388.17	156.39 
16 	60   	-8803.77	-2533.22	-2371.92	364.953
17 	60   	-5393.02	-2490.05	-2337.4 	199.031
18 	60   	-4713   	-2455.97	-2337.4 	156.094
19 	60   	-8189.03	-2448.96	-2330.21	331.05 
20 	60   	-4169.64	-2406.17	-2312.99	111.752
21 	60   	-4114.88	-2399.37	-2290.68	162.65 
22 	60   	-7274.84	-2420.66	-2290.68	393.52 
23 	60   	-18913.5	-2393.15	-2285.01	756.164
24 	60   	-8488.17	-2374.26	-2272.4 	338.142
25 	60   	-13224.9	-2365.73	-2249.37	573.787
26 	60   	-2977.07	-2307.43	-2239.42	62.2732
27 	60   	-5497.86	-2318.84	-2204.54	241.403
28 	60   	-3167.78	-2286.34	-2201.5 	94.3817
29 	60   	-5618.23	-2303.32	-2186.7 	305.891
30 	60   	-5123.05	-2272.99	-2173.76	205.516
31 	60   	-7855.67	-2254.17	-2173.76	291.492
32 	60   	-3958.58	-2232.18	-2168.3 	140.483
33 	60   	-5414.03	-2231.62	-2162.56	223.255
34 	60   	-4733.71	-2217.35	-2156.61	174.378
35 	60   	-5537.99	-2207.48	-2152.63	196.259
36 	60   	-8918.05	-2216.51	-2142.9 	345.191
37 	60   	-5275.1 	-2205.85	-2142.9 	222.17 
38 	60   	-7320.57	-2205.41	-2133.1 	339.197
39 	60   	-4427.63	-2190.59	-2126.24	204.723
40 	60   	-4934.08	-2178.41	-2120.6 	189.102
41 	60   	-4636.61	-2168.14	-2120.06	180.116
42 	60   	-5291.71	-2170.01	-2119.73	256.861
43 	60   	-3149.93	-2142.37	-2119.58	76.7042
44 	60   	-5564.74	-2159.74	-2116.99	212.57 
45 	60   	-3312.41	-2144.05	-2115.47	109.707
46 	60   	-26264.3	-2207.26	-2115.47	1124.96
47 	60   	-6760.93	-2150.91	-2115.47	228.073
48 	60   	-3870.19	-2145.76	-2112.83	123.521
49 	60   	-11181.2	-2193   	-2107.52	592.859
50 	60   	-4459.63	-2146.79	-2107.44	164.673
51 	60   	-5136.8 	-2140.81	-2107.44	165.834
52 	60   	-4149.35	-2155.75	-2107.12	212.831
53 	60   	-3300.25	-2140.45	-2106.83	118.883
54 	60   	-4693.76	-2146.38	-2099.42	195.837
55 	60   	-6150.96	-2156.89	-2098.99	296.453
56 	60   	-7577.14	-2156.08	-2098.6 	318.747
57 	60   	-2985.08	-2122.19	-2096.81	75.9836
58 	60   	-3193.1 	-2134.18	-2095.63	129.003
59 	60   	-4442.93	-2138.54	-2094.72	196.195
60 	60   	-3617.95	-2119.66	-2093.7 	118.398
61 	60   	-5863.25	-2131.93	-2093.7 	222.041
62 	60   	-5532.3 	-2143.03	-2092.2 	240.023
63 	60   	-6468.22	-2141.19	-2091.74	270.371
64 	60   	-17223.5	-2175.69	-2091.49	779.394
65 	60   	-4378.15	-2121.81	-2085.05	150.452
66 	60   	-4857.59	-2128.67	-2085.05	199.891
67 	60   	-3146.71	-2110.85	-2085.05	95.9448
68 	60   	-3534.19	-2117.02	-2084.73	113.115
69 	60   	-6344.17	-2124.82	-2084.73	245.037
70 	60   	-4088.02	-2119.81	-2084.73	166.199
71 	60   	-4132.25	-2119.75	-2082.98	167.816
72 	60   	-3067.61	-2109.52	-2077.89	100.633
73 	60   	-3655.23	-2116.84	-2077.89	146.191
74 	60   	-3292   	-2104.88	-2077.89	83.4234
75 	60   	-22084.9	-2197   	-2075.88	1015.03
76 	60   	-4484.57	-2121.55	-2075.88	209.369
77 	60   	-24205.4	-2166.27	-2072.71	1034.76
78 	60   	-3506.97	-2103.98	-2069.5 	102.97 
79 	60   	-4801.54	-2100.73	-2069.5 	140.802
80 	60   	-6926.94	-2120.93	-2068.8 	332.335
81 	60   	-7297.14	-2126.69	-2068.67	371.56 
82 	60   	-2996.01	-2089.06	-2067.7 	81.0806
83 	60   	-6993.49	-2124.05	-2066.66	320.843
84 	60   	-5185.15	-2097.71	-2065.96	185.552
85 	60   	-8255.37	-2093.99	-2065.14	284.649
86 	60   	-4230.07	-2096.43	-2064.03	175.691
87 	60   	-8343.53	-2099.82	-2064.03	301.763
88 	60   	-4392.92	-2089.05	-2060.71	153.384
89 	60   	-9874.83	-2107.59	-2060.01	394.254
90 	60   	-3768.04	-2088.71	-2059.19	129.958
91 	60   	-7035.68	-2102.96	-2058.43	295.595
92 	60   	-6501.89	-2093.83	-2057.84	239.588
93 	60   	-3272.75	-2076.14	-2055.73	85.4788
94 	60   	-5473.97	-2094.84	-2049.15	235.832
95 	60   	-2961.82	-2076.06	-2045.89	80.174 
96 	60   	-2969.41	-2071.05	-2045.58	68.9563
97 	60   	-10339.4	-2098.49	-2043.06	418.8  
98 	60   	-4276.81	-2096.89	-2042.31	224.343
99 	60   	-6256.7 	-2080.3 	-2042.31	210.904
gen	depth	min     	avg     	max     	std    
0  	60   	-15532  	-5322.73	-3074.36	1641.6 
1  	60   	-34332.4	-4407.34	-3073.66	1677.07
2  	60   	-8622.74	-3889.28	-3045.14	577.334
3  	60   	-9865.61	-3644.37	-2920.44	480.711
4  	60   	-26925.8	-3498.47	-2833.81	1216.18
5  	60   	-6674.1 	-3278.55	-2718.29	333.265
6  	60   	-53596.2	-3447.73	-2718.29	3409.2 
7  	60   	-7522.88	-3035.15	-2561.48	266.18 
8  	60   	-11875.5	-2999.28	-2561.48	621.8  
9  	60   	-13001.2	-2946   	-2561.48	696.98 
10 	60   	-12135.2	-2866.29	-2561.48	545.932
11 	60   	-5308.32	-2768.08	-2546.93	189.139
12 	60   	-11969.4	-2751.99	-2511.12	506.409
13 	60   	-10395  	-2701.65	-2489.13	534.386
14 	60   	-8104.95	-2644.31	-2468.95	298.781
15 	60   	-6887   	-2606.44	-2441.76	253.022
16 	60   	-16092.2	-2611.81	-2406.72	675.347
17 	60   	-6634.57	-2544.73	-2364.38	257.735
18 	60   	-4497.18	-2508.55	-2340.11	165.564
19 	60   	-4821.04	-2498.19	-2328.4 	227.67 
20 	60   	-12268.6	-2475.47	-2319.27	487.297
21 	60   	-4984.62	-2426.18	-2318.55	152.781
22 	60   	-6677.49	-2415.3 	-2298.36	273.191
23 	60   	-7336.99	-2398.36	-2258.37	271.153
24 	60   	-4622.9 	-2363.16	-2258.37	141.348
25 	60   	-14190  	-2404.01	-2252.19	748.972
26 	60   	-7926.79	-2338.15	-2236.02	277.184
27 	60   	-42754.4	-2412.05	-2233.67	1826.36
28 	60   	-8244.4 	-2335.62	-2224.51	442.245
29 	60   	-4849.51	-2292.42	-2220.35	181.254
30 	60   	-5319.56	-2290.75	-2209.15	231.827
31 	60   	-18192.7	-2294.53	-2209.15	721.098
32 	60   	-6120.1 	-2290.53	-2203.31	356.147
33 	60   	-5264.61	-2252.93	-2190.32	176.433
34 	60   	-9269.28	-2249.87	-2190.32	327.158
35 	60   	-5566.83	-2267.42	-2190.32	295.531
36 	60   	-5002.4 	-2227.51	-2168.76	161.11 
37 	60   	-4621.74	-2236.82	-2168.76	203.951
38 	60   	-11964.8	-2297.46	-2160.81	728.361
39 	60   	-4739.22	-2230.4 	-2159.39	207.417
40 	60   	-9947.56	-2265.82	-2150.15	542.914
41 	60   	-8094.49	-2233.78	-2142.81	390.222
42 	60   	-11695.4	-2238.58	-2142.81	597.651
43 	60   	-5649.01	-2193.16	-2141.64	191.688
44 	60   	-8392.19	-2191.34	-2141.5 	318.996
45 	60   	-7551.46	-2207.33	-2137.84	362.821
46 	60   	-15153.2	-2221.99	-2137.84	648.438
47 	60   	-10718.9	-2199.18	-2135.36	422.035
48 	60   	-3738.04	-2171.21	-2135.16	142.489
49 	60   	-4145.45	-2191.05	-2134.34	238.433
50 	60   	-39849.9	-2255.5 	-2133.08	1702.12
51 	60   	-10446.8	-2188.33	-2130.56	426.624
52 	60   	-4172.61	-2167.33	-2126.62	153.428
53 	60   	-7587.09	-2177.04	-2125.98	295.886
54 	60   	-3883.28	-2166.49	-2124.28	149.321
55 	60   	-45631.7	-2269.74	-2116.99	1971.85
56 	60   	-4449.73	-2167.7 	-2115.32	194.171
57 	60   	-4054.89	-2162.2 	-2111.13	156.749
58 	60   	-11090.6	-2198.08	-2109.02	512.599
59 	60   	-8306.74	-2179.72	-2104.86	366.619
60 	60   	-4135.39	-2151.89	-2104.86	157.102
61 	60   	-11235.4	-2193.62	-2103.86	520.464
62 	60   	-6393.51	-2159.1 	-2102.75	304.001
63 	60   	-8066.82	-2143.35	-2102.75	301.014
64 	60   	-42594.4	-2306.4 	-2100.89	2286.79
65 	60   	-3981.95	-2139.89	-2099.03	168.624
66 	60   	-6450.85	-2158.09	-2097.51	318.397
67 	60   	-3396.36	-2136.99	-2097.51	148.146
68 	60   	-11621  	-2165.79	-2096.13	584.459
69 	60   	-7088.09	-2130.95	-2094.89	241.217
70 	60   	-3750   	-2131.29	-2094.61	160.726
71 	60   	-5972.14	-2137   	-2093.14	220.532
72 	60   	-13865.2	-2152.06	-2091.74	551.339
73 	60   	-13639.5	-2161.94	-2090.47	656.697
74 	60   	-8448.98	-2163.49	-2089.77	472.308
75 	60   	-4399.29	-2132.08	-2089.04	168.605
76 	60   	-8480.01	-2141.86	-2086.94	337.893
77 	60   	-5727.3 	-2139.76	-2086.66	269.053
78 	60   	-6428.31	-2130.94	-2080.93	282.348
79 	60   	-7635.24	-2125.97	-2080.93	275.726
80 	60   	-7361.78	-2132.62	-2080.93	327.899
81 	60   	-5236.5 	-2114.36	-2077.81	184.745
82 	60   	-9353.12	-2135.41	-2077.81	374.718
83 	60   	-4984.02	-2130.71	-2077.81	259.578
84 	60   	-7645.45	-2147.73	-2074.17	421.853
85 	60   	-7788.98	-2126.81	-2074.17	314.658
86 	60   	-4341.36	-2115.61	-2072.58	169.933
87 	60   	-4282.95	-2108.01	-2072.58	156.904
88 	60   	-4400.43	-2105.7 	-2070.98	144.226
89 	60   	-11931.2	-2142.82	-2068.06	569.435
90 	60   	-4517.7 	-2099.14	-2068.06	143.9  
91 	60   	-7665.93	-2127.99	-2066.29	367.836
92 	60   	-5157.25	-2106.21	-2063.79	203.787
93 	60   	-4964.97	-2107.96	-2062.39	221.775
94 	60   	-14775.2	-2114.46	-2062.14	571.385
95 	60   	-3864.85	-2099.82	-2061.63	163.151
96 	60   	-3320.27	-2090.05	-2059.17	117.93 
97 	60   	-3527.63	-2084.31	-2058.99	106.421
98 	60   	-2910.39	-2081.16	-2057.65	86.7607
99 	60   	-2857.39	-2079.5 	-2057.35	77.8874
