gen	time   	min     	avg     	max     	std    
0  	9.39052	-3214.26	-1965.92	-1680.77	227.071
1  	13.9086	-12986.7	-1866.71	-1677.92	518.004
2  	18.4187	-2224.58	-1784.58	-1677.92	50.1091
3  	22.9908	-2483.3 	-1760.2 	-1675.44	69.567 
4  	27.3112	-2253.3 	-1735   	-1671.34	46.8964
5  	31.7447	-4051.56	-1727.55	-1668.81	126.198
6  	36.2226	-2895.4 	-1709.86	-1665.24	74.8805
7  	40.5523	-2194.99	-1697.25	-1662.84	45.3273
8  	44.8945	-1978.81	-1682.2 	-1659.34	19.5088
9  	49.2894	-2449.7 	-1682.33	-1659.34	52.5971
10 	53.698 	-4974.33	-1681.95	-1653.03	149.473
11 	58.2538	-3712.18	-1678.01	-1650.92	99.0491
12 	62.645 	-4160.04	-1675.54	-1650.43	118.113
13 	67.0669	-3019.62	-1672.77	-1647.23	103.789
14 	71.5621	-1974.82	-1665.22	-1645.41	32.9203
15 	75.9694	-2051.35	-1660.46	-1645.22	26.2281
16 	80.4337	-1943.37	-1655.4 	-1645.22	16.5124
17 	84.9354	-2194.85	-1658.22	-1644.22	49.3803
18 	89.2096	-2265.04	-1654.99	-1643.52	41.2646
19 	93.675 	-1813.91	-1650.52	-1641.7 	15.7531
20 	98.1488	-2058.14	-1649.41	-1637.35	21.1801
21 	102.449	-2448.9 	-1650.43	-1637.35	39.2589
22 	106.95 	-1945.19	-1648.82	-1636.95	26.7043
23 	111.591	-1965.27	-1647.76	-1636.65	25.2519
24 	115.879	-1971.43	-1646.24	-1635.65	28.8017
25 	120.31 	-1998.43	-1643.28	-1635.43	20.9342
26 	124.64 	-2856.67	-1646.33	-1635.05	69.3844
27 	129.157	-1812.05	-1640.63	-1634.88	12.6091
28 	133.565	-2288.28	-1642.66	-1634.35	41.5976
29 	138.059	-1971.26	-1639.61	-1634.21	20.5029
30 	142.501	-2217.44	-1642.29	-1633.43	44.2123
31 	146.969	-1744.22	-1637.64	-1633.43	11.2327
32 	151.152	-1782.71	-1637.52	-1633.25	14.9232
33 	155.59 	-1955.81	-1639.51	-1632.63	27.8179
34 	160.161	-2095.95	-1639.53	-1631.55	30.6044
35 	164.521	-2002.71	-1637   	-1631.55	21.0785
36 	168.998	-1894.42	-1637.77	-1631.55	19.688 
37 	173.507	-1784.4 	-1636.18	-1631.51	12.1696
38 	178.012	-1755.76	-1635.71	-1631.39	12.0513
39 	182.338	-2204.84	-1637.65	-1630.69	30.4568
40 	186.687	-2175.65	-1638.35	-1630.69	39.179 
41 	191.073	-1955.72	-1637.03	-1630.38	25.7134
42 	195.624	-1886.06	-1635.2 	-1630.38	19.627 
43 	200.032	-1970.58	-1635.5 	-1630.38	22.9876
44 	204.481	-1770.57	-1634.31	-1630.38	13.2293
45 	208.773	-1775.45	-1633.56	-1629.68	11.9206
46 	213.23 	-1804.57	-1633.98	-1629.68	13.6309
47 	217.671	-1981.79	-1636.98	-1629.55	28.4367
48 	222.126	-2084.8 	-1635.99	-1628.45	29.7114
49 	226.568	-2021.82	-1634.9 	-1628.22	26.061 
50 	231.059	-2594.76	-1638.82	-1628.22	66.4271
51 	235.424	-2223.01	-1632.85	-1628.16	28.2872
52 	239.792	-1883.69	-1632.77	-1627.52	19.724 
53 	244.222	-1712.11	-1630.71	-1627.33	8.30305
54 	248.527	-1728.44	-1631.01	-1626.75	10.162 
55 	252.827	-2811.64	-1634.44	-1626.28	58.2823
56 	257.292	-2753.14	-1633.47	-1626.28	54.8542
57 	261.859	-1789.68	-1630.88	-1626.28	16.3619
58 	266.376	-3392.54	-1634.34	-1626.28	80.6266
59 	270.812	-1834.9 	-1629.89	-1626.28	13.7419
60 	275.056	-2137   	-1630.59	-1626.28	28.0104
61 	279.441	-2177   	-1630.63	-1625.89	33.9115
62 	283.802	-1729.15	-1628.28	-1625.89	9.70392
63 	288.307	-2824.07	-1630.43	-1625.89	54.3994
64 	292.719	-1994.01	-1630.88	-1625.89	30.9344
65 	297.201	-2062.69	-1629.81	-1625.88	23.0834
66 	301.516	-2080.78	-1629.23	-1625.88	26.9449
67 	305.985	-1824.91	-1629.62	-1625.88	17.653 
68 	310.372	-1958.57	-1628.64	-1625.88	19.2437
69 	314.837	-2013.13	-1629.18	-1625.88	20.9811
70 	319.204	-2047.48	-1629.61	-1625.88	24.9773
71 	323.61 	-2030.11	-1628.87	-1625.88	25.7665
72 	328.101	-1910.03	-1630.77	-1625.88	24.7288
73 	332.488	-2281.24	-1630.85	-1625.82	34.4574
74 	336.858	-2766.07	-1632.79	-1625.82	62.9757
75 	341.42 	-1732.38	-1628.18	-1625.82	9.81469
76 	345.881	-2218.41	-1631.72	-1625.82	35.6287
77 	350.305	-1853.04	-1628.27	-1625.82	15.1488
78 	354.645	-1733.26	-1627.56	-1625.82	8.68635
79 	358.958	-1962.05	-1629.97	-1625.82	27.4916
80 	363.266	-1969.69	-1630.21	-1625.82	24.7996
81 	367.734	-2808.94	-1632.11	-1625.12	61.602 
82 	372.061	-2002.38	-1630.17	-1624.48	29.1601
83 	376.371	-1971.75	-1629.26	-1624.48	19.4238
84 	380.716	-1744.58	-1628.56	-1624.48	13.1413
85 	385.122	-3094.64	-1636.39	-1624.48	93.0248
86 	389.488	-2035.84	-1628.41	-1624.48	22.5642
87 	393.886	-3356.54	-1631.82	-1624.48	81.8199
88 	398.344	-1692.88	-1626.63	-1624.48	6.98024
89 	402.718	-1900.28	-1628.62	-1624.19	22.0277
90 	407.026	-1925.71	-1627.72	-1623.79	20.4815
91 	411.466	-2133.4 	-1629.05	-1623.79	28.9234
92 	415.997	-2052.72	-1627.37	-1623.78	23.546 
93 	420.384	-1985.49	-1628.04	-1623.08	22.5946
94 	424.791	-1745.23	-1625.86	-1623.08	9.34096
95 	429.087	-1791.85	-1626.22	-1623.08	13.3518
96 	433.705	-2632.12	-1628.47	-1622.9 	48.3764
97 	438.08 	-2018.31	-1627.05	-1622.9 	24.4503
98 	442.658	-2383.33	-1626.63	-1622.71	35.2269
99 	447.083	-1970.99	-1626.32	-1622.71	23.1756
gen	time   	min     	avg     	max     	std    
0  	9.25575	-4555.79	-1975.5 	-1715.49	249.103
1  	13.623 	-2244.78	-1839.67	-1690.82	72.1104
2  	18.0606	-3997.59	-1802.93	-1690.82	113.522
3  	22.5795	-2155.43	-1768.17	-1676.8 	42.8165
4  	26.9181	-2842.81	-1749.26	-1676.8 	62.4762
5  	31.3216	-2688.07	-1735.12	-1669.97	71.3842
6  	35.848 	-1977.7 	-1716.34	-1669.97	29.6146
7  	40.2301	-2225.67	-1703.02	-1666.55	37.378 
8  	44.6652	-2551.03	-1693.94	-1658   	45.9832
9  	49.1672	-2116.48	-1686.5 	-1658   	40.0821
10 	53.6591	-1893.19	-1677.54	-1656.9 	19.288 
11 	58.1908	-3438.13	-1681.27	-1655.18	87.6463
12 	62.5555	-1770.03	-1670   	-1650.91	13.0253
13 	66.9397	-2691.94	-1669.07	-1647.99	49.744 
14 	71.4056	-1825.75	-1663.9 	-1647.69	17.4703
15 	75.7512	-1969.44	-1662.8 	-1646.76	26.325 
16 	80.2332	-1889.22	-1658.29	-1642.48	16.8595
17 	84.6258	-2193.68	-1658.89	-1640.66	41.422 
18 	89.057 	-1822.53	-1653.07	-1640.66	12.9007
19 	93.5081	-1756.33	-1650.81	-1640.66	11.8658
20 	98.0132	-2091.72	-1651.07	-1639.71	28.6637
21 	102.444	-2318.67	-1649.91	-1637.48	40.1631
22 	106.752	-3478.45	-1649.67	-1637.16	84.0993
23 	111.046	-1884.05	-1644.79	-1637.16	17.9568
24 	115.562	-1930.96	-1645.02	-1636.59	24.7774
25 	119.828	-2735.7 	-1648.36	-1635.56	76.8821
26 	124.103	-1810.65	-1641.22	-1635.03	13.0245
27 	128.523	-5518.57	-1650.52	-1633.86	175.24 
28 	132.907	-2881.8 	-1642.75	-1633.67	58.0133
29 	137.273	-1867.18	-1638.84	-1633.67	13.8094
30 	141.64 	-1753.5 	-1638.61	-1633.67	11.9242
31 	146.062	-1925.17	-1640.05	-1633.16	25.4795
32 	150.484	-1924.58	-1638.29	-1631.73	21.1178
33 	155.018	-2340.81	-1639.56	-1631.73	43.0984
34 	159.41 	-2290.83	-1639.75	-1631.73	44.0697
35 	163.838	-1931.05	-1636.85	-1631.39	21.8311
36 	168.367	-2269.59	-1639.84	-1631.03	48.141 
37 	172.825	-1795.65	-1636.05	-1630.34	16.4027
38 	177.312	-3940.11	-1641.04	-1630.34	108.473
39 	181.777	-1959   	-1635.88	-1630.34	23.2823
40 	186.219	-1816.21	-1633.84	-1630.34	13.9488
41 	190.54 	-1888.36	-1634.12	-1629.04	17.7456
42 	194.927	-2100.77	-1638.05	-1628.93	42.2817
43 	199.418	-2427.92	-1637.87	-1628.23	47.681 
44 	203.772	-1866.3 	-1633.78	-1627.49	20.2749
45 	208.201	-1900.98	-1633.18	-1627.34	19.1781
46 	212.667	-1912.01	-1631.68	-1626.71	17.9374
47 	216.99 	-1783.46	-1630.92	-1626.71	10.7535
48 	221.331	-2047.37	-1632.48	-1626.01	27.1523
49 	225.839	-2781.91	-1635.5 	-1625.84	66.1234
50 	230.148	-2258.27	-1632.55	-1625.76	34.0494
51 	234.468	-1910.86	-1629.76	-1625.13	18.5463
52 	238.826	-2272.52	-1633.32	-1624.75	38.7304
53 	243.266	-1794.37	-1629.74	-1624.31	15.6245
54 	247.648	-1795.61	-1628.26	-1624.07	12.2209
55 	252.011	-1751.25	-1628.48	-1623.57	12.3422
56 	256.351	-1838.44	-1627.41	-1623.57	13.3165
57 	260.873	-3454.57	-1630.49	-1622.95	82.1686
58 	265.236	-2844.99	-1632.06	-1622.95	67.2468
59 	269.783	-1875.02	-1628.17	-1622.61	19.9108
60 	274.173	-2388.72	-1627.72	-1622.61	36.9343
61 	278.704	-1994.71	-1627.51	-1622.09	23.684 
62 	283.076	-1670.85	-1624.91	-1621.82	5.68967
63 	287.685	-1771.86	-1625.37	-1621.82	11.3948
64 	292.083	-2141.11	-1627.81	-1621.55	33.0863
65 	296.403	-1898.85	-1625.75	-1620.96	16.3575
66 	300.915	-2160.06	-1626.23	-1620.51	31.5603
67 	305.281	-1728.52	-1623.96	-1620.51	8.79587
68 	309.744	-2783.36	-1627.9 	-1618.66	61.1774
69 	313.981	-1868.54	-1626.51	-1618.29	25.4861
70 	318.25 	-1870.72	-1624.32	-1618.29	17.1783
71 	322.598	-1889.39	-1623.96	-1618.29	19.382 
72 	326.932	-2110.59	-1624.68	-1617.84	30.4622
73 	331.306	-1969.01	-1622.65	-1617.84	20.5152
74 	335.648	-1750.16	-1621.35	-1617.39	11.1493
75 	340.199	-2592.03	-1624.79	-1617.39	48.1771
76 	344.752	-1913.34	-1620.7 	-1616.59	18.4214
77 	349.167	-1861.17	-1619.62	-1616.59	12.4547
78 	353.677	-1746.68	-1620.31	-1616.59	12.5261
79 	358.171	-2098.45	-1622.03	-1616.59	31.7065
80 	362.613	-1723.88	-1619.09	-1616.59	8.39673
81 	367.102	-1756.28	-1619.31	-1616.59	10.0476
82 	371.46 	-2603.86	-1622.39	-1616.59	49.5927
83 	375.957	-1823.97	-1619.32	-1616.51	15.5394
84 	380.423	-2428.95	-1621.74	-1616.51	41.0589
85 	385.001	-2167.37	-1619.73	-1616.51	28.04  
86 	389.358	-1934.3 	-1620.37	-1616.51	23.4614
87 	393.861	-2041.67	-1619.71	-1616.51	21.38  
88 	398.204	-2011.89	-1621.1 	-1616.51	25.8426
89 	402.785	-2240.84	-1620.1 	-1616.02	33.0613
90 	407.191	-2041.57	-1619.67	-1616.02	22.5554
91 	411.69 	-1755.71	-1618.09	-1616.02	8.86797
92 	416.043	-2009.29	-1619.78	-1616.02	22.1698
93 	420.478	-1900.56	-1618.88	-1616.02	15.247 
94 	424.899	-1826.8 	-1618.88	-1616.02	15.242 
95 	429.359	-1846.05	-1619   	-1616.02	15.5241
96 	433.657	-2150.44	-1621.54	-1616.02	33.7744
97 	438.184	-2197.52	-1619.03	-1616.02	27.956 
98 	442.698	-1688.5 	-1617.56	-1616.02	6.83649
99 	447.247	-2131.48	-1619.83	-1616.02	27.7119
gen	time   	min     	avg     	max     	std    
0  	9.23723	-4891.62	-1965.57	-1702.05	304.109
1  	13.6906	-2905.04	-1839.43	-1696.6 	90.82  
2  	18.1779	-2571   	-1789.35	-1696.6 	62.8515
3  	22.6332	-2657.25	-1762.03	-1678.75	58.0621
4  	27.0947	-2092.38	-1741.24	-1674.89	33.6044
5  	31.3652	-2418.58	-1727.39	-1674.56	43.2787
6  	35.754 	-3429.85	-1716.04	-1665.46	83.2879
7  	40.1925	-1921.75	-1699.9 	-1665.07	22.07  
8  	44.6819	-3896.46	-1696.18	-1662.37	101.789
9  	48.9651	-1977.11	-1683.81	-1661.37	22.287 
10 	53.3604	-1840.79	-1678.09	-1659.22	15.2678
11 	57.8295	-2045.97	-1677.12	-1654.68	30.4836
12 	62.1762	-2308.51	-1673.81	-1654.66	43.2923
13 	66.6277	-2781.79	-1672.72	-1652.17	57.3591
14 	71.09  	-2809.62	-1672.78	-1649.82	77.5645
15 	75.4853	-4132.03	-1669.13	-1649.12	115.077
16 	79.8673	-1999.24	-1661.21	-1648.26	29.5044
17 	84.0975	-1746.37	-1656.84	-1647.17	11.2162
18 	88.4172	-3419.51	-1659.58	-1646.96	80.5692
19 	92.8705	-1938.57	-1656.52	-1645.74	22.9646
20 	97.3558	-2327.01	-1655.88	-1643.41	34.5774
21 	101.717	-2129.78	-1655.44	-1640.64	29.497 
22 	106.135	-2027.17	-1653.58	-1640.64	30.7473
23 	110.539	-1994.08	-1650.34	-1640.64	21.0945
24 	114.97 	-2013.83	-1651.95	-1640.64	29.5878
25 	119.469	-2320.81	-1650.3 	-1637.22	36.8084
26 	123.773	-3687.3 	-1652.8 	-1636.21	94.2703
27 	128.206	-2105.06	-1647.46	-1634.49	31.511 
28 	132.485	-2087.16	-1648.59	-1634.49	35.9156
29 	136.87 	-1864.18	-1643.96	-1634.49	16.7281
30 	141.269	-1927.63	-1642.83	-1632.7 	19.9584
31 	145.663	-1864.89	-1642.56	-1631.04	22.2237
32 	150.182	-3482.24	-1646.77	-1631.04	95.0987
33 	154.557	-2109.48	-1639.3 	-1630.66	29.3286
34 	159.006	-1850.78	-1637.28	-1629.57	14.6077
35 	163.418	-1892.18	-1636.94	-1629.57	22.1092
36 	167.92 	-1988.1 	-1636.51	-1628.99	23.0152
37 	172.274	-2267.03	-1635.44	-1628.87	30.2132
38 	176.734	-2093.05	-1635.21	-1628.37	25.6823
39 	181.148	-1732.87	-1633.32	-1628.09	11.0756
40 	185.435	-1728.37	-1632.4 	-1626.69	11.3469
41 	189.799	-1853.71	-1632.43	-1626.69	15.5334
42 	194.117	-1895.21	-1633.48	-1626   	24.4961
43 	198.431	-3034.69	-1635.68	-1626   	80.3743
44 	202.898	-1931.45	-1630.63	-1625.87	15.8295
45 	207.304	-2025.39	-1631.27	-1625.87	21.3219
46 	211.725	-2067.57	-1631.83	-1625.87	31.2134
47 	216.237	-1850.49	-1630.42	-1625.77	17.7223
48 	220.722	-1860.06	-1630.21	-1625.77	17.999 
49 	225.045	-1938.15	-1628.89	-1625.59	16.2761
50 	229.404	-1844.4 	-1629.8 	-1625.59	19.4322
51 	233.705	-3272.98	-1636.81	-1625.59	110.51 
52 	238.133	-2073.29	-1629.35	-1625.08	23.1558
53 	242.585	-4966.45	-1645.78	-1624.1 	215.332
54 	247.074	-2693.17	-1630.45	-1623.65	49.3708
55 	251.34 	-1963.59	-1628.9 	-1623.4 	21.1485
56 	255.834	-2327.12	-1630.45	-1623.25	43.4189
57 	260.399	-1754.6 	-1627.78	-1623.25	12.2336
58 	264.844	-2227.2 	-1627.79	-1622.7 	28.1372
59 	269.228	-1787.82	-1626.8 	-1622.7 	12.3321
60 	273.625	-1800.77	-1627.29	-1622.58	17.2415
61 	278.074	-1866.01	-1625.5 	-1622.55	14.0047
62 	282.432	-2024.52	-1628.27	-1620.33	29.4829
63 	286.844	-8891.72	-1644.66	-1620.33	330.371
64 	291.192	-1779.88	-1625.39	-1620.33	12.8746
65 	295.534	-2064.81	-1625.8 	-1620.33	24.094 
66 	299.943	-1917.26	-1624.87	-1620.33	18.4965
67 	304.378	-1781.26	-1624.74	-1620.33	15.5223
68 	308.854	-1890.83	-1624.69	-1620.33	18.5896
69 	313.247	-1715.16	-1622.74	-1620.06	8.8716 
70 	317.704	-2039.31	-1623.97	-1619.81	27.4886
71 	322.013	-1825.37	-1623.84	-1619.63	18.2039
72 	326.581	-2011.61	-1623.73	-1619.16	22.5464
73 	331.008	-1737.2 	-1622.65	-1619.16	10.0655
74 	335.556	-1682.57	-1621.48	-1619.16	6.50969
75 	340.083	-1959.12	-1623.8 	-1618.98	24.1426
76 	344.532	-2247.63	-1622.97	-1618.46	32.0112
77 	348.985	-1949.56	-1622.38	-1617.93	19.1725
78 	353.44 	-3062.72	-1627.01	-1617.93	72.2131
79 	357.825	-1761.32	-1621.74	-1617.64	12.7448
80 	362.195	-1794.99	-1621.64	-1617.64	15.0923
81 	366.662	-1867.26	-1620.76	-1617.64	15.8587
82 	371.257	-2568.34	-1622.52	-1617.64	46.3204
83 	375.669	-4690.67	-1628.37	-1617.29	139.123
84 	379.866	-2167.01	-1623.05	-1617.29	40.5381
85 	384.328	-1719.62	-1619.07	-1617.29	7.35911
86 	388.847	-1793.18	-1620.33	-1617.13	13.3781
87 	393.01 	-1989.4 	-1619.66	-1617.13	17.9815
88 	397.381	-1919.51	-1620.46	-1617.13	19.8483
89 	401.847	-1955.3 	-1620.45	-1617.13	18.9526
90 	406.183	-1747.16	-1619.75	-1617.13	11.7972
91 	410.617	-1969.21	-1619.09	-1617.13	16.5396
92 	415.081	-1788.48	-1619.61	-1616.59	13.1555
93 	419.51 	-1758.87	-1619.7 	-1616.59	12.5575
94 	423.917	-2171.66	-1620.83	-1616.59	34.8901
95 	428.255	-2569.84	-1623.82	-1616.59	61.2236
96 	432.713	-2674.31	-1623.22	-1616.34	60.0894
97 	437.03 	-2250.13	-1620.57	-1616.34	31.368 
98 	441.505	-2452.02	-1620.69	-1615.89	39.0695
99 	445.754	-1789.22	-1618.29	-1615.89	10.6859
gen	time   	min     	avg     	max     	std    
0  	9.53614	-3370.03	-1968.01	-1712.34	218.827
1  	13.9304	-2709.29	-1849.21	-1709.55	105.34 
2  	18.3501	-2202.78	-1795.19	-1699.16	52.9972
3  	22.7621	-2237.5 	-1768.92	-1687.92	41.5569
4  	27.2321	-2435.98	-1752.95	-1686.55	55.5162
5  	31.5859	-2323.53	-1736.92	-1684.81	43.4874
6  	35.8978	-3728.95	-1730.93	-1678.88	117.186
7  	40.3737	-7117.16	-1733.05	-1676.26	274.531
8  	44.8405	-12851.3	-1726   	-1671.52	500.224
9  	49.2336	-2093.25	-1698.58	-1662.47	37.0394
10 	53.5678	-2257.95	-1693.92	-1662.47	39.4997
11 	58.0304	-2102.94	-1688.73	-1656.53	30.5329
12 	62.363 	-2535.8 	-1685.9 	-1656.53	46.39  
13 	66.865 	-2015.13	-1682.41	-1655.94	36.7439
14 	71.1333	-2149.07	-1676.8 	-1650.69	29.1095
15 	75.4026	-1998.53	-1673.59	-1650.69	28.4134
16 	79.7174	-2470.41	-1672.04	-1649.69	52.9658
17 	84.1341	-2503.63	-1670.42	-1646.94	64.3444
18 	88.402 	-2103.13	-1663.19	-1645.62	34.1418
19 	92.8314	-2326.14	-1662.46	-1644.11	43.9558
20 	97.2751	-2080.4 	-1658.49	-1642.86	28.0778
21 	101.713	-2970.19	-1661.24	-1642.86	83.0656
22 	106.265	-1849.67	-1653.9 	-1641.86	17.0776
23 	110.674	-1835.27	-1651.69	-1641.29	16.0822
24 	115.121	-2311.37	-1653.59	-1641.29	41.6828
25 	119.551	-2245.94	-1651.73	-1640.09	46.2901
26 	123.976	-3586.09	-1651.09	-1640.09	88.1595
27 	128.564	-2990.43	-1654.42	-1639.5 	85.8867
28 	133.028	-1923.65	-1647.16	-1637.72	21.9776
29 	137.366	-2464.82	-1646.4 	-1636.3 	40.3928
30 	141.771	-2426.03	-1647.49	-1636.2 	45.1904
31 	146.134	-2038.54	-1643.63	-1636.2 	20.7399
32 	150.312	-1737.48	-1641.93	-1635.82	9.54272
33 	154.788	-1856.65	-1642.43	-1634.68	17.4982
34 	159.102	-2227.22	-1643.34	-1634.42	37.9622
35 	163.546	-1777.85	-1640.73	-1634.42	13.4756
36 	167.916	-1877.86	-1640.93	-1633.72	18.286 
37 	172.445	-3212.56	-1644.18	-1632.64	74.4137
38 	176.876	-1861.04	-1639.13	-1632.2 	18.6533
39 	181.246	-1745.77	-1637.05	-1631.5 	10.4834
40 	185.588	-2744.8 	-1641.5 	-1631.5 	67.8348
41 	190.015	-1957.63	-1638.18	-1630.74	28.4488
42 	194.481	-1753.23	-1634.71	-1630.74	9.59318
43 	199    	-2066.23	-1635.67	-1630.59	23.4202
44 	203.268	-2598.31	-1638.89	-1629.92	51.93  
45 	207.587	-2458.87	-1636.14	-1628.5 	40.3708
46 	212.123	-1993.99	-1637.36	-1628.5 	35.8777
47 	216.331	-1986.35	-1632.68	-1628.5 	17.5535
48 	220.663	-1952.58	-1633.17	-1627.69	17.964 
49 	225.044	-1731.98	-1631.57	-1625.92	9.15681
50 	229.371	-2428.31	-1636.01	-1625.47	45.3298
51 	233.759	-1988.81	-1632.27	-1624.98	21.1564
52 	238.095	-1841.54	-1630.84	-1624.39	15.3182
53 	242.533	-2986.15	-1636.33	-1624.27	78.9591
54 	246.98 	-1896.06	-1630.28	-1623.76	18.154 
55 	251.441	-1820.85	-1628.18	-1623.7 	12.24  
56 	255.796	-1706.66	-1626.85	-1623.7 	7.99181
57 	260.096	-2187.34	-1628.73	-1623.7 	32.4404
58 	264.518	-1986.47	-1628.79	-1623.46	26.9754
59 	269.025	-2167.34	-1629.6 	-1623.12	32.8262
60 	273.356	-1952.23	-1627.08	-1623.07	22.1455
61 	277.664	-1741.01	-1625.88	-1623   	10.1559
62 	282.171	-2286.3 	-1628.74	-1622.76	35.1445
63 	286.588	-1822.41	-1625.43	-1622.49	13.0198
64 	290.759	-2455.59	-1628.75	-1622.49	45.3704
65 	295.2  	-1916.05	-1626.75	-1622.37	24.5565
66 	299.679	-1814.52	-1626.22	-1622.37	17.0039
67 	304.158	-2115.04	-1626.97	-1622.06	27.4807
68 	308.483	-3066.8 	-1628.47	-1621.94	65.8866
69 	312.826	-1951.42	-1626.38	-1621.87	26.5018
70 	317.351	-3031.87	-1627.54	-1621.72	63.7453
71 	321.619	-1832.5 	-1624.46	-1621.72	12.154 
72 	325.996	-3275.2 	-1628.35	-1621.67	76.6891
73 	330.438	-1761.04	-1624.76	-1621.67	12.3129
74 	334.96 	-1771.61	-1624.09	-1621.67	11.2578
75 	339.278	-2031.38	-1626.47	-1621.67	24.1426
76 	343.639	-1706.62	-1623.45	-1621.03	8.37411
77 	347.935	-1966.83	-1626.27	-1621.03	26.4847
78 	352.442	-1738.39	-1623.54	-1620.84	9.38735
79 	356.886	-3843.89	-1634.16	-1620.77	114.647
80 	361.406	-1985.35	-1625.2 	-1620.77	27.11  
81 	365.874	-2329.47	-1624.72	-1620.43	34.0503
82 	370.885	-1873.98	-1623.43	-1620.43	16.2693
83 	375.109	-1768.48	-1622.64	-1620.3 	10.3403
84 	379.619	-2243.92	-1627.81	-1620.3 	47.1376
85 	384.089	-2678.29	-1628.53	-1619.9 	63.0034
86 	388.462	-1789.79	-1622.89	-1619.9 	13.4843
87 	392.975	-1882.86	-1623.46	-1619.9 	20.3373
88 	397.422	-1893.1 	-1622.99	-1619.9 	16.2195
89 	401.833	-2022.68	-1623.33	-1619.72	21.884 
90 	406.268	-1964.98	-1624.22	-1619.72	23.2869
91 	410.648	-1820.53	-1622.47	-1619.72	13.7495
92 	415.003	-1842.02	-1623.01	-1619.72	16.3356
93 	419.496	-2486.02	-1625.51	-1619.65	46.7744
94 	423.878	-2016.22	-1624.32	-1619.65	27.3758
95 	428.264	-2045.24	-1622.44	-1619.65	24.164 
96 	432.775	-1780.99	-1622.3 	-1619.32	12.8041
97 	437.284	-2263.38	-1625.72	-1619.32	50.4517
98 	441.797	-4261.19	-1628.75	-1619.02	122.702
99 	446.016	-9012.08	-1639.48	-1618.32	331.675
gen	time   	min     	avg     	max     	std    
0  	9.28983	-11076.2	-1995.23	-1717.88	546.457
1  	13.7801	-2758.24	-1838.35	-1707.47	97.2071
2  	18.0895	-2205.12	-1783.72	-1695.41	50.9692
3  	22.5404	-2718.4 	-1760.27	-1688.77	78.1591
4  	27.0055	-2453.49	-1738.77	-1680.85	53.564 
5  	31.4312	-2902.16	-1725.91	-1680.75	66.0446
6  	35.8871	-2305.58	-1715.79	-1678.06	45.9692
7  	40.437 	-3443.16	-1709.02	-1672.67	82.269 
8  	44.8153	-3516.81	-1704.29	-1668.98	101.496
9  	49.2364	-2621.98	-1698.49	-1662.4 	58.699 
10 	53.5448	-3411.36	-1692.05	-1659.01	88.5204
11 	57.9715	-2228   	-1685.2 	-1657.3 	38.9101
12 	62.3722	-2090.37	-1680.31	-1657.3 	26.3837
13 	66.6479	-3673.31	-1681.03	-1655.98	92.0474
14 	70.8499	-2280.63	-1673.48	-1652.16	33.1617
15 	75.4059	-2407.4 	-1670.48	-1649.21	43.3282
16 	79.8739	-2679.78	-1669.75	-1648.7 	62.242 
17 	84.3053	-2537.85	-1668.53	-1646.62	57.1258
18 	88.771 	-1738.56	-1659   	-1642.64	9.5205 
19 	93.1388	-2731.87	-1659.57	-1642.2 	51.2754
20 	97.7161	-3616.29	-1661.04	-1640.61	97.8726
21 	102.132	-1902.06	-1651.68	-1639.22	18.8211
22 	106.474	-2199.64	-1651.44	-1639.22	32.1169
23 	110.825	-1939.52	-1648.41	-1637.8 	22.3142
24 	115.228	-2200.05	-1649.3 	-1637.69	35.5198
25 	119.587	-2118.14	-1646.84	-1635.13	32.3279
26 	123.914	-3446.31	-1648.39	-1635.13	83.8776
27 	128.389	-1880.11	-1643.02	-1634.12	17.5101
28 	132.694	-2068.42	-1642.84	-1634.12	28.8378
29 	137.103	-4164.32	-1646.15	-1633.52	114.44 
30 	141.63 	-1725.89	-1638.87	-1632.65	7.79313
31 	146.061	-2326.08	-1641.75	-1632.63	41.713 
32 	150.378	-2900.93	-1645.17	-1631.52	75.5635
33 	154.899	-1821.33	-1637.26	-1631.4 	14.5024
34 	159.314	-1974.78	-1639.25	-1631.4 	28.9024
35 	163.811	-2559.43	-1642.53	-1630.61	57.3696
36 	168.223	-2108.61	-1638.84	-1630.35	34.4091
37 	172.654	-2615.35	-1638.82	-1629.66	53.2334
38 	177.18 	-1841.61	-1634.21	-1628.83	14.3368
39 	181.57 	-1807.89	-1633.61	-1627.43	12.3623
40 	185.945	-2679.03	-1637.7 	-1627.43	53.3047
41 	190.376	-2224.5 	-1635.26	-1627.43	34.0666
42 	194.85 	-1695.65	-1630.98	-1627.43	6.33834
43 	199.33 	-1841.89	-1632.16	-1626.96	16.9284
44 	203.857	-1765.08	-1630.83	-1626.26	12.397 
45 	208.217	-1872.73	-1630.41	-1626.26	16.51  
46 	212.612	-1762.86	-1630.31	-1626.26	13.1266
47 	216.88 	-1789.91	-1630.72	-1625.15	16.768 
48 	221.406	-2847.64	-1633.83	-1625.15	68.0489
49 	225.831	-1716.82	-1628.13	-1625.15	6.71119
50 	230.324	-1788.45	-1630.11	-1624.4 	18.495 
51 	234.78 	-2653.5 	-1633.22	-1624.39	65.6662
52 	239.154	-1757.14	-1628.6 	-1624.39	13.8396
53 	243.693	-2313.61	-1632.74	-1624.25	48.2641
54 	248.193	-1777.35	-1628.51	-1623.88	14.3398
55 	252.558	-1823.32	-1627.74	-1623.88	14.5472
56 	256.942	-1775.62	-1626.83	-1623.88	11.7881
57 	261.204	-3416.72	-1631.75	-1623.18	83.6764
58 	265.614	-1872.81	-1627.01	-1623.18	16.1648
59 	270.201	-1780.89	-1626.63	-1623.1 	12.6412
60 	274.541	-2274.52	-1629.47	-1623.1 	46.7596
61 	279.006	-1748.38	-1625.83	-1623.1 	10.5076
62 	283.511	-1916.86	-1626.33	-1621.86	16.8159
63 	287.928	-1768.61	-1625.5 	-1621.86	13.2726
64 	292.371	-2349.1 	-1628.29	-1621.61	36.3419
65 	296.899	-1984.38	-1625.82	-1619.86	20.8497
66 	301.315	-1835.08	-1626.78	-1619.8 	21.2721
67 	305.792	-3201.57	-1629.31	-1619.8 	79.2198
68 	310.061	-1785.32	-1623.74	-1619.76	12.4407
69 	314.629	-2043.5 	-1624.89	-1619.1 	26.9602
70 	319.08 	-1738.16	-1622.28	-1619.1 	9.6114 
71 	323.503	-2069.23	-1624.83	-1619.1 	29.2669
72 	327.991	-1761.14	-1622.6 	-1619.1 	12.1929
73 	332.499	-1671.18	-1621.23	-1619.06	6.16276
74 	336.842	-2523.13	-1628.5 	-1619.06	68.4573
75 	341.077	-2111   	-1622.64	-1618.96	25.408 
76 	345.578	-1845.06	-1621.89	-1618.41	16.9304
77 	350.125	-2473.74	-1623.23	-1618.41	42.4329
78 	354.54 	-1775.27	-1621.64	-1618.41	13.5055
79 	358.998	-1882.74	-1622.57	-1618.36	20.0157
80 	363.466	-1927.48	-1621.45	-1618.36	17.167 
81 	367.925	-2253.95	-1625.47	-1618.36	46.4476
82 	372.363	-1919.5 	-1621.6 	-1618.36	19.9994
83 	376.715	-1730.76	-1620.58	-1618.36	10.819 
84 	381.184	-1948.95	-1621.71	-1618.05	21.0093
85 	385.565	-1796.96	-1621.72	-1617.22	17.6482
86 	390.115	-1875.46	-1621.25	-1617.22	16.2454
87 	394.459	-1784.9 	-1621.51	-1617.22	14.6601
88 	398.939	-1746.83	-1619.77	-1617.01	8.90522
89 	403.345	-2959.88	-1623.5 	-1617.01	63.8447
90 	407.616	-1950.89	-1621.78	-1617.01	23.4064
91 	412.069	-1797.46	-1620.48	-1617.01	12.0407
92 	416.421	-1944.77	-1620.55	-1616.35	17.8832
93 	420.891	-3426.05	-1624.44	-1616.35	87.1613
94 	425.509	-2128.98	-1621.03	-1616.31	28.2349
95 	429.946	-3298.09	-1623.49	-1616.31	79.6852
96 	434.327	-1792.88	-1619.97	-1615.99	17.0262
97 	438.753	-1838.68	-1619.89	-1615.99	16.9541
98 	443.115	-2111.61	-1619.68	-1615.99	23.6802
99 	447.53 	-1794.86	-1618.67	-1615.94	11.4299
gen	time   	min     	avg     	max     	std    
0  	9.32529	-3442.6 	-1952.71	-1694.32	199.622
1  	13.7012	-2246.29	-1840.69	-1692.76	78.7637
2  	18.1012	-6501.1 	-1802.53	-1685.93	219.834
3  	22.554 	-2874.41	-1762.05	-1682.44	74.7227
4  	27.0092	-3716.76	-1739.72	-1680.15	104.624
5  	31.5031	-2783.14	-1719.74	-1670.97	68.1489
6  	35.8617	-1822   	-1702.18	-1663.41	16.7813
7  	40.298 	-2288.02	-1697.72	-1662.32	37.6   
8  	44.6856	-2711.53	-1692.79	-1656.89	65.1988
9  	49.0579	-2293.65	-1687.27	-1656.89	51.1612
10 	53.3601	-2386.45	-1684.66	-1656.01	62.8131
11 	57.6497	-4933.06	-1684.15	-1656.01	151.669
12 	62.1251	-1955.83	-1672.07	-1656.01	29.0412
13 	66.5733	-1927.87	-1666.71	-1654.65	21.5672
14 	71.0684	-4623.46	-1675.03	-1653.82	152.897
15 	75.5272	-2231.81	-1665.04	-1649.76	37.6997
16 	79.8416	-2003.67	-1662.4 	-1649.76	23.3702
17 	84.2503	-2357.98	-1664.25	-1649.76	49.6454
18 	88.6024	-1946.33	-1659.03	-1647.32	20.5134
19 	92.9853	-1972.5 	-1657.8 	-1647.06	22.2814
20 	97.3894	-1952.26	-1657.59	-1645.53	20.3693
21 	101.883	-1864.54	-1655.71	-1643.13	18.4376
22 	106.224	-2010.19	-1656.6 	-1642.23	31.2611
23 	110.634	-2103.34	-1656.58	-1640.87	40.2606
24 	115.143	-1840.33	-1650.16	-1640.87	15.5518
25 	119.689	-3454.83	-1655.79	-1639.61	94.9289
26 	124.104	-1768.01	-1645.93	-1639.44	12.9504
27 	128.52 	-3329.43	-1650.04	-1639.44	79.9836
28 	132.991	-1961.33	-1645.32	-1638.79	23.9852
29 	137.429	-2496.08	-1647.4 	-1637.92	43.5695
30 	141.828	-2320.81	-1645.81	-1637.22	41.9796
31 	146.212	-1797.6 	-1641.99	-1637.22	11.2834
32 	150.571	-2199.22	-1643   	-1637.22	31.5917
33 	154.913	-2217.27	-1643.61	-1636.22	31.2592
34 	159.284	-1975.58	-1641.89	-1636.22	22.5701
35 	163.754	-2721.61	-1642.96	-1636.22	50.3309
36 	168.236	-1885.27	-1640.53	-1635.4 	17.8313
37 	172.665	-2959.02	-1643.55	-1634.7 	62.1296
38 	177.106	-1872.72	-1639.69	-1634.7 	16.4087
39 	181.54 	-2297.23	-1641   	-1633.45	37.28  
40 	185.888	-1895.35	-1640.12	-1632.75	21.3777
41 	190.296	-2133.7 	-1638.62	-1632.3 	27.4151
42 	194.815	-1793.05	-1638.25	-1632.11	16.8785
43 	199.257	-1945.66	-1636.94	-1631.16	17.0473
44 	203.639	-1947.79	-1637.28	-1629.65	19.7081
45 	207.96 	-2268.21	-1639.04	-1628.95	38.3508
46 	212.353	-3396.25	-1638.39	-1628.6 	79.8096
47 	216.815	-2666.22	-1638.12	-1627.29	55.166 
48 	221.264	-3305.42	-1637.44	-1627.2 	78.6011
49 	225.612	-2612.52	-1634.93	-1626.53	47.6305
50 	229.966	-1723.76	-1631.32	-1626.29	9.96575
51 	234.427	-1824.36	-1630.15	-1625.65	11.7142
52 	238.828	-1721.91	-1629.75	-1625.65	9.67129
53 	243.221	-2133.83	-1632.34	-1625.65	33.1508
54 	247.532	-1835.8 	-1630.2 	-1625.47	18.003 
55 	251.969	-1896.26	-1629.8 	-1625.18	19.0154
56 	256.415	-1947.86	-1629.44	-1625.18	20.3517
57 	260.888	-1888.89	-1628.26	-1624.77	15.5257
58 	265.388	-3424.75	-1634.92	-1624.77	88.6241
59 	269.797	-1931.39	-1630.01	-1624.77	24.1977
60 	274.131	-1945.26	-1627.94	-1624.48	17.773 
61 	278.577	-2029   	-1628.98	-1624.48	26.662 
62 	283.089	-2056.33	-1630.67	-1624.48	28.913 
63 	287.517	-1901.59	-1628.38	-1624.08	18.1462
64 	291.974	-1936.86	-1628.77	-1623.77	23.1663
65 	296.397	-1921.88	-1628.81	-1623.77	22.9721
66 	300.663	-1932.52	-1627.83	-1623.34	19.1621
67 	305.016	-1758.14	-1626.95	-1623.08	11.719 
68 	309.419	-1711.52	-1625.76	-1622.87	7.47407
69 	313.774	-1955.12	-1627.47	-1622.38	21.044 
70 	318.185	-2066.52	-1627.54	-1622.38	28.3193
71 	322.551	-1894.59	-1626.9 	-1622.38	19.446 
72 	327.029	-1834.09	-1626.69	-1622.37	18.1596
73 	331.421	-2177.3 	-1627.23	-1622.37	30.2628
74 	335.829	-2384.9 	-1628.03	-1621.68	41.1619
75 	340.239	-1741.89	-1624.92	-1621.68	9.50346
76 	344.721	-1706.16	-1625.03	-1621.67	9.9423 
77 	349.124	-1700.11	-1623.6 	-1621.67	5.96724
78 	353.583	-1796.4 	-1624.38	-1620.98	11.7506
79 	357.845	-2017.99	-1624.25	-1620.89	19.6013
80 	362.356	-2552.16	-1629.8 	-1620.89	57.5766
81 	366.593	-2168.87	-1624.46	-1620.2 	26.788 
82 	370.9  	-1854.72	-1624.32	-1619.51	17.0008
83 	375.429	-2027.33	-1625.39	-1619.51	25.9218
84 	379.922	-1977.99	-1625   	-1619.51	22.0872
85 	384.297	-1752.99	-1623.16	-1619.51	11.9886
86 	388.663	-1783.24	-1622.67	-1619.08	11.6635
87 	393.008	-1858.45	-1622.61	-1619.08	15.675 
88 	397.448	-1956.21	-1622.48	-1619.08	17.7499
89 	401.851	-2003.47	-1622.79	-1619.08	22.4193
90 	406.247	-2055.23	-1624.45	-1619.08	31.0287
91 	410.595	-2020.77	-1622.12	-1619.08	20.452 
92 	414.805	-1749.1 	-1621.38	-1619.08	10.3105
93 	419.259	-2716.77	-1628   	-1618.88	81.2955
94 	423.822	-1785.15	-1621.54	-1618.82	12.7367
95 	428.026	-1787.28	-1620.82	-1618.82	10.4889
96 	432.385	-2049.78	-1622.83	-1618.82	23.8464
97 	436.827	-1694.4 	-1620.45	-1618.82	6.70923
98 	441.396	-2539.13	-1624.29	-1618.82	47.1172
99 	445.795	-1782.75	-1621.05	-1618.82	12.966 
gen	time   	min     	avg     	max     	std    
0  	9.29913	-4176   	-1975.54	-1698.63	247.635
1  	13.7905	-3857.52	-1848.39	-1697.11	141.617
2  	18.1926	-2168.92	-1787.59	-1692.66	55.2878
3  	22.6144	-2616.41	-1756.36	-1689.79	56.9217
4  	26.7788	-2412.03	-1736.58	-1679.83	63.3833
5  	31.2282	-2278.57	-1718.66	-1679.83	35.8938
6  	35.6319	-2562.16	-1712.26	-1678.98	56.7507
7  	39.8056	-6700.16	-1709.75	-1669.36	225.05 
8  	44.2128	-5663.24	-1708.81	-1669.36	201.259
9  	48.7392	-3112.64	-1693.27	-1668.24	72.7367
10 	53.0766	-2146.95	-1684.2 	-1664.61	27.2754
11 	57.5353	-2366.8 	-1683.94	-1663.45	40.3452
12 	62.0332	-2090.07	-1679.33	-1657.91	27.5627
13 	66.5804	-1882.33	-1675.77	-1657.19	20.7806
14 	70.9668	-2063.5 	-1672.91	-1655.96	26.1317
15 	75.3224	-1908.09	-1670.64	-1655.06	26.0498
16 	79.6044	-2436.89	-1669.23	-1652.97	45.1141
17 	83.9177	-1996.06	-1665.94	-1649.88	26.5299
18 	88.1735	-4134.33	-1668.14	-1649.88	114.41 
19 	92.7175	-3021.98	-1666.15	-1647.53	72.5226
20 	97.2187	-3556.31	-1668.18	-1647.53	115.329
21 	101.66 	-2403.57	-1659.35	-1646.3 	43.8656
22 	106.071	-2470.61	-1659.57	-1646.3 	52.5579
23 	110.477	-2122.45	-1655.55	-1645.4 	32.893 
24 	114.855	-3839.43	-1657.63	-1643.2 	99.6879
25 	119.326	-2591.76	-1654.84	-1643.2 	51.6657
26 	123.898	-2392.52	-1653.46	-1643.2 	40.6029
27 	128.429	-1920.18	-1651.04	-1643.14	22.4464
28 	132.807	-1878.07	-1648.97	-1642.22	16.6637
29 	137.243	-2489.12	-1650.99	-1641.79	45.1113
30 	141.521	-1963.08	-1649.65	-1641.35	25.257 
31 	145.774	-3866.77	-1658.38	-1641.35	116.981
32 	150.115	-2058.83	-1647.51	-1640.95	21.8926
33 	154.433	-1868.68	-1646.13	-1640.37	14.7643
34 	158.891	-1817.47	-1646.58	-1639.89	16.9034
35 	163.29 	-1777.29	-1645.02	-1639.25	12.0241
36 	167.657	-1971.67	-1646.2 	-1639.25	21.6999
37 	172.251	-2195.64	-1644.84	-1638.55	26.8899
38 	176.612	-1910.85	-1643.77	-1638.29	19.6198
39 	180.851	-2203.02	-1647.49	-1637.45	42.3621
40 	185.161	-1834.41	-1642.87	-1637.45	15.8174
41 	189.465	-2322.71	-1643.44	-1637.45	33.5347
42 	193.696	-1804.42	-1641.69	-1637.45	14.8541
43 	198.001	-2028.38	-1643.28	-1636.01	28.3762
44 	202.45 	-2344.99	-1644.06	-1636.01	47.5959
45 	206.914	-2183.95	-1643.89	-1636.01	41.8732
46 	211.407	-1894.96	-1640.69	-1635.74	20.5963
47 	215.742	-1911.94	-1640.4 	-1635.74	19.1636
48 	220.16 	-1796.15	-1639.82	-1635.74	14.6743
49 	224.426	-1928.25	-1640.55	-1634.9 	23.8231
50 	228.927	-2018.77	-1639.29	-1634.85	20.8245
51 	233.2  	-2033.55	-1639.67	-1633.34	24.3702
52 	237.635	-1801.86	-1640.37	-1633.34	19.7941
53 	242.068	-2168.59	-1640.53	-1633.34	35.1361
54 	246.616	-1965.72	-1639.05	-1633   	22.0016
55 	250.977	-1802.36	-1637.79	-1632.22	12.8386
56 	255.446	-1949.94	-1639.79	-1632.03	28.1929
57 	259.877	-1934.55	-1637.72	-1631.73	18.926 
58 	264.247	-1804.17	-1636.72	-1631.42	15.6238
59 	268.762	-2299.51	-1638.3 	-1631.42	39.3014
60 	273.353	-2648.1 	-1638.9 	-1629.98	51.21  
61 	277.744	-1902.08	-1636.19	-1629.78	22.4537
62 	282.217	-1776.24	-1634.25	-1629.28	12.0919
63 	286.613	-1895.16	-1634.43	-1629.28	16.2817
64 	291.044	-1884.03	-1633.98	-1628.58	15.4126
65 	295.466	-2630.14	-1636.61	-1626.88	49.4889
66 	299.904	-2050.42	-1636.72	-1626.46	38.3676
67 	304.268	-1767.82	-1631.82	-1626.46	11.4695
68 	308.899	-2451.56	-1633.99	-1625.06	42.8273
69 	313.295	-2073.04	-1631.83	-1625.06	24.3924
70 	317.772	-2085.77	-1631.43	-1625.06	25.4182
71 	322.271	-1800.17	-1629.15	-1624.36	13.0379
72 	326.652	-1822.82	-1630.22	-1624.36	18.6993
73 	331.166	-1929.86	-1629.04	-1624.36	17.5602
74 	335.521	-2791.48	-1632.08	-1624.25	58.4497
75 	339.867	-2614.47	-1630.96	-1624.25	54.4451
76 	344.192	-1827.64	-1627.17	-1623.85	13.7333
77 	348.646	-2324.81	-1628.72	-1623.18	35.7191
78 	352.892	-1949.25	-1627.29	-1623.18	19.7015
79 	357.372	-2533.61	-1628.54	-1623.18	43.0214
80 	361.784	-1846.8 	-1627.38	-1623.18	18.7959
81 	366.281	-1886.28	-1626.89	-1622.49	20.7043
82 	370.749	-1792.89	-1626.49	-1622.49	14.9633
83 	375.203	-1763.49	-1625.83	-1621.68	12.638 
84 	379.618	-1901.89	-1624.44	-1621.68	14.0861
85 	384.039	-1788.55	-1625.26	-1621.22	14.0317
86 	388.21 	-2159.37	-1626.64	-1620.61	31.4892
87 	392.704	-1732.36	-1623.44	-1620.61	7.41085
88 	397.102	-2342.16	-1625.66	-1620.61	35.4766
89 	401.447	-1728.47	-1624.28	-1620.61	11.326 
90 	405.937	-1736.53	-1623.81	-1620.61	11.4755
91 	410.371	-2400.38	-1625.63	-1619.91	41.2718
92 	414.815	-1938.53	-1624.76	-1619.3 	25.4937
93 	419.187	-1871.6 	-1624.29	-1619.3 	20.304 
94 	423.738	-4750.36	-1641.83	-1618.96	207.915
95 	428.011	-1694.96	-1621.65	-1618.96	6.93859
96 	432.282	-3834.12	-1629.37	-1618.69	113.931
97 	436.626	-1846.76	-1622.75	-1618.69	17.2256
98 	441.101	-1694.01	-1620.56	-1618.69	7.14872
99 	445.516	-1768.29	-1621.33	-1618.69	10.6728
gen	time   	min     	avg     	max     	std    
0  	9.28859	-3191   	-1948.42	-1717.78	193.081
1  	13.7256	-4136.76	-1841.63	-1716.1 	141.379
2  	18.0792	-2848.83	-1795.67	-1701.87	82.5333
3  	22.5034	-2549.13	-1765.66	-1693.31	62.3054
4  	26.9294	-5797.7 	-1754.72	-1689.45	192.223
5  	31.2721	-2506.38	-1733.45	-1682.35	59.7888
6  	35.6715	-3165.77	-1728.66	-1681.13	102.865
7  	39.9543	-2369.23	-1712.44	-1672.27	47.4376
8  	44.2218	-2061.62	-1701.39	-1655.88	32.436 
9  	48.7326	-1929.65	-1694.22	-1654.91	24.4791
10 	53.2138	-2854.02	-1693.54	-1654.91	67.8108
11 	57.5321	-2538.67	-1686.47	-1646.64	53.7231
12 	61.8834	-2415.08	-1679.27	-1645.7 	50.863 
13 	66.2562	-2175.68	-1671.41	-1643.59	33.844 
14 	70.6605	-2884.4 	-1668.14	-1643.47	71.3903
15 	75.1982	-1917.31	-1659.67	-1642.89	21.2044
16 	79.4188	-2250.25	-1657.52	-1642.56	38.0427
17 	83.7266	-2010.57	-1654.27	-1641.42	28.8497
18 	88.0691	-2055.37	-1651.87	-1641.06	29.5867
19 	92.4384	-2170.67	-1650.91	-1636.96	41.2138
20 	96.8881	-2706.4 	-1649.83	-1636.96	51.6676
21 	101.315	-1986.51	-1648.04	-1636.96	30.7006
22 	105.765	-2206.08	-1645.22	-1636.96	28.0304
23 	110.178	-3789.16	-1650.14	-1636.65	100.205
24 	114.674	-2220.47	-1643.34	-1636.65	28.6885
25 	119.1  	-1933.62	-1643.33	-1635.98	23.4445
26 	123.498	-2175.18	-1642.71	-1635.98	29.3755
27 	127.902	-1878.42	-1640.49	-1634.4 	18.7389
28 	132.188	-1950.54	-1643.92	-1634.32	32.7097
29 	136.498	-1800   	-1639.47	-1632.96	13.9443
30 	140.89 	-1811.75	-1639.24	-1632.47	15.0832
31 	145.154	-1859.9 	-1638.36	-1632.26	15.8081
32 	149.674	-2520.08	-1640.16	-1632.26	43.3669
33 	154.137	-1925.11	-1639.57	-1632.26	23.6241
34 	158.533	-2072.35	-1639.79	-1630.71	33.6684
35 	162.859	-1860.01	-1636.78	-1630.26	16.0185
36 	167.284	-2215.92	-1637.92	-1630.26	31.3935
37 	171.758	-2061.38	-1636.48	-1630.26	22.6235
38 	176.091	-2022.82	-1637.24	-1630.1 	28.0167
39 	180.427	-1953.71	-1635.2 	-1630.1 	22.0445
40 	184.891	-2018.61	-1636.17	-1629.57	28.2324
41 	189.231	-2136.14	-1635.13	-1629.44	28.8898
42 	193.649	-1873.4 	-1634.65	-1629.44	22.5032
43 	198.206	-1763.12	-1633.05	-1628.74	13.5005
44 	202.622	-1960.44	-1633.15	-1628.08	19.08  
45 	207.037	-2272.96	-1634.73	-1628.04	34.7797
46 	211.33 	-1861.4 	-1631.35	-1628.04	11.8211
47 	215.566	-2548.15	-1634.29	-1627.95	46.5264
48 	219.924	-1811.15	-1631.6 	-1627.25	14.8021
49 	224.289	-2388.5 	-1633.36	-1626.8 	39.9819
50 	228.646	-2088.14	-1633.92	-1626.52	33.0224
51 	233.052	-1832.89	-1631.9 	-1626.52	18.3155
52 	237.406	-2102.14	-1632.09	-1626.42	29.4762
53 	241.67 	-2191.23	-1633.63	-1625.82	42.9621
54 	246.163	-2042.85	-1630.48	-1625.82	25.3222
55 	250.663	-1696.56	-1628.82	-1625.82	8.47466
56 	255.135	-2288.25	-1631.49	-1625.31	35.7704
57 	259.416	-2016.18	-1630.04	-1625.31	23.0917
58 	263.755	-1970.47	-1631.57	-1625.31	32.4   
59 	268.2  	-2037.41	-1630.42	-1624.98	29.2148
60 	272.484	-1964.47	-1629.34	-1624.29	21.7311
61 	276.876	-2368.42	-1632.78	-1624.29	50.0608
62 	281.316	-1771.54	-1627.98	-1624.29	13.8568
63 	285.69 	-1980.43	-1629.68	-1624.29	24.5542
64 	290.042	-2042.24	-1628.55	-1624.29	27.3058
65 	294.399	-2408.35	-1631.06	-1624.29	52.6728
66 	298.835	-2373.27	-1632.14	-1623.6 	51.7359
67 	303.175	-2466.49	-1629.18	-1623.6 	42.4887
68 	307.551	-1856.96	-1627.7 	-1623.59	18.6303
69 	311.98 	-1770.76	-1627.45	-1623.55	15.1049
70 	316.377	-3843.5 	-1633.58	-1623.55	116.951
71 	320.76 	-2720.16	-1628.43	-1622.53	50.6384
72 	325.267	-1991.47	-1628.09	-1622.53	27.8222
73 	329.611	-1719.19	-1626.07	-1622.43	11.0319
74 	334.138	-2005.24	-1629.54	-1622.43	34.0332
75 	338.535	-1849.53	-1627.02	-1622.43	19.7061
76 	342.855	-2130.6 	-1626.39	-1622.43	25.297 
77 	347.215	-3386.71	-1631   	-1621.9 	83.9928
78 	351.591	-2048.57	-1626.99	-1621.8 	26.1974
79 	356.058	-2390.12	-1625.94	-1621.8 	36.1332
80 	360.405	-1863.72	-1627.03	-1621.78	22.6119
81 	364.95 	-2038.32	-1625.41	-1621.78	21.9458
82 	369.244	-1861.02	-1625.25	-1621.4 	15.9698
83 	373.717	-2746.31	-1629.11	-1620.98	63.9446
84 	378.284	-1897.15	-1624.45	-1620.98	16.6237
85 	382.468	-1721.31	-1624.09	-1620.98	10.4998
86 	386.842	-1714.12	-1622.93	-1620.98	8.0275 
87 	391.317	-1948.55	-1626.12	-1620.7 	24.0909
88 	395.753	-1810.92	-1623.17	-1620.42	12.0012
89 	400.128	-1984.37	-1625.23	-1620.16	24.8756
90 	404.521	-3251.23	-1627.35	-1620.16	75.5947
91 	408.78 	-2313.58	-1624.2 	-1620.16	32.6618
92 	413.235	-1795.62	-1623.9 	-1619.6 	16.8786
93 	417.59 	-1767.05	-1623.06	-1619.18	13.7182
94 	421.911	-2118.02	-1624.53	-1619.18	31.6201
95 	426.277	-2092.48	-1626.85	-1619.18	42.8215
96 	430.741	-1800.15	-1622.15	-1619.18	13.8277
97 	435.098	-1759.79	-1622.66	-1619.08	13.8531
98 	439.44 	-1741.29	-1620.95	-1619.08	9.1602 
99 	443.808	-1943.09	-1621.94	-1619.08	18.3042
gen	time   	min     	avg     	max     	std    
0  	9.19788	-3543.19	-1962.74	-1718.14	209.993
1  	13.7047	-2757.63	-1848.98	-1711.06	93.3838
2  	18.0763	-3750.69	-1795.28	-1689.2 	104.913
3  	22.4278	-2852.67	-1775.48	-1689.2 	92.7463
4  	26.8848	-2962.87	-1750.02	-1686.82	92.1893
5  	31.305 	-1967.71	-1727.66	-1677   	28.3534
6  	35.772 	-3563.79	-1721.94	-1676.23	96.8424
7  	40.1301	-2232.3 	-1707.73	-1676.23	35.5143
8  	44.4837	-2031.16	-1700.29	-1672.3 	28.2904
9  	48.8993	-2078.99	-1696.44	-1663.92	35.605 
10 	53.3158	-2372.02	-1690.2 	-1661.88	38.9427
11 	57.8824	-2019.9 	-1684.59	-1661.82	23.3606
12 	62.1196	-2147.53	-1682.6 	-1656.41	37.7649
13 	66.5798	-2507.05	-1679.25	-1653.83	49.3462
14 	71.0501	-2189.55	-1676.38	-1653.83	44.2951
15 	75.3052	-2217.33	-1670.14	-1649.86	42.1401
16 	79.7789	-5484.38	-1671.71	-1647.51	171.58 
17 	84.3489	-2507.98	-1663.58	-1646.86	51.0536
18 	88.7785	-3372.52	-1668.52	-1646.76	93.8303
19 	92.9818	-1989.88	-1657.11	-1644.37	25.3356
20 	97.1472	-1898.93	-1653.83	-1641.23	17.695 
21 	101.385	-2193.3 	-1654.55	-1639.64	31.9352
22 	105.831	-2074.74	-1653.92	-1639.64	31.738 
23 	110.254	-5152.19	-1658.9 	-1638.1 	159.298
24 	114.632	-1915.7 	-1647.28	-1636.8 	18.9681
25 	119.198	-2308.32	-1647.35	-1634.09	37.6703
26 	123.555	-1899.21	-1643.59	-1633.21	18.931 
27 	127.951	-1836.41	-1641.71	-1632.17	15.5698
28 	132.249	-2121.99	-1643.18	-1631.04	36.3242
29 	136.63 	-2761.97	-1642.7 	-1630.99	62.6089
30 	140.991	-1885.75	-1636.62	-1629.47	15.215 
31 	145.409	-2420.98	-1639.61	-1629.47	51.5495
32 	149.758	-1970.85	-1636.75	-1628.55	24.2547
33 	154.238	-2085.84	-1634.93	-1628.55	26.3074
34 	158.694	-1699.35	-1632.31	-1628.55	6.70184
35 	163.022	-2498.13	-1637.1 	-1628.55	49.5943
36 	167.44 	-1753.33	-1631.93	-1628.55	10.9872
37 	171.721	-3484   	-1639.46	-1627.38	108.684
38 	176.04 	-1771.56	-1631.85	-1627.38	12.8227
39 	180.492	-1957.51	-1631.53	-1627.25	17.6182
40 	184.861	-1951.25	-1632.53	-1627.25	21.3034
41 	189.078	-2096.39	-1632.99	-1626.68	31.1571
42 	193.454	-1915.01	-1631.18	-1626.33	16.6645
43 	197.735	-2010.06	-1632.97	-1626.33	27.7537
44 	202.231	-10074.3	-1650.28	-1625.33	378.797
45 	206.607	-1946.09	-1631.01	-1625.33	23.5707
46 	210.994	-1923.37	-1630.54	-1625.33	20.553 
47 	215.523	-2106.95	-1631.3 	-1625.33	29.4061
48 	219.954	-2259.65	-1630.09	-1625.21	30.8314
49 	224.414	-2347.47	-1633.23	-1625.03	55.5556
50 	228.796	-2861.29	-1634.27	-1623.82	71.3378
51 	233.174	-1745.84	-1626.84	-1623.82	8.93449
52 	237.543	-1736.8 	-1627.64	-1622.71	11.2423
53 	242.02 	-2623.19	-1631.59	-1622.71	57.113 
54 	246.453	-1855.6 	-1628.14	-1622.5 	16.7475
55 	250.833	-1830.71	-1627.2 	-1622.5 	12.9151
56 	255.268	-2004.8 	-1629.1 	-1621.8 	29.8556
57 	259.567	-2038.18	-1626.32	-1621.8 	21.1659
58 	264.009	-1717.64	-1624.92	-1621.38	9.17681
59 	268.416	-1787.1 	-1624.85	-1621.32	12.3038
60 	272.872	-1970.11	-1624.65	-1621.14	16.9731
61 	277.27 	-1875.53	-1625.18	-1621.14	18.8784
62 	281.689	-1945.36	-1625.22	-1620.43	22.154 
63 	286.032	-2259.63	-1626.42	-1620.41	34.8907
64 	290.253	-1915.86	-1623.16	-1620.41	15.0251
65 	294.692	-1797.53	-1623.79	-1620.41	14.131 
66 	299.015	-1837.92	-1624.94	-1620.13	20.6159
67 	303.434	-1800.54	-1623.43	-1620.13	13.1714
68 	307.864	-1831.65	-1623.11	-1619.71	13.3275
69 	312.219	-1804.55	-1622.59	-1619.71	13.9883
70 	316.532	-1718.72	-1621.94	-1619.71	7.40222
71 	320.872	-1884.17	-1624.47	-1619.71	24.9873
72 	325.138	-2164.47	-1625.31	-1619.71	34.5111
73 	329.661	-1764.82	-1621.64	-1619.31	10.6584
74 	334.115	-1782.85	-1622.3 	-1619.09	13.9971
75 	338.4  	-1761.23	-1621.95	-1619.01	12.4177
76 	342.664	-1815.09	-1621.75	-1618.88	13.1925
77 	346.951	-2052.28	-1623.33	-1618.34	26.8685
78 	351.242	-1876.39	-1622.67	-1618.34	18.5837
79 	355.421	-1707.95	-1620.7 	-1618.34	7.52664
80 	359.781	-1951.58	-1621.09	-1618.34	16.7759
81 	364.273	-1712.24	-1620.98	-1618.34	10.4011
82 	368.541	-2031.76	-1621.12	-1618.34	20.4014
83 	372.924	-1779.3 	-1621.29	-1618.34	12.4747
84 	377.248	-2096.92	-1622.81	-1617.64	33.4583
85 	381.546	-1687.65	-1619.7 	-1617.64	6.50126
86 	386.055	-1740.85	-1621.13	-1617.64	12.9882
87 	390.555	-1986.26	-1620.76	-1617.64	18.029 
88 	395.091	-2026.4 	-1622.5 	-1617.64	27.646 
89 	399.537	-1953.77	-1620.63	-1617.11	17.5144
90 	403.881	-1772.03	-1620.4 	-1617.11	12.1992
91 	408.171	-2001.87	-1622   	-1616.94	28.5331
92 	412.492	-4158.02	-1625.08	-1616.81	114.234
93 	416.855	-1674.09	-1618.77	-1616.54	5.86234
94 	421.273	-1818.09	-1620.48	-1616.54	14.8041
95 	425.643	-2535.01	-1621.5 	-1616.17	43.0331
96 	430.227	-1757.14	-1619.27	-1616.17	10.5696
97 	434.449	-8238.33	-1634.03	-1615.47	297.567
98 	438.757	-1749.91	-1618.24	-1615.47	9.43838
99 	443.119	-1996.93	-1619.27	-1615.47	20.9484
gen	time   	min     	avg     	max     	std    
0  	9.402  	-4435.7 	-1988.23	-1709.6 	273.69 
1  	13.8856	-2531.43	-1842.39	-1700.28	88.2633
2  	18.3034	-3550.21	-1796.32	-1700.28	114.375
3  	22.7795	-3444.54	-1760.36	-1683.89	102.126
4  	27.2142	-2013.9 	-1732.18	-1671.31	31.4454
5  	31.574 	-2658.39	-1719.07	-1671.31	53.8898
6  	35.9316	-2141.29	-1710.87	-1664.22	39.4941
7  	40.4846	-2116.03	-1701.46	-1658.4 	35.5341
8  	44.8723	-2478.53	-1691.92	-1658.4 	39.1837
9  	49.2866	-2397.33	-1685.26	-1656.23	43.1631
10 	53.7072	-2244.31	-1681.99	-1654.23	49.9062
11 	57.9908	-3389.83	-1675.27	-1650.18	82.8961
12 	62.3564	-1933.85	-1664.64	-1649.64	17.7873
13 	66.6856	-1937.17	-1662.37	-1649.64	20.8056
14 	71.1407	-2284.2 	-1661.36	-1646.38	33.1384
15 	75.4855	-4077.04	-1665.73	-1646.38	118.81 
16 	80.0585	-2343.77	-1660.89	-1646.38	53.2366
17 	84.2638	-1781.21	-1653.26	-1644.99	12.9855
18 	88.7495	-2029.06	-1656.5 	-1644.99	35.0686
19 	92.9969	-2573.1 	-1653.84	-1643.25	48.7108
20 	97.336 	-1990.03	-1655.12	-1643.25	37.4797
21 	101.785	-2104.92	-1650.9 	-1643.15	28.8324
22 	106.122	-2074.52	-1650.19	-1641.52	28.2622
23 	110.499	-1804.28	-1647.65	-1640.87	12.4196
24 	114.863	-2229.56	-1649.23	-1640.87	34.9036
25 	119.359	-2012.71	-1646.9 	-1639.63	22.2556
26 	123.759	-2681.15	-1648.38	-1639.54	52.9334
27 	128.259	-1988.93	-1647.81	-1639.15	28.6701
28 	132.603	-5791.72	-1665.3 	-1638.88	243.273
29 	136.936	-1897.59	-1643   	-1638.82	14.6997
30 	141.374	-2060.44	-1645.37	-1637.48	29.8533
31 	145.589	-5622.18	-1654.45	-1636.97	186.713
32 	150.047	-4795.57	-1651.45	-1636.27	153.155
33 	154.509	-1916.55	-1643.59	-1636.27	21.4523
34 	158.908	-2501.01	-1644.14	-1635.35	45.7257
35 	163.364	-1846.76	-1640.53	-1635.18	14.3055
36 	167.802	-1886.8 	-1640.46	-1635.18	17.011 
37 	172.222	-1878.14	-1640.61	-1635.05	18.7929
38 	176.622	-2138.31	-1642.08	-1634.14	36.4259
39 	181.119	-1944.45	-1640.58	-1634.14	25.4571
40 	185.606	-2013.64	-1639.61	-1634.14	27.0732
41 	190.047	-3243.87	-1642.33	-1633.92	77.1666
42 	194.428	-1915.75	-1638.35	-1633.27	19.0692
43 	198.7  	-2150.07	-1638.31	-1632.57	26.4161
44 	203.109	-1875.8 	-1636.98	-1632.05	15.1818
45 	207.567	-1753.77	-1636.84	-1631.28	12.1763
46 	211.809	-1857.57	-1637.46	-1630.75	20.5857
47 	216.379	-1972.16	-1637.08	-1630.4 	22.2666
48 	220.752	-2049.05	-1637.92	-1629.92	29.4714
49 	225.246	-2645.43	-1639.03	-1629.92	53.2794
50 	229.701	-1987.64	-1635.52	-1628.88	23.0162
51 	233.977	-2528.8 	-1635.86	-1628.53	45.3508
52 	238.483	-1880.93	-1633.41	-1627.78	19.3126
53 	242.762	-1784.54	-1632.9 	-1627.78	15.0974
54 	247.138	-3253.35	-1635.81	-1627.78	74.8916
55 	251.501	-1805.96	-1631.97	-1627.35	13.9487
56 	256.048	-2159.42	-1632.12	-1627.35	29.6138
57 	260.548	-2051.68	-1631.88	-1627.18	22.8348
58 	264.9  	-2046.47	-1631.41	-1626.66	25.8143
59 	269.275	-2079.92	-1633.39	-1626.66	33.8762
60 	273.731	-1822.77	-1630.4 	-1626.66	14.4574
61 	278.019	-1998.22	-1631.8 	-1626.48	24.4372
62 	282.371	-2362.23	-1632.22	-1626.48	41.0308
63 	286.705	-1762.59	-1629.6 	-1626.48	13.3961
64 	291.149	-1693.5 	-1628.04	-1625.96	6.04708
65 	295.422	-1962.33	-1630.96	-1625.96	24.3286
66 	299.84 	-2077.95	-1631.06	-1625.66	26.3907
67 	304.136	-1939.58	-1629.97	-1625.66	20.1672
68 	308.576	-1931.73	-1630.6 	-1624.98	23.7139
69 	313.06 	-1784.93	-1628.58	-1624.78	11.6842
70 	317.408	-2423.17	-1631.78	-1624.78	41.2494
71 	321.82 	-2105.69	-1629.06	-1624.44	25.848 
72 	326.087	-1828.06	-1628.84	-1624.08	14.3098
73 	330.45 	-1721.04	-1627.42	-1624.08	9.91528
74 	334.847	-1836.01	-1627.8 	-1624.08	15.9906
75 	339.188	-2815.77	-1631.28	-1622.56	61.2381
76 	343.361	-1957.43	-1628.19	-1622.56	24.574 
77 	347.838	-1675.01	-1626.08	-1622.56	6.19962
78 	352.264	-2071.15	-1628.29	-1622.56	27.0696
79 	356.728	-1829.13	-1626.5 	-1622.56	15.4038
80 	361.098	-2618.82	-1629.44	-1622.56	52.1083
81 	365.584	-1763.01	-1626.4 	-1622.24	14.321 
82 	370.006	-2310.93	-1626.22	-1622.24	35.4051
83 	374.331	-1891.91	-1627.1 	-1622.24	25.1457
84 	378.655	-1979.77	-1625.38	-1622.24	19.9823
85 	383.085	-1791.48	-1625.36	-1622.24	14.7132
86 	387.501	-2082.55	-1626.28	-1621.86	25.3885
87 	391.79 	-1793.84	-1624.88	-1621.04	13.0604
88 	396.143	-1871.08	-1624.33	-1621.04	12.822 
89 	400.555	-2127.98	-1627.79	-1621.04	33.6218
90 	404.934	-2031.79	-1626.62	-1621.04	26.1041
91 	409.474	-1736.47	-1623.8 	-1619.44	7.8107 
92 	413.856	-2039.17	-1626.85	-1619.44	32.2384
93 	418.34 	-2888.06	-1627.43	-1619.44	58.8339
94 	422.821	-1811.45	-1623.82	-1619.44	14.9013
95 	427.207	-1937.34	-1625.56	-1619.44	26.3357
96 	431.52 	-2025.02	-1624.7 	-1619.44	26.2282
97 	435.979	-1957.47	-1624.48	-1619.44	23.3578
98 	440.248	-1892.08	-1622.88	-1618.82	21.891 
99 	444.701	-1849.78	-1621.8 	-1618.74	14.6066
