gen	depth	min     	avg     	max     	std    
0  	25   	-3486.54	-1804.59	-1658.17	150.201
1  	25   	-1930.15	-1726.1 	-1657.78	40.8681
2  	25   	-2789.56	-1705.46	-1644.22	73.446 
3  	25   	-2102.73	-1685.68	-1639.77	30.595 
4  	25   	-2954.49	-1674.01	-1635.58	60.5647
5  	25   	-1849.61	-1661.57	-1635.49	16.432 
6  	25   	-2086.66	-1656.84	-1634.06	28.7878
7  	25   	-1870.06	-1649.64	-1633.71	16.8934
8  	25   	-1757.55	-1643.84	-1629.04	9.07827
9  	25   	-2023.9 	-1643.05	-1626.77	29.8946
10 	25   	-1848.84	-1638.67	-1626.77	14.0509
11 	25   	-2286.61	-1638.5 	-1624.72	40.0299
12 	25   	-2008.58	-1633.63	-1624.72	19.1549
13 	25   	-3368.27	-1635.91	-1622.83	80.9555
14 	25   	-1944.07	-1631.15	-1622.83	20.8518
15 	25   	-1868.66	-1628.37	-1622.41	11.6186
16 	25   	-1770.68	-1627.8 	-1621.36	8.94955
17 	25   	-1860.09	-1628.15	-1620.79	17.419 
18 	25   	-1675.78	-1625.33	-1620.13	5.1828 
19 	25   	-1688.93	-1624.32	-1619.83	5.29754
20 	25   	-2295.74	-1625.21	-1619.54	30.9521
21 	25   	-1915.49	-1624.99	-1618.84	20.0319
22 	25   	-1817.28	-1622.81	-1618.19	12.3303
23 	25   	-1794.16	-1622.24	-1616.9 	10.709 
24 	25   	-1765.26	-1621.37	-1616.9 	10.2692
25 	25   	-2025.13	-1622.17	-1616.33	22.769 
26 	25   	-1720.55	-1619.7 	-1616.33	7.45293
27 	25   	-1935.76	-1620.42	-1615.84	18.7275
28 	25   	-1964.95	-1620   	-1615.84	21.3733
29 	25   	-1712.19	-1617.99	-1615.84	6.89487
30 	25   	-1767.13	-1618.37	-1615.22	10.898 
31 	25   	-1879.75	-1618.66	-1614.55	18.1548
32 	25   	-1846.72	-1618.02	-1614.16	12.7614
33 	25   	-1838.64	-1617.81	-1614.16	12.9334
34 	25   	-1798.52	-1617.26	-1613.76	10.8803
35 	25   	-1706.86	-1616.14	-1613.76	5.28129
36 	25   	-2337.1 	-1618.47	-1613.28	33.8976
37 	25   	-1925.7 	-1616.77	-1613.28	16.8852
38 	25   	-1954.15	-1615.92	-1613.16	15.9395
39 	25   	-1731.68	-1615.73	-1612.63	9.6634 
40 	25   	-1803.82	-1614.95	-1611.81	9.42162
41 	25   	-1793.5 	-1614.95	-1611.81	11.0135
42 	25   	-1722.96	-1614.77	-1611.46	8.14237
43 	25   	-2321.55	-1617.02	-1611.36	40.0601
44 	25   	-2023.51	-1614.86	-1610.81	20.9441
45 	25   	-1676.47	-1613.7 	-1610.81	5.92083
46 	25   	-1812.2 	-1614.86	-1610.67	17.7698
47 	25   	-1832.66	-1613.89	-1610.11	13.6355
48 	25   	-2042.81	-1615.19	-1610.11	29.463 
49 	25   	-1756.11	-1612.54	-1609.35	8.56978
50 	25   	-1690.1 	-1611.94	-1609.35	5.00847
51 	25   	-1732.54	-1612.06	-1609.35	8.19042
52 	25   	-1747.73	-1611.38	-1609.23	7.57643
53 	25   	-1987.38	-1612.47	-1608.97	20.4425
54 	25   	-1730.39	-1610.51	-1608.89	7.5545 
55 	25   	-1753.18	-1610.52	-1608.53	8.41614
56 	25   	-1697.67	-1610.6 	-1608.19	7.3854 
57 	25   	-2331.17	-1612.33	-1608.19	33.2415
58 	25   	-1720.83	-1610.68	-1608.14	9.86372
59 	25   	-1727.48	-1610.13	-1607.49	9.50921
60 	25   	-1644.8 	-1609.4 	-1607.49	3.77793
61 	25   	-1714.61	-1609.29	-1607.44	6.58473
62 	25   	-1673.01	-1608.89	-1607.44	4.62132
63 	25   	-1820.71	-1609.27	-1607.44	11.3962
64 	25   	-1834.38	-1609.05	-1607.34	11.9582
65 	25   	-1627.54	-1608.17	-1606.94	2.2579 
66 	25   	-1868.59	-1609.11	-1606.94	14.0344
67 	25   	-1663.75	-1608.35	-1606.24	4.40894
68 	25   	-1646.37	-1608   	-1606.24	3.4026 
69 	25   	-1724.21	-1608.38	-1606.24	7.39313
70 	25   	-1646   	-1607.72	-1606.24	3.51049
71 	25   	-1721.2 	-1607.77	-1606.24	6.3755 
72 	25   	-1783.84	-1607.77	-1606.03	8.84869
73 	25   	-1653.61	-1607.68	-1606.03	5.34307
74 	25   	-1684.53	-1607.16	-1606.03	4.80595
75 	25   	-1624.35	-1606.57	-1606.03	1.84364
76 	25   	-1722.46	-1607.11	-1606.03	6.64846
77 	25   	-1743.67	-1607.27	-1605.64	8.98409
78 	25   	-1662.6 	-1606.38	-1605.64	2.96731
79 	25   	-1647.51	-1606.8 	-1605.64	3.63952
80 	25   	-1678.2 	-1606.96	-1605.64	5.97438
81 	25   	-1774.88	-1607.01	-1605.4 	9.44173
82 	25   	-1643.93	-1606.2 	-1604.94	2.67549
83 	25   	-1662.47	-1606.35	-1604.94	4.4961 
84 	25   	-3821.9 	-1610.82	-1604.85	99.1515
85 	25   	-1675.53	-1606.35	-1604.85	4.63096
86 	25   	-1656.48	-1606.32	-1604.7 	4.49054
87 	25   	-1623.41	-1605.59	-1604.7 	1.68515
88 	25   	-1656.02	-1605.79	-1604.54	4.55033
89 	25   	-1655.43	-1605.5 	-1604.54	3.91849
90 	25   	-1657.93	-1605.56	-1604.54	4.21005
91 	25   	-1911.06	-1607.15	-1604.54	18.6953
92 	25   	-1649.27	-1605.34	-1604.54	3.62268
93 	25   	-1652.28	-1605.69	-1604.54	4.71068
94 	25   	-1751.34	-1606.16	-1604.54	10.1355
95 	25   	-1638.42	-1605.22	-1604.54	3.10437
96 	25   	-1636.27	-1604.99	-1604.54	2.2258 
97 	25   	-1740.67	-1605.55	-1604.54	7.35464
98 	25   	-1694.88	-1605.64	-1604.54	6.62634
99 	25   	-1638.53	-1605.13	-1604.33	3.04025
gen	depth	min     	avg     	max     	std    
0  	25   	-3183.57	-1815.03	-1657.16	171.707
1  	25   	-8699.16	-1754.42	-1647.84	350.194
2  	25   	-2188.68	-1694.01	-1645.77	40.5792
3  	25   	-2232.95	-1676.83	-1645.77	37.4879
4  	25   	-1840.42	-1663.58	-1643.48	17.724 
5  	25   	-1771.91	-1657.66	-1640.52	13.4794
6  	25   	-2114.47	-1654.58	-1633.26	24.57  
7  	25   	-1886.25	-1649.91	-1629.98	17.1246
8  	25   	-1787.84	-1647.07	-1627.36	13.8537
9  	25   	-1947.9 	-1644.62	-1627.36	20.4856
10 	25   	-1817.03	-1640.61	-1625.77	12.6395
11 	25   	-2147.86	-1640.07	-1624.46	34.284 
12 	25   	-2071.81	-1636.44	-1621.25	27.7774
13 	25   	-1997.96	-1633.87	-1621.25	28.7832
14 	25   	-1684.99	-1629.18	-1619.48	8.27035
15 	25   	-1802.39	-1627.09	-1618.85	10.1746
16 	25   	-2024.27	-1627.4 	-1618.85	26.1482
17 	25   	-1668.14	-1623.54	-1616.66	4.3245 
18 	25   	-1727.96	-1622.8 	-1616.24	8.0283 
19 	25   	-1783.27	-1622.3 	-1614.74	11.5273
20 	25   	-1903.84	-1621.36	-1613.94	17.172 
21 	25   	-1690.07	-1619.57	-1613.94	5.05666
22 	25   	-2653.75	-1623.1 	-1613.39	53.8898
23 	25   	-1690.58	-1617.74	-1612.45	5.85642
24 	25   	-2143.99	-1619.7 	-1612.45	30.6533
25 	25   	-1855.23	-1617.23	-1612.45	16.2848
26 	25   	-1880.08	-1616.16	-1611.91	14.5074
27 	25   	-2280.55	-1617.4 	-1611.91	37.1808
28 	25   	-1743.85	-1615.13	-1611.39	10.7692
29 	25   	-1723.58	-1614.05	-1611.39	8.28137
30 	25   	-1827.32	-1613.72	-1611.16	11.0586
31 	25   	-1926.44	-1615.29	-1610.88	23.3043
32 	25   	-1663.57	-1612.68	-1610.81	4.53927
33 	25   	-2080.21	-1614.71	-1610.69	29.6269
34 	25   	-1734.93	-1612.27	-1610.58	6.50664
35 	25   	-1681.12	-1612.62	-1610.58	6.79074
36 	25   	-2570.41	-1614.98	-1609.99	45.4855
37 	25   	-2211.93	-1613.31	-1609.92	27.9134
38 	25   	-1795.84	-1612.75	-1609.86	12.6696
39 	25   	-1712.89	-1611.62	-1608.89	5.89534
40 	25   	-1734.96	-1611.8 	-1608.89	7.44134
41 	25   	-1786.87	-1612.67	-1608.89	16.6354
42 	25   	-1703.04	-1610.85	-1608.89	5.72343
43 	25   	-1654.67	-1610.46	-1608.89	3.9612 
44 	25   	-1748.21	-1611.07	-1608.89	9.29914
45 	25   	-2203.99	-1611.54	-1608.89	27.1201
46 	25   	-2013.15	-1611.48	-1608.89	19.9022
47 	25   	-1699.38	-1610.1 	-1608.89	6.27681
48 	25   	-2567.57	-1612.08	-1608.89	44.0829
49 	25   	-1756.88	-1610.34	-1608.89	9.73702
50 	25   	-1706.47	-1610.03	-1608.76	7.07639
51 	25   	-1864.74	-1610.21	-1608.76	12.801 
52 	25   	-1780.54	-1610.24	-1608.76	10.2748
53 	25   	-1694.94	-1609.61	-1608.76	4.79725
54 	25   	-1702.67	-1609.92	-1608.55	6.75586
55 	25   	-1670.76	-1609.47	-1608.47	3.87074
56 	25   	-1753.8 	-1610.23	-1608.47	9.60236
57 	25   	-1764.27	-1610.09	-1608.47	9.55929
58 	25   	-1786.68	-1610.72	-1608.19	12.0943
59 	25   	-1711.46	-1609.86	-1608.07	7.58951
60 	25   	-1701.73	-1609.7 	-1608.06	7.23053
61 	25   	-1901.24	-1610.12	-1608.06	14.7127
62 	25   	-1657.96	-1609.38	-1607.8 	4.26208
63 	25   	-1944.22	-1611.02	-1607.49	21.9313
64 	25   	-1748.57	-1609.95	-1607.49	9.58682
65 	25   	-1691.64	-1609.34	-1607.49	6.64587
66 	25   	-1685.41	-1609.17	-1607.49	5.72045
67 	25   	-1726.69	-1609.58	-1607.36	9.33989
68 	25   	-1712.34	-1608.74	-1607.36	6.13174
69 	25   	-1716.42	-1609.29	-1607.36	9.22808
70 	25   	-1915.7 	-1609.15	-1607.34	14.639 
71 	25   	-1687.87	-1608.32	-1606.97	4.76042
72 	25   	-1792.52	-1608.76	-1606.94	10.3247
73 	25   	-1732.66	-1608.93	-1606.6 	9.15423
74 	25   	-1674.52	-1608.21	-1606.6 	4.72657
75 	25   	-1662.71	-1608.06	-1606.6 	4.06241
76 	25   	-1674.78	-1607.91	-1606.6 	4.20576
77 	25   	-1684.58	-1607.79	-1606.51	4.91217
78 	25   	-1647.79	-1607.55	-1606.51	3.50022
79 	25   	-1666.71	-1607.57	-1606.4 	5.13418
80 	25   	-2335.7 	-1609.28	-1606.4 	33.2346
81 	25   	-1674.77	-1607.37	-1606.4 	4.65916
82 	25   	-1719.29	-1607.65	-1606.4 	7.19007
83 	25   	-1780.72	-1608   	-1606.11	9.83579
84 	25   	-1649.11	-1607.16	-1606.11	3.7494 
85 	25   	-1749.77	-1607.7 	-1606.11	8.11849
86 	25   	-1814.42	-1608.38	-1606.11	14.2319
87 	25   	-1641.14	-1607.08	-1605.87	3.58023
88 	25   	-1911.4 	-1608.11	-1605.87	15.4325
89 	25   	-1862.98	-1608.41	-1605.87	16.6851
90 	25   	-1719.08	-1607.46	-1605.87	8.13343
91 	25   	-1651.22	-1606.75	-1605.85	3.78849
92 	25   	-1731.83	-1607.61	-1605.85	10.4924
93 	25   	-1679.26	-1606.82	-1605.85	5.05276
94 	25   	-2010.94	-1608.71	-1605.74	26.9751
95 	25   	-1682.43	-1606.96	-1605.74	6.30176
96 	25   	-1676.81	-1606.77	-1605.17	4.81946
97 	25   	-1649.64	-1606.51	-1605.17	3.18814
98 	25   	-1664.55	-1606.38	-1605.17	3.28641
99 	25   	-1760.47	-1607.32	-1605.17	10.3461
gen	depth	min     	avg     	max     	std    
0  	25   	-3011.15	-1809.55	-1650.8 	157.126
1  	25   	-1895.47	-1725.07	-1641.47	46.0541
2  	25   	-3819.27	-1701.65	-1641.47	103.137
3  	25   	-2439.2 	-1679.72	-1637.24	50.0119
4  	25   	-1946.41	-1664.73	-1635.1 	24.2903
5  	25   	-1903.09	-1656.65	-1631.23	22.3989
6  	25   	-2642.11	-1653.8 	-1631.23	55.4491
7  	25   	-3338.36	-1650.4 	-1630.26	99.1339
8  	25   	-2036.43	-1643.11	-1628.69	26.3169
9  	25   	-1705.2 	-1639.1 	-1627.91	6.90441
10 	25   	-2069.94	-1638.67	-1625.96	24.1004
11 	25   	-3007.79	-1639.33	-1624.3 	63.3813
12 	25   	-1964.3 	-1634.03	-1622.05	17.5149
13 	25   	-1719.76	-1631.57	-1622.05	9.09139
14 	25   	-1878.05	-1631.59	-1621.7 	19.4873
15 	25   	-1703.17	-1628.56	-1619.49	6.49346
16 	25   	-2230.83	-1631.28	-1618.71	42.5973
17 	25   	-1769.51	-1626.39	-1618.05	10.7912
18 	25   	-1744.07	-1624.58	-1616.28	9.64126
19 	25   	-1833.89	-1623.75	-1616.28	12.9404
20 	25   	-1976.3 	-1622.41	-1614.98	20.2419
21 	25   	-1736.02	-1620.37	-1614.16	8.66339
22 	25   	-5498.95	-1627.04	-1614.16	173.476
23 	25   	-1680.9 	-1618.05	-1613.86	5.27907
24 	25   	-1891.79	-1618.58	-1613.68	17.5556
25 	25   	-1813.91	-1617.71	-1612.76	12.3767
26 	25   	-1762.01	-1616.51	-1612.46	8.06327
27 	25   	-2172.84	-1617.22	-1611.37	26.1372
28 	25   	-1725.7 	-1614.98	-1611.37	5.89837
29 	25   	-1661.99	-1614.5 	-1611.37	4.19207
30 	25   	-1758.82	-1614.62	-1611.37	9.0945 
31 	25   	-1898.3 	-1614.6 	-1611.06	17.3385
32 	25   	-1726.62	-1613.7 	-1610.67	7.96413
33 	25   	-1872.54	-1613.61	-1610.67	13.327 
34 	25   	-1895   	-1613.44	-1610.46	13.7704
35 	25   	-1675.24	-1612.7 	-1610.21	5.94323
36 	25   	-1699.59	-1612.56	-1610.02	7.14675
37 	25   	-1769.08	-1612.14	-1610.02	8.65923
38 	25   	-1673.41	-1611.79	-1609.54	4.95703
39 	25   	-1825.63	-1612.75	-1609.54	12.4475
40 	25   	-1692   	-1611.43	-1609.54	5.35406
41 	25   	-1841.44	-1611.82	-1609.06	11.967 
42 	25   	-1675.68	-1611.11	-1608.99	4.74984
43 	25   	-1727.28	-1611.53	-1608.99	9.2588 
44 	25   	-1691.12	-1610.83	-1608.99	5.89393
45 	25   	-1724.99	-1610.8 	-1608.97	7.39502
46 	25   	-2214.85	-1612.5 	-1608.44	30.2694
47 	25   	-1967.2 	-1611.35	-1608.29	19.1979
48 	25   	-1650.46	-1609.89	-1608.29	3.14018
49 	25   	-1704.94	-1610.04	-1608.29	5.29868
50 	25   	-2017.85	-1612.13	-1608.1 	25.5529
51 	25   	-1766.3 	-1610.24	-1607.8 	10.635 
52 	25   	-1645.01	-1609.17	-1607.8 	3.13954
53 	25   	-1694.56	-1609.6 	-1607.59	5.85529
54 	25   	-1684.93	-1609.39	-1607.59	5.6605 
55 	25   	-1736.5 	-1609.54	-1607.4 	9.13917
56 	25   	-1695.44	-1608.93	-1607.4 	6.442  
57 	25   	-1687.67	-1608.9 	-1607.4 	5.92551
58 	25   	-1640.37	-1608.34	-1607.1 	2.83297
59 	25   	-1786.06	-1608.62	-1607.02	8.90449
60 	25   	-1818.61	-1609.81	-1606.89	14.1347
61 	25   	-1749.71	-1608.3 	-1606.8 	7.09362
62 	25   	-1632.13	-1607.73	-1606.8 	2.21535
63 	25   	-1658.75	-1607.88	-1606.8 	4.23256
64 	25   	-1679.14	-1607.74	-1606.7 	4.93414
65 	25   	-1722.59	-1608.34	-1606.4 	8.46602
66 	25   	-1675.29	-1607.74	-1606.4 	4.9651 
67 	25   	-1761.24	-1608.31	-1606.4 	10.4649
68 	25   	-1801.28	-1608.08	-1606.19	11.2333
69 	25   	-1664.2 	-1607.41	-1606.19	3.88182
70 	25   	-1810.65	-1608.12	-1606.19	11.188 
71 	25   	-1691.35	-1607.32	-1605.7 	5.25445
72 	25   	-1772.21	-1608.36	-1605.57	11.4942
73 	25   	-1770.55	-1607.92	-1605.57	10.9794
74 	25   	-1641.32	-1606.72	-1605.57	2.88587
75 	25   	-1700.5 	-1607.12	-1605.57	6.68412
76 	25   	-2009.05	-1608.24	-1605.57	22.7927
77 	25   	-1797.63	-1606.9 	-1605.49	9.73793
78 	25   	-1653.87	-1606.26	-1605.49	3.59068
79 	25   	-1664.82	-1606.47	-1605.49	4.86611
80 	25   	-1715.68	-1606.39	-1605.49	5.66202
81 	25   	-1719.64	-1606.8 	-1605.49	9.20127
82 	25   	-1747.9 	-1606.51	-1605.49	8.05151
83 	25   	-1889.29	-1606.99	-1605.14	13.8386
84 	25   	-2075.77	-1607.73	-1605.14	22.0745
85 	25   	-1783.07	-1606.43	-1605.14	8.59293
86 	25   	-1661.68	-1606.28	-1605.1 	3.98325
87 	25   	-1645.71	-1606.01	-1605.1 	3.17009
88 	25   	-1695.62	-1606.56	-1605.1 	7.15268
89 	25   	-1680.8 	-1606.07	-1605.1 	4.72145
90 	25   	-1635.76	-1606.07	-1605.1 	3.92412
91 	25   	-1698.09	-1606.13	-1604.92	5.54665
92 	25   	-1711.56	-1606.53	-1604.92	7.96084
93 	25   	-1646.91	-1606.01	-1604.92	4.18618
94 	25   	-1716.86	-1606.11	-1604.9 	6.7141 
95 	25   	-1690.68	-1606.11	-1604.9 	6.82586
96 	25   	-2053.04	-1607.3 	-1604.9 	21.1821
97 	25   	-1654.97	-1605.77	-1604.9 	4.29102
98 	25   	-1669.92	-1605.76	-1604.9 	4.64397
99 	25   	-2476.33	-1607.25	-1604.9 	39.0226
gen	depth	min     	avg     	max     	std    
0  	25   	-2447.69	-1799.43	-1650.52	114.007
1  	25   	-1924.06	-1727.2 	-1650.52	43.1944
2  	25   	-3486.3 	-1705.03	-1642.8 	93.548 
3  	25   	-1861.93	-1680.31	-1637.39	22.2697
4  	25   	-1796.45	-1667.78	-1637.39	17.5273
5  	25   	-1763.07	-1658.57	-1633.93	12.4467
6  	25   	-1977.92	-1654.63	-1633.11	27.8508
7  	25   	-2642.68	-1653.11	-1630.91	66.0695
8  	25   	-1879.12	-1644.38	-1628.66	16.4553
9  	25   	-5134.28	-1649.93	-1623.22	171.578
10 	25   	-2252.91	-1637.7 	-1621.52	30.7016
11 	25   	-1832.05	-1633.95	-1618.01	12.7817
12 	25   	-2043.34	-1633.97	-1618.01	30.2694
13 	25   	-1749.04	-1628.57	-1618.01	7.92275
14 	25   	-1824.49	-1626.47	-1617.08	12.6854
15 	25   	-2143.28	-1624.75	-1617.08	25.0199
16 	25   	-1819.81	-1622.43	-1617.08	12.9151
17 	25   	-1834.67	-1621.81	-1616.48	13.5849
18 	25   	-2318.49	-1622.15	-1615.78	34.8921
19 	25   	-1667.44	-1618.81	-1615.29	3.82588
20 	25   	-1760.77	-1619.55	-1615.29	11.4881
21 	25   	-1795.52	-1619.3 	-1614.51	12.9224
22 	25   	-1795.5 	-1618.82	-1614.16	11.4719
23 	25   	-1719.62	-1617.5 	-1612.86	7.68369
24 	25   	-1951.34	-1617.33	-1612.04	16.396 
25 	25   	-2162.94	-1617.97	-1612.04	26.5318
26 	25   	-1784.59	-1616.26	-1612.04	10.0302
27 	25   	-1778.23	-1615.8 	-1611.98	11.1492
28 	25   	-1818.59	-1615.42	-1611.98	12.7257
29 	25   	-1695.62	-1614.35	-1611.98	7.18341
30 	25   	-1730   	-1613.79	-1611.93	8.61404
31 	25   	-1721.5 	-1613.33	-1611.59	7.67176
32 	25   	-1690.42	-1613.11	-1611.59	6.55031
33 	25   	-1729.07	-1613.64	-1611.59	9.82534
34 	25   	-1672.43	-1613.09	-1611.38	5.79159
35 	25   	-1722.86	-1613.1 	-1611.38	8.28847
36 	25   	-1849.15	-1613.88	-1611.38	13.777 
37 	25   	-1767.18	-1614.08	-1611.38	11.9238
38 	25   	-1731.26	-1613.36	-1611.38	8.5381 
39 	25   	-1911.33	-1613.53	-1611.34	15.5191
40 	25   	-1675.85	-1612.64	-1610.93	5.36293
41 	25   	-1644.93	-1612.33	-1610.89	3.40213
42 	25   	-1777.42	-1612.83	-1610.23	10.1741
43 	25   	-2176.81	-1614.3 	-1610.23	28.7259
44 	25   	-1659.33	-1612.6 	-1609.98	5.18621
45 	25   	-1703.85	-1612.42	-1609.98	7.52801
46 	25   	-1920.79	-1613.87	-1609.49	22.0195
47 	25   	-1660.81	-1611.72	-1609.49	5.33017
48 	25   	-2454.86	-1614   	-1609.49	40.6037
49 	25   	-1676.82	-1611.48	-1609.49	5.89326
50 	25   	-1711.51	-1611.13	-1609.49	6.49515
51 	25   	-1689.01	-1610.88	-1608.94	5.63921
52 	25   	-1892.16	-1612.13	-1608.94	18.8699
53 	25   	-1741.81	-1611.17	-1608.94	9.25435
54 	25   	-1768.55	-1611.64	-1608.74	12.8381
55 	25   	-1719   	-1610.85	-1608.74	7.50632
56 	25   	-1681.82	-1610.31	-1608.54	4.56063
57 	25   	-2664.29	-1613.63	-1608.24	50.1793
58 	25   	-1965.58	-1611.69	-1608.1 	22.8541
59 	25   	-2470.3 	-1613.22	-1608.1 	47.5559
60 	25   	-1738.12	-1610.06	-1608.1 	9.43677
61 	25   	-1702.9 	-1609.62	-1608.06	6.65837
62 	25   	-1912.21	-1610.21	-1608.06	15.453 
63 	25   	-4702.86	-1615.74	-1608.06	138.67 
64 	25   	-1660.82	-1608.95	-1608.06	4.5784 
65 	25   	-1996.27	-1610.25	-1608.06	19.5728
66 	25   	-1680.36	-1608.9 	-1608.04	5.13815
67 	25   	-1650.84	-1608.79	-1608.04	3.93882
68 	25   	-1727.43	-1609.33	-1608.04	9.09737
69 	25   	-1748.68	-1609.86	-1607.84	9.26322
70 	25   	-1725.2 	-1609.32	-1607.84	8.28932
71 	25   	-1752.48	-1609.25	-1607.84	7.95046
72 	25   	-1640.29	-1608.61	-1607.36	3.01956
73 	25   	-1828.42	-1609.58	-1607.34	13.6285
74 	25   	-2676.01	-1613.23	-1607.34	60.2195
75 	25   	-1702.39	-1608.71	-1607.19	5.36527
76 	25   	-1654.39	-1608.37	-1607.14	3.32145
77 	25   	-1672.21	-1608.58	-1607.14	5.21463
78 	25   	-1851.45	-1609.74	-1607.14	14.8423
79 	25   	-1695.21	-1608.26	-1607.14	5.46874
80 	25   	-1656.04	-1608.2 	-1606.84	4.30391
81 	25   	-1918.14	-1608.93	-1606.84	15.6444
82 	25   	-1638.84	-1608.05	-1606.64	3.59737
83 	25   	-1816.08	-1608.41	-1606.54	9.95632
84 	25   	-1643.45	-1607.87	-1606.4 	3.53023
85 	25   	-1773.22	-1608.78	-1606.4 	11.7432
86 	25   	-1909.18	-1608.88	-1606.4 	18.9698
87 	25   	-1671.86	-1607.94	-1606.4 	6.02468
88 	25   	-1772.35	-1607.81	-1606.1 	8.16932
89 	25   	-1753.19	-1607.54	-1606.1 	7.78817
90 	25   	-2489.6 	-1610.75	-1606.1 	45.5461
91 	25   	-1747.64	-1607.55	-1606.1 	8.08114
92 	25   	-1647.12	-1606.86	-1606.1 	2.93177
93 	25   	-1779.49	-1607.83	-1606.1 	10.2762
94 	25   	-1839.72	-1607.99	-1606.1 	14.5206
95 	25   	-1669.61	-1607.67	-1606.1 	6.53502
96 	25   	-1744.2 	-1607.7 	-1605.94	10.3515
97 	25   	-1666.3 	-1607.06	-1605.94	4.66358
98 	25   	-1665.58	-1606.96	-1605.94	4.60471
99 	25   	-1666.75	-1607.14	-1605.89	5.65359
gen	depth	min     	avg     	max     	std    
0  	25   	-3174.06	-1806.38	-1643.06	153.778
1  	25   	-2224.03	-1727.89	-1641.54	54.7766
2  	25   	-1932.92	-1695.21	-1637.17	29.97  
3  	25   	-3077.77	-1678.1 	-1637.17	66.5532
4  	25   	-1843.33	-1662.57	-1633.63	17.0203
5  	25   	-2669.37	-1655.3 	-1628.56	47.7545
6  	25   	-2221.72	-1649.4 	-1626.89	33.7447
7  	25   	-2776.41	-1646.67	-1626.89	55.0871
8  	25   	-1922.48	-1640.28	-1624.84	20.0657
9  	25   	-1820.11	-1637.62	-1624.84	16.0158
10 	25   	-1787.92	-1634.49	-1622.13	11.4112
11 	25   	-1788.73	-1632.85	-1622.13	13.7307
12 	25   	-1701.97	-1629.78	-1620.51	7.13722
13 	25   	-1864.64	-1628.92	-1619.53	15.2753
14 	25   	-1726.26	-1627.03	-1617.11	9.66642
15 	25   	-1804.33	-1625.5 	-1615.11	12.2178
16 	25   	-1861.39	-1625.3 	-1615.11	15.5113
17 	25   	-1865.31	-1623.98	-1615.11	18.9603
18 	25   	-1762.75	-1621.4 	-1612.4 	11.0134
19 	25   	-1720.25	-1619.21	-1612.4 	8.78096
20 	25   	-1997.57	-1619.11	-1611.86	23.6683
21 	25   	-1715.75	-1616.32	-1611.54	7.22358
22 	25   	-1770.86	-1616.01	-1611.18	13.1826
23 	25   	-1809.76	-1614.88	-1610.84	12.7775
24 	25   	-1674.82	-1612.8 	-1610.48	3.9106 
25 	25   	-1672.37	-1612.54	-1609.94	4.28317
26 	25   	-1751.08	-1613.12	-1609.74	9.10367
27 	25   	-1702.65	-1611.94	-1609.74	5.27407
28 	25   	-1712.79	-1611.64	-1609.54	5.86364
29 	25   	-1684.32	-1611.68	-1609.24	7.39242
30 	25   	-1675.98	-1611.02	-1609.1 	4.82745
31 	25   	-1681.16	-1610.91	-1608.96	6.14462
32 	25   	-1764.15	-1611.04	-1608.84	9.77984
33 	25   	-1811.85	-1611.09	-1608.84	11.6529
34 	25   	-1686.71	-1610.34	-1608.26	5.31107
35 	25   	-1869.58	-1611.1 	-1608.26	16.5752
36 	25   	-2032.04	-1611.21	-1608.26	23.7906
37 	25   	-1691.27	-1610.1 	-1608.14	6.64167
38 	25   	-1814.65	-1610.06	-1608.14	10.3386
39 	25   	-1655.62	-1609.7 	-1607.8 	4.26973
40 	25   	-1706.75	-1609.65	-1607.8 	5.97422
41 	25   	-1684.42	-1609.57	-1607.8 	6.37091
42 	25   	-1780.92	-1609.87	-1607.7 	11.7129
43 	25   	-1679.66	-1609.02	-1607.7 	5.20538
44 	25   	-2554.91	-1610.53	-1607.7 	42.4736
45 	25   	-1744.28	-1609.14	-1607.7 	7.55974
46 	25   	-1857.99	-1610.19	-1607.56	17.7717
47 	25   	-1655.2 	-1608.84	-1607.56	5.18745
48 	25   	-1813.27	-1609.15	-1607.19	11.6716
49 	25   	-1638.66	-1608.26	-1607.1 	2.79171
50 	25   	-1640.47	-1608.43	-1607.07	3.42638
51 	25   	-1744.69	-1608.97	-1607.07	9.21398
52 	25   	-1757.87	-1609.46	-1607.07	12.6563
53 	25   	-1684.31	-1608.05	-1607.07	5.40451
54 	25   	-2167.62	-1609.67	-1607.07	26.6818
55 	25   	-1797.41	-1608.25	-1607.07	10.0448
56 	25   	-1675.27	-1607.64	-1607.07	3.75457
57 	25   	-1729.1 	-1608.69	-1606.86	9.10183
58 	25   	-1834.47	-1608.93	-1606.86	13.1496
59 	25   	-1803.37	-1608.25	-1606.86	10.6117
60 	25   	-1743.8 	-1608.03	-1606.67	6.81976
61 	25   	-1698.69	-1608.14	-1606.67	5.88073
62 	25   	-1671.07	-1607.79	-1606.6 	4.48658
63 	25   	-1684.17	-1607.53	-1606.37	4.26544
64 	25   	-1651.62	-1607.62	-1606.37	3.76262
65 	25   	-1661.41	-1607.65	-1606.03	4.50086
66 	25   	-1640.06	-1607.15	-1606.03	2.49075
67 	25   	-1752.7 	-1607.92	-1606.03	8.44038
68 	25   	-1668.88	-1607.33	-1606.03	5.48626
69 	25   	-1663.98	-1607.16	-1606.03	4.54691
70 	25   	-1722.89	-1606.98	-1605.98	6.22795
71 	25   	-1659.23	-1607.01	-1605.97	4.70635
72 	25   	-1698.07	-1606.74	-1605.97	5.94594
73 	25   	-1641   	-1606.71	-1605.33	3.31831
74 	25   	-1700.82	-1607.01	-1605.33	6.0718 
75 	25   	-1638.82	-1606.7 	-1605.33	3.53924
76 	25   	-1688.74	-1606.89	-1605.15	5.88248
77 	25   	-1832.67	-1607.43	-1605.15	12.4749
78 	25   	-1723.3 	-1607.14	-1605.15	9.29961
79 	25   	-1657.74	-1606.39	-1605.15	4.49885
80 	25   	-1791.87	-1606.59	-1604.67	9.37687
81 	25   	-1674.42	-1606.2 	-1604.67	5.09062
82 	25   	-1730.98	-1606.08	-1604.64	7.35748
83 	25   	-1811.52	-1606.75	-1604.64	12.0146
84 	25   	-1677.9 	-1605.86	-1604.64	5.59135
85 	25   	-1644.69	-1605.77	-1604.64	4.1176 
86 	25   	-1844.22	-1605.8 	-1604.64	11.5168
87 	25   	-2205.65	-1606.55	-1604.64	27.2126
88 	25   	-1668.05	-1605.51	-1604.64	4.94012
89 	25   	-1744.34	-1605.57	-1604.24	7.74729
90 	25   	-1637.25	-1605.09	-1604.24	2.3566 
91 	25   	-1691.64	-1605.69	-1604.24	5.90926
92 	25   	-1697.9 	-1605.76	-1604.24	6.72443
93 	25   	-1740.01	-1605.41	-1604.24	6.48316
94 	25   	-1682.33	-1605.41	-1604.24	5.18921
95 	25   	-1690.74	-1605.28	-1604.24	6.01935
96 	25   	-1693.69	-1604.9 	-1604.24	4.69184
97 	25   	-1763.79	-1605.06	-1604.24	7.49051
98 	25   	-1645.62	-1604.71	-1604.24	3.03828
99 	25   	-2005.09	-1606.13	-1604.24	21.518 
gen	depth	min     	avg     	max     	std    
0  	25   	-2457.61	-1797.14	-1654.03	116.239
1  	25   	-3259.14	-1733.86	-1645.28	89.0384
2  	25   	-2121.95	-1702.31	-1645.28	38.173 
3  	25   	-1926.77	-1685.19	-1645.28	22.53  
4  	25   	-1923.01	-1673.74	-1638.98	21.2263
5  	25   	-2030.63	-1666.05	-1636.29	22.251 
6  	25   	-1695.68	-1656.54	-1634.05	10.4788
7  	25   	-1883.82	-1651.46	-1631.96	17.801 
8  	25   	-3156.85	-1653.06	-1630.27	76.4112
9  	25   	-1834.26	-1644.14	-1630.15	18.3541
10 	25   	-1889.36	-1640.52	-1627.24	16.378 
11 	25   	-3731.02	-1642.75	-1624.95	95.2424
12 	25   	-1857.03	-1636.08	-1623.3 	15.9736
13 	25   	-1948.68	-1635.15	-1622.47	24.5475
14 	25   	-1748.72	-1631.27	-1622.26	10.0144
15 	25   	-2280.29	-1633.86	-1622.25	45.2046
16 	25   	-1711.04	-1628.6 	-1620.1 	9.20996
17 	25   	-1825.87	-1626.6 	-1620.07	11.5545
18 	25   	-2063.15	-1627.09	-1618.35	25.7888
19 	25   	-1799.79	-1624.47	-1617.66	11.7962
20 	25   	-1692.52	-1622.73	-1616.89	5.64789
21 	25   	-1677.93	-1621.48	-1616.89	5.20852
22 	25   	-2028.78	-1622.48	-1615.99	25.5374
23 	25   	-1749.88	-1620.41	-1615.63	10.0207
24 	25   	-1682.56	-1619.4 	-1615.11	6.52457
25 	25   	-1889.62	-1619.99	-1615   	18.8791
26 	25   	-2110.76	-1619.23	-1614.47	23.9918
27 	25   	-1695.72	-1617.5 	-1613.37	5.56631
28 	25   	-1700.51	-1617.2 	-1613.37	7.40694
29 	25   	-1754.09	-1616.48	-1612.78	8.05322
30 	25   	-2092.79	-1618.15	-1612.24	27.2925
31 	25   	-1962.56	-1616.35	-1612.24	16.9004
32 	25   	-1675.44	-1614.67	-1612.24	3.42859
33 	25   	-1684.12	-1614.55	-1611.81	4.57773
34 	25   	-2222.46	-1616.7 	-1611.56	35.7702
35 	25   	-1766.86	-1614.98	-1611.45	10.4037
36 	25   	-1718.05	-1614.41	-1610.74	9.44533
37 	25   	-1914.8 	-1614.42	-1610.56	16.121 
38 	25   	-1740.09	-1613.14	-1610.56	8.21092
39 	25   	-1955.22	-1613.75	-1610.19	21.1648
40 	25   	-1650.37	-1612.18	-1610.19	3.93073
41 	25   	-1663.71	-1612.33	-1609.89	5.28699
42 	25   	-1724.81	-1612.18	-1609.64	8.76309
43 	25   	-1643.74	-1611.26	-1609.64	3.27766
44 	25   	-1776.23	-1612.11	-1609.49	10.4438
45 	25   	-1692.8 	-1611.32	-1609.42	5.41293
46 	25   	-1956.32	-1612.72	-1609.42	18.9476
47 	25   	-1764.74	-1611.98	-1609.09	10.5698
48 	25   	-1753.72	-1611.67	-1609.09	10.326 
49 	25   	-1884.99	-1611.84	-1608.8 	15.7022
50 	25   	-1721.61	-1610.61	-1608.8 	6.65872
51 	25   	-1746.81	-1611.11	-1608.39	9.77371
52 	25   	-1823.45	-1610.52	-1608.12	10.5441
53 	25   	-1662.92	-1610.11	-1608.12	4.37987
54 	25   	-1654.25	-1610.13	-1607.97	4.75235
55 	25   	-1760.51	-1609.78	-1607.94	7.71412
56 	25   	-1679.25	-1609.49	-1607.89	5.18969
57 	25   	-1782.09	-1610.18	-1607.69	13.066 
58 	25   	-1716.04	-1609.46	-1607.69	8.02715
59 	25   	-1838.3 	-1610.37	-1607.69	16.8338
60 	25   	-1932.8 	-1610.19	-1607.19	17.7944
61 	25   	-1684.59	-1608.8 	-1607.19	5.91584
62 	25   	-1665.7 	-1608.8 	-1607.19	5.09608
63 	25   	-1762.7 	-1608.92	-1607.19	8.20242
64 	25   	-1723.01	-1609.2 	-1606.94	9.958  
65 	25   	-1719.04	-1609.11	-1606.86	8.00759
66 	25   	-2187.1 	-1610.24	-1606.63	28.7458
67 	25   	-1646.39	-1607.83	-1606.4 	2.94785
68 	25   	-1657.5 	-1607.62	-1606.4 	3.15616
69 	25   	-1787.83	-1609.16	-1606.4 	12.9018
70 	25   	-1684.05	-1608.07	-1606.17	6.02963
71 	25   	-3524.46	-1612.64	-1606.17	87.3189
72 	25   	-1941.31	-1608.95	-1606.17	18.2034
73 	25   	-1721.04	-1607.91	-1606.14	8.34932
74 	25   	-2017.25	-1608.07	-1606.1 	19.0228
75 	25   	-1751.12	-1608.25	-1605.7 	12.0978
76 	25   	-2196.27	-1609.01	-1605.7 	29.8695
77 	25   	-1781.02	-1607.5 	-1605.7 	8.89692
78 	25   	-1614.42	-1606.46	-1605.7 	1.05114
79 	25   	-1690.11	-1607.33	-1605.53	6.9816 
80 	25   	-1656.43	-1606.93	-1605.44	4.57144
81 	25   	-1658.37	-1607.05	-1605.44	5.18109
82 	25   	-1772.21	-1607.5 	-1605.44	10.9154
83 	25   	-1745.4 	-1607.03	-1605.44	8.4926 
84 	25   	-1719.38	-1606.75	-1605.44	7.3665 
85 	25   	-1765.92	-1607.29	-1605.44	10.6635
86 	25   	-1660.03	-1606.53	-1605.04	5.5085 
87 	25   	-1716.46	-1606.75	-1605.04	7.99904
88 	25   	-1724.01	-1607   	-1605.04	8.6198 
89 	25   	-1746.04	-1606.31	-1605.04	6.8106 
90 	25   	-2029.43	-1608.42	-1605.04	24.3643
91 	25   	-1683.49	-1606.37	-1604.83	5.82991
92 	25   	-1627.8 	-1605.65	-1604.83	1.60985
93 	25   	-1657.44	-1605.83	-1604.83	3.52035
94 	25   	-1713.26	-1606.09	-1604.83	7.42778
95 	25   	-1735.7 	-1606.21	-1604.83	7.31491
96 	25   	-1697.72	-1605.75	-1604.8 	5.73255
97 	25   	-1834.38	-1606.86	-1604.8 	12.7732
98 	25   	-1757.35	-1606.05	-1604.8 	8.52947
99 	25   	-1744.2 	-1605.86	-1604.8 	7.17338
gen	depth	min     	avg     	max     	std    
0  	25   	-3238.21	-1797.58	-1656.03	138.27 
1  	25   	-2792.12	-1725.58	-1641.61	65.5213
2  	25   	-3250.15	-1698.79	-1641.61	79.6617
3  	25   	-2057.11	-1678.77	-1640.1 	35.9762
4  	25   	-1899.32	-1664.37	-1639.63	19.7578
5  	25   	-2243.87	-1657.73	-1632.85	31.9242
6  	25   	-1801.3 	-1649.69	-1632.85	12.9526
7  	25   	-1917.58	-1646.25	-1632.85	17.349 
8  	25   	-2169.01	-1645.93	-1631.14	32.8242
9  	25   	-1824.71	-1639.58	-1629.19	14.5671
10 	25   	-1778.96	-1637.12	-1623.34	11.4555
11 	25   	-1815.52	-1635.64	-1623.15	12.4953
12 	25   	-2023.75	-1634.86	-1622.57	19.9617
13 	25   	-1893.4 	-1633.85	-1622.35	17.0736
14 	25   	-1815.68	-1632.55	-1621.29	13.8794
15 	25   	-1924   	-1629.99	-1620.16	14.7835
16 	25   	-1898.85	-1628.48	-1620.16	17.223 
17 	25   	-1910.58	-1626.59	-1619.98	19.422 
18 	25   	-1877.95	-1625.13	-1619.27	15.7109
19 	25   	-2183.3 	-1626   	-1619.27	34.5396
20 	25   	-1794.53	-1623.59	-1618.95	13.3701
21 	25   	-1816.69	-1622.95	-1618.64	14.1588
22 	25   	-2004.07	-1623.65	-1618.45	23.6817
23 	25   	-1740.35	-1621.78	-1618.43	9.78312
24 	25   	-1728.03	-1621.44	-1618.25	8.8523 
25 	25   	-1700.26	-1620.51	-1617.14	6.04842
26 	25   	-1702.19	-1619.9 	-1617.14	5.07066
27 	25   	-1718.93	-1620.69	-1616.93	10.777 
28 	25   	-2289.83	-1620.57	-1616.44	30.574 
29 	25   	-1838.4 	-1619.6 	-1616.26	11.1279
30 	25   	-1751.52	-1620.05	-1615.73	12.2129
31 	25   	-1899.27	-1619.06	-1614.83	14.1099
32 	25   	-1716.82	-1618.3 	-1614.83	7.69537
33 	25   	-2081.33	-1619.62	-1614.83	24.5304
34 	25   	-2118.23	-1618.68	-1614.33	24.9438
35 	25   	-2099.33	-1617.83	-1614.29	22.9971
36 	25   	-1732.65	-1616.45	-1613.63	7.41382
37 	25   	-1941.46	-1617.69	-1613.63	19.5462
38 	25   	-1699.38	-1615.77	-1613.29	5.81345
39 	25   	-1677.51	-1615.38	-1612.92	4.37092
40 	25   	-1832.99	-1616.4 	-1612.52	14.5492
41 	25   	-1679.59	-1615.5 	-1612.52	6.96081
42 	25   	-1699.13	-1614.98	-1612.52	6.01422
43 	25   	-1725.63	-1614.9 	-1612.52	8.20518
44 	25   	-1687.43	-1614.36	-1612.41	5.6917 
45 	25   	-1778.16	-1614.2 	-1612.19	8.45061
46 	25   	-1727.3 	-1614.33	-1612.1 	7.98353
47 	25   	-1693.87	-1613.7 	-1611.89	5.00345
48 	25   	-1762.54	-1613.72	-1611.49	8.03379
49 	25   	-1702.24	-1613.45	-1611.4 	6.83875
50 	25   	-1681.1 	-1613.18	-1611.4 	4.82082
51 	25   	-1901.19	-1614.49	-1610.93	17.6127
52 	25   	-1676.36	-1612.96	-1610.93	6.0037 
53 	25   	-2351.64	-1614.69	-1610.92	34.7451
54 	25   	-1798.72	-1613.25	-1610.52	12.0749
55 	25   	-1714.45	-1612.94	-1610.52	8.1155 
56 	25   	-1676.45	-1612   	-1610.52	4.63951
57 	25   	-1732.12	-1612.75	-1610.42	9.95079
58 	25   	-1703.88	-1611.79	-1610.04	6.72561
59 	25   	-1851.52	-1612.78	-1609.71	16.2631
60 	25   	-1839.85	-1612.9 	-1609.71	15.5883
61 	25   	-1655.35	-1611.28	-1609.7 	4.46943
62 	25   	-1686.8 	-1611.51	-1609.34	6.45567
63 	25   	-1682.48	-1611.63	-1609   	6.94671
64 	25   	-1670.21	-1610.95	-1609   	5.15543
65 	25   	-1867.89	-1611.82	-1609   	16.8628
66 	25   	-1812.9 	-1611.46	-1608.6 	12.8956
67 	25   	-1706   	-1610.67	-1608.6 	6.32738
68 	25   	-1804.06	-1611.17	-1608.6 	13.9882
69 	25   	-1828.03	-1611.26	-1608.31	14.6985
70 	25   	-1815.09	-1610.25	-1607.9 	10.5253
71 	25   	-1837.94	-1610.21	-1607.9 	12.5666
72 	25   	-1721.45	-1610.34	-1607.9 	9.58687
73 	25   	-1672.48	-1609.32	-1607.9 	4.63888
74 	25   	-1933.89	-1610.44	-1607.9 	17.1896
75 	25   	-1734.41	-1609.26	-1607.84	6.98378
76 	25   	-1695.84	-1609.46	-1607.44	6.77309
77 	25   	-2099.1 	-1611.25	-1607.44	27.2803
78 	25   	-1691.8 	-1609.11	-1607.44	6.34877
79 	25   	-2096.28	-1610.71	-1607.12	25.5243
80 	25   	-1696.24	-1608.7 	-1607.12	5.30465
81 	25   	-1665.56	-1608.56	-1607.12	4.02253
82 	25   	-1704.22	-1609.37	-1607.12	8.8551 
83 	25   	-1876.24	-1609.16	-1607.12	14.1512
84 	25   	-1680.56	-1608.22	-1607.12	4.87963
85 	25   	-1703.92	-1608.44	-1607.12	6.09389
86 	25   	-2393.21	-1611.03	-1607.05	40.3779
87 	25   	-1668.12	-1608.16	-1607.05	4.97171
88 	25   	-1662.54	-1608.34	-1607.05	5.78725
89 	25   	-1638.3 	-1607.6 	-1606.86	2.55965
90 	25   	-1678.24	-1608.25	-1606.86	5.94895
91 	25   	-1679.34	-1608.05	-1606.86	5.48268
92 	25   	-1702.93	-1608.01	-1606.86	6.57107
93 	25   	-2014.03	-1608.93	-1606.86	19.2362
94 	25   	-1661.47	-1607.57	-1606.74	3.95621
95 	25   	-1656.42	-1607.78	-1606.73	4.37593
96 	25   	-1717.22	-1608.17	-1606.42	8.00784
97 	25   	-1680.8 	-1607.75	-1606.42	5.38586
98 	25   	-1710.98	-1608.07	-1606.42	7.05567
99 	25   	-1675.64	-1607.6 	-1606.32	4.31032
gen	depth	min     	avg     	max     	std    
0  	25   	-2673.09	-1786.02	-1659.12	110.841
1  	25   	-2774.29	-1725.73	-1653.73	64.2784
2  	25   	-3061.3 	-1702.84	-1646.58	83.0132
3  	25   	-2342.98	-1678   	-1632.13	35.8855
4  	25   	-1835.69	-1665.86	-1632.13	17.6844
5  	25   	-2274.8 	-1661.23	-1628.83	39.0273
6  	25   	-2261.31	-1653.34	-1628.83	32.3873
7  	25   	-2448.99	-1651.93	-1628.83	52.7919
8  	25   	-2059.27	-1645.11	-1627.31	32.9816
9  	25   	-1899.9 	-1639.6 	-1627.13	19.7635
10 	25   	-2083.71	-1636.63	-1625.61	28.8588
11 	25   	-1749.41	-1633.12	-1625.24	12.0063
12 	25   	-2087.87	-1632.85	-1623   	28.3367
13 	25   	-1810.81	-1629.87	-1621.95	11.4164
14 	25   	-1728.98	-1628.44	-1620.23	7.88648
15 	25   	-2327.67	-1628.96	-1618.63	35.6887
16 	25   	-1845.81	-1626.28	-1617.3 	14.632 
17 	25   	-1738.62	-1624.23	-1617.3 	9.00586
18 	25   	-1931.84	-1622.89	-1617.3 	15.9047
19 	25   	-1650.74	-1620.17	-1617.29	2.49937
20 	25   	-1765.68	-1620.42	-1616.23	9.4246 
21 	25   	-1680.82	-1619.52	-1616.06	6.63511
22 	25   	-3268.67	-1622.22	-1616.06	73.9908
23 	25   	-2195.33	-1620.05	-1615.59	27.5062
24 	25   	-1744.22	-1618.54	-1615.59	8.15143
25 	25   	-1760.88	-1618.87	-1615.11	11.7393
26 	25   	-2036.1 	-1619.84	-1614.79	27.3618
27 	25   	-2221.61	-1618.93	-1614.13	28.1641
28 	25   	-1992.12	-1618.78	-1614.13	21.8104
29 	25   	-1720.35	-1617.11	-1614.13	8.58824
30 	25   	-1882.6 	-1617.22	-1614.13	15.2426
31 	25   	-1711.38	-1616.38	-1614.09	8.87109
32 	25   	-1703.95	-1616.11	-1614.02	7.74048
33 	25   	-1667.58	-1615.72	-1613.73	5.20833
34 	25   	-1716.13	-1616.29	-1613.36	10.1818
35 	25   	-1843.87	-1615.82	-1613.36	12.3316
36 	25   	-1730.13	-1615.53	-1613.32	8.20339
37 	25   	-1789.7 	-1616.14	-1613.32	13.0703
38 	25   	-1733.16	-1616.14	-1613.16	10.3044
39 	25   	-1673.84	-1614.62	-1612.73	4.66693
40 	25   	-1770.49	-1615.18	-1612.04	10.2206
41 	25   	-4986.74	-1621.9 	-1612.04	151.235
42 	25   	-1952.75	-1616.23	-1611.91	20.034 
43 	25   	-2078.56	-1615.11	-1611.21	23.0536
44 	25   	-1713.52	-1614.18	-1611.21	7.45078
45 	25   	-1649.54	-1613.1 	-1610.81	3.1904 
46 	25   	-1833.64	-1613.95	-1610.81	12.9697
47 	25   	-1880.18	-1613.22	-1610.51	14.2715
48 	25   	-1860.22	-1613.6 	-1610.39	16.6604
49 	25   	-2121.16	-1612.84	-1610.39	23.4962
50 	25   	-1791.82	-1612.26	-1610.39	10.8339
51 	25   	-1704.71	-1612.16	-1610.11	7.50718
52 	25   	-1768.93	-1611.96	-1610.11	9.71142
53 	25   	-1707.78	-1611.64	-1609.81	7.49412
54 	25   	-1887.21	-1613.14	-1609.69	20.1378
55 	25   	-1650.94	-1610.97	-1609.56	3.8227 
56 	25   	-1795.59	-1612.64	-1609.36	13.4909
57 	25   	-1735.75	-1611.08	-1609.22	6.38939
58 	25   	-1765.24	-1611.56	-1608.99	8.70583
59 	25   	-1893.06	-1611.11	-1608.86	13.5404
60 	25   	-1742.17	-1611.23	-1608.72	9.22391
61 	25   	-1776.3 	-1611   	-1608.32	10.3029
62 	25   	-3402.67	-1615.07	-1608.29	82.7019
63 	25   	-1749.3 	-1611.36	-1607.84	11.4035
64 	25   	-1694.72	-1610.29	-1607.84	6.9306 
65 	25   	-1795.81	-1610.48	-1607.84	12.0551
66 	25   	-1968.82	-1610.03	-1607.82	16.3925
67 	25   	-1750.55	-1610   	-1607.73	10.9123
68 	25   	-1751.13	-1609.61	-1607.67	9.75994
69 	25   	-1657.25	-1608.83	-1607.14	4.26017
70 	25   	-1685.42	-1608.93	-1607.14	6.03183
71 	25   	-1664.4 	-1608.64	-1607.14	4.09758
72 	25   	-1667.46	-1608.78	-1606.97	5.09346
73 	25   	-1741.86	-1608.74	-1606.97	8.59523
74 	25   	-1649.89	-1608.26	-1606.92	4.27842
75 	25   	-1742.52	-1608.19	-1606.92	7.25798
76 	25   	-2082.28	-1609.25	-1606.77	22.3034
77 	25   	-1663.29	-1608.05	-1606.77	4.69171
78 	25   	-1704.14	-1607.85	-1606.63	5.35359
79 	25   	-2167.65	-1609.68	-1606.63	27.5222
80 	25   	-1705.75	-1607.78	-1606.52	5.64608
81 	25   	-1670.74	-1607.58	-1606.52	4.41552
82 	25   	-1646.35	-1607.44	-1606.44	3.41892
83 	25   	-3286.69	-1611.54	-1606.44	77.5669
84 	25   	-1718.04	-1607.6 	-1606.23	7.71205
85 	25   	-1726.92	-1607.47	-1606.23	6.50248
86 	25   	-1657.45	-1607.36	-1606.23	4.48331
87 	25   	-1703.73	-1607.62	-1606.23	7.27584
88 	25   	-1743.95	-1607.44	-1605.97	8.18549
89 	25   	-1742.62	-1607.51	-1605.97	7.87776
90 	25   	-1933.55	-1607.82	-1605.97	15.2632
91 	25   	-1661.25	-1607.01	-1605.97	4.19842
92 	25   	-1646.35	-1606.7 	-1605.93	2.57218
93 	25   	-1680.86	-1606.83	-1605.53	4.44881
94 	25   	-1666.93	-1606.88	-1605.53	5.25772
95 	25   	-1899.68	-1607.43	-1605.53	15.0708
96 	25   	-1652.98	-1606.34	-1605.53	2.64   
97 	25   	-1643.89	-1606.46	-1605.53	3.31868
98 	25   	-1650.4 	-1606.58	-1605.53	4.51524
99 	25   	-1665.98	-1606.44	-1605.53	4.40936
gen	depth	min     	avg     	max     	std    
0  	25   	-4454.51	-1804.57	-1655.75	185.464
1  	25   	-2165.05	-1726.23	-1644.44	50.3853
2  	25   	-1893.75	-1695.92	-1644.01	28.2031
3  	25   	-2191.19	-1678.47	-1633.59	30.1314
4  	25   	-1827.44	-1664.93	-1631.56	17.8436
5  	25   	-1805.97	-1656.91	-1631.56	19.8045
6  	25   	-2112.87	-1648.66	-1628.09	23.5995
7  	25   	-2054.48	-1645.24	-1627.26	35.0883
8  	25   	-1722.87	-1637.58	-1625.49	6.7085 
9  	25   	-1810.09	-1636.65	-1624.54	14.2053
10 	25   	-2591.17	-1639.33	-1624.33	60.5185
11 	25   	-3970.68	-1636.8 	-1623.65	104.988
12 	25   	-1899.15	-1631.12	-1621.31	17.2794
13 	25   	-1736.34	-1628.66	-1621.28	7.99451
14 	25   	-2137.04	-1630.33	-1621.28	35.2567
15 	25   	-1908.79	-1626.71	-1619.68	13.4717
16 	25   	-1702.07	-1625.56	-1619.68	6.07008
17 	25   	-1845.57	-1626.21	-1619.06	16.65  
18 	25   	-1739   	-1625.77	-1618.94	13.4095
19 	25   	-1924.25	-1625.29	-1618.71	19.4031
20 	25   	-1682.25	-1622.11	-1618.06	4.72407
21 	25   	-1718.93	-1621.84	-1617.73	7.12275
22 	25   	-1735.29	-1621.36	-1617.03	10.057 
23 	25   	-1863.15	-1621.74	-1615.96	17.1669
24 	25   	-1938.3 	-1621.35	-1615.51	18.9617
25 	25   	-1854.83	-1619.61	-1615.51	13.5495
26 	25   	-1791.1 	-1619.12	-1615.51	12.3659
27 	25   	-1903.07	-1618.24	-1614.91	14.1455
28 	25   	-1849.62	-1618.14	-1614.7 	13.344 
29 	25   	-1860.83	-1617.88	-1614.21	16.1678
30 	25   	-2346.92	-1618.39	-1613.99	34.4336
31 	25   	-1715.61	-1616.7 	-1613.99	7.10683
32 	25   	-1675.06	-1616.16	-1613.88	5.24696
33 	25   	-1654.3 	-1615.61	-1613.18	3.83989
34 	25   	-1864.61	-1616.75	-1613.18	15.0735
35 	25   	-1857.53	-1616.45	-1613.13	15.5574
36 	25   	-1674.44	-1614.9 	-1612.88	4.40769
37 	25   	-1657.34	-1614.67	-1612.66	4.03371
38 	25   	-1707.96	-1614.67	-1612.35	6.36164
39 	25   	-1768.38	-1614.87	-1612.35	10.1345
40 	25   	-1737.23	-1614.91	-1612.26	10.21  
41 	25   	-3086.54	-1618.98	-1611.65	74.2698
42 	25   	-2367.46	-1615.7 	-1611.07	34.758 
43 	25   	-2165.52	-1615.77	-1611.07	26.6834
44 	25   	-2260.01	-1616.48	-1611.07	35.0092
45 	25   	-1734.74	-1613.57	-1611.07	8.89433
46 	25   	-2307.22	-1614.66	-1610.13	32.4613
47 	25   	-1699.41	-1612.86	-1610.09	6.58792
48 	25   	-1657.82	-1612.27	-1609.71	4.45437
49 	25   	-1834.94	-1612.67	-1609.23	12.7922
50 	25   	-1803.74	-1612.68	-1609.23	13.241 
51 	25   	-1708.2 	-1611.76	-1609.23	6.4572 
52 	25   	-1705.49	-1611.53	-1608.98	7.69503
53 	25   	-1703.69	-1610.81	-1608.98	6.06246
54 	25   	-1681.98	-1610.79	-1608.56	5.99161
55 	25   	-2069.05	-1612.08	-1608.56	22.2634
56 	25   	-1812.54	-1611.1 	-1608.56	12.029 
57 	25   	-1663.82	-1610.06	-1608.56	4.38895
58 	25   	-1734.79	-1610.55	-1608.56	9.85872
59 	25   	-1693.09	-1609.75	-1608.56	5.29625
60 	25   	-1702.62	-1609.76	-1608.56	6.26303
61 	25   	-1639.04	-1609.31	-1608.51	3.21585
62 	25   	-1660.04	-1609.38	-1608.39	4.14129
63 	25   	-1792.68	-1609.81	-1608.39	9.72628
64 	25   	-1664.34	-1609.47	-1608.39	4.47923
65 	25   	-1722.92	-1610.02	-1608.39	7.68086
66 	25   	-1664.24	-1609.37	-1608.11	4.51442
67 	25   	-1926.35	-1610.57	-1608.11	17.2492
68 	25   	-1645.34	-1609.1 	-1608.03	3.32767
69 	25   	-1944.28	-1609.86	-1607.81	15.7625
70 	25   	-1698.02	-1609.25	-1607.81	5.83227
71 	25   	-1808.53	-1610.6 	-1607.49	13.3375
72 	25   	-1842.26	-1609.22	-1607.41	10.9462
73 	25   	-1685.19	-1609   	-1607.41	5.7827 
74 	25   	-1668.48	-1608.53	-1607.24	3.67539
75 	25   	-1872.67	-1609.43	-1607.16	15.9428
76 	25   	-1840.34	-1609.87	-1607.16	14.8246
77 	25   	-1817.18	-1609.15	-1607.14	11.4345
78 	25   	-1665.74	-1608.22	-1606.83	4.21716
79 	25   	-2135.81	-1609.89	-1606.83	25.45  
80 	25   	-1958   	-1608.83	-1606.79	16.7256
81 	25   	-1708.01	-1608.55	-1606.44	7.6165 
82 	25   	-1671.23	-1608.42	-1606.44	6.31033
83 	25   	-1984.42	-1609.04	-1606.44	18.1404
84 	25   	-1730.56	-1608.31	-1606.09	9.48643
85 	25   	-1711.01	-1608.29	-1606.09	8.58149
86 	25   	-1916.85	-1607.83	-1606.09	14.3609
87 	25   	-1648.24	-1607.2 	-1605.49	3.38299
88 	25   	-2056.59	-1608.47	-1605.49	21.0711
89 	25   	-1735.95	-1607.26	-1605.49	7.48398
90 	25   	-1680.97	-1607.2 	-1605.49	5.22391
91 	25   	-1756.89	-1607.33	-1605.49	7.98716
92 	25   	-1786.75	-1607.87	-1605.49	13.6295
93 	25   	-1683.15	-1606.95	-1605.49	6.89054
94 	25   	-1972.2 	-1607.86	-1605.49	20.605 
95 	25   	-1716.81	-1606.72	-1605.49	6.61075
96 	25   	-1699.75	-1606.55	-1605.39	7.28243
97 	25   	-1744   	-1606.37	-1605.15	6.81917
98 	25   	-1666.34	-1606.34	-1605.09	4.69571
99 	25   	-1646.77	-1606.14	-1605.09	3.5809 
gen	depth	min     	avg     	max     	std    
0  	25   	-2476.71	-1792.49	-1642.17	103.141
1  	25   	-1973.45	-1727.02	-1642.17	43.4484
2  	25   	-2294.92	-1701.36	-1642.17	49.0258
3  	25   	-2258.06	-1684.38	-1642.17	41.0713
4  	25   	-3697.1 	-1678.3 	-1639.36	110.671
5  	25   	-3676.77	-1669.03	-1630.89	120.276
6  	25   	-1964.78	-1654.13	-1630.89	20.2797
7  	25   	-2098.6 	-1649.03	-1628.09	24.4401
8  	25   	-3116.3 	-1647.43	-1625.78	68.2394
9  	25   	-3329.75	-1647.68	-1622.74	106.343
10 	25   	-1831.36	-1636.8 	-1620.68	16.1526
11 	25   	-1753.04	-1632.5 	-1619.71	11.562 
12 	25   	-1870.22	-1629.85	-1619.22	15.0009
13 	25   	-1764.2 	-1627.04	-1619.22	9.69833
14 	25   	-1885.82	-1626.09	-1618.28	15.0245
15 	25   	-1724.85	-1623.76	-1617.89	7.57987
16 	25   	-1790.02	-1623.29	-1616.96	12.9239
17 	25   	-2013.58	-1623.84	-1616.96	26.0918
18 	25   	-1657.92	-1620.01	-1616.41	3.383  
19 	25   	-1800.91	-1620.16	-1615.94	11.2664
20 	25   	-1684.63	-1619.02	-1615.23	5.6024 
21 	25   	-1718.84	-1618.66	-1614.89	7.11737
22 	25   	-2097.15	-1619.98	-1614.89	25.1997
23 	25   	-1719.81	-1618.42	-1614.28	9.16673
24 	25   	-1656.13	-1616.81	-1613.41	3.76102
25 	25   	-1707.88	-1617.23	-1613.41	7.70531
26 	25   	-1686.44	-1616.28	-1613.11	6.42327
27 	25   	-1734.79	-1616.68	-1612.73	9.66436
28 	25   	-1773.58	-1615.62	-1611.56	8.47508
29 	25   	-1774.49	-1615.11	-1611.56	9.6347 
30 	25   	-1680.79	-1614.01	-1611.56	3.61342
31 	25   	-1807.49	-1615.09	-1611.56	12.8741
32 	25   	-1771.59	-1615.25	-1611.56	13.085 
33 	25   	-1685.13	-1613.7 	-1611.1 	5.41568
34 	25   	-1756.56	-1613.82	-1610.81	9.02329
35 	25   	-1733.99	-1613.41	-1610.81	8.32419
36 	25   	-2089.1 	-1614.01	-1610.76	24.4863
37 	25   	-2001.35	-1615.28	-1610.36	24.1431
38 	25   	-1723.58	-1612.9 	-1610.36	8.67958
39 	25   	-1697.12	-1612.5 	-1610.36	7.39943
40 	25   	-1856.71	-1613.07	-1610.29	16.2961
41 	25   	-1818.82	-1612.29	-1609.74	10.8962
42 	25   	-1663.84	-1611.4 	-1609.59	4.3066 
43 	25   	-1767.45	-1611.77	-1609.36	9.74476
44 	25   	-1714.68	-1611.53	-1609.36	7.50834
45 	25   	-1692.96	-1611.33	-1609.17	6.42803
46 	25   	-1644.27	-1610.74	-1609.17	3.67927
47 	25   	-1784.18	-1610.93	-1609.17	10.0541
48 	25   	-1692.12	-1610.65	-1609.17	6.42992
49 	25   	-1868.68	-1611.31	-1609.17	13.4744
50 	25   	-2366.94	-1614.2 	-1609.06	46.5204
51 	25   	-1729.46	-1610.2 	-1609.06	6.019  
52 	25   	-1693.77	-1610.48	-1609.06	7.0893 
53 	25   	-1649.64	-1609.81	-1609.06	3.46741
54 	25   	-1659.77	-1610.48	-1609.06	5.65128
55 	25   	-1829.54	-1610.24	-1608.67	11.1353
56 	25   	-1802.37	-1611.07	-1608.67	14.6524
57 	25   	-1741.48	-1610.19	-1608.67	7.73645
58 	25   	-1743.56	-1610.55	-1608.67	9.08147
59 	25   	-1991.69	-1611.5 	-1608.67	22.6485
60 	25   	-1740.14	-1610.3 	-1608.47	8.02423
61 	25   	-1973.05	-1611.38	-1608.3 	21.3435
62 	25   	-1728.45	-1610.13	-1608.3 	8.64554
63 	25   	-1740.78	-1610.59	-1608.3 	9.91786
64 	25   	-1715.2 	-1609.92	-1608.3 	7.80214
65 	25   	-1976.2 	-1610.91	-1608.3 	23.167 
66 	25   	-1742.83	-1609.47	-1608.3 	7.17174
67 	25   	-1765.14	-1609.9 	-1607.97	9.50642
68 	25   	-1713.65	-1609.73	-1607.48	8.65861
69 	25   	-1636.6 	-1608.86	-1607.48	2.83667
70 	25   	-1677.3 	-1609.29	-1607.48	5.28483
71 	25   	-1727.04	-1609.59	-1607.48	8.17608
72 	25   	-1763.99	-1609.05	-1607.4 	7.83238
73 	25   	-1848.4 	-1609.93	-1607.32	15.3437
74 	25   	-1660.82	-1608.79	-1607.1 	4.96785
75 	25   	-1822.53	-1608.75	-1607.1 	10.9919
76 	25   	-1639.78	-1607.93	-1606.93	2.36541
77 	25   	-1766.52	-1608.84	-1606.93	10.0559
78 	25   	-1770.05	-1609.23	-1606.78	11.9327
79 	25   	-1715.64	-1608.24	-1606.78	6.15205
80 	25   	-1660.03	-1607.75	-1606.78	3.94917
81 	25   	-1642.45	-1607.84	-1606.78	4.02591
82 	25   	-1680.56	-1607.68	-1606.67	5.60009
83 	25   	-1767.71	-1608.35	-1606.67	10.957 
84 	25   	-1693.45	-1607.7 	-1606.67	5.607  
85 	25   	-1907.28	-1608.72	-1606.67	17.2861
86 	25   	-1638.6 	-1607.22	-1606.67	2.34517
87 	25   	-1804.7 	-1608.61	-1606.57	12.6043
88 	25   	-1713.91	-1607.98	-1606.57	8.05716
89 	25   	-1799.46	-1608.5 	-1606.27	12.0422
90 	25   	-1712.25	-1608.1 	-1606.23	8.54996
91 	25   	-2159.03	-1609.79	-1605.97	27.7966
92 	25   	-1650.12	-1607.38	-1605.97	3.87   
93 	25   	-1728.65	-1607.4 	-1605.97	6.91409
94 	25   	-1694.82	-1607.34	-1605.88	5.95091
95 	25   	-1651.29	-1607.05	-1605.88	3.73108
96 	25   	-1653.05	-1606.77	-1605.88	3.39236
97 	25   	-1670.38	-1607.01	-1605.74	4.9986 
98 	25   	-1718.42	-1607.25	-1605.57	7.93069
99 	25   	-1708.26	-1607.02	-1605.53	6.17473
