gen	depth	min     	avg     	max     	std    
0  	25   	-2863.06	-2177.57	-2062.72	97.8468
1  	25   	-3233.6 	-2121.26	-2057.99	67.6476
2  	25   	-2593.37	-2094.24	-2053.84	41.7087
3  	25   	-2243.2 	-2078.46	-2050.41	15.2095
4  	25   	-2891.75	-2072.26	-2049.63	41.0299
5  	25   	-2699.17	-2067.93	-2049.63	36.4436
6  	25   	-2237.79	-2061.02	-2046.96	12.2775
7  	25   	-2100.72	-2056.21	-2046.96	5.4671 
8  	25   	-2355.6 	-2054.22	-2045.57	14.8535
9  	25   	-2116.17	-2052.01	-2043.87	7.22912
10 	25   	-2201.83	-2050.69	-2043.83	9.00152
11 	25   	-2180.12	-2049.81	-2042.82	8.89817
12 	25   	-2278.42	-2048.94	-2042.52	13.9643
13 	25   	-2212.65	-2047.21	-2042.52	10.6367
14 	25   	-2156.12	-2045.01	-2042.52	6.00383
15 	25   	-2520.82	-2045.87	-2042.52	29.549 
16 	25   	-2122.02	-2044.08	-2042.12	6.91165
17 	25   	-2333.97	-2043.98	-2042.12	13.8088
18 	25   	-2096.76	-2043.24	-2042.12	4.12688
19 	25   	-2143.25	-2043.05	-2042.12	4.892  
20 	25   	-2170.65	-2043.29	-2042.12	6.68726
21 	25   	-2237.21	-2043.4 	-2042.12	10.1602
22 	25   	-2227.59	-2043.38	-2042.12	12.3295
23 	25   	-2160.04	-2043   	-2042.12	6.63422
24 	25   	-3167.9 	-2045.46	-2041.66	51.1188
25 	25   	-2323.09	-2043.24	-2040.92	14.2674
26 	25   	-2113.86	-2042.83	-2040.77	5.49911
27 	25   	-2229.57	-2042.66	-2040.77	8.75857
28 	25   	-2094.52	-2042.35	-2040.77	3.89063
29 	25   	-2148.66	-2042.52	-2040.77	7.18359
30 	25   	-2627.37	-2042.77	-2040.77	26.4474
31 	25   	-2115.58	-2041.7 	-2040.77	6.05904
32 	25   	-2872.17	-2043.2 	-2040.77	37.8407
33 	25   	-2107.61	-2041.69	-2040.77	5.81685
34 	25   	-2173.74	-2042.01	-2040.77	8.68412
35 	25   	-2221.72	-2041.62	-2040.77	8.70061
36 	25   	-2149.74	-2041.55	-2040.77	6.1117 
37 	25   	-2119.78	-2041.48	-2040.77	5.16888
38 	25   	-2098.66	-2041.32	-2040.77	3.60358
39 	25   	-2258.32	-2043.1 	-2040.77	16.3536
40 	25   	-2279.54	-2042.4 	-2040.77	15.426 
41 	25   	-2126.91	-2041.62	-2040.77	5.90926
42 	25   	-2078.63	-2041.24	-2040.77	3.01861
43 	25   	-2139.3 	-2041.69	-2040.77	6.98414
44 	25   	-2195.85	-2042.31	-2040.77	11.1562
45 	25   	-2113.92	-2041.36	-2040.77	4.26895
46 	25   	-2073.11	-2041.18	-2040.77	2.53699
47 	25   	-2387.37	-2041.96	-2040.77	15.8683
48 	25   	-2150.94	-2041.64	-2040.77	6.8901 
49 	25   	-2392.72	-2042.19	-2040.77	16.9456
50 	25   	-2245.04	-2042.15	-2040.77	11.8089
51 	25   	-2131.81	-2041.68	-2040.77	6.0435 
52 	25   	-2259.49	-2041.71	-2040.77	10.286 
53 	25   	-2568.46	-2043.31	-2040.77	27.9077
54 	25   	-2097.45	-2041.34	-2040.77	3.80854
55 	25   	-2079.36	-2041.23	-2040.77	2.88896
56 	25   	-2402.39	-2042.73	-2040.77	19.6301
57 	25   	-2141.11	-2041.55	-2040.77	5.92099
58 	25   	-2486.78	-2042.1 	-2040.77	20.343 
59 	25   	-2209.3 	-2042.12	-2040.77	10.5523
60 	25   	-2471.25	-2044.24	-2040.77	29.9823
61 	25   	-2116.54	-2041.52	-2040.77	5.4454 
62 	25   	-2372.19	-2042.52	-2040.77	15.8975
63 	25   	-2098.15	-2041.23	-2040.77	3.54693
64 	25   	-2689.64	-2042.95	-2040.77	29.6027
65 	25   	-2088.1 	-2041.39	-2040.77	3.95543
66 	25   	-2113.17	-2041.33	-2040.77	4.2393 
67 	25   	-2144.08	-2041.43	-2040.77	5.34633
68 	25   	-2181.8 	-2042.26	-2040.77	10.132 
69 	25   	-2147.49	-2042.02	-2040.77	8.70826
70 	25   	-2243.95	-2042.09	-2040.77	10.9812
71 	25   	-2337.81	-2042.21	-2040.77	14.7918
72 	25   	-2418.04	-2042.42	-2040.73	17.9911
73 	25   	-2585.07	-2042.61	-2040.73	24.8259
74 	25   	-2147.53	-2041.81	-2040.73	6.59428
75 	25   	-2176.99	-2041.78	-2040.73	7.37157
76 	25   	-2618.57	-2043.66	-2040.73	31.0685
77 	25   	-2307.59	-2041.67	-2040.73	12.2224
78 	25   	-2298.73	-2041.58	-2040.73	11.8357
79 	25   	-2187.92	-2042.05	-2040.73	9.90627
80 	25   	-2142.13	-2041.5 	-2040.73	6.83351
81 	25   	-2281.1 	-2041.59	-2040.73	11.0316
82 	25   	-2176.99	-2041.76	-2040.73	8.63837
83 	25   	-2223.39	-2042.41	-2040.73	13.1254
84 	25   	-2081.01	-2041.36	-2040.73	3.76513
85 	25   	-2329.22	-2041.94	-2040.73	13.8163
86 	25   	-2084.97	-2041.24	-2040.73	3.27942
87 	25   	-2079.11	-2041.23	-2040.73	3.3311 
88 	25   	-2103.86	-2041.32	-2040.73	4.30967
89 	25   	-2073.45	-2041.08	-2040.73	2.49186
90 	25   	-2121.22	-2041.56	-2040.73	5.55862
91 	25   	-2329.03	-2041.85	-2040.73	13.2914
92 	25   	-2164.31	-2041.6 	-2040.73	7.20442
93 	25   	-2194.09	-2042.1 	-2040.73	11.8583
94 	25   	-2103.81	-2041.3 	-2040.73	4.6339 
95 	25   	-2101.08	-2041.43	-2040.73	4.36465
96 	25   	-2079.65	-2041.16	-2040.73	2.52512
97 	25   	-2784.73	-2043.92	-2040.73	36.1966
98 	25   	-2261.42	-2042.07	-2040.73	12.3289
99 	25   	-2252.05	-2041.76	-2040.73	10.2996
gen	depth	min     	avg     	max     	std    
0  	25   	-3032.69	-2184.78	-2059.62	110.853
1  	25   	-2253.24	-2114.08	-2051.47	35.7822
2  	25   	-3608.11	-2095.75	-2047.53	83.9213
3  	25   	-2326.25	-2075.64	-2047.53	20.8949
4  	25   	-2234.14	-2065.33	-2045.37	12.572 
5  	25   	-2238.66	-2058.93	-2044.07	11.6511
6  	25   	-2432.01	-2055.67	-2042.98	20.0422
7  	25   	-2165.14	-2051.56	-2042.98	10.1878
8  	25   	-2414.1 	-2049.62	-2042.97	17.7392
9  	25   	-2351.18	-2048.32	-2042.97	16.4902
10 	25   	-2275.1 	-2047.68	-2042.28	19.2339
11 	25   	-2390.19	-2045.97	-2042.27	19.1221
12 	25   	-2091.3 	-2043.93	-2042.27	3.75061
13 	25   	-2078.46	-2043.6 	-2041.58	3.48668
14 	25   	-2182.28	-2043.91	-2041.58	9.39949
15 	25   	-2221.07	-2044.21	-2041.58	11.3542
16 	25   	-2068.27	-2042.77	-2041.57	2.37546
17 	25   	-2140.27	-2042.94	-2041.57	5.82137
18 	25   	-2183.06	-2043.15	-2040.88	9.80148
19 	25   	-2447.83	-2043.39	-2040.88	18.6055
20 	25   	-2331.43	-2043   	-2040.88	14.5105
21 	25   	-2234.53	-2043.26	-2040.88	13.5172
22 	25   	-2110.79	-2042.28	-2040.88	4.63811
23 	25   	-2216.98	-2043.51	-2040.88	12.9423
24 	25   	-2095.5 	-2041.97	-2040.88	3.88348
25 	25   	-2574.99	-2044.72	-2040.88	32.1064
26 	25   	-2208.1 	-2042.24	-2040.81	10.3436
27 	25   	-2121.32	-2041.94	-2040.81	6.64892
28 	25   	-2102.17	-2041.68	-2040.81	4.62159
29 	25   	-2061.3 	-2041.23	-2040.81	1.95336
30 	25   	-2158.8 	-2041.81	-2040.81	8.36082
31 	25   	-2146.99	-2041.88	-2040.77	7.6121 
32 	25   	-2090.73	-2041.51	-2040.77	4.331  
33 	25   	-2144.92	-2041.82	-2040.77	7.45773
34 	25   	-3008.19	-2045.01	-2040.77	47.5829
35 	25   	-2171.41	-2042.15	-2040.77	8.83832
36 	25   	-2126.01	-2041.55	-2040.73	5.28345
37 	25   	-2071.52	-2041.12	-2040.73	2.2148 
38 	25   	-2432.31	-2042.56	-2040.73	19.1   
39 	25   	-2081.78	-2041.39	-2040.73	3.90869
40 	25   	-2093.91	-2041.23	-2040.73	3.38212
41 	25   	-2187.44	-2041.76	-2040.73	8.50801
42 	25   	-2103.23	-2041.22	-2040.73	3.64822
43 	25   	-2091   	-2041.28	-2040.73	3.6671 
44 	25   	-2253.63	-2042.11	-2040.73	13.7241
45 	25   	-2102.16	-2041.41	-2040.73	4.36591
46 	25   	-2660.26	-2042.86	-2040.73	28.8273
47 	25   	-2273.85	-2042.13	-2040.73	12.0505
48 	25   	-2121.38	-2041.48	-2040.73	5.20057
49 	25   	-2224.55	-2041.86	-2040.73	11.1176
50 	25   	-2403.83	-2042.58	-2040.73	19.1034
51 	25   	-2114.01	-2041.2 	-2040.73	3.84092
52 	25   	-2093.09	-2041.4 	-2040.73	4.17951
53 	25   	-2177.6 	-2042.05	-2040.73	9.67698
54 	25   	-2086.37	-2041.24	-2040.73	3.09982
55 	25   	-2398.29	-2042.72	-2040.73	18.3806
56 	25   	-2091.4 	-2041.13	-2040.73	3.06191
57 	25   	-2165.63	-2041.44	-2040.73	8.1448 
58 	25   	-2126.99	-2041.79	-2040.73	6.69046
59 	25   	-2227.7 	-2042.53	-2040.73	14.4009
60 	25   	-2292.93	-2041.74	-2040.73	11.8397
61 	25   	-2405.74	-2041.9 	-2040.73	16.6463
62 	25   	-2315.75	-2042.16	-2040.73	13.4495
63 	25   	-2145.05	-2041.59	-2040.73	6.48235
64 	25   	-2096.79	-2041.39	-2040.73	4.51552
65 	25   	-2244.03	-2041.56	-2040.73	9.52314
66 	25   	-2093.08	-2041.2 	-2040.73	3.86206
67 	25   	-2087.24	-2041   	-2040.73	2.41088
68 	25   	-2297.78	-2041.7 	-2040.73	11.8599
69 	25   	-2071.97	-2041.12	-2040.73	2.68989
70 	25   	-2300.42	-2042.21	-2040.73	15.387 
71 	25   	-2198.19	-2041.72	-2040.73	9.00732
72 	25   	-2121.42	-2041.83	-2040.73	6.8997 
73 	25   	-2229.19	-2042.13	-2040.73	11.3002
74 	25   	-2084.63	-2041.11	-2040.73	2.85417
75 	25   	-2090.63	-2041.29	-2040.73	3.69881
76 	25   	-2122.71	-2041.39	-2040.73	4.60747
77 	25   	-2088.82	-2041.3 	-2040.73	3.96079
78 	25   	-2390.54	-2042.54	-2040.73	17.7491
79 	25   	-2145.9 	-2042.22	-2040.73	9.22484
80 	25   	-2112.2 	-2041.26	-2040.73	4.43703
81 	25   	-2343.84	-2042.47	-2040.73	18.0423
82 	25   	-2085.2 	-2041.17	-2040.73	2.63182
83 	25   	-2204.05	-2041.64	-2040.73	9.11455
84 	25   	-2064.77	-2040.99	-2040.73	1.85604
85 	25   	-2104.9 	-2041.6 	-2040.73	5.52628
86 	25   	-2331.62	-2042.35	-2040.73	15.6803
87 	25   	-2084.97	-2041.06	-2040.73	2.7534 
88 	25   	-2089.04	-2041.24	-2040.73	3.84835
89 	25   	-2126.08	-2041.37	-2040.73	5.48882
90 	25   	-2137   	-2041.6 	-2040.73	5.7514 
91 	25   	-2110.78	-2041.38	-2040.73	5.35025
92 	25   	-2130.25	-2041.83	-2040.73	7.15067
93 	25   	-2083.82	-2041.11	-2040.73	2.85844
94 	25   	-2497.62	-2044.15	-2040.73	27.942 
95 	25   	-2126.59	-2041.36	-2040.73	5.26093
96 	25   	-2090.13	-2041.33	-2040.73	4.13433
97 	25   	-2068.7 	-2041.12	-2040.73	2.34636
98 	25   	-2238.61	-2042.39	-2040.73	13.4527
99 	25   	-3181.3 	-2044.57	-2040.73	53.896 
gen	depth	min     	avg     	max     	std    
0  	25   	-3631.3 	-2201.46	-2069.28	165.163
1  	25   	-2954.37	-2124.79	-2067.76	57.3091
2  	25   	-3197.13	-2100.74	-2053.37	55.0509
3  	25   	-2200.51	-2083.51	-2050.97	14.2366
4  	25   	-2335.52	-2075.09	-2048.45	16.0604
5  	25   	-2169.68	-2068.37	-2048.45	10.1332
6  	25   	-2283.85	-2063.87	-2048.45	17.1332
7  	25   	-2272.64	-2058.36	-2045.83	14.1916
8  	25   	-2396.37	-2055.52	-2045.83	17.8189
9  	25   	-2277.49	-2052.78	-2045.83	13.5926
10 	25   	-2150.63	-2050.94	-2045.67	8.75722
11 	25   	-2414.39	-2051.15	-2045.13	27.8848
12 	25   	-2245.75	-2048.54	-2045.13	11.5497
13 	25   	-2207.55	-2047.71	-2044.98	10.3323
14 	25   	-2270.75	-2047.91	-2044.98	14.3445
15 	25   	-2212.41	-2047.06	-2044.85	11.044 
16 	25   	-2126.17	-2046.2 	-2043.76	5.39663
17 	25   	-2102.51	-2046.1 	-2043.76	4.96947
18 	25   	-2191.62	-2046   	-2043.42	7.99399
19 	25   	-2300.26	-2046.79	-2043.06	16.4308
20 	25   	-2267.39	-2046.57	-2043.06	16.4254
21 	25   	-2279.64	-2045.06	-2042.36	11.0246
22 	25   	-2262.2 	-2045.01	-2042.36	11.6354
23 	25   	-2232.54	-2045.07	-2042.36	12.5262
24 	25   	-2214.94	-2045.51	-2042.36	16.4764
25 	25   	-5758.47	-2053.15	-2041.66	169.306
26 	25   	-2105.95	-2043.46	-2041.66	5.3822 
27 	25   	-2191.2 	-2043.35	-2041.66	7.79468
28 	25   	-2089.78	-2042.73	-2041.44	3.08384
29 	25   	-2446.84	-2044.06	-2041.44	19.4093
30 	25   	-2246.52	-2044.29	-2041.44	16.4487
31 	25   	-2174.26	-2042.87	-2041.22	8.65735
32 	25   	-2157.5 	-2043.39	-2041.22	9.88827
33 	25   	-2092.97	-2042.15	-2040.74	3.6321 
34 	25   	-2092.49	-2042.39	-2040.74	5.2028 
35 	25   	-2417.76	-2042.98	-2040.74	17.8073
36 	25   	-2111.74	-2042.12	-2040.74	5.69122
37 	25   	-2325.94	-2042.4 	-2040.74	13.9435
38 	25   	-2308.57	-2043.07	-2040.74	18.6141
39 	25   	-2509.12	-2043.03	-2040.74	23.8129
40 	25   	-2081.63	-2041.32	-2040.74	3.19015
41 	25   	-2588.77	-2043.47	-2040.74	28.3417
42 	25   	-2327.39	-2042.5 	-2040.74	15.9516
43 	25   	-2077.11	-2041.28	-2040.74	2.89822
44 	25   	-2156.44	-2041.83	-2040.74	6.48082
45 	25   	-2197.98	-2042.15	-2040.74	10.3901
46 	25   	-2180.62	-2042.21	-2040.74	9.16732
47 	25   	-2181.91	-2042.01	-2040.74	8.70246
48 	25   	-2150.13	-2041.67	-2040.74	7.386  
49 	25   	-2104.32	-2041.59	-2040.74	4.83117
50 	25   	-2082.72	-2041.17	-2040.74	2.91256
51 	25   	-2151.07	-2041.61	-2040.74	7.05182
52 	25   	-2106.55	-2041.22	-2040.74	3.6919 
53 	25   	-2137.11	-2041.84	-2040.74	6.98782
54 	25   	-2200.28	-2041.61	-2040.74	8.24974
55 	25   	-2098.6 	-2041.51	-2040.74	4.25537
56 	25   	-2647.39	-2043.03	-2040.74	28.3304
57 	25   	-2126.82	-2042.1 	-2040.74	8.52509
58 	25   	-2151.77	-2041.66	-2040.74	6.92275
59 	25   	-2201.66	-2042.09	-2040.74	9.34339
60 	25   	-2080.81	-2041.33	-2040.74	3.0679 
61 	25   	-2120.85	-2041.34	-2040.74	4.99558
62 	25   	-2056.19	-2041.03	-2040.74	1.49287
63 	25   	-2313.02	-2042.6 	-2040.74	15.5483
64 	25   	-2391.92	-2042.72	-2040.74	18.602 
65 	25   	-2303.96	-2042.49	-2040.74	15.5634
66 	25   	-2107.81	-2041.45	-2040.74	5.21524
67 	25   	-2189.46	-2042.49	-2040.74	10.9216
68 	25   	-2064.56	-2041.03	-2040.74	1.82056
69 	25   	-2100.65	-2041.34	-2040.74	3.92761
70 	25   	-2166.45	-2042.06	-2040.74	8.99559
71 	25   	-2126.91	-2041.77	-2040.74	6.63095
72 	25   	-2267.79	-2042.38	-2040.74	14.7721
73 	25   	-2192.07	-2042.27	-2040.74	10.8804
74 	25   	-2074.56	-2041.13	-2040.74	2.41828
75 	25   	-2166.8 	-2041.84	-2040.74	8.8487 
76 	25   	-3171.36	-2044.8 	-2040.74	52.4999
77 	25   	-2157.49	-2041.83	-2040.74	8.45662
78 	25   	-2109.33	-2041.36	-2040.74	4.62215
79 	25   	-2133.19	-2042.07	-2040.74	8.04382
80 	25   	-2102.47	-2041.39	-2040.74	4.78827
81 	25   	-2067.77	-2041.3 	-2040.74	2.74462
82 	25   	-2145.15	-2041.71	-2040.73	7.27598
83 	25   	-2088.68	-2041.16	-2040.73	3.13202
84 	25   	-2188.31	-2041.97	-2040.73	9.46944
85 	25   	-2247.98	-2041.86	-2040.73	10.3272
86 	25   	-2134.75	-2041.41	-2040.73	5.54018
87 	25   	-2079.83	-2041.25	-2040.73	3.19088
88 	25   	-2095.96	-2041.26	-2040.73	3.82246
89 	25   	-2126.51	-2041.96	-2040.73	7.53423
90 	25   	-2131.74	-2041.27	-2040.73	4.63306
91 	25   	-2079.9 	-2041.2 	-2040.73	3.26196
92 	25   	-2119.59	-2041.63	-2040.73	6.1329 
93 	25   	-2149.09	-2041.65	-2040.73	6.87471
94 	25   	-2092.38	-2041.32	-2040.73	3.97123
95 	25   	-2117.65	-2041.37	-2040.73	5.16417
96 	25   	-2072.96	-2041.26	-2040.73	3.01517
97 	25   	-2219.64	-2042.13	-2040.73	11.1969
98 	25   	-2186.19	-2041.98	-2040.73	9.50959
99 	25   	-2108.67	-2041.57	-2040.73	5.28112
gen	depth	min     	avg     	max     	std    
0  	25   	-5875.2 	-2196.67	-2058.09	243.075
1  	25   	-2264.38	-2118.44	-2058.09	33.9164
2  	25   	-2182.81	-2095.3 	-2056.61	20.6769
3  	25   	-2666.99	-2085.1 	-2055.09	44.1266
4  	25   	-2511.68	-2074.12	-2050.78	25.0438
5  	25   	-2356.6 	-2068.03	-2050.57	23.3723
6  	25   	-2486.17	-2062.93	-2049.15	21.5156
7  	25   	-3543.01	-2062.35	-2048.19	66.8127
8  	25   	-2211.62	-2057.71	-2047.5 	12.3787
9  	25   	-2245.31	-2055.07	-2046.35	14.0423
10 	25   	-2123.93	-2051.79	-2045.65	5.97998
11 	25   	-2173.7 	-2051.15	-2044.57	10.0882
12 	25   	-2120.54	-2048.71	-2043.43	4.28746
13 	25   	-2096.02	-2048.26	-2043.05	6.05317
14 	25   	-2250.92	-2047.6 	-2043.05	12.3345
15 	25   	-2198.22	-2047.01	-2043.05	10.0854
16 	25   	-2257.09	-2047   	-2043   	15.5312
17 	25   	-2173.45	-2045.41	-2042.86	8.14863
18 	25   	-2188.71	-2045   	-2042.35	8.94841
19 	25   	-2188.94	-2044.42	-2042.16	8.42918
20 	25   	-2432.85	-2045.33	-2041.77	19.323 
21 	25   	-2186.97	-2043.76	-2041.77	7.22428
22 	25   	-2176.38	-2044.21	-2041.77	10.5479
23 	25   	-2205.83	-2043.17	-2041.26	7.99019
24 	25   	-2146.82	-2043.5 	-2041.07	9.2972 
25 	25   	-2206.87	-2043.94	-2041.07	13.304 
26 	25   	-2112.76	-2042.45	-2041.07	5.16761
27 	25   	-2166.45	-2042.97	-2041.07	8.62811
28 	25   	-2760.89	-2043.94	-2040.74	32.7684
29 	25   	-2300.56	-2042.26	-2040.74	12.1159
30 	25   	-2172.84	-2042.2 	-2040.74	8.88825
31 	25   	-2189.04	-2042.09	-2040.74	9.28347
32 	25   	-2078.84	-2041.54	-2040.74	3.10949
33 	25   	-2155.31	-2041.61	-2040.74	6.22643
34 	25   	-2113.81	-2041.83	-2040.74	6.74526
35 	25   	-2081.49	-2041.32	-2040.74	3.18543
36 	25   	-2134.89	-2041.59	-2040.74	5.97115
37 	25   	-2241.13	-2041.94	-2040.74	10.7349
38 	25   	-2233.04	-2042.5 	-2040.74	13.8872
39 	25   	-2080.81	-2041.19	-2040.74	3.05761
40 	25   	-2335.68	-2042.38	-2040.74	15.3616
41 	25   	-2446.44	-2042.81	-2040.74	19.5537
42 	25   	-2084.91	-2041.34	-2040.74	3.59251
43 	25   	-2094.65	-2041.5 	-2040.74	4.67172
44 	25   	-2206.77	-2042.81	-2040.74	13.8554
45 	25   	-2205.34	-2041.77	-2040.74	8.79871
46 	25   	-2100.48	-2041.58	-2040.74	5.13117
47 	25   	-2123.56	-2041.74	-2040.74	6.8231 
48 	25   	-2171.33	-2041.43	-2040.73	6.56485
49 	25   	-2109.29	-2041.58	-2040.73	5.2394 
50 	25   	-2181.79	-2042.2 	-2040.73	10.0245
51 	25   	-2109.42	-2041.46	-2040.73	4.94538
52 	25   	-2104.93	-2041.5 	-2040.73	4.85758
53 	25   	-2529.21	-2043   	-2040.73	24.4272
54 	25   	-2333.48	-2042.17	-2040.73	14.5733
55 	25   	-2090.37	-2041.38	-2040.73	4.20063
56 	25   	-2166.66	-2041.83	-2040.73	7.86931
57 	25   	-2115.21	-2041.44	-2040.73	4.36934
58 	25   	-2158.93	-2041.51	-2040.73	6.30821
59 	25   	-2231.14	-2042.37	-2040.73	13.3864
60 	25   	-3985.36	-2045.94	-2040.73	87.4889
61 	25   	-2244.5 	-2041.82	-2040.73	10.3198
62 	25   	-2619.68	-2042.98	-2040.73	27.2024
63 	25   	-2334.25	-2043.18	-2040.73	21.6123
64 	25   	-2259.71	-2042.03	-2040.73	12.1301
65 	25   	-2147.96	-2041.73	-2040.73	7.58408
66 	25   	-2167.06	-2042.39	-2040.73	10.6787
67 	25   	-2291.86	-2042.37	-2040.73	15.3424
68 	25   	-2084.97	-2041.26	-2040.73	3.17791
69 	25   	-2147.24	-2042.27	-2040.73	8.62555
70 	25   	-2178.33	-2041.67	-2040.73	8.14418
71 	25   	-4173.24	-2047.83	-2040.73	97.7248
72 	25   	-2814.86	-2043.13	-2040.73	35.5772
73 	25   	-2110.71	-2041.61	-2040.73	5.66252
74 	25   	-2100.38	-2041.43	-2040.73	4.47547
75 	25   	-2104.89	-2041.42	-2040.73	4.33829
76 	25   	-2330.27	-2043.37	-2040.73	21.492 
77 	25   	-2419.35	-2043.09	-2040.73	23.512 
78 	25   	-2096.95	-2041.63	-2040.73	5.45358
79 	25   	-2224.48	-2042.18	-2040.73	11.6692
80 	25   	-2267.21	-2042.87	-2040.73	14.5785
81 	25   	-2174.86	-2041.8 	-2040.73	8.99864
82 	25   	-2248.09	-2042.38	-2040.73	11.5334
83 	25   	-2148.42	-2041.67	-2040.73	7.86367
84 	25   	-2092.46	-2041.31	-2040.73	4.01458
85 	25   	-2171.13	-2042.02	-2040.73	9.23279
86 	25   	-2177.58	-2041.35	-2040.73	6.74219
87 	25   	-2137.93	-2041.52	-2040.73	6.39799
88 	25   	-2093.93	-2041.54	-2040.73	4.58994
89 	25   	-2139.69	-2041.68	-2040.73	7.08724
90 	25   	-2126.71	-2041.22	-2040.73	4.20462
91 	25   	-2086.05	-2041.4 	-2040.73	3.59893
92 	25   	-2243.78	-2041.57	-2040.73	10.1558
93 	25   	-2152.33	-2041.47	-2040.73	6.53222
94 	25   	-2122.45	-2041.64	-2040.73	6.59326
95 	25   	-2445.98	-2042.68	-2040.73	21.6349
96 	25   	-2163.77	-2041.56	-2040.73	7.08917
97 	25   	-2128.87	-2041.36	-2040.73	5.8584 
98 	25   	-2205.11	-2041.77	-2040.73	9.18801
99 	25   	-2323.21	-2042.23	-2040.73	14.0843
gen	depth	min     	avg     	max     	std    
0  	25   	-3316.48	-2196.34	-2056.82	139.989
1  	25   	-3036.09	-2126.18	-2056.82	75.9146
2  	25   	-2756.45	-2096.52	-2055.7 	41.812 
3  	25   	-2291.86	-2080.6 	-2047.81	18.8832
4  	25   	-2833.7 	-2074.39	-2046.42	39.6318
5  	25   	-2482.99	-2066.66	-2046.17	25.8904
6  	25   	-2253.91	-2060.52	-2045.52	14.5781
7  	25   	-2176.74	-2055.87	-2045.52	10.067 
8  	25   	-2728.62	-2054.67	-2043.37	37.4734
9  	25   	-2168.03	-2050.79	-2043.37	10.8193
10 	25   	-3701.66	-2052.02	-2042.2 	74.9423
11 	25   	-2132.24	-2047.03	-2042.2 	6.48351
12 	25   	-2154.59	-2046.29	-2042.2 	7.30589
13 	25   	-2113.81	-2045.4 	-2042.2 	5.34245
14 	25   	-2134.4 	-2044.62	-2041.57	6.21712
15 	25   	-2161.64	-2044.7 	-2041.57	10.2495
16 	25   	-2190.25	-2043.99	-2041.57	11.9076
17 	25   	-2094.57	-2043.04	-2041.57	4.4661 
18 	25   	-2276.7 	-2043.69	-2041.27	14.5951
19 	25   	-2760.94	-2045.83	-2040.88	37.7875
20 	25   	-2252.85	-2043.31	-2040.88	11.6966
21 	25   	-2091.7 	-2042.39	-2040.88	4.34818
22 	25   	-2094.24	-2042.07	-2040.88	3.85466
23 	25   	-2110.41	-2041.97	-2040.88	5.28007
24 	25   	-2127.99	-2041.89	-2040.88	5.92916
25 	25   	-2161.92	-2041.54	-2040.88	6.39511
26 	25   	-2716.5 	-2042.91	-2040.88	30.5327
27 	25   	-2073.59	-2041.53	-2040.88	3.00879
28 	25   	-2283.52	-2042.98	-2040.88	14.5851
29 	25   	-2160.5 	-2041.84	-2040.88	7.05855
30 	25   	-2310.22	-2042.42	-2040.88	14.3334
31 	25   	-2726.96	-2043.55	-2040.88	33.6592
32 	25   	-2160.51	-2041.86	-2040.88	7.91755
33 	25   	-2130.65	-2041.89	-2040.88	7.33844
34 	25   	-2149.63	-2041.5 	-2040.88	5.72237
35 	25   	-2308.32	-2042.72	-2040.88	15.0795
36 	25   	-4902.89	-2047.15	-2040.88	127.889
37 	25   	-2197.07	-2041.56	-2040.74	7.4337 
38 	25   	-2153.54	-2041.74	-2040.74	7.14727
39 	25   	-2101.17	-2041.99	-2040.74	5.84166
40 	25   	-2117.26	-2042.06	-2040.74	7.04507
41 	25   	-2066.43	-2041.06	-2040.74	1.68063
42 	25   	-2154.45	-2042.02	-2040.74	7.76525
43 	25   	-2191.3 	-2041.71	-2040.74	8.09076
44 	25   	-2086.99	-2041.12	-2040.74	2.9915 
45 	25   	-2156.89	-2042.1 	-2040.74	8.97004
46 	25   	-2429.51	-2042.49	-2040.74	18.8038
47 	25   	-2149.44	-2041.51	-2040.74	6.03932
48 	25   	-2078.63	-2041.21	-2040.73	2.83473
49 	25   	-2194.32	-2041.96	-2040.73	10.4287
50 	25   	-2227.55	-2041.93	-2040.73	11.2977
51 	25   	-2179.13	-2042.12	-2040.73	10.8776
52 	25   	-2080.38	-2041.18	-2040.73	2.96673
53 	25   	-2730.17	-2043.76	-2040.73	33.5867
54 	25   	-2214.02	-2042.35	-2040.73	11.5755
55 	25   	-2253.12	-2041.96	-2040.73	10.707 
56 	25   	-2214.98	-2041.91	-2040.73	9.80502
57 	25   	-2103.8 	-2041.52	-2040.73	5.21633
58 	25   	-2089.38	-2041.33	-2040.73	3.4459 
59 	25   	-2212.69	-2041.96	-2040.73	9.69697
60 	25   	-2420.45	-2043.01	-2040.73	23.2997
61 	25   	-2581.35	-2042.69	-2040.73	25.286 
62 	25   	-2171.64	-2041.76	-2040.73	7.87854
63 	25   	-2118.4 	-2041.69	-2040.73	6.25542
64 	25   	-2273.12	-2042.3 	-2040.73	13.1004
65 	25   	-2271.18	-2042.46	-2040.73	14.5644
66 	25   	-2071.7 	-2041.3 	-2040.73	3.09894
67 	25   	-2161.54	-2042.05	-2040.73	8.94931
68 	25   	-2173.17	-2041.65	-2040.73	7.26649
69 	25   	-2083.71	-2041.49	-2040.73	4.58131
70 	25   	-2092.13	-2041.27	-2040.73	3.55263
71 	25   	-2108.89	-2041.36	-2040.73	4.75308
72 	25   	-2109.67	-2041.69	-2040.73	6.11939
73 	25   	-2069.25	-2040.93	-2040.73	1.65661
74 	25   	-2207.18	-2041.82	-2040.73	9.28874
75 	25   	-2191.57	-2041.48	-2040.73	7.97877
76 	25   	-2123.05	-2041.86	-2040.73	7.61528
77 	25   	-2159.83	-2042.3 	-2040.73	10.463 
78 	25   	-2111.58	-2041.56	-2040.73	5.45322
79 	25   	-2076.68	-2041.45	-2040.73	3.94698
80 	25   	-2368.41	-2042.75	-2040.73	18.446 
81 	25   	-2516.16	-2042.26	-2040.73	21.5259
82 	25   	-2088.25	-2041.68	-2040.73	5.23811
83 	25   	-2125.38	-2041.67	-2040.73	6.3552 
84 	25   	-2124.81	-2041.34	-2040.73	4.95013
85 	25   	-2110.83	-2041.2 	-2040.73	4.27973
86 	25   	-2089.93	-2041.32	-2040.73	3.47809
87 	25   	-2338.94	-2042.79	-2040.73	17.4965
88 	25   	-2231.79	-2042.29	-2040.73	11.9868
89 	25   	-2059.78	-2041.03	-2040.73	1.60494
90 	25   	-2121.2 	-2041.51	-2040.73	5.80952
91 	25   	-2092.25	-2041.5 	-2040.73	4.61304
92 	25   	-2186.15	-2041.99	-2040.73	9.24777
93 	25   	-2174.8 	-2042.4 	-2040.73	10.7963
94 	25   	-2196.48	-2041.78	-2040.73	8.39931
95 	25   	-2087.37	-2041.05	-2040.73	2.70968
96 	25   	-2103.9 	-2041.1 	-2040.73	3.35631
97 	25   	-2146.17	-2041.49	-2040.73	5.57795
98 	25   	-2102.41	-2041.22	-2040.73	4.48836
99 	25   	-2203.65	-2041.4 	-2040.73	7.70438
gen	depth	min     	avg     	max     	std    
0  	25   	-3706.17	-2183.89	-2061.51	141.916
1  	25   	-2538.9 	-2120.57	-2061.51	46.3085
2  	25   	-2402.83	-2095.44	-2060.78	24.7078
3  	25   	-2120.48	-2081.04	-2055.45	13.4806
4  	25   	-3600.2 	-2075.77	-2052.5 	73.8865
5  	25   	-2229.01	-2066.56	-2050.98	11.6902
6  	25   	-2876.73	-2065.6 	-2050.98	38.6844
7  	25   	-2386.72	-2062.29	-2050.98	18.3558
8  	25   	-2357.78	-2059.27	-2049.94	16.8674
9  	25   	-2548.26	-2059.36	-2049.93	34.7948
10 	25   	-2245.89	-2054.67	-2048.95	10.2657
11 	25   	-2150.52	-2053.27	-2047.25	8.16948
12 	25   	-2155.42	-2052.84	-2047.08	10.5363
13 	25   	-2180.31	-2051.17	-2046.83	7.72727
14 	25   	-2185.41	-2050.86	-2046.83	9.51134
15 	25   	-2659.04	-2052.21	-2045.63	35.9721
16 	25   	-2119.44	-2048.97	-2045.63	6.86003
17 	25   	-2431.87	-2049.2 	-2044.93	19.5833
18 	25   	-2138.45	-2047.33	-2044.61	5.35277
19 	25   	-2145.08	-2047.18	-2044.11	6.95001
20 	25   	-2124.87	-2046.69	-2043.7 	6.14199
21 	25   	-2182.53	-2046.82	-2043.41	9.81093
22 	25   	-2174.25	-2046.67	-2043.41	10.996 
23 	25   	-2186.71	-2046.01	-2042.85	10.4797
24 	25   	-2142   	-2045.15	-2042.25	6.19961
25 	25   	-2136.54	-2044.82	-2042.25	6.53394
26 	25   	-2202.83	-2044.4 	-2042.01	7.52454
27 	25   	-2198.32	-2044.19	-2042.01	8.18834
28 	25   	-2154.95	-2044.59	-2042.01	9.15098
29 	25   	-2194.75	-2044.24	-2042.01	9.69328
30 	25   	-2094.87	-2043.09	-2042.01	4.50335
31 	25   	-2141.93	-2043.06	-2041.61	7.0538 
32 	25   	-2101.28	-2042.8 	-2041.31	4.78211
33 	25   	-2412.08	-2044.07	-2041.31	19.8307
34 	25   	-2170.45	-2043.17	-2041.07	9.55129
35 	25   	-2297.66	-2042.74	-2041.07	12.3428
36 	25   	-2176.6 	-2042.58	-2040.77	8.7473 
37 	25   	-2476.49	-2043.82	-2040.77	22.9904
38 	25   	-2237.15	-2042.15	-2040.77	9.99721
39 	25   	-2099.66	-2041.73	-2040.73	3.88105
40 	25   	-2365.88	-2042.44	-2040.73	15.3314
41 	25   	-2171.54	-2041.78	-2040.73	8.47592
42 	25   	-2189.11	-2042.44	-2040.73	10.6727
43 	25   	-2340.02	-2042.47	-2040.73	15.8091
44 	25   	-2124.3 	-2041.59	-2040.73	5.66154
45 	25   	-2136.69	-2041.99	-2040.73	8.13114
46 	25   	-2069.97	-2041.16	-2040.73	2.64227
47 	25   	-2098.17	-2041.51	-2040.73	4.89927
48 	25   	-2216.4 	-2042.01	-2040.73	11.4723
49 	25   	-2057.85	-2040.98	-2040.73	1.50088
50 	25   	-2085.53	-2041.42	-2040.73	3.50686
51 	25   	-2367.23	-2042.11	-2040.73	15.4496
52 	25   	-2116.48	-2041.35	-2040.73	4.66564
53 	25   	-2307.06	-2043.45	-2040.73	22.2199
54 	25   	-2084.17	-2041.15	-2040.73	2.76215
55 	25   	-2104.12	-2041.24	-2040.73	3.76962
56 	25   	-2129.64	-2042.21	-2040.73	8.08203
57 	25   	-2082.18	-2041.07	-2040.73	2.51517
58 	25   	-2108.92	-2041.61	-2040.73	5.66936
59 	25   	-2211.24	-2042.71	-2040.73	13.173 
60 	25   	-2264.83	-2041.93	-2040.73	12.8815
61 	25   	-2576.23	-2044.83	-2040.73	36.5873
62 	25   	-2096.02	-2041.66	-2040.73	5.34379
63 	25   	-2071.47	-2041   	-2040.73	1.96769
64 	25   	-2277.7 	-2042.5 	-2040.73	15.9079
65 	25   	-2173.51	-2041.57	-2040.73	7.7464 
66 	25   	-2454.34	-2042.1 	-2040.73	19.1174
67 	25   	-2115.22	-2041.97	-2040.73	7.57672
68 	25   	-2081   	-2041.12	-2040.73	2.6834 
69 	25   	-2122.09	-2041.56	-2040.73	6.44992
70 	25   	-2257.99	-2042.26	-2040.73	11.8445
71 	25   	-2400.21	-2042.27	-2040.73	17.3683
72 	25   	-2128.34	-2041.2 	-2040.73	4.45287
73 	25   	-2459.89	-2042.57	-2040.73	23.1528
74 	25   	-2222.63	-2041.74	-2040.73	9.22084
75 	25   	-2391.55	-2042.47	-2040.73	17.9647
76 	25   	-2137.77	-2041.77	-2040.73	7.30712
77 	25   	-2073.61	-2041.18	-2040.73	2.72708
78 	25   	-2112.75	-2041.51	-2040.73	5.01124
79 	25   	-2227.52	-2041.99	-2040.73	9.92294
80 	25   	-2167.93	-2041.63	-2040.73	8.04851
81 	25   	-2072.84	-2041.24	-2040.73	2.898  
82 	25   	-2058.54	-2040.98	-2040.73	1.56321
83 	25   	-2191.98	-2041.95	-2040.73	9.14105
84 	25   	-2108.98	-2041.61	-2040.73	5.35249
85 	25   	-2145.28	-2041.74	-2040.73	8.00588
86 	25   	-2119.08	-2041.62	-2040.73	6.38673
87 	25   	-2187.6 	-2041.99	-2040.73	8.77782
88 	25   	-2764.59	-2043.25	-2040.73	33.1037
89 	25   	-2189.12	-2041.46	-2040.73	7.15531
90 	25   	-2132.22	-2041.67	-2040.73	6.58045
91 	25   	-2154.99	-2041.49	-2040.73	7.05897
92 	25   	-2164.3 	-2041.3 	-2040.73	5.97622
93 	25   	-2105.33	-2041.41	-2040.73	4.1599 
94 	25   	-2187.91	-2042.24	-2040.73	10.6095
95 	25   	-2141.95	-2042.14	-2040.73	8.46446
96 	25   	-2280.62	-2042.28	-2040.73	13.4914
97 	25   	-2129.08	-2041.49	-2040.73	5.28117
98 	25   	-2220.5 	-2041.82	-2040.73	10.6141
99 	25   	-2113.23	-2041.51	-2040.73	5.56663
gen	depth	min     	avg     	max     	std    
0  	25   	-2917.14	-2187.65	-2061.54	109.486
1  	25   	-2352.01	-2124.36	-2061.54	38.4065
2  	25   	-2511.57	-2098.3 	-2057.82	28.0564
3  	25   	-2455.91	-2085.73	-2057.67	27.999 
4  	25   	-2515.68	-2076.05	-2052.95	28.641 
5  	25   	-2357.01	-2068.59	-2050.45	19.4269
6  	25   	-2455.58	-2063.55	-2049.45	18.9892
7  	25   	-2163.77	-2059.69	-2047.87	11.3434
8  	25   	-2244.26	-2056.97	-2046.99	15.2413
9  	25   	-2213.22	-2053.81	-2045.62	10.0187
10 	25   	-3251.26	-2056.7 	-2044.92	59.5096
11 	25   	-2269.81	-2051.34	-2044.82	11.8042
12 	25   	-2592.75	-2052.88	-2044.77	36.3677
13 	25   	-2220.27	-2048.6 	-2043.52	11.5819
14 	25   	-2113.81	-2046.49	-2043.25	5.11108
15 	25   	-2191.11	-2046.62	-2043.25	9.18475
16 	25   	-2900.51	-2048.1 	-2042.82	40.0544
17 	25   	-2313.26	-2045.73	-2041.9 	12.7593
18 	25   	-2352.42	-2045.7 	-2041.9 	15.343 
19 	25   	-2148.43	-2044.88	-2041.85	9.42665
20 	25   	-2245.29	-2044.79	-2041.85	13.14  
21 	25   	-2268.75	-2044.24	-2040.81	12.9334
22 	25   	-2150.46	-2043.03	-2040.81	6.10427
23 	25   	-2200.41	-2043.27	-2040.81	10.5699
24 	25   	-2113.42	-2042.82	-2040.81	6.16414
25 	25   	-2203.48	-2042.95	-2040.81	9.63385
26 	25   	-2161.03	-2042.31	-2040.81	6.80305
27 	25   	-2081.12	-2041.53	-2040.81	2.82125
28 	25   	-2321.08	-2042.75	-2040.74	16.1525
29 	25   	-2087.15	-2041.29	-2040.74	3.33305
30 	25   	-2229.85	-2042.21	-2040.74	11.1489
31 	25   	-2126.85	-2041.7 	-2040.74	6.11223
32 	25   	-2090.84	-2041.42	-2040.74	3.98451
33 	25   	-2180.6 	-2041.66	-2040.74	7.38617
34 	25   	-2105.42	-2041.64	-2040.74	5.48462
35 	25   	-2099.08	-2041.57	-2040.74	5.26763
36 	25   	-2070.19	-2041.17	-2040.73	2.59249
37 	25   	-2108.12	-2041.29	-2040.73	4.12603
38 	25   	-2102.11	-2041.17	-2040.73	3.35499
39 	25   	-2168.12	-2041.92	-2040.73	8.46877
40 	25   	-2115.74	-2041.38	-2040.73	4.77495
41 	25   	-2149.85	-2041.61	-2040.73	6.6986 
42 	25   	-2138.2 	-2041.77	-2040.73	6.62683
43 	25   	-2128.62	-2041.79	-2040.73	6.09904
44 	25   	-2129.35	-2041.4 	-2040.73	5.24936
45 	25   	-2124.16	-2041.62	-2040.73	5.42952
46 	25   	-2321.44	-2043.29	-2040.73	20.1031
47 	25   	-2109.73	-2041.78	-2040.73	6.51432
48 	25   	-2103.21	-2041.58	-2040.73	4.8545 
49 	25   	-2478.24	-2042.29	-2040.73	20.0798
50 	25   	-2111.43	-2041.3 	-2040.73	4.1704 
51 	25   	-2151.75	-2041.37	-2040.73	6.59951
52 	25   	-2108.31	-2041.31	-2040.73	4.29851
53 	25   	-2114.03	-2041.25	-2040.73	4.09144
54 	25   	-2350.93	-2042.19	-2040.73	15.0218
55 	25   	-2185.75	-2042.01	-2040.73	9.38345
56 	25   	-2162.01	-2042.07	-2040.73	9.80477
57 	25   	-2233.21	-2042.65	-2040.73	13.1813
58 	25   	-2776.6 	-2042.92	-2040.73	33.5781
59 	25   	-2166.03	-2041.78	-2040.73	7.6649 
60 	25   	-2107.82	-2041.69	-2040.73	5.86829
61 	25   	-2086.26	-2041.27	-2040.73	3.4    
62 	25   	-2154.04	-2041.78	-2040.73	7.93122
63 	25   	-2263.25	-2042.07	-2040.73	11.6911
64 	25   	-2111.52	-2041.44	-2040.73	5.00806
65 	25   	-2454.59	-2042.09	-2040.73	19.0452
66 	25   	-2113.55	-2041.67	-2040.73	5.87276
67 	25   	-2245.71	-2041.51	-2040.73	9.62033
68 	25   	-2167.59	-2042.11	-2040.73	9.85582
69 	25   	-2297.25	-2042.46	-2040.73	13.8367
70 	25   	-2141.39	-2042   	-2040.73	8.40024
71 	25   	-2869.01	-2044.94	-2040.73	47.4533
72 	25   	-2196.54	-2041.86	-2040.73	8.29515
73 	25   	-2161.06	-2042.09	-2040.73	7.97693
74 	25   	-2174.98	-2041.6 	-2040.73	6.76352
75 	25   	-2139.62	-2041.85	-2040.73	7.39125
76 	25   	-2137.73	-2041.79	-2040.73	7.97425
77 	25   	-2150.53	-2041.74	-2040.73	8.40149
78 	25   	-2222.94	-2042.36	-2040.73	12.5422
79 	25   	-2122.16	-2041.26	-2040.73	4.60768
80 	25   	-2087.07	-2041.35	-2040.73	3.98028
81 	25   	-2087.45	-2041.29	-2040.73	3.81623
82 	25   	-2166.59	-2041.58	-2040.73	6.85036
83 	25   	-2186.01	-2041.42	-2040.73	6.84524
84 	25   	-2096.34	-2041.6 	-2040.73	5.19164
85 	25   	-2402.12	-2043   	-2040.73	20.3769
86 	25   	-2114.72	-2041.77	-2040.73	6.22768
87 	25   	-2072.2 	-2041.31	-2040.73	2.82072
88 	25   	-2120.59	-2041.41	-2040.73	5.12056
89 	25   	-2109.82	-2041.74	-2040.73	5.75338
90 	25   	-2110.57	-2041.24	-2040.73	4.2968 
91 	25   	-2086.58	-2041.26	-2040.73	3.50509
92 	25   	-2281.37	-2042.09	-2040.73	13.3652
93 	25   	-2453.34	-2042.28	-2040.73	19.4798
94 	25   	-2159.27	-2041.67	-2040.73	7.70213
95 	25   	-2104.42	-2041.4 	-2040.73	4.59838
96 	25   	-2579.73	-2044.11	-2040.73	29.237 
97 	25   	-2239.25	-2042.3 	-2040.73	13.1653
98 	25   	-2375.31	-2042.8 	-2040.73	18.2348
99 	25   	-2096.96	-2041.28	-2040.73	3.34965
gen	depth	min     	avg     	max     	std    
0  	25   	-2806.61	-2179.64	-2068.2 	105.915
1  	25   	-2286.44	-2115.22	-2059.93	31.7705
2  	25   	-2710.39	-2097   	-2059.93	46.7007
3  	25   	-2535.65	-2081.54	-2059.11	26.6181
4  	25   	-3761.41	-2080.01	-2046.2 	90.9096
5  	25   	-2220.55	-2067.53	-2046.2 	11.707 
6  	25   	-2207.2 	-2062.95	-2045.12	10.8004
7  	25   	-2916.26	-2062.83	-2045.12	52.6159
8  	25   	-2114.98	-2055.79	-2044.43	6.83979
9  	25   	-2847.18	-2055.96	-2044.43	52.011 
10 	25   	-2164.38	-2049.08	-2044.43	7.40063
11 	25   	-2134.47	-2047.7 	-2044.43	7.73394
12 	25   	-2171.12	-2047.3 	-2042.9 	10.3385
13 	25   	-2148.67	-2046.1 	-2042.9 	6.05048
14 	25   	-2139.29	-2045.38	-2042.2 	5.46807
15 	25   	-2137.64	-2045.13	-2042.2 	6.29659
16 	25   	-2137.21	-2045.04	-2042.2 	6.91336
17 	25   	-2373.35	-2046.11	-2041.87	19.5443
18 	25   	-2300.98	-2045.41	-2041.5 	16.5213
19 	25   	-2203.2 	-2044.43	-2041.5 	10.8266
20 	25   	-2118.92	-2043.05	-2041.5 	5.2779 
21 	25   	-2200.3 	-2043.36	-2041.5 	8.67819
22 	25   	-2156   	-2042.89	-2041.5 	6.47718
23 	25   	-2194.27	-2042.99	-2041.05	9.99845
24 	25   	-2186.79	-2042.67	-2040.81	8.08375
25 	25   	-2090.19	-2041.96	-2040.81	2.93133
26 	25   	-2072.9 	-2042.06	-2040.81	3.01357
27 	25   	-2219.99	-2042.78	-2040.81	10.3338
28 	25   	-2181.27	-2042.95	-2040.74	10.9874
29 	25   	-2138.78	-2042.37	-2040.74	7.03425
30 	25   	-2080.82	-2041.48	-2040.74	2.47196
31 	25   	-2442.42	-2042.73	-2040.74	20.4718
32 	25   	-2090.82	-2041.26	-2040.74	3.11253
33 	25   	-2259.92	-2042.39	-2040.74	12.072 
34 	25   	-2089.26	-2041.36	-2040.74	4.0533 
35 	25   	-2170.03	-2041.58	-2040.73	6.90343
36 	25   	-2157.9 	-2041.77	-2040.73	8.74458
37 	25   	-2065.01	-2041.17	-2040.73	2.32602
38 	25   	-2200.38	-2042.02	-2040.73	9.71132
39 	25   	-2154.45	-2041.56	-2040.73	6.64109
40 	25   	-2168.84	-2042.14	-2040.73	8.5706 
41 	25   	-2118.64	-2041.27	-2040.73	4.57331
42 	25   	-2364.42	-2042.02	-2040.73	14.9045
43 	25   	-2133.82	-2041.54	-2040.73	6.13864
44 	25   	-2186.65	-2042.35	-2040.73	11.3917
45 	25   	-2207.26	-2041.61	-2040.73	8.32629
46 	25   	-2086.37	-2041.21	-2040.73	3.38225
47 	25   	-2120.83	-2041.5 	-2040.73	5.40405
48 	25   	-2196.95	-2041.63	-2040.73	8.67053
49 	25   	-2250.05	-2042.21	-2040.73	13.3469
50 	25   	-2158.37	-2041.93	-2040.73	8.3991 
51 	25   	-2098.94	-2041.42	-2040.73	4.41112
52 	25   	-2243.16	-2041.69	-2040.73	10.6364
53 	25   	-2182.55	-2041.31	-2040.73	6.92725
54 	25   	-2195.92	-2041.53	-2040.73	8.78047
55 	25   	-2155.71	-2041.59	-2040.73	7.48373
56 	25   	-2108.28	-2041.3 	-2040.73	5.09012
57 	25   	-2226.28	-2041.92	-2040.73	10.0563
58 	25   	-2228.19	-2042.4 	-2040.73	12.1709
59 	25   	-2139.35	-2041.72	-2040.73	7.27249
60 	25   	-2069.25	-2041.15	-2040.73	2.48513
61 	25   	-2173.08	-2042.01	-2040.73	10.4078
62 	25   	-2127.92	-2041.79	-2040.73	7.23471
63 	25   	-2171.77	-2041.78	-2040.73	7.56327
64 	25   	-2741.06	-2043.01	-2040.73	32.4252
65 	25   	-2168.6 	-2041.78	-2040.73	8.3501 
66 	25   	-2097.16	-2041.38	-2040.73	4.53818
67 	25   	-2121.11	-2041.31	-2040.73	4.66935
68 	25   	-2285.97	-2041.83	-2040.73	11.8785
69 	25   	-2217.1 	-2042.21	-2040.73	11.4288
70 	25   	-2725.3 	-2043.6 	-2040.73	37.7221
71 	25   	-2297.78	-2042.62	-2040.73	16.5018
72 	25   	-2228.45	-2041.75	-2040.73	11.4051
73 	25   	-2276.05	-2042.9 	-2040.73	17.5139
74 	25   	-2111.12	-2041.5 	-2040.73	5.14575
75 	25   	-2176.84	-2041.66	-2040.73	8.99015
76 	25   	-2095.22	-2041.49	-2040.73	4.40956
77 	25   	-2205.1 	-2041.6 	-2040.73	10.3296
78 	25   	-2079.02	-2041.26	-2040.73	3.61561
79 	25   	-2219.47	-2041.82	-2040.73	10.8768
80 	25   	-2121.12	-2041.24	-2040.73	4.23321
81 	25   	-2135.81	-2041.41	-2040.73	6.31147
82 	25   	-2132.16	-2041.38	-2040.73	5.99478
83 	25   	-2158.73	-2041.81	-2040.73	8.72811
84 	25   	-2077.34	-2040.95	-2040.73	2.19548
85 	25   	-2254.59	-2042.5 	-2040.73	13.6854
86 	25   	-2127.67	-2041.3 	-2040.73	5.09006
87 	25   	-2204.03	-2041.5 	-2040.73	7.7965 
88 	25   	-2311.03	-2042.06	-2040.73	13.183 
89 	25   	-2070.41	-2041.12	-2040.73	2.63966
90 	25   	-2073.98	-2041.16	-2040.73	2.54934
91 	25   	-2074.44	-2041.14	-2040.73	2.56323
92 	25   	-2098.26	-2041.22	-2040.73	3.84362
93 	25   	-2254.64	-2041.73	-2040.73	11.118 
94 	25   	-2180.44	-2041.75	-2040.73	8.13315
95 	25   	-2194.15	-2041.63	-2040.73	7.77527
96 	25   	-2253.44	-2041.88	-2040.73	11.2618
97 	25   	-2104.29	-2041.29	-2040.73	3.88737
98 	25   	-2131.2 	-2041.58	-2040.73	7.16819
99 	25   	-2241.12	-2042.04	-2040.73	11.8836
gen	depth	min     	avg     	max     	std    
0  	25   	-2829.33	-2173.08	-2057.22	95.0108
1  	25   	-2307.76	-2116.1 	-2057.22	35.7136
2  	25   	-2639.06	-2093.32	-2055.97	31.0512
3  	25   	-2443.33	-2081.01	-2055.13	22.1248
4  	25   	-2249.63	-2073.45	-2053.35	14.6561
5  	25   	-2925.22	-2069.22	-2052.92	39.9195
6  	25   	-2282.55	-2065.37	-2046.63	18.1058
7  	25   	-2219.24	-2061.06	-2046.63	11.0276
8  	25   	-3072.15	-2061.42	-2045.63	61.5396
9  	25   	-2132.67	-2055.35	-2045.23	8.82271
10 	25   	-2119.77	-2052.24	-2045.23	5.50486
11 	25   	-2204.67	-2050.88	-2045.23	11.4839
12 	25   	-2155.06	-2048.65	-2044.66	8.58823
13 	25   	-2094.04	-2046.97	-2044.53	3.8047 
14 	25   	-2138.26	-2046.55	-2044.53	5.5135 
15 	25   	-2191.04	-2046.73	-2044.53	10.0679
16 	25   	-2241.47	-2046.13	-2044.38	9.75864
17 	25   	-2129.59	-2045.58	-2043.84	4.71082
18 	25   	-2167.91	-2046.22	-2043.84	9.93424
19 	25   	-2247.15	-2046.24	-2043.56	11.0842
20 	25   	-2299.72	-2046.68	-2043.13	15.5999
21 	25   	-2100.18	-2045.11	-2042.61	5.30505
22 	25   	-2115.61	-2044.6 	-2042.61	4.64359
23 	25   	-2264.47	-2045.59	-2042.31	14.6004
24 	25   	-2149.59	-2044.36	-2041.61	7.73261
25 	25   	-2080.7 	-2043.63	-2041.61	3.59657
26 	25   	-2135.56	-2043.53	-2041.43	6.77397
27 	25   	-2286.59	-2044.34	-2041.43	14.1145
28 	25   	-2121.54	-2042.83	-2041.43	4.92316
29 	25   	-2346.17	-2044   	-2040.73	16.7204
30 	25   	-2407.59	-2044.2 	-2040.73	21.3395
31 	25   	-2198.37	-2042.97	-2040.73	10.2411
32 	25   	-2108.72	-2042.18	-2040.73	4.63289
33 	25   	-2100.55	-2042.19	-2040.73	4.55804
34 	25   	-2690.92	-2044.62	-2040.73	36.9315
35 	25   	-2139.11	-2041.65	-2040.73	5.53687
36 	25   	-2083.62	-2041.3 	-2040.73	3.30952
37 	25   	-2512.37	-2042.77	-2040.73	22.6589
38 	25   	-2442.43	-2043.14	-2040.73	20.8108
39 	25   	-2164.98	-2041.74	-2040.73	7.63075
40 	25   	-2155.51	-2041.73	-2040.73	6.86884
41 	25   	-2086.43	-2041.48	-2040.73	4.20058
42 	25   	-2438.88	-2042.5 	-2040.73	19.0937
43 	25   	-2314.53	-2041.58	-2040.73	12.3949
44 	25   	-2256.79	-2042.05	-2040.73	12.3407
45 	25   	-2120.76	-2041.45	-2040.73	5.04919
46 	25   	-2121.29	-2041.65	-2040.73	6.02824
47 	25   	-2175.27	-2042.41	-2040.73	11.3727
48 	25   	-2146.08	-2041.55	-2040.73	6.32104
49 	25   	-2094.03	-2041.44	-2040.73	4.38731
50 	25   	-2736.56	-2043.32	-2040.73	33.6785
51 	25   	-2074.9 	-2041.25	-2040.73	2.9283 
52 	25   	-2127.03	-2041.44	-2040.73	5.41301
53 	25   	-2168.58	-2041.79	-2040.73	7.37851
54 	25   	-2176.83	-2041.62	-2040.73	8.39881
55 	25   	-2120.64	-2041.55	-2040.73	5.95316
56 	25   	-2246.56	-2041.95	-2040.73	10.6684
57 	25   	-5732.22	-2050.81	-2040.73	166.877
58 	25   	-2117.78	-2041.74	-2040.73	6.46149
59 	25   	-2112.37	-2041.54	-2040.73	5.41391
60 	25   	-2136.04	-2041.66	-2040.73	5.96119
61 	25   	-2171.72	-2041.87	-2040.73	8.45282
62 	25   	-2119.25	-2041.32	-2040.73	4.72346
63 	25   	-2194.93	-2041.77	-2040.73	9.57626
64 	25   	-2092.47	-2041.53	-2040.73	4.87956
65 	25   	-2106.88	-2041.19	-2040.73	3.77411
66 	25   	-2365.64	-2042.22	-2040.73	15.5591
67 	25   	-2153.59	-2041.5 	-2040.73	7.6443 
68 	25   	-2223.11	-2042.46	-2040.73	13.375 
69 	25   	-2087.51	-2041.45	-2040.73	3.60786
70 	25   	-2237.28	-2042.03	-2040.73	10.3925
71 	25   	-2115.08	-2041.47	-2040.73	5.0381 
72 	25   	-2268.82	-2041.99	-2040.73	11.2525
73 	25   	-2102.75	-2041.47	-2040.73	5.12292
74 	25   	-2175.57	-2041.54	-2040.73	6.99142
75 	25   	-2111.76	-2041.84	-2040.73	6.45658
76 	25   	-2126.29	-2041.9 	-2040.73	6.5156 
77 	25   	-2086.69	-2041.36	-2040.73	3.57798
78 	25   	-2109.76	-2041.63	-2040.73	5.74038
79 	25   	-2171.2 	-2042.08	-2040.73	9.24587
80 	25   	-2091.31	-2041.36	-2040.73	3.85728
81 	25   	-2092.25	-2041.21	-2040.73	3.81266
82 	25   	-2129.06	-2041.62	-2040.73	5.70901
83 	25   	-2221.62	-2041.94	-2040.73	10.3944
84 	25   	-2095.96	-2041.3 	-2040.73	3.7655 
85 	25   	-2108.12	-2041.51	-2040.73	5.74961
86 	25   	-2143.51	-2042.1 	-2040.73	8.16618
87 	25   	-2200.67	-2043.15	-2040.73	14.7242
88 	25   	-2305.07	-2042.46	-2040.73	15.4065
89 	25   	-2131.5 	-2041.74	-2040.73	6.39938
90 	25   	-2174.04	-2041.93	-2040.73	8.81983
91 	25   	-2173.59	-2041.85	-2040.73	8.85178
92 	25   	-2264.75	-2041.74	-2040.73	11.0563
93 	25   	-2066.55	-2041.15	-2040.73	2.27104
94 	25   	-2100.31	-2041.3 	-2040.73	4.18198
95 	25   	-2093.51	-2041.51	-2040.73	4.61768
96 	25   	-2243.15	-2041.73	-2040.73	9.70687
97 	25   	-2093.1 	-2041.62	-2040.73	5.04015
98 	25   	-2088.03	-2041.35	-2040.73	3.9235 
99 	25   	-2242.52	-2042.19	-2040.73	12.6954
gen	depth	min     	avg     	max     	std    
0  	25   	-3323.96	-2176.92	-2061.63	109.175
1  	25   	-2415.61	-2115.99	-2061.63	37.3181
2  	25   	-2436.31	-2091.16	-2060.87	23.6344
3  	25   	-2194.95	-2080.29	-2056.19	13.4403
4  	25   	-3218.55	-2076.75	-2053.99	56.5891
5  	25   	-2312.65	-2067.66	-2052.8 	15.3583
6  	25   	-2307.2 	-2063.9 	-2047.96	13.3022
7  	25   	-2328.4 	-2062.17	-2047.96	16.9942
8  	25   	-2096.5 	-2057.92	-2045.65	5.16999
9  	25   	-2171.98	-2055.56	-2044.68	9.30066
10 	25   	-2107.68	-2052.17	-2044.68	5.13147
11 	25   	-2112.77	-2050.19	-2044.17	6.32669
12 	25   	-2164.73	-2048.83	-2044.17	7.43561
13 	25   	-2212.17	-2048.6 	-2043.76	11.5188
14 	25   	-2147.17	-2046.88	-2043.06	7.35102
15 	25   	-2387.55	-2047.34	-2043.06	19.5834
16 	25   	-2222.11	-2045.7 	-2043.06	9.75334
17 	25   	-2113.61	-2044.85	-2042.46	4.99025
18 	25   	-2154.06	-2044.94	-2042.36	6.67787
19 	25   	-2217.62	-2044.68	-2041.69	8.50969
20 	25   	-2238.82	-2044.81	-2041.69	11.2533
21 	25   	-2129.34	-2043.6 	-2041.68	5.54169
22 	25   	-2277.09	-2043.68	-2041.66	11.0276
23 	25   	-2208.16	-2044.3 	-2041.66	13.6508
24 	25   	-2147.82	-2043.5 	-2041.66	8.88138
25 	25   	-2282.74	-2043.49	-2041.5 	13.9556
26 	25   	-2176.23	-2042.64	-2041.5 	7.29142
27 	25   	-2144.81	-2042.69	-2041.04	8.16088
28 	25   	-2108.2 	-2042.2 	-2040.99	3.94383
29 	25   	-3501.31	-2048.81	-2040.73	82.0156
30 	25   	-2280.97	-2043.1 	-2040.73	13.0693
31 	25   	-2160.43	-2042.24	-2040.73	7.12944
32 	25   	-2090.24	-2041.73	-2040.73	3.72772
33 	25   	-2343.24	-2042.25	-2040.73	14.0763
34 	25   	-2099.71	-2041.72	-2040.73	4.7176 
35 	25   	-2340.61	-2042.13	-2040.73	14.0798
36 	25   	-2204.44	-2042.19	-2040.73	9.10622
37 	25   	-2207.18	-2041.97	-2040.73	9.58713
38 	25   	-2107.23	-2041.34	-2040.73	4.03746
39 	25   	-2705.15	-2042.76	-2040.73	29.9793
40 	25   	-2205.15	-2042.35	-2040.73	11.4595
41 	25   	-2101.21	-2041.62	-2040.73	4.88513
42 	25   	-2165.51	-2042.33	-2040.73	10.2741
43 	25   	-2122.6 	-2041.75	-2040.73	6.46105
44 	25   	-2096.8 	-2041.52	-2040.73	4.62591
45 	25   	-2148.08	-2042.24	-2040.73	8.47471
46 	25   	-2407.22	-2041.98	-2040.73	16.8734
47 	25   	-2174.42	-2042.37	-2040.73	8.45881
48 	25   	-2083.72	-2041.26	-2040.73	3.14057
49 	25   	-2103.76	-2041.27	-2040.73	4.149  
50 	25   	-2088.32	-2041.45	-2040.73	3.80701
51 	25   	-2132.47	-2041.38	-2040.73	4.9371 
52 	25   	-2102.23	-2041.65	-2040.73	5.22051
53 	25   	-2257.18	-2042.79	-2040.73	15.3301
54 	25   	-2111.28	-2041.32	-2040.73	4.25758
55 	25   	-2236.28	-2041.89	-2040.73	11.3361
56 	25   	-2250.27	-2043.13	-2040.73	16.8956
57 	25   	-2074.24	-2041.26	-2040.73	2.76507
58 	25   	-2144.65	-2041.45	-2040.73	6.11373
59 	25   	-2138.96	-2042.3 	-2040.73	8.57951
60 	25   	-2154.61	-2042.23	-2040.73	8.71714
61 	25   	-2271.38	-2042.5 	-2040.73	13.054 
62 	25   	-2094.9 	-2041.44	-2040.73	4.04936
63 	25   	-2373   	-2042.14	-2040.73	16.6688
64 	25   	-2157.13	-2042.25	-2040.73	9.85223
65 	25   	-2120.46	-2041.66	-2040.73	6.76998
66 	25   	-2114.11	-2041.48	-2040.73	5.37943
67 	25   	-2069.27	-2041.21	-2040.73	2.65465
68 	25   	-2160.47	-2042.1 	-2040.73	8.61078
69 	25   	-2138.63	-2041.5 	-2040.73	6.07969
70 	25   	-2152.66	-2042.52	-2040.73	10.4951
71 	25   	-2161.12	-2041.86	-2040.73	7.65237
72 	25   	-2124.74	-2041.66	-2040.73	6.11619
73 	25   	-2093.27	-2041.34	-2040.73	4.33913
74 	25   	-2096.52	-2041.38	-2040.73	3.89399
75 	25   	-2073.37	-2041.18	-2040.73	2.88294
76 	25   	-2130.86	-2041.63	-2040.73	6.34   
77 	25   	-2069.79	-2041.26	-2040.73	2.75133
78 	25   	-2120.35	-2041.57	-2040.73	5.04757
79 	25   	-2196.99	-2041.69	-2040.73	8.75663
80 	25   	-2123.36	-2041.52	-2040.73	5.4626 
81 	25   	-2129.08	-2041.8 	-2040.73	6.75988
82 	25   	-2176.99	-2041.61	-2040.73	7.22679
83 	25   	-2089.39	-2041.58	-2040.73	4.33622
84 	25   	-2152.48	-2042.15	-2040.73	10.0406
85 	25   	-2170.53	-2042.07	-2040.73	9.30277
86 	25   	-2146.48	-2041.39	-2040.73	5.92947
87 	25   	-2165.23	-2042.2 	-2040.73	9.32242
88 	25   	-2344.16	-2042.53	-2040.73	17.1138
89 	25   	-2267.81	-2042.38	-2040.73	13.1525
90 	25   	-2512.84	-2042.93	-2040.73	25.2674
91 	25   	-3502.07	-2045   	-2040.73	66.2273
92 	25   	-2131.75	-2041.38	-2040.73	5.35275
93 	25   	-2091.25	-2041.17	-2040.73	3.15242
94 	25   	-2229   	-2042.1 	-2040.73	10.4419
95 	25   	-2144.65	-2041.61	-2040.73	5.9574 
96 	25   	-2094.95	-2041.51	-2040.73	4.17945
97 	25   	-2089.2 	-2041.34	-2040.73	4.11492
98 	25   	-2131.38	-2041.47	-2040.73	5.56305
99 	25   	-2177.85	-2041.82	-2040.73	8.6247 
