% function evaluation | noise-free fitness - Fopt (-5.494000000000e+01) | best noise-free fitness - Fopt | measured fitness | best measured fitness | x1 | x2...
1 +2.769510028e+07 +2.769510028e+07 +2.769504534e+07 +2.769504534e+07
2 +2.283202482e+07 +2.283202482e+07 +2.283196988e+07 +2.283196988e+07
77 +2.191402859e+07 +2.191402859e+07 +2.191397365e+07 +2.191397365e+07
95 +2.076845818e+07 +2.076845818e+07 +2.076840324e+07 +2.076840324e+07
1673 +1.984091186e+07 +1.984091186e+07 +1.984085692e+07 +1.984085692e+07
3422 +1.944915994e+07 +1.944915994e+07 +1.944910500e+07 +1.944910500e+07
6483 +1.889186264e+07 +1.889186264e+07 +1.889180770e+07 +1.889180770e+07
8200 +1.837558909e+07 +1.837558909e+07 +1.837553415e+07 +1.837553415e+07
25430 +1.756461494e+07 +1.756461494e+07 +1.756456000e+07 +1.756456000e+07
32195 +1.729947693e+07 +1.729947693e+07 +1.729942199e+07 +1.729942199e+07
87754 +1.676467422e+07 +1.676467422e+07 +1.676461928e+07 +1.676461928e+07
% function evaluation | noise-free fitness - Fopt (5.913000000000e+01) | best noise-free fitness - Fopt | measured fitness | best measured fitness | x1 | x2...
1 +4.211731163e+07 +4.211731163e+07 +4.211737076e+07 +4.211737076e+07
2 +3.197208349e+07 +3.197208349e+07 +3.197214262e+07 +3.197214262e+07
4 +3.108518977e+07 +3.108518977e+07 +3.108524890e+07 +3.108524890e+07
8 +2.966613963e+07 +2.966613963e+07 +2.966619876e+07 +2.966619876e+07
54 +2.855731877e+07 +2.855731877e+07 +2.855737790e+07 +2.855737790e+07
127 +2.795762354e+07 +2.795762354e+07 +2.795768267e+07 +2.795768267e+07
160 +2.743884982e+07 +2.743884982e+07 +2.743890895e+07 +2.743890895e+07
679 +2.645606548e+07 +2.645606548e+07 +2.645612461e+07 +2.645612461e+07
3621 +2.395607241e+07 +2.395607241e+07 +2.395613154e+07 +2.395613154e+07
18015 +2.332717633e+07 +2.332717633e+07 +2.332723546e+07 +2.332723546e+07
28287 +2.288785400e+07 +2.288785400e+07 +2.288791313e+07 +2.288791313e+07
36124 +2.172764121e+07 +2.172764121e+07 +2.172770034e+07 +2.172770034e+07
39017 +2.050968548e+07 +2.050968548e+07 +2.050974461e+07 +2.050974461e+07
68483 +2.020507314e+07 +2.020507314e+07 +2.020513227e+07 +2.020513227e+07
88619 +1.974390112e+07 +1.974390112e+07 +1.974396025e+07 +1.974396025e+07
% function evaluation | noise-free fitness - Fopt (-4.915300000000e+02) | best noise-free fitness - Fopt | measured fitness | best measured fitness | x1 | x2...
1 +1.893357181e+07 +1.893357181e+07 +1.893308028e+07 +1.893308028e+07
93 +1.837111463e+07 +1.837111463e+07 +1.837062310e+07 +1.837062310e+07
198 +1.812158612e+07 +1.812158612e+07 +1.812109459e+07 +1.812109459e+07
250 +1.738251727e+07 +1.738251727e+07 +1.738202574e+07 +1.738202574e+07
481 +1.726098748e+07 +1.726098748e+07 +1.726049595e+07 +1.726049595e+07
938 +1.687663862e+07 +1.687663862e+07 +1.687614709e+07 +1.687614709e+07
2511 +1.618325331e+07 +1.618325331e+07 +1.618276178e+07 +1.618276178e+07
11221 +1.568858675e+07 +1.568858675e+07 +1.568809522e+07 +1.568809522e+07
11976 +1.522078632e+07 +1.522078632e+07 +1.522029479e+07 +1.522029479e+07
14069 +1.446942151e+07 +1.446942151e+07 +1.446892998e+07 +1.446892998e+07
17851 +1.286479793e+07 +1.286479793e+07 +1.286430640e+07 +1.286430640e+07
36857 +1.220568733e+07 +1.220568733e+07 +1.220519580e+07 +1.220519580e+07
54167 +1.187112649e+07 +1.187112649e+07 +1.187063496e+07 +1.187063496e+07
76366 +1.173225772e+07 +1.173225772e+07 +1.173176619e+07 +1.173176619e+07
% function evaluation | noise-free fitness - Fopt (-1.702000000000e+02) | best noise-free fitness - Fopt | measured fitness | best measured fitness | x1 | x2...
1 +9.334874622e+06 +9.334874622e+06 +9.334704422e+06 +9.334704422e+06
57274 +9.161847342e+06 +9.161847342e+06 +9.161677142e+06 +9.161677142e+06
67718 +8.913331788e+06 +8.913331788e+06 +8.913161588e+06 +8.913161588e+06
% function evaluation | noise-free fitness - Fopt (-4.697500000000e+02) | best noise-free fitness - Fopt | measured fitness | best measured fitness | x1 | x2...
1 +1.529782787e+07 +1.529782787e+07 +1.529735812e+07 +1.529735812e+07
4 +1.428285026e+07 +1.428285026e+07 +1.428238051e+07 +1.428238051e+07
29 +1.360493702e+07 +1.360493702e+07 +1.360446727e+07 +1.360446727e+07
211 +1.295627668e+07 +1.295627668e+07 +1.295580693e+07 +1.295580693e+07
690 +1.215465828e+07 +1.215465828e+07 +1.215418853e+07 +1.215418853e+07
12051 +1.180965016e+07 +1.180965016e+07 +1.180918041e+07 +1.180918041e+07
13241 +1.140272714e+07 +1.140272714e+07 +1.140225739e+07 +1.140225739e+07
21706 +1.044900492e+07 +1.044900492e+07 +1.044853517e+07 +1.044853517e+07
55376 +1.022740937e+07 +1.022740937e+07 +1.022693962e+07 +1.022693962e+07
56107 +9.999850972e+06 +9.999850972e+06 +9.999381222e+06 +9.999381222e+06
62966 +9.601893817e+06 +9.601893817e+06 +9.601424067e+06 +9.601424067e+06
% function evaluation | noise-free fitness - Fopt (-4.577000000000e+01) | best noise-free fitness - Fopt | measured fitness | best measured fitness | x1 | x2...
1 +2.090483271e+07 +2.090483271e+07 +2.090478694e+07 +2.090478694e+07
7 +2.027184966e+07 +2.027184966e+07 +2.027180389e+07 +2.027180389e+07
14 +1.942970515e+07 +1.942970515e+07 +1.942965938e+07 +1.942965938e+07
17 +1.902589116e+07 +1.902589116e+07 +1.902584539e+07 +1.902584539e+07
182 +1.837405227e+07 +1.837405227e+07 +1.837400650e+07 +1.837400650e+07
3594 +1.712303334e+07 +1.712303334e+07 +1.712298757e+07 +1.712298757e+07
9446 +1.697650932e+07 +1.697650932e+07 +1.697646355e+07 +1.697646355e+07
38068 +1.651838290e+07 +1.651838290e+07 +1.651833713e+07 +1.651833713e+07
57971 +1.609617031e+07 +1.609617031e+07 +1.609612454e+07 +1.609612454e+07
% function evaluation | noise-free fitness - Fopt (-3.426300000000e+02) | best noise-free fitness - Fopt | measured fitness | best measured fitness | x1 | x2...
1 +1.106609480e+07 +1.106609480e+07 +1.106575217e+07 +1.106575217e+07
2 +1.059602447e+07 +1.059602447e+07 +1.059568184e+07 +1.059568184e+07
43 +1.009805880e+07 +1.009805880e+07 +1.009771617e+07 +1.009771617e+07
81 +9.287317846e+06 +9.287317846e+06 +9.286975216e+06 +9.286975216e+06
198 +8.829402201e+06 +8.829402201e+06 +8.829059571e+06 +8.829059571e+06
2576 +8.263736421e+06 +8.263736421e+06 +8.263393791e+06 +8.263393791e+06
6431 +7.888675899e+06 +7.888675899e+06 +7.888333269e+06 +7.888333269e+06
37245 +7.724977860e+06 +7.724977860e+06 +7.724635230e+06 +7.724635230e+06
52278 +7.482961091e+06 +7.482961091e+06 +7.482618461e+06 +7.482618461e+06
56079 +7.037626317e+06 +7.037626317e+06 +7.037283687e+06 +7.037283687e+06
72168 +6.779002360e+06 +6.779002360e+06 +6.778659730e+06 +6.778659730e+06
75959 +6.720118448e+06 +6.720118448e+06 +6.719775818e+06 +6.719775818e+06
77003 +6.512323663e+06 +6.512323663e+06 +6.511981033e+06 +6.511981033e+06
84762 +6.210895273e+06 +6.210895273e+06 +6.210552643e+06 +6.210552643e+06
% function evaluation | noise-free fitness - Fopt (3.055400000000e+02) | best noise-free fitness - Fopt | measured fitness | best measured fitness | x1 | x2...
1 +3.255094668e+07 +3.255094668e+07 +3.255125222e+07 +3.255125222e+07
181 +3.231668455e+07 +3.231668455e+07 +3.231699009e+07 +3.231699009e+07
5324 +3.158820648e+07 +3.158820648e+07 +3.158851202e+07 +3.158851202e+07
18686 +3.078828111e+07 +3.078828111e+07 +3.078858665e+07 +3.078858665e+07
23418 +2.983737415e+07 +2.983737415e+07 +2.983767969e+07 +2.983767969e+07
24801 +2.926653169e+07 +2.926653169e+07 +2.926683723e+07 +2.926683723e+07
31387 +2.769242136e+07 +2.769242136e+07 +2.769272690e+07 +2.769272690e+07
73108 +2.749657980e+07 +2.749657980e+07 +2.749688534e+07 +2.749688534e+07
% function evaluation | noise-free fitness - Fopt (-1.000000000000e+03) | best noise-free fitness - Fopt | measured fitness | best measured fitness | x1 | x2...
1 +4.450696529e+07 +4.450696529e+07 +4.450596529e+07 +4.450596529e+07
12 +4.272788001e+07 +4.272788001e+07 +4.272688001e+07 +4.272688001e+07
18 +4.168114894e+07 +4.168114894e+07 +4.168014894e+07 +4.168014894e+07
27 +3.702754194e+07 +3.702754194e+07 +3.702654194e+07 +3.702654194e+07
97 +3.418716656e+07 +3.418716656e+07 +3.418616656e+07 +3.418616656e+07
747 +3.381070509e+07 +3.381070509e+07 +3.380970509e+07 +3.380970509e+07
1661 +3.294277087e+07 +3.294277087e+07 +3.294177087e+07 +3.294177087e+07
26597 +3.231392531e+07 +3.231392531e+07 +3.231292531e+07 +3.231292531e+07
38872 +3.117004675e+07 +3.117004675e+07 +3.116904675e+07 +3.116904675e+07
58965 +2.963324736e+07 +2.963324736e+07 +2.963224736e+07 +2.963224736e+07
% function evaluation | noise-free fitness - Fopt (-2.286800000000e+02) | best noise-free fitness - Fopt | measured fitness | best measured fitness | x1 | x2...
1 +9.751699219e+06 +9.751699219e+06 +9.751470539e+06 +9.751470539e+06
2 +6.781458310e+06 +6.781458310e+06 +6.781229630e+06 +6.781229630e+06
7 +5.852716602e+06 +5.852716602e+06 +5.852487922e+06 +5.852487922e+06
19 +5.661626805e+06 +5.661626805e+06 +5.661398125e+06 +5.661398125e+06
80 +4.931052901e+06 +4.931052901e+06 +4.930824221e+06 +4.930824221e+06
387 +4.801065410e+06 +4.801065410e+06 +4.800836730e+06 +4.800836730e+06
431 +4.721047930e+06 +4.721047930e+06 +4.720819250e+06 +4.720819250e+06
1706 +4.614894742e+06 +4.614894742e+06 +4.614666062e+06 +4.614666062e+06
2658 +4.396513759e+06 +4.396513759e+06 +4.396285079e+06 +4.396285079e+06
5397 +4.153662857e+06 +4.153662857e+06 +4.153434177e+06 +4.153434177e+06
7243 +3.682121438e+06 +3.682121438e+06 +3.681892758e+06 +3.681892758e+06
38782 +3.587864433e+06 +3.587864433e+06 +3.587635753e+06 +3.587635753e+06
72230 +3.521749892e+06 +3.521749892e+06 +3.521521212e+06 +3.521521212e+06
% function evaluation | noise-free fitness - Fopt (9.803700000000e+02) | best noise-free fitness - Fopt | measured fitness | best measured fitness | x1 | x2...
1 +9.798559544e+06 +9.798559544e+06 +9.799539914e+06 +9.799539914e+06
3 +9.632776070e+06 +9.632776070e+06 +9.633756440e+06 +9.633756440e+06
5 +7.244069898e+06 +7.244069898e+06 +7.245050268e+06 +7.245050268e+06
21 +6.250725081e+06 +6.250725081e+06 +6.251705451e+06 +6.251705451e+06
110 +5.955165623e+06 +5.955165623e+06 +5.956145993e+06 +5.956145993e+06
4575 +5.859925208e+06 +5.859925208e+06 +5.860905578e+06 +5.860905578e+06
15216 +5.426921283e+06 +5.426921283e+06 +5.427901653e+06 +5.427901653e+06
18660 +4.977160609e+06 +4.977160609e+06 +4.978140979e+06 +4.978140979e+06
27286 +4.789849424e+06 +4.789849424e+06 +4.790829794e+06 +4.790829794e+06
28303 +4.674715768e+06 +4.674715768e+06 +4.675696138e+06 +4.675696138e+06
65663 +4.414302548e+06 +4.414302548e+06 +4.415282918e+06 +4.415282918e+06
66661 +4.162036622e+06 +4.162036622e+06 +4.163016992e+06 +4.163016992e+06
77243 +3.891803788e+06 +3.891803788e+06 +3.892784158e+06 +3.892784158e+06
% function evaluation | noise-free fitness - Fopt (-3.055000000000e+02) | best noise-free fitness - Fopt | measured fitness | best measured fitness | x1 | x2...
1 +2.576282625e+07 +2.576282625e+07 +2.576252075e+07 +2.576252075e+07
11 +2.566372997e+07 +2.566372997e+07 +2.566342447e+07 +2.566342447e+07
19 +2.503858847e+07 +2.503858847e+07 +2.503828297e+07 +2.503828297e+07
69 +2.402971330e+07 +2.402971330e+07 +2.402940780e+07 +2.402940780e+07
132 +2.365631569e+07 +2.365631569e+07 +2.365601019e+07 +2.365601019e+07
173 +2.336691507e+07 +2.336691507e+07 +2.336660957e+07 +2.336660957e+07
236 +2.280710291e+07 +2.280710291e+07 +2.280679741e+07 +2.280679741e+07
15038 +2.222045012e+07 +2.222045012e+07 +2.222014462e+07 +2.222014462e+07
24668 +2.067305298e+07 +2.067305298e+07 +2.067274748e+07 +2.067274748e+07
30332 +1.993923889e+07 +1.993923889e+07 +1.993893339e+07 +1.993893339e+07
68772 +1.926615377e+07 +1.926615377e+07 +1.926584827e+07 +1.926584827e+07
% function evaluation | noise-free fitness - Fopt (1.024200000000e+02) | best noise-free fitness - Fopt | measured fitness | best measured fitness | x1 | x2...
1 +1.360280907e+07 +1.360280907e+07 +1.360291149e+07 +1.360291149e+07
40 +1.313971512e+07 +1.313971512e+07 +1.313981754e+07 +1.313981754e+07
1863 +1.277890077e+07 +1.277890077e+07 +1.277900319e+07 +1.277900319e+07
3596 +1.231790936e+07 +1.231790936e+07 +1.231801178e+07 +1.231801178e+07
9094 +1.222083499e+07 +1.222083499e+07 +1.222093741e+07 +1.222093741e+07
11928 +1.173467580e+07 +1.173467580e+07 +1.173477822e+07 +1.173477822e+07
32214 +1.146503282e+07 +1.146503282e+07 +1.146513524e+07 +1.146513524e+07
33228 +1.035702682e+07 +1.035702682e+07 +1.035712924e+07 +1.035712924e+07
36889 +1.020712650e+07 +1.020712650e+07 +1.020722892e+07 +1.020722892e+07
% function evaluation | noise-free fitness - Fopt (-2.874000000000e+02) | best noise-free fitness - Fopt | measured fitness | best measured fitness | x1 | x2...
1 +2.662197289e+07 +2.662197289e+07 +2.662168549e+07 +2.662168549e+07
2 +1.743325517e+07 +1.743325517e+07 +1.743296777e+07 +1.743296777e+07
5 +1.505686409e+07 +1.505686409e+07 +1.505657669e+07 +1.505657669e+07
25 +1.459532190e+07 +1.459532190e+07 +1.459503450e+07 +1.459503450e+07
66 +1.401483465e+07 +1.401483465e+07 +1.401454725e+07 +1.401454725e+07
107 +1.321630682e+07 +1.321630682e+07 +1.321601942e+07 +1.321601942e+07
596 +1.296959451e+07 +1.296959451e+07 +1.296930711e+07 +1.296930711e+07
1471 +1.260985741e+07 +1.260985741e+07 +1.260957001e+07 +1.260957001e+07
3618 +1.247972081e+07 +1.247972081e+07 +1.247943341e+07 +1.247943341e+07
9487 +1.196134698e+07 +1.196134698e+07 +1.196105958e+07 +1.196105958e+07
16993 +1.149967615e+07 +1.149967615e+07 +1.149938875e+07 +1.149938875e+07
18949 +1.115403558e+07 +1.115403558e+07 +1.115374818e+07 +1.115374818e+07
20694 +1.095765866e+07 +1.095765866e+07 +1.095737126e+07 +1.095737126e+07
34015 +1.026896776e+07 +1.026896776e+07 +1.026868036e+07 +1.026868036e+07
56908 +1.004176529e+07 +1.004176529e+07 +1.004147789e+07 +1.004147789e+07
% function evaluation | noise-free fitness - Fopt (5.700000000000e-01) | best noise-free fitness - Fopt | measured fitness | best measured fitness | x1 | x2...
1 +2.412166570e+07 +2.412166570e+07 +2.412166627e+07 +2.412166627e+07
2 +2.278057818e+07 +2.278057818e+07 +2.278057875e+07 +2.278057875e+07
3 +2.097340089e+07 +2.097340089e+07 +2.097340146e+07 +2.097340146e+07
54 +2.052751747e+07 +2.052751747e+07 +2.052751804e+07 +2.052751804e+07
68 +1.997061193e+07 +1.997061193e+07 +1.997061250e+07 +1.997061250e+07
77 +1.799941821e+07 +1.799941821e+07 +1.799941878e+07 +1.799941878e+07
205 +1.665108725e+07 +1.665108725e+07 +1.665108782e+07 +1.665108782e+07
5557 +1.654370187e+07 +1.654370187e+07 +1.654370244e+07 +1.654370244e+07
11250 +1.604285521e+07 +1.604285521e+07 +1.604285578e+07 +1.604285578e+07
21889 +1.543138210e+07 +1.543138210e+07 +1.543138267e+07 +1.543138267e+07
35997 +1.503328163e+07 +1.503328163e+07 +1.503328220e+07 +1.503328220e+07
61870 +1.470237393e+07 +1.470237393e+07 +1.470237450e+07 +1.470237450e+07
73214 +1.397626075e+07 +1.397626075e+07 +1.397626132e+07 +1.397626132e+07
