gen	depth	min     	avg     	max     	std    
0  	100  	-3475.09	-1889.19	-1663.82	185.801
1  	100  	-2471.54	-1787.88	-1663.82	76.8149
2  	100  	-4866.42	-1750.42	-1655.46	155.997
3  	100  	-2047.01	-1715.35	-1654.49	35.345 
4  	100  	-2149.2 	-1698.21	-1653.79	34.22  
5  	100  	-2606.91	-1688.51	-1647.78	63.0533
6  	100  	-1942.85	-1673.33	-1645.34	21.4861
7  	100  	-2707.76	-1669.28	-1640.1 	56.3875
8  	100  	-3965.72	-1667.39	-1637.26	112.054
9  	100  	-1908.72	-1656.52	-1637.26	18.1388
10 	100  	-2180.06	-1656.27	-1634.71	33.7209
11 	100  	-1977.08	-1651.82	-1633.84	23.2994
12 	100  	-1834.75	-1646.9 	-1633.84	11.3229
13 	100  	-2367.87	-1650.07	-1631.14	55.0284
14 	100  	-2080.97	-1644.01	-1630.92	27.6095
15 	100  	-2863.69	-1642.7 	-1630.92	57.9052
16 	100  	-2568.1 	-1643.68	-1630.92	59.028 
17 	100  	-1952.64	-1637.21	-1627.79	23.5372
18 	100  	-1725.42	-1635.01	-1627.79	9.54103
19 	100  	-2634.01	-1635.44	-1627.79	45.4081
20 	100  	-1742.2 	-1633.13	-1627.69	9.3582 
21 	100  	-1994.83	-1634.45	-1627.42	25.4614
22 	100  	-1818.92	-1631.79	-1625.72	12.9061
23 	100  	-1850.44	-1631.09	-1624.95	14.3318
24 	100  	-3231.34	-1634.17	-1624.92	75.7472
25 	100  	-1738.56	-1628.84	-1624.92	8.66883
26 	100  	-2224.15	-1631.91	-1624.72	35.9875
27 	100  	-2016.89	-1628.82	-1624.07	18.9558
28 	100  	-1744.41	-1628.69	-1623.97	11.0818
29 	100  	-1984.88	-1629.69	-1623.62	24.2823
30 	100  	-1836.37	-1629.45	-1623.5 	20.5139
31 	100  	-2119.3 	-1629.73	-1623.22	28.5239
32 	100  	-2190.76	-1630.5 	-1622.58	36.1518
33 	100  	-2006.93	-1629.68	-1622.58	34.793 
34 	100  	-2084.06	-1628.01	-1622.26	27.3951
35 	100  	-2246.25	-1627.43	-1621.3 	30.4136
36 	100  	-1952.58	-1626.91	-1621.27	21.1006
37 	100  	-2102.97	-1626.11	-1621   	24.7646
38 	100  	-2017.52	-1626.66	-1620.83	26.701 
39 	100  	-1813.67	-1624.98	-1620.83	14.6213
40 	100  	-1991.48	-1625.33	-1620.18	23.6213
41 	100  	-2212.59	-1626.32	-1619.83	36.0369
42 	100  	-3095.53	-1631.26	-1619.65	83.9711
43 	100  	-1973.1 	-1625.26	-1619.48	26.0188
44 	100  	-1804.71	-1622.66	-1619.48	11.7937
45 	100  	-1776.07	-1622.69	-1619.43	11.8136
46 	100  	-1720.87	-1622.47	-1618.83	9.80029
47 	100  	-1951.85	-1623.55	-1618.83	18.6148
48 	100  	-1760.14	-1622.36	-1618.49	12.229 
49 	100  	-2065.87	-1624.07	-1618.3 	29.0287
50 	100  	-1743.46	-1621.31	-1617.73	10.0572
51 	100  	-1862.33	-1621.5 	-1617.73	13.9776
52 	100  	-1814.58	-1623.1 	-1617.03	19.404 
53 	100  	-1801.48	-1620.59	-1616.96	10.4442
54 	100  	-1822.92	-1621.74	-1616.96	17.1104
55 	100  	-1787.41	-1621.69	-1616.26	16.7728
56 	100  	-1819.16	-1620.64	-1616.26	14.9334
57 	100  	-1727.84	-1619.76	-1616.21	11.1463
58 	100  	-2201.98	-1623.39	-1615.88	39.3807
59 	100  	-1707.58	-1619.17	-1615.73	8.8551 
60 	100  	-1772.06	-1619.49	-1615.23	14.2862
61 	100  	-1850.92	-1619.05	-1615.23	15.3004
62 	100  	-1669.36	-1617.42	-1615   	4.69049
63 	100  	-1855.04	-1619.42	-1614.34	19.2547
64 	100  	-1908.19	-1618.39	-1613.94	15.9266
65 	100  	-2953.1 	-1623.46	-1613.94	81.5098
66 	100  	-1700.04	-1617.64	-1613.38	10.3092
67 	100  	-1880   	-1618.36	-1612.56	20.164 
68 	100  	-1742.94	-1616.88	-1612.56	11.2594
69 	100  	-1840.49	-1617.13	-1612.56	15.2103
70 	100  	-1819.07	-1616.48	-1612.56	14.2396
71 	100  	-1763.07	-1615.94	-1612.56	12.8052
72 	100  	-1741.23	-1615.83	-1612.54	11.0336
73 	100  	-1927.23	-1615.94	-1612.13	16.8814
74 	100  	-1879.43	-1615.88	-1611.73	16.1666
75 	100  	-1669.43	-1613.88	-1611.73	5.34289
76 	100  	-1799.99	-1614.9 	-1611.59	14.3342
77 	100  	-1710.15	-1614.29	-1611.51	8.51887
78 	100  	-1675.38	-1613.74	-1611.38	6.25976
79 	100  	-1717.21	-1613.96	-1611.04	9.86904
80 	100  	-3208.2 	-1618.25	-1611.04	83.8838
81 	100  	-1786.39	-1613.58	-1611.04	11.7454
82 	100  	-1903.09	-1614.57	-1610.73	18.0629
83 	100  	-1801.45	-1613.63	-1610.73	11.7991
84 	100  	-1742.97	-1613   	-1610.73	10.0734
85 	100  	-1680.07	-1612.81	-1610.73	7.80174
86 	100  	-1732.37	-1612.99	-1610.73	10.1316
87 	100  	-1828.2 	-1613.23	-1610.64	14.2693
88 	100  	-1711.53	-1611.98	-1610.64	6.67122
89 	100  	-1678.88	-1612.13	-1610.64	5.89588
90 	100  	-1728.85	-1612.69	-1610.64	9.56089
91 	100  	-1724.85	-1612.8 	-1610.64	10.0666
92 	100  	-1697.33	-1612.25	-1610.64	7.70112
93 	100  	-1654.85	-1611.71	-1610.46	4.51096
94 	100  	-1699.79	-1612.29	-1610.46	7.72025
95 	100  	-1749.92	-1612.14	-1610.46	8.70256
96 	100  	-1722.28	-1612.35	-1610.46	9.7527 
97 	100  	-1676.73	-1611.53	-1610.46	4.85428
98 	100  	-1745.05	-1612.26	-1609.81	9.06451
99 	100  	-1869.29	-1613.09	-1609.76	15.0723
gen	depth	min     	avg     	max     	std    
0  	100  	-3596.9 	-1913.2 	-1683.88	221.401
1  	100  	-2930.25	-1800.19	-1672.96	92.8514
2  	100  	-2268.96	-1755.85	-1672.96	49.6448
3  	100  	-2354.26	-1736.6 	-1672.02	62.7544
4  	100  	-2325.79	-1721.25	-1669.85	46.5285
5  	100  	-3536.18	-1712.52	-1667.68	109.397
6  	100  	-4631.51	-1704.93	-1662.27	143.119
7  	100  	-2307.27	-1689.77	-1660.78	43.272 
8  	100  	-2468.85	-1683.66	-1649.13	48.5535
9  	100  	-2318.41	-1680.14	-1649.13	40.453 
10 	100  	-1776.42	-1671.52	-1645.79	11.9056
11 	100  	-2447.4 	-1670.92	-1645.79	41.1273
12 	100  	-1974.88	-1666.06	-1644.29	24.9603
13 	100  	-2192.37	-1662.41	-1643.03	29.6513
14 	100  	-1841.48	-1655.9 	-1641.2 	17.0523
15 	100  	-2752.24	-1655.79	-1638.33	62.0058
16 	100  	-2239.58	-1653.06	-1636.38	42.1363
17 	100  	-2015.27	-1647.76	-1635.42	20.9764
18 	100  	-1868.42	-1646.01	-1631.53	17.3309
19 	100  	-4322.47	-1650   	-1629.99	122.42 
20 	100  	-2177.56	-1642.92	-1629.99	29.1772
21 	100  	-1814.77	-1639.41	-1629.43	13.9597
22 	100  	-3914.07	-1644.35	-1628.92	106.352
23 	100  	-2809.72	-1642.78	-1628   	78.9565
24 	100  	-1787.27	-1635.11	-1627.4 	15.1928
25 	100  	-1827.22	-1633.14	-1625.7 	11.589 
26 	100  	-1794.46	-1633.63	-1625.7 	16.7788
27 	100  	-2152.14	-1633.15	-1625.7 	27.267 
28 	100  	-1832.83	-1632.49	-1624   	18.9181
29 	100  	-1754.43	-1630.39	-1624   	10.4042
30 	100  	-2479.96	-1632.67	-1624   	46.5153
31 	100  	-1722.23	-1628.48	-1623.5 	8.49529
32 	100  	-1848.41	-1629.01	-1622.81	15.1537
33 	100  	-2510.35	-1632.57	-1622.81	49.7593
34 	100  	-1893.93	-1627.66	-1621.6 	19.1312
35 	100  	-3499.8 	-1632.79	-1621.6 	105.78 
36 	100  	-2661.89	-1630.05	-1621.6 	55.9549
37 	100  	-1721.97	-1624.75	-1621.41	8.01846
38 	100  	-2681.95	-1626.89	-1620.71	49.0756
39 	100  	-1833.16	-1623.78	-1620.71	11.3269
40 	100  	-1964.66	-1623.74	-1620.71	17.0542
41 	100  	-1917.12	-1624.03	-1620.5 	15.6817
42 	100  	-2019.72	-1625.61	-1620.37	27.3525
43 	100  	-1925.48	-1624.43	-1620.01	18.9779
44 	100  	-2079.99	-1625.15	-1618.8 	28.7149
45 	100  	-1842.47	-1623.44	-1618.8 	17.3766
46 	100  	-1749.16	-1622.87	-1618.8 	10.4265
47 	100  	-1746.04	-1621.63	-1618.45	8.22295
48 	100  	-2515.61	-1624.62	-1618.1 	44.086 
49 	100  	-2053.93	-1624.92	-1618.1 	29.9241
50 	100  	-1814.88	-1622.24	-1617.75	15.22  
51 	100  	-1659.86	-1620.28	-1617.75	4.83325
52 	100  	-2520.54	-1625.13	-1617.71	60.2568
53 	100  	-2007.63	-1622.29	-1617.4 	25.9186
54 	100  	-2349.23	-1621.92	-1617.4 	35.1966
55 	100  	-2326.65	-1623.31	-1617.4 	43.9012
56 	100  	-1678.02	-1619.38	-1617.4 	6.86333
57 	100  	-2562.6 	-1624.95	-1617.16	63.5469
58 	100  	-2132.65	-1622.16	-1617.05	30.5099
59 	100  	-8107.97	-1636.33	-1617.05	297.002
60 	100  	-1888.71	-1620.03	-1617.01	17.1488
61 	100  	-1817.22	-1620.34	-1617.01	16.0324
62 	100  	-1733.5 	-1619.26	-1616.76	10.0612
63 	100  	-1828.29	-1619.05	-1616.76	11.348 
64 	100  	-1849.46	-1619.25	-1616.35	14.8862
65 	100  	-2220.3 	-1620.91	-1616.35	33.8562
66 	100  	-2334.86	-1623.41	-1616.32	46.1224
67 	100  	-1889.88	-1619.99	-1616.23	16.9074
68 	100  	-2358.29	-1620.69	-1615.88	36.2977
69 	100  	-1708.82	-1618.61	-1615.88	9.01373
70 	100  	-1839.78	-1618.83	-1615.88	15.6554
71 	100  	-3420.92	-1624.31	-1615.88	113.57 
72 	100  	-1913.71	-1620.21	-1615.88	20.5666
73 	100  	-1743.25	-1618.33	-1615.88	10.6209
74 	100  	-2323.41	-1620.61	-1615.67	37.799 
75 	100  	-1798.99	-1618.32	-1615.48	13.4038
76 	100  	-1695.82	-1617.57	-1615.48	7.94007
77 	100  	-2215.83	-1619.37	-1615.48	29.7338
78 	100  	-1723.53	-1617.21	-1615.48	8.35056
79 	100  	-1660.47	-1616.78	-1615.48	4.71876
80 	100  	-1793.73	-1618.21	-1615.48	16.1584
81 	100  	-1830.19	-1617.73	-1615.48	14.9921
82 	100  	-3645.97	-1624.64	-1615.48	96.6085
83 	100  	-1882.38	-1618.41	-1615.48	18.8159
84 	100  	-1990.56	-1618.99	-1615.41	24.4868
85 	100  	-1820.34	-1617.36	-1614.97	11.935 
86 	100  	-1725.16	-1617.66	-1614.97	10.543 
87 	100  	-1700.57	-1617.18	-1614.97	8.16132
88 	100  	-1877.31	-1618.13	-1614.97	14.8327
89 	100  	-1750.79	-1617.86	-1614.97	13.4439
90 	100  	-1923.55	-1618.12	-1614.96	20.8686
91 	100  	-1891.94	-1618.18	-1614.96	19.4877
92 	100  	-1767.06	-1617.38	-1614.96	12.9668
93 	100  	-2145.46	-1618.9 	-1614.96	30.1125
94 	100  	-2200.3 	-1618.14	-1614.96	28.1495
95 	100  	-1925.39	-1617.01	-1614.96	15.6351
96 	100  	-1692.18	-1616.57	-1614.96	6.85353
97 	100  	-1776.05	-1616.74	-1614.27	9.88772
98 	100  	-1774.22	-1617.74	-1614.27	12.9955
99 	100  	-2347.29	-1619.46	-1614.27	39.2931
gen	depth	min     	avg     	max     	std    
0  	100  	-3125.36	-1865.13	-1683.67	146.546
1  	100  	-4882.57	-1787.18	-1678.95	172.406
2  	100  	-2205.08	-1739.34	-1671.88	41.07  
3  	100  	-2132.24	-1718.26	-1662   	35.2886
4  	100  	-2407.15	-1706.94	-1660.65	54.1086
5  	100  	-5247.68	-1701.97	-1660.26	165.098
6  	100  	-5033.98	-1691.23	-1655.17	153.232
7  	100  	-2527.1 	-1682.99	-1649.45	55.7088
8  	100  	-2196.78	-1674.83	-1647.68	29.9322
9  	100  	-3204.94	-1675.38	-1647.68	90.3441
10 	100  	-1827.64	-1664.8 	-1641.03	16.748 
11 	100  	-2447.57	-1665.55	-1640.92	52.1338
12 	100  	-2779.63	-1663.32	-1637.94	73.1368
13 	100  	-1962.78	-1656.6 	-1635.5 	28.1366
14 	100  	-1963.47	-1652.56	-1635.5 	24.3678
15 	100  	-2446.57	-1650.26	-1635.05	40.0808
16 	100  	-2046.1 	-1649.31	-1634.52	35.4372
17 	100  	-1931.94	-1643.71	-1632.48	19.7148
18 	100  	-1910.61	-1641.6 	-1630.22	17.6276
19 	100  	-1849.05	-1640.98	-1629.85	15.7366
20 	100  	-5669.31	-1648.53	-1629.85	181.558
21 	100  	-1872.83	-1637.86	-1628.4 	15.2042
22 	100  	-1995.85	-1637.73	-1627.4 	21.8441
23 	100  	-2179.38	-1638.97	-1626.45	35.297 
24 	100  	-1821.65	-1634.21	-1625   	12.7398
25 	100  	-1813.57	-1632.88	-1622.14	13.3078
26 	100  	-1792.49	-1631.52	-1620.3 	15.8335
27 	100  	-2492.94	-1630.82	-1620.3 	40.4807
28 	100  	-2273.28	-1628.31	-1619.48	31.2297
29 	100  	-3304.83	-1629.77	-1619.48	76.4195
30 	100  	-1940   	-1626.62	-1618.97	24.2682
31 	100  	-1732.21	-1623.3 	-1618.81	8.50585
32 	100  	-2060.69	-1624.14	-1618.6 	23.5794
33 	100  	-1758.5 	-1622.4 	-1618.56	11.6536
34 	100  	-1804.35	-1622.42	-1618.15	16.1316
35 	100  	-1690.45	-1620.47	-1618.15	6.4475 
36 	100  	-1704.37	-1620.47	-1618.15	7.06278
37 	100  	-2141.1 	-1622.53	-1617.86	27.5255
38 	100  	-1834.76	-1621.16	-1617.78	13.6227
39 	100  	-1768.02	-1620.99	-1617.78	13.7494
40 	100  	-1771.51	-1620.29	-1617.45	11.5102
41 	100  	-2232.5 	-1621.01	-1617.45	29.1656
42 	100  	-1715.95	-1619.2 	-1617.16	7.74457
43 	100  	-3279.83	-1626.85	-1617.01	85.6416
44 	100  	-1753.83	-1619.18	-1617.01	9.13305
45 	100  	-1936.47	-1619.96	-1616.96	17.1553
46 	100  	-1793.51	-1619.45	-1616.96	11.4153
47 	100  	-1848.08	-1620.57	-1616.46	16.3142
48 	100  	-1661.26	-1617.94	-1616.31	3.70389
49 	100  	-1773.66	-1619.13	-1615.91	12.0484
50 	100  	-1788.98	-1619.38	-1615.91	12.9907
51 	100  	-1803.25	-1618.96	-1615.91	12.4851
52 	100  	-1762.92	-1619.06	-1615.91	11.5248
53 	100  	-1907.06	-1619.02	-1615.21	16.4114
54 	100  	-1705.17	-1617.24	-1615.21	5.80391
55 	100  	-1784.54	-1618.6 	-1615.06	13.5181
56 	100  	-1849.36	-1617.82	-1615.06	13.1364
57 	100  	-1678.05	-1617.28	-1614.79	6.98856
58 	100  	-1777.36	-1617.7 	-1614.11	12.1343
59 	100  	-1863.95	-1617.27	-1614.11	13.4803
60 	100  	-1942.91	-1617.16	-1614.11	17.4579
61 	100  	-1707.06	-1616.69	-1613.91	7.83822
62 	100  	-2016.96	-1617.38	-1613.91	23.5238
63 	100  	-1726.38	-1616.55	-1613.67	9.70858
64 	100  	-1835.45	-1616.4 	-1613.66	14.1199
65 	100  	-1790.34	-1615.34	-1613.34	8.94217
66 	100  	-1721.15	-1615.8 	-1613.21	9.45263
67 	100  	-1877.68	-1616.05	-1612.64	14.6517
68 	100  	-1721.35	-1616.01	-1612.64	9.34054
69 	100  	-2320.34	-1617.01	-1611.94	38.4191
70 	100  	-1731.79	-1614.6 	-1611.91	7.45405
71 	100  	-2736.96	-1618.6 	-1611.91	60.5753
72 	100  	-1681.19	-1614.27	-1611.21	7.3355 
73 	100  	-1791.39	-1614.57	-1611.21	13.0063
74 	100  	-1666.49	-1613.3 	-1610.97	5.71582
75 	100  	-1691.71	-1613.05	-1610.97	6.10178
76 	100  	-1979.16	-1613.49	-1610.97	17.0714
77 	100  	-1668.86	-1612.22	-1610.97	4.61334
78 	100  	-1792.05	-1613.75	-1610.97	13.1391
79 	100  	-2213.66	-1615.44	-1610.73	37.0777
80 	100  	-1709.09	-1612.58	-1610.73	9.08324
81 	100  	-1728.18	-1613.63	-1610.73	11.5105
82 	100  	-2208.94	-1614.78	-1610.73	35.2992
83 	100  	-1914.68	-1613.14	-1610.73	15.4647
84 	100  	-1693.71	-1612.46	-1610.42	8.2215 
85 	100  	-1700.58	-1612.47	-1610.42	7.64352
86 	100  	-1991.43	-1614.23	-1610.42	23.3218
87 	100  	-2190.17	-1613.44	-1610.42	27.2437
88 	100  	-1685.92	-1611.92	-1610.42	6.33437
89 	100  	-1755.98	-1612.43	-1610.42	9.19132
90 	100  	-1745.73	-1612.2 	-1610.42	9.56333
91 	100  	-1811.01	-1613.01	-1610.42	15.9292
92 	100  	-1681.12	-1612.3 	-1610.29	8.37643
93 	100  	-1668.27	-1612.02	-1610.09	6.50587
94 	100  	-1699.32	-1611.51	-1610.09	5.73642
95 	100  	-1809.28	-1612.71	-1610.09	13.2824
96 	100  	-1778.8 	-1612.3 	-1610.09	11.8871
97 	100  	-2044.42	-1612.9 	-1610.09	21.0872
98 	100  	-1793.84	-1613.13	-1610.09	14.988 
99 	100  	-1739.9 	-1611.89	-1610.09	9.6104 
gen	depth	min     	avg     	max     	std    
0  	100  	-2760.27	-1879.84	-1686.79	156.081
1  	100  	-2906.28	-1792.45	-1672.36	77.8684
2  	100  	-2536.34	-1753.38	-1672.36	54.8968
3  	100  	-3774.32	-1741.3 	-1668.69	138.569
4  	100  	-1989.45	-1713.77	-1662.94	26.5784
5  	100  	-1863.1 	-1700.82	-1662.94	23.3434
6  	100  	-2651.53	-1695.45	-1657.39	56.2705
7  	100  	-2259.44	-1687.3 	-1651.47	39.874 
8  	100  	-2099.36	-1678.98	-1650.35	37.1887
9  	100  	-2023.61	-1674.18	-1649.2 	36.3792
10 	100  	-2031.45	-1666.96	-1648.27	27.9739
11 	100  	-1880.92	-1661.07	-1643.33	17.5381
12 	100  	-2018.1 	-1658.15	-1638.32	22.9097
13 	100  	-1787.81	-1654.4 	-1638.32	12.2896
14 	100  	-1740.47	-1652.49	-1636.26	11.7094
15 	100  	-2204.18	-1652.78	-1636.26	35.689 
16 	100  	-1713.76	-1646.43	-1634.97	7.99247
17 	100  	-1934.3 	-1645.83	-1634.19	21.7528
18 	100  	-1914.46	-1643.12	-1631.58	17.5935
19 	100  	-2830.19	-1647.93	-1631.58	75.566 
20 	100  	-1825.11	-1639.46	-1630.01	13.8796
21 	100  	-1937.36	-1639.77	-1629.31	24.3359
22 	100  	-1806.63	-1637.29	-1628.25	15.2963
23 	100  	-2864.71	-1637.73	-1628.22	56.1337
24 	100  	-1736.17	-1632.82	-1626.48	7.36525
25 	100  	-2477.97	-1639.06	-1626.48	63.9221
26 	100  	-1721.75	-1632.34	-1625.83	10.9131
27 	100  	-2014.55	-1633.49	-1625.83	27.2784
28 	100  	-2032.89	-1633.04	-1624.48	29.6618
29 	100  	-2083.91	-1631.11	-1624.48	27.1116
30 	100  	-1759.66	-1628.98	-1624.48	9.83287
31 	100  	-1826.11	-1629.54	-1624.25	15.1247
32 	100  	-1895.64	-1628.47	-1623.84	15.5664
33 	100  	-1840.16	-1628.26	-1623.84	17.0738
34 	100  	-1852.22	-1629.18	-1623.55	20.6096
35 	100  	-1832.51	-1627.07	-1623.15	14.5523
36 	100  	-1870.8 	-1628.13	-1621.91	20.0478
37 	100  	-1712.69	-1625.53	-1621.91	7.18126
38 	100  	-1786.28	-1626.84	-1621.91	14.5857
39 	100  	-1738.72	-1624.92	-1621.91	8.5061 
40 	100  	-1763.56	-1624.52	-1621.91	8.14554
41 	100  	-1767.82	-1625.04	-1621.26	12.0114
42 	100  	-1797.38	-1626.32	-1621.21	15.9885
43 	100  	-2892.54	-1628.03	-1621.19	59.2412
44 	100  	-2374.57	-1627.73	-1621.05	44.9692
45 	100  	-2011.17	-1625.47	-1620.54	26.1474
46 	100  	-1899.5 	-1624.34	-1620.54	17.5191
47 	100  	-2068.9 	-1625.41	-1619.96	28.9612
48 	100  	-1735.24	-1624   	-1619.26	12.0433
49 	100  	-1797.83	-1622.59	-1619.26	10.5802
50 	100  	-1747.02	-1623.33	-1617.38	12.2698
51 	100  	-1733.35	-1622.76	-1617.38	10.914 
52 	100  	-1711.2 	-1621.67	-1617.38	6.83053
53 	100  	-2406.69	-1624.41	-1617.38	41.6501
54 	100  	-2050.36	-1623.46	-1617.29	25.3391
55 	100  	-1925.93	-1621.38	-1617.12	16.2182
56 	100  	-1739.27	-1620.27	-1616.55	8.73998
57 	100  	-3448.37	-1626.17	-1616.55	86.5181
58 	100  	-2035.25	-1620.9 	-1616.29	22.6021
59 	100  	-2015.12	-1619.84	-1616.29	20.0493
60 	100  	-1813.55	-1619.35	-1615.88	14.3189
61 	100  	-1759.53	-1618.76	-1615.88	10.1164
62 	100  	-1914.08	-1618.99	-1615.76	16.5348
63 	100  	-2675.92	-1621.16	-1615.76	53.2388
64 	100  	-1731.1 	-1618.43	-1615.18	11.0576
65 	100  	-2095.35	-1620.08	-1615.18	26.9718
66 	100  	-2063.68	-1620.12	-1615.18	27.06  
67 	100  	-1930.91	-1618.79	-1615.18	19.1584
68 	100  	-1695.69	-1617.07	-1614.35	7.28363
69 	100  	-2234.57	-1622.77	-1614.35	52.8622
70 	100  	-1734.83	-1617.13	-1614.16	9.44888
71 	100  	-1770.56	-1616.84	-1613.66	10.5591
72 	100  	-1899.77	-1618.32	-1613.66	19.8681
73 	100  	-1810.18	-1618.43	-1613.49	18.5903
74 	100  	-2165.25	-1617.72	-1613.49	29.0486
75 	100  	-2281.81	-1619.43	-1613.49	45.2561
76 	100  	-1724.94	-1616.21	-1613.46	11.343 
77 	100  	-1929.73	-1616.16	-1613.46	17.7524
78 	100  	-1688.57	-1615.47	-1613.46	8.71576
79 	100  	-1828.18	-1615.79	-1613.46	13.1334
80 	100  	-4202.25	-1620.33	-1613.46	115.921
81 	100  	-1683.01	-1615.21	-1613.46	7.301  
82 	100  	-1768.89	-1615.32	-1613.46	9.95807
83 	100  	-1736.52	-1614.75	-1613.46	7.49376
84 	100  	-1842.11	-1615.36	-1612.96	13.144 
85 	100  	-2034.96	-1616.6 	-1612.94	26.3404
86 	100  	-1955.4 	-1617.46	-1612.67	27.2825
87 	100  	-2193.92	-1616.78	-1612.67	29.993 
88 	100  	-2235.56	-1616.23	-1612.67	29.9063
89 	100  	-2001.95	-1616.52	-1612.67	24.7335
90 	100  	-2083.92	-1617.49	-1612.26	29.9742
91 	100  	-2119.89	-1615.99	-1612.24	25.0872
92 	100  	-1856.85	-1615.08	-1612.24	15.5263
93 	100  	-1715.78	-1614.19	-1612.24	7.96789
94 	100  	-1794.93	-1614.97	-1611.97	11.9098
95 	100  	-1756.81	-1614.21	-1611.97	9.6712 
96 	100  	-1714.28	-1613.74	-1611.97	7.09145
97 	100  	-1785.58	-1613.63	-1611.3 	9.37126
98 	100  	-1677.95	-1613.84	-1611.3 	6.59436
99 	100  	-1710.6 	-1613.37	-1611.3 	7.91344
gen	depth	min     	avg     	max     	std    
0  	100  	-4068.64	-1889.65	-1682.19	195.716
1  	100  	-2177   	-1787.79	-1682.19	64.4735
2  	100  	-2162.54	-1751.9 	-1672.88	53.3032
3  	100  	-2538.34	-1726.36	-1662.09	47.9831
4  	100  	-2151.61	-1711.48	-1657.13	42.5385
5  	100  	-2001.17	-1698.33	-1645.38	32.7274
6  	100  	-2668.16	-1689.36	-1644.98	59.2678
7  	100  	-1884.64	-1675.21	-1644.98	19.0843
8  	100  	-1930.95	-1668.9 	-1641.68	25.1262
9  	100  	-2444.69	-1664.51	-1638.38	44.9926
10 	100  	-1945.38	-1657.75	-1637.62	21.8784
11 	100  	-2198.42	-1652.82	-1637.35	31.6847
12 	100  	-1987.15	-1650.16	-1636.18	24.4285
13 	100  	-2071.77	-1646.87	-1635.67	23.9295
14 	100  	-2894.03	-1650.22	-1633.19	67.7392
15 	100  	-1732.94	-1642.91	-1632.23	9.78306
16 	100  	-1892.58	-1643.14	-1630.67	21.0859
17 	100  	-1985.82	-1642.16	-1630.48	26.0948
18 	100  	-1927.61	-1639.73	-1629.46	18.4556
19 	100  	-1890.34	-1639.93	-1629.46	22.4838
20 	100  	-1848.07	-1637.18	-1629.46	13.9172
21 	100  	-2047.46	-1637.73	-1626.38	27.2475
22 	100  	-1806.57	-1634.83	-1626.38	12.7088
23 	100  	-2357.77	-1637.43	-1626.38	46.5932
24 	100  	-1886.06	-1634.55	-1625.35	19.1906
25 	100  	-1952.89	-1632.52	-1624.7 	17.9674
26 	100  	-2283.79	-1633.83	-1624.16	38.8109
27 	100  	-2133.77	-1631.26	-1624.1 	27.2488
28 	100  	-1786.69	-1628.31	-1623.51	9.53036
29 	100  	-3476.98	-1634.18	-1623.46	90.1388
30 	100  	-1880.28	-1626.96	-1622.76	14     
31 	100  	-1742.31	-1626.13	-1622.26	8.57431
32 	100  	-1914.61	-1627.69	-1622.26	20.0822
33 	100  	-2128.25	-1629.38	-1621.67	34.563 
34 	100  	-1758.41	-1625.41	-1621.67	10.0636
35 	100  	-1824.39	-1625.96	-1621.24	13.3585
36 	100  	-1776.65	-1624.82	-1621.18	10.4179
37 	100  	-1733.26	-1624.24	-1620.28	8.05282
38 	100  	-2444.53	-1629.89	-1620   	57.119 
39 	100  	-1676.48	-1623.07	-1620   	5.04699
40 	100  	-1705.56	-1623.29	-1620   	8.08136
41 	100  	-1950.78	-1625.14	-1619.36	22.9222
42 	100  	-1729.74	-1623.22	-1619.36	10.1723
43 	100  	-1873.22	-1623.82	-1618.75	18.2359
44 	100  	-2238.96	-1625.61	-1618.75	43.1954
45 	100  	-1774.1 	-1622.79	-1618.35	12.2176
46 	100  	-2177.84	-1623.64	-1618.29	28.5152
47 	100  	-1908.39	-1623.93	-1617.29	23.182 
48 	100  	-1873.34	-1623.29	-1617.05	19.6226
49 	100  	-2072.84	-1621.59	-1617.05	22.6697
50 	100  	-1738.41	-1620.26	-1617.05	10.3537
51 	100  	-2006.65	-1623.48	-1616.41	31.6441
52 	100  	-2554.84	-1622.05	-1616.18	43.6588
53 	100  	-1755.12	-1620.18	-1616.18	11.728 
54 	100  	-2544.95	-1622.61	-1616.18	48.5992
55 	100  	-1700.01	-1618.3 	-1616.18	6.66988
56 	100  	-1800.81	-1619.23	-1616.18	13.115 
57 	100  	-1895.25	-1618.82	-1616.18	13.8711
58 	100  	-2767.79	-1623.03	-1615.68	60.2047
59 	100  	-1777.01	-1619.2 	-1615.68	14.5195
60 	100  	-1694.98	-1617.74	-1615.53	7.71539
61 	100  	-1784.4 	-1618.38	-1615.3 	12.2339
62 	100  	-1773.97	-1617.94	-1615.06	10.0219
63 	100  	-1703.3 	-1617.31	-1614.31	7.19356
64 	100  	-1821.34	-1617.82	-1614.31	11.2417
65 	100  	-1894.16	-1619.06	-1613.29	18.5525
66 	100  	-1803.29	-1618.05	-1612.91	13.765 
67 	100  	-1720.31	-1616.41	-1612.91	7.73117
68 	100  	-1733.52	-1616.25	-1612.91	8.7325 
69 	100  	-1726.81	-1615.96	-1612.54	9.78619
70 	100  	-1768.56	-1616   	-1612.54	11.2362
71 	100  	-2138.83	-1617.5 	-1612.54	33.275 
72 	100  	-1746.15	-1615.73	-1612.42	10.6849
73 	100  	-2152.61	-1617.1 	-1612.42	32.822 
74 	100  	-2231.35	-1616.75	-1612.27	33.4249
75 	100  	-1816.73	-1615.92	-1611.73	16.6784
76 	100  	-2143.14	-1616.53	-1611.68	32.2339
77 	100  	-2502.26	-1616.64	-1611.68	42.6407
78 	100  	-2211.68	-1615.28	-1611.21	27.5163
79 	100  	-1803.31	-1614.53	-1611.21	12.0683
80 	100  	-1746.42	-1614.15	-1611.21	11.0384
81 	100  	-1756.11	-1614.04	-1611.21	11.3457
82 	100  	-1894.56	-1614.69	-1611.02	19.3158
83 	100  	-1700.84	-1613.18	-1611.02	7.48265
84 	100  	-1849.3 	-1613.81	-1611.02	13.6781
85 	100  	-1731.67	-1613.59	-1610.51	10.1842
86 	100  	-1885.54	-1613.82	-1610.39	18.2068
87 	100  	-1804.25	-1614.94	-1610.32	18.2531
88 	100  	-2337.75	-1614.51	-1610.06	34.3473
89 	100  	-3267.15	-1616.53	-1609.69	76.0048
90 	100  	-1947.89	-1615.36	-1609.69	26.4309
91 	100  	-2063.44	-1613.69	-1609.69	23.5412
92 	100  	-1873.08	-1612.8 	-1609.51	17.6976
93 	100  	-1801.25	-1612.43	-1609.51	12.9439
94 	100  	-1699.18	-1611.2 	-1609.51	6.1083 
95 	100  	-1716.06	-1611.22	-1609.51	7.82647
96 	100  	-1750.95	-1612.09	-1609.51	11.571 
97 	100  	-1935.12	-1612.79	-1609.51	23.444 
98 	100  	-2289.26	-1614.83	-1609.51	42.5413
99 	100  	-2064.63	-1611.94	-1609.51	21.746 
gen	depth	min     	avg     	max     	std    
0  	100  	-3596.75	-1902.16	-1688.7 	206.939
1  	100  	-3609.41	-1800.53	-1660.52	112.359
2  	100  	-2309.13	-1749.98	-1653.18	49.0313
3  	100  	-2447.64	-1732.07	-1653.18	66.9661
4  	100  	-2546.91	-1711.3 	-1653.18	62.8461
5  	100  	-2366.27	-1694.13	-1648.07	52.8319
6  	100  	-5540.53	-1694.8 	-1646.66	230.683
7  	100  	-1990.7 	-1669.33	-1643.61	21.2385
8  	100  	-2337.65	-1664.63	-1642.66	43.9813
9  	100  	-2086.48	-1659.8 	-1637.97	34.9445
10 	100  	-2304.65	-1658.46	-1637.32	55.7999
11 	100  	-2390.66	-1651.45	-1634.22	41.7237
12 	100  	-2405   	-1649.28	-1633.52	39.5802
13 	100  	-2965.64	-1650.34	-1632   	73.2102
14 	100  	-1999.65	-1642.69	-1632   	20.8604
15 	100  	-2003.7 	-1642.35	-1629.78	24.3116
16 	100  	-2470.97	-1643.5 	-1629.77	58.1781
17 	100  	-1927.77	-1637.98	-1627.3 	19.2765
18 	100  	-1813.53	-1635.47	-1627.3 	12.5612
19 	100  	-2233.89	-1635.72	-1627.3 	30.1018
20 	100  	-1724.04	-1632.67	-1625.76	9.20736
21 	100  	-2038.06	-1633.62	-1625.35	26.3383
22 	100  	-1866.4 	-1631.59	-1624.91	16.6437
23 	100  	-1900.44	-1629.17	-1624.78	14.5479
24 	100  	-2516.04	-1632.3 	-1624.43	52.8143
25 	100  	-1985.76	-1630.68	-1624.22	27.551 
26 	100  	-1899.73	-1629.41	-1623.3 	19.3983
27 	100  	-1866.33	-1627.13	-1623.3 	14.6089
28 	100  	-1852.26	-1628.23	-1622.03	18.3725
29 	100  	-1890.21	-1626.64	-1621.48	15.8158
30 	100  	-2148.95	-1628.18	-1621.48	29.6411
31 	100  	-1978.53	-1627.34	-1621.18	22.3444
32 	100  	-1999.15	-1626.65	-1620.29	22.2596
33 	100  	-1683.26	-1624.41	-1618.68	7.37953
34 	100  	-1734.88	-1624.42	-1618.68	10.2715
35 	100  	-2011.82	-1625.37	-1617.68	28.0158
36 	100  	-1897.63	-1624.06	-1617.68	19.6679
37 	100  	-1870.03	-1622.64	-1617.3 	15.7873
38 	100  	-2382.62	-1623.11	-1617.3 	35.8543
39 	100  	-4309.52	-1626.68	-1616.86	121.264
40 	100  	-1730.29	-1620.19	-1616.86	8.77333
41 	100  	-1911.89	-1621.16	-1615.89	19.4801
42 	100  	-1827.75	-1620.49	-1615.89	15.5907
43 	100  	-2073.4 	-1620.95	-1615.34	26.4893
44 	100  	-1992.15	-1620.91	-1615.34	22.8887
45 	100  	-1857.48	-1619.65	-1614.64	15.8013
46 	100  	-2267.47	-1620.43	-1614.33	34.6547
47 	100  	-1809.15	-1618.51	-1614.33	15.087 
48 	100  	-1855.59	-1618.28	-1613.98	16.129 
49 	100  	-1698.07	-1616.8 	-1613.98	8.08828
50 	100  	-2167.59	-1616.77	-1613.63	25.1232
51 	100  	-1764.02	-1616.69	-1613.56	11.1205
52 	100  	-1696.05	-1616.12	-1613.56	8.71777
53 	100  	-1887.1 	-1616.71	-1613.56	15.8491
54 	100  	-1842.01	-1615.91	-1613.56	13.1405
55 	100  	-1750.16	-1616.55	-1613.56	12.6254
56 	100  	-1666.46	-1614.73	-1613.11	4.65552
57 	100  	-1960.31	-1616.75	-1613.11	22.3567
58 	100  	-2427.69	-1618.34	-1612.81	47.4501
59 	100  	-1748.45	-1614.73	-1612.81	8.81852
60 	100  	-1807.04	-1616.55	-1612.81	15.7679
61 	100  	-2268.29	-1618.16	-1612.41	35.6901
62 	100  	-1708.16	-1614.67	-1612.41	6.97844
63 	100  	-1718.37	-1615.31	-1612.41	11.0593
64 	100  	-1884.37	-1614.67	-1612.41	14.0354
65 	100  	-1815.97	-1616.03	-1612.08	17.5335
66 	100  	-1693.43	-1613.89	-1612.08	7.15779
67 	100  	-1700.76	-1613.87	-1612.08	7.04783
68 	100  	-1692.02	-1613.53	-1612.04	6.10084
69 	100  	-2202.43	-1614.98	-1612.04	27.3778
70 	100  	-1813.95	-1614.53	-1612.04	14.6241
71 	100  	-1695.1 	-1613.75	-1612.04	7.0433 
72 	100  	-2356.56	-1615.49	-1612.04	34.3606
73 	100  	-2016.45	-1614.39	-1612.04	20.6115
74 	100  	-1797.61	-1613.85	-1612.04	11.0376
75 	100  	-1813.75	-1615.03	-1611.86	17.2566
76 	100  	-1659.17	-1612.81	-1611.38	3.80922
77 	100  	-2450.66	-1616.33	-1611.34	44.4329
78 	100  	-1687.13	-1613.35	-1611.16	6.7759 
79 	100  	-1775.64	-1613.98	-1611.16	11.4023
80 	100  	-1936.55	-1614.51	-1611.16	18.305 
81 	100  	-1804.18	-1613.02	-1610.94	10.0316
82 	100  	-1935.47	-1614.85	-1610.68	21.5938
83 	100  	-1714.21	-1612.84	-1610.68	8.37228
84 	100  	-2000.79	-1616.3 	-1610.68	31.1848
85 	100  	-1734.33	-1612.61	-1610.59	8.17163
86 	100  	-1948.4 	-1613.19	-1610.59	16.1379
87 	100  	-1967.69	-1614.11	-1610.59	23.9262
88 	100  	-1679.31	-1612.34	-1610.59	6.79038
89 	100  	-1824.84	-1612.99	-1609.98	13.7171
90 	100  	-1814.32	-1612.45	-1609.89	10.9508
91 	100  	-1776.26	-1612.52	-1609.89	11.1709
92 	100  	-1864.71	-1613.33	-1609.89	17.0472
93 	100  	-2141.16	-1613.85	-1609.89	28.4197
94 	100  	-1771.01	-1612   	-1609.34	9.89682
95 	100  	-1842.64	-1612.08	-1609.29	14.2824
96 	100  	-1848.8 	-1612.03	-1609.29	13.9065
97 	100  	-1806.75	-1612.84	-1609.19	16.2693
98 	100  	-1741.4 	-1611.29	-1609.19	8.71206
99 	100  	-1746.92	-1611.73	-1609.19	10.1969
gen	depth	min     	avg     	max     	std    
0  	100  	-5040.26	-1904.21	-1694.89	254.103
1  	100  	-2590   	-1786.83	-1660.31	75.7754
2  	100  	-3186.62	-1753.3 	-1657.52	81.4973
3  	100  	-2273.65	-1727.65	-1657.52	40.269 
4  	100  	-2464.79	-1714.38	-1657.52	50.4317
5  	100  	-2540.2 	-1699.82	-1649.47	52.2002
6  	100  	-2167.13	-1684.37	-1648.3 	29.8741
7  	100  	-2717.09	-1677.13	-1645.46	62.9008
8  	100  	-1892.94	-1663.82	-1644.51	17.4021
9  	100  	-2023.42	-1660.4 	-1642.25	27.6286
10 	100  	-1796.45	-1652.94	-1640.36	10.9763
11 	100  	-3081.67	-1659.17	-1639.07	105.317
12 	100  	-3514.04	-1653.73	-1637.93	88.839 
13 	100  	-1817.81	-1645.87	-1635.45	12.4647
14 	100  	-2677.22	-1647.33	-1634.58	50.9342
15 	100  	-2115.81	-1646.8 	-1633.75	35.3603
16 	100  	-2294.05	-1644.36	-1633.05	36.1439
17 	100  	-2498.29	-1641.83	-1630.86	41.3793
18 	100  	-1861.2 	-1640.54	-1630.86	21.4673
19 	100  	-2260.97	-1638.63	-1629.75	30.8466
20 	100  	-1841.15	-1636.92	-1629.75	15.8256
21 	100  	-1939.43	-1636.99	-1629.28	24.5116
22 	100  	-1751.08	-1634.66	-1625.96	12.522 
23 	100  	-1770   	-1633.3 	-1625.52	11.2876
24 	100  	-1809.91	-1632.21	-1624.96	13.1062
25 	100  	-1742.3 	-1630.68	-1624.45	9.26499
26 	100  	-3879.12	-1640.22	-1624.26	129.763
27 	100  	-1720.33	-1628.85	-1624.26	10.1421
28 	100  	-2073.87	-1629.77	-1623.65	28.4978
29 	100  	-1735.23	-1626.92	-1622.83	8.42417
30 	100  	-1873.66	-1626.75	-1622.67	12.9725
31 	100  	-1878.2 	-1627.3 	-1622.67	19.9216
32 	100  	-2010.79	-1628.62	-1622.23	27.9386
33 	100  	-3687.34	-1635.4 	-1621.3 	111.198
34 	100  	-1866.43	-1624.86	-1621.3 	14.1105
35 	100  	-1695.97	-1624.37	-1621.26	7.74622
36 	100  	-1827.03	-1624.5 	-1621.26	11.0794
37 	100  	-1917.92	-1624.88	-1619.78	20.1731
38 	100  	-7236.16	-1638.04	-1618.75	254.275
39 	100  	-1797.29	-1623.29	-1618.54	12.7984
40 	100  	-2325.46	-1626.72	-1617.73	49.2133
41 	100  	-1930.08	-1623.3 	-1617.73	21.7876
42 	100  	-2154.51	-1623.79	-1617.35	32.72  
43 	100  	-1832.82	-1622.55	-1616.83	18.4188
44 	100  	-1715.56	-1620.62	-1616.65	8.67594
45 	100  	-2058.83	-1621.1 	-1616.65	25.1935
46 	100  	-2095.34	-1621.28	-1616.21	25.1812
47 	100  	-1976.59	-1620.75	-1616   	22.6285
48 	100  	-2881.2 	-1623.55	-1615.48	64.4858
49 	100  	-1770.91	-1618.64	-1615.13	10.4484
50 	100  	-1770.98	-1618.18	-1615.02	10.0905
51 	100  	-1864.11	-1618.59	-1614.68	16.4157
52 	100  	-1827.6 	-1618.91	-1614.48	16.1102
53 	100  	-2086.09	-1619.1 	-1614.32	27.7665
54 	100  	-1948.75	-1618.57	-1613.86	23.8803
55 	100  	-1878.45	-1617.15	-1613.62	15.2915
56 	100  	-1909.04	-1617.8 	-1613.39	19.9162
57 	100  	-1987.98	-1617.49	-1613.39	20.9287
58 	100  	-1857.79	-1617.08	-1613.39	18.1882
59 	100  	-1866.72	-1616.73	-1613.16	17.0142
60 	100  	-2124.63	-1617.23	-1613.08	27.8235
61 	100  	-1872.92	-1615.99	-1613.08	14.4898
62 	100  	-1833.21	-1616.59	-1613.08	18.487 
63 	100  	-1819.81	-1615.87	-1613.08	12.9182
64 	100  	-1804.32	-1614.86	-1612.46	10.8507
65 	100  	-1810.56	-1615.21	-1612.46	12.9868
66 	100  	-2828.92	-1617.54	-1612.46	55.1605
67 	100  	-2557.46	-1616.65	-1612.46	43.1367
68 	100  	-1739.06	-1614.2 	-1612.46	7.55444
69 	100  	-1747.55	-1614.95	-1612.38	10.647 
70 	100  	-2047.69	-1616.07	-1612.38	23.9618
71 	100  	-1729.79	-1614.19	-1612.38	9.70553
72 	100  	-2007.19	-1616.2 	-1611.68	27.4237
73 	100  	-1702.97	-1613.88	-1611.68	7.10126
74 	100  	-1911.95	-1615.73	-1611.68	22.2333
75 	100  	-1674.54	-1613.83	-1611.68	6.82667
76 	100  	-1716.75	-1614.22	-1611.68	9.61756
77 	100  	-2002.44	-1616.17	-1611.68	25.6073
78 	100  	-1723.34	-1614.01	-1611.68	9.46334
79 	100  	-2019.25	-1614.68	-1611.29	20.4553
80 	100  	-1987.44	-1614.38	-1611.29	19.4908
81 	100  	-2083.01	-1616.1 	-1611.29	30.1226
82 	100  	-1778.75	-1613.35	-1611.09	10.9272
83 	100  	-1808.13	-1613.21	-1611.09	10.7089
84 	100  	-1729.7 	-1612.88	-1611.09	7.57079
85 	100  	-1645.91	-1612.11	-1611.09	3.59789
86 	100  	-1838.22	-1613.8 	-1610.86	16.4323
87 	100  	-1755.83	-1614.37	-1610.86	15.0245
88 	100  	-1740.72	-1613.46	-1610.39	11.5528
89 	100  	-2440.56	-1614.96	-1610.39	38.3562
90 	100  	-1670.86	-1612.05	-1610.39	4.88823
91 	100  	-1816.66	-1613.29	-1609.76	15.7848
92 	100  	-1721.4 	-1612.15	-1609.76	7.23428
93 	100  	-2043.77	-1613.34	-1609.76	23.4339
94 	100  	-1785.31	-1612.5 	-1609.24	12.8084
95 	100  	-2702.5 	-1617.84	-1609.24	70.4067
96 	100  	-1692.69	-1611.77	-1609.24	8.36532
97 	100  	-1904.81	-1612.51	-1609.24	17.6979
98 	100  	-1776.53	-1611.3 	-1609.24	9.07316
99 	100  	-1677.97	-1610.97	-1608.89	6.01849
gen	depth	min     	avg     	max     	std    
0  	100  	-2918.44	-1870.3 	-1686.92	135.688
1  	100  	-3145.04	-1797.94	-1663.44	113.951
2  	100  	-4068.52	-1756.91	-1663.44	120.107
3  	100  	-2420.85	-1727.8 	-1656.35	56.5871
4  	100  	-2349.11	-1711.42	-1656.35	54.402 
5  	100  	-2985.87	-1697.62	-1653.34	63.565 
6  	100  	-3164.82	-1687.75	-1651.44	74.8807
7  	100  	-2258.48	-1677.42	-1650   	37.7854
8  	100  	-2619.97	-1671.01	-1644.78	54.9678
9  	100  	-2614.05	-1665.62	-1642   	57.6986
10 	100  	-2483.03	-1659.34	-1638.36	45.193 
11 	100  	-2202.43	-1655.29	-1636.84	34.1704
12 	100  	-2323.95	-1651.21	-1635.54	36.0483
13 	100  	-2719.05	-1651.42	-1632.89	59.0049
14 	100  	-2236.41	-1647.42	-1630.38	38.9786
15 	100  	-2927.83	-1644.57	-1629.8 	63.2172
16 	100  	-1988.36	-1641.1 	-1627.68	29.0436
17 	100  	-4138.21	-1644.57	-1625.69	115.905
18 	100  	-2127.93	-1636.31	-1624.73	26.1655
19 	100  	-2212.15	-1637.24	-1622.73	45.0543
20 	100  	-2064.56	-1634.76	-1622.73	35.6406
21 	100  	-1860.56	-1630.25	-1622.73	16.4317
22 	100  	-1814.49	-1630.42	-1621.68	20.2871
23 	100  	-1890.22	-1627.36	-1621.21	14.55  
24 	100  	-1859.07	-1626.34	-1620.86	12.9694
25 	100  	-2075.83	-1627.13	-1619.55	24.4902
26 	100  	-1747   	-1624.17	-1619.43	7.82367
27 	100  	-2347.95	-1628.02	-1619.34	46.7874
28 	100  	-1785.76	-1623.99	-1619.31	14.1341
29 	100  	-1768.24	-1623.3 	-1619.26	13.0214
30 	100  	-1796.15	-1622.95	-1619.18	12.6881
31 	100  	-1762.37	-1621.69	-1618.61	9.21819
32 	100  	-2414.13	-1625.4 	-1617.79	46.6071
33 	100  	-1747.3 	-1621.64	-1617.79	10.9754
34 	100  	-1688.94	-1621.19	-1617.61	8.32896
35 	100  	-1959.67	-1621.68	-1616.91	21.0498
36 	100  	-1843.3 	-1620.79	-1616.91	13.8545
37 	100  	-1917.79	-1620.47	-1616.91	19.2142
38 	100  	-2096.25	-1621.62	-1616.56	28.1245
39 	100  	-1772.77	-1619.47	-1615.51	11.9602
40 	100  	-1757.89	-1620.54	-1615.51	14.6465
41 	100  	-1769.93	-1619.88	-1615.51	13.8098
42 	100  	-1842.07	-1619.01	-1615.25	13.4848
43 	100  	-1777.39	-1618.88	-1614.81	13.4683
44 	100  	-1857.49	-1618.28	-1614.81	13.6582
45 	100  	-1866.28	-1617.72	-1614.55	13.803 
46 	100  	-2241.76	-1619.98	-1614.48	32.8663
47 	100  	-2275.81	-1617.83	-1614.11	30.8066
48 	100  	-1769.53	-1618.7 	-1614.11	15.5864
49 	100  	-2229.54	-1618.13	-1613.85	31.4747
50 	100  	-4089.86	-1621.29	-1613.85	110.861
51 	100  	-1743.1 	-1615.74	-1613.42	8.43894
52 	100  	-1799.04	-1616.45	-1613.42	11.9035
53 	100  	-1852.13	-1616.22	-1613.16	15.7951
54 	100  	-1752.73	-1615.3 	-1613.16	8.20809
55 	100  	-1760.56	-1615.44	-1613.16	9.51143
56 	100  	-2003.32	-1619.01	-1612.72	31.4642
57 	100  	-1870.27	-1616.82	-1612.39	20.7156
58 	100  	-1787.89	-1614.89	-1612.39	11.1573
59 	100  	-1829.05	-1615.04	-1612.39	12.586 
60 	100  	-1817.4 	-1615.12	-1612.39	13.7959
61 	100  	-1674.15	-1614.56	-1612.39	7.0197 
62 	100  	-1982.71	-1615.51	-1612.39	20.1435
63 	100  	-1648.42	-1613.47	-1611.32	3.91887
64 	100  	-2122.78	-1615.09	-1611.32	24.6449
65 	100  	-1743.59	-1614.08	-1611.32	9.72296
66 	100  	-1778.05	-1613.9 	-1610.99	10.5723
67 	100  	-1828.5 	-1614.8 	-1610.99	14.4434
68 	100  	-1956.04	-1616.26	-1610.99	26.9191
69 	100  	-1977   	-1614.38	-1610.99	21.4747
70 	100  	-1737.42	-1612.64	-1610.99	7.57937
71 	100  	-1777.05	-1613.89	-1610.87	13.644 
72 	100  	-1734.13	-1612.67	-1610.87	7.82479
73 	100  	-2108.59	-1614.24	-1610.87	24.9107
74 	100  	-1741.13	-1612.86	-1610.87	10.4396
75 	100  	-1687.83	-1612.36	-1610.62	7.00641
76 	100  	-2117.39	-1613.27	-1610.05	23.619 
77 	100  	-1807.75	-1612.82	-1610.05	11.1448
78 	100  	-1682.86	-1612.18	-1610.05	6.59096
79 	100  	-1815   	-1612.83	-1610.05	12.0793
80 	100  	-1817.52	-1613.14	-1609.92	14.7758
81 	100  	-1676.17	-1611.65	-1609.92	5.53243
82 	100  	-2297.16	-1613.16	-1609.92	31.7211
83 	100  	-1708.9 	-1611.77	-1609.59	8.12876
84 	100  	-1672.11	-1611.18	-1609.35	5.66561
85 	100  	-1665.73	-1611.33	-1609.22	5.72681
86 	100  	-1892.23	-1611.82	-1609.22	15.7461
87 	100  	-1726.73	-1612.17	-1609.22	10.5994
88 	100  	-1693.74	-1611.36	-1609.22	7.7679 
89 	100  	-3037.87	-1617.3 	-1608.69	77.7589
90 	100  	-1707.98	-1611.38	-1608.59	9.90252
91 	100  	-1673.69	-1610.26	-1608.59	5.23146
92 	100  	-1741.92	-1610.82	-1608.59	8.70092
93 	100  	-1883.07	-1612.59	-1608.52	22.5523
94 	100  	-1691.64	-1610.35	-1608.52	7.86171
95 	100  	-1645.4 	-1609.59	-1608.52	3.90334
96 	100  	-2661.98	-1611.71	-1608.52	47.2669
97 	100  	-1762.22	-1610.01	-1608.52	8.60312
98 	100  	-1709.27	-1610.09	-1608.52	8.47847
99 	100  	-2204.26	-1610.83	-1608.52	27.4498
gen	depth	min     	avg     	max     	std    
0  	100  	-3842.08	-1906.24	-1696.25	210.265
1  	100  	-3785.33	-1812.98	-1678.32	170.017
2  	100  	-1979.8 	-1751.38	-1675.27	43.5153
3  	100  	-2062.1 	-1729.91	-1664.29	38.1493
4  	100  	-2687.2 	-1713.67	-1662.62	59.9878
5  	100  	-3986.77	-1706.77	-1662.62	123.252
6  	100  	-2571.91	-1691.56	-1653.74	51.8234
7  	100  	-5161.61	-1690.69	-1653.74	165.293
8  	100  	-2685.28	-1680.97	-1650.42	63.6935
9  	100  	-8990.28	-1700.02	-1644.64	409.49 
10 	100  	-1839.09	-1666.82	-1644.64	19.2972
11 	100  	-3761.19	-1668.17	-1642.44	108.696
12 	100  	-5896.37	-1676.72	-1636.89	230.128
13 	100  	-2145.85	-1656.37	-1635.82	35.1508
14 	100  	-1901.59	-1653.14	-1632.51	22.7206
15 	100  	-1806.76	-1649.02	-1631.51	15.836 
16 	100  	-1847.09	-1645.97	-1631.51	13.4113
17 	100  	-1846.84	-1644.04	-1631.14	15.4949
18 	100  	-2173.23	-1642.4 	-1631.14	33.418 
19 	100  	-1981.52	-1638.48	-1631.14	19.3863
20 	100  	-1903.47	-1637.27	-1630.55	20.6367
21 	100  	-2016.36	-1635.64	-1629.55	21.2186
22 	100  	-2171.71	-1639.21	-1628.7 	42.2355
23 	100  	-6331.25	-1652.92	-1628.52	246.173
24 	100  	-2032.67	-1636.76	-1628.52	30.2386
25 	100  	-1787.1 	-1633.11	-1628.12	12.9416
26 	100  	-1888.38	-1632.48	-1628.03	15.5836
27 	100  	-1944.03	-1632.46	-1628.03	20.2714
28 	100  	-1850.98	-1631.35	-1627.67	13.9266
29 	100  	-2323.43	-1632.4 	-1626.66	32.9372
30 	100  	-1840.99	-1632.19	-1626.66	17.5995
31 	100  	-1778.97	-1630.63	-1626.66	13.0345
32 	100  	-1948.16	-1634.06	-1626.63	32.1998
33 	100  	-2017.14	-1632.69	-1626.51	28.0233
34 	100  	-1928.85	-1632.23	-1626.51	24.3719
35 	100  	-1786.3 	-1629.71	-1626.51	12.6   
36 	100  	-1893.97	-1630.8 	-1626.51	17.3462
37 	100  	-2505.86	-1631.13	-1626.11	41.0135
38 	100  	-2099.83	-1630.14	-1625.35	23.5025
39 	100  	-2155.07	-1630.84	-1625.26	28.7873
40 	100  	-1762.26	-1628.13	-1625.26	8.11313
41 	100  	-3648.76	-1633.53	-1625.26	93.0768
42 	100  	-1972.19	-1630.33	-1625.14	25.1126
43 	100  	-2672.08	-1631.34	-1624.19	50.9466
44 	100  	-2389.24	-1632.04	-1623.58	43.5089
45 	100  	-2086.3 	-1630.34	-1623.58	27.9387
46 	100  	-1998.12	-1629.9 	-1623.58	27.7901
47 	100  	-1880.48	-1628.33	-1623.21	20.2098
48 	100  	-1774.81	-1627.4 	-1623.21	13.9476
49 	100  	-1769.14	-1626.72	-1622.51	11.7506
50 	100  	-1808.42	-1626.76	-1622.51	13.3045
51 	100  	-1759.13	-1625.78	-1622.44	9.31119
52 	100  	-1855.28	-1626.81	-1622.15	18.1806
53 	100  	-1738.41	-1625.5 	-1622.15	10.9542
54 	100  	-2459.12	-1628.81	-1621.09	45.3829
55 	100  	-2030.95	-1626.98	-1621.09	27.3271
56 	100  	-1837.5 	-1624.64	-1621.09	12.5961
57 	100  	-1756.79	-1624.25	-1621.09	11.9416
58 	100  	-3384.38	-1627.93	-1620.63	79.9359
59 	100  	-2066.68	-1624.29	-1620.39	24.2189
60 	100  	-1728.8 	-1623.34	-1619.53	10.7658
61 	100  	-2155.86	-1625.33	-1618.83	30.7941
62 	100  	-1897.98	-1623.25	-1618.83	15.925 
63 	100  	-1731.09	-1621.96	-1618.83	8.31245
64 	100  	-2009.77	-1623.32	-1618.43	22.0025
65 	100  	-1827.96	-1622.21	-1618.43	14.6862
66 	100  	-1866.72	-1622.91	-1617.85	21.4655
67 	100  	-1804.15	-1621.11	-1617.51	12.3283
68 	100  	-2359.21	-1622.74	-1617.06	36.6   
69 	100  	-1750.04	-1620.57	-1617.06	11.2536
70 	100  	-1695.81	-1619.12	-1617.04	5.7385 
71 	100  	-2649.44	-1625.05	-1616.43	62.7448
72 	100  	-5063.05	-1634.04	-1615.73	189.22 
73 	100  	-1769.81	-1619.75	-1615.73	13.0071
74 	100  	-1675.6 	-1618.16	-1615.73	5.03146
75 	100  	-1775.2 	-1619.67	-1615.73	15.8293
76 	100  	-1696.25	-1618.32	-1615.04	7.53107
77 	100  	-1792.16	-1619.14	-1613.72	15.9637
78 	100  	-2129.03	-1618.87	-1613.56	26.5057
79 	100  	-2054.74	-1620.33	-1613.42	35.1448
80 	100  	-1939.31	-1618.94	-1613.42	23.0881
81 	100  	-1661.87	-1616.23	-1613.42	5.57349
82 	100  	-1867.21	-1618.05	-1613.42	18.9654
83 	100  	-1722.25	-1615.94	-1613.42	9.96533
84 	100  	-1888.42	-1616.39	-1613.19	17.0955
85 	100  	-1762.27	-1615.41	-1613.19	9.29428
86 	100  	-1743.71	-1615.41	-1613.19	10.2162
87 	100  	-1768.25	-1615.18	-1613.19	10.0644
88 	100  	-1735.59	-1615.14	-1613.19	8.68242
89 	100  	-1978.77	-1617.06	-1613.19	24.4835
90 	100  	-1747.28	-1615.28	-1613.19	10.6204
91 	100  	-1890.34	-1615.99	-1613.02	18.5606
92 	100  	-1771.12	-1614.78	-1613.02	10.3052
93 	100  	-1753.07	-1614.29	-1613.02	7.58854
94 	100  	-1744.19	-1614.49	-1612.86	8.11171
95 	100  	-1744.01	-1614.4 	-1612.86	7.67158
96 	100  	-1832.63	-1615.59	-1612.86	16.6587
97 	100  	-1942.57	-1616.36	-1611.19	23.2191
98 	100  	-1862.09	-1614.99	-1611.19	16.1124
99 	100  	-1833.74	-1615.66	-1611.16	16.5851
gen	depth	min     	avg     	max     	std    
0  	100  	-4287   	-1928.13	-1684.31	251.915
1  	100  	-8996.6 	-1820.24	-1684.31	330.367
2  	100  	-11504.1	-1790.15	-1676.8 	442.828
3  	100  	-3432.05	-1747.16	-1662.64	90.8679
4  	100  	-2195.82	-1721.93	-1662.64	39.7425
5  	100  	-2411.93	-1707.39	-1660.04	58.02  
6  	100  	-2091.48	-1694.42	-1657.94	35.3957
7  	100  	-2204.67	-1689.35	-1655.18	44.2396
8  	100  	-3267.18	-1688.37	-1651.39	91.3701
9  	100  	-2346.97	-1675.26	-1648.15	40.6281
10 	100  	-3773.23	-1678.21	-1646   	122.614
11 	100  	-2347.24	-1665.51	-1645.01	37.4257
12 	100  	-2496.74	-1661.38	-1641.34	40.2178
13 	100  	-2426.28	-1659.47	-1640.65	51.3925
14 	100  	-3217.37	-1658.18	-1637.66	94.447 
15 	100  	-1878.01	-1649.66	-1636.21	17.6964
16 	100  	-1939.19	-1646.78	-1634.13	20.4876
17 	100  	-2174.97	-1646.05	-1632.98	32.8386
18 	100  	-1819.14	-1642.34	-1632.53	15.099 
19 	100  	-2845.32	-1645.36	-1631.03	65.3653
20 	100  	-1817.12	-1640.02	-1629.21	14.8881
21 	100  	-1991.49	-1640.29	-1627.41	26.7939
22 	100  	-1949.92	-1637.57	-1627.41	18.6493
23 	100  	-2536.23	-1637.35	-1627.41	41.7192
24 	100  	-2055.32	-1636.62	-1625.72	28.1819
25 	100  	-1762.91	-1632.34	-1625.65	9.05225
26 	100  	-1805.16	-1631.98	-1624.22	13.0399
27 	100  	-1779.74	-1630.27	-1623.64	12.2416
28 	100  	-1901.62	-1630.97	-1623.64	19.7011
29 	100  	-1769.78	-1629.54	-1622.99	12.9637
30 	100  	-1825.58	-1629.32	-1622.3 	18.262 
31 	100  	-1845.29	-1627.24	-1622.3 	14.1838
32 	100  	-2259.69	-1628.62	-1621.55	32.0765
33 	100  	-2022.66	-1629   	-1620.92	29.7869
34 	100  	-1959.86	-1627.81	-1620.23	28.0097
35 	100  	-1798.36	-1625.13	-1620.23	11.9971
36 	100  	-2162.61	-1626.72	-1620.23	35.0837
37 	100  	-1712.18	-1622.92	-1619.99	7.03298
38 	100  	-2125.92	-1624.23	-1619.85	24.9928
39 	100  	-1989.92	-1623.48	-1619.4 	20.3911
40 	100  	-2033.89	-1624   	-1619.23	24.726 
41 	100  	-1864.39	-1623.29	-1619.05	17.4687
42 	100  	-1775.33	-1622.96	-1618.45	12.3153
43 	100  	-1740.42	-1621.28	-1617.88	8.00676
44 	100  	-1847.45	-1622.43	-1617.52	16.2375
45 	100  	-1747.87	-1621.45	-1617.05	10.9815
46 	100  	-1740.91	-1621.1 	-1617.05	10.9222
47 	100  	-1673.29	-1619.52	-1616.89	4.64786
48 	100  	-2312.9 	-1623.7 	-1616.89	42.596 
49 	100  	-1734.93	-1619.73	-1616.35	9.97303
50 	100  	-1720.27	-1619.72	-1615.26	9.31685
51 	100  	-1678.07	-1618.33	-1615.26	4.66207
52 	100  	-1849.18	-1619.33	-1614.96	15.307 
53 	100  	-1953.74	-1619.38	-1614.96	18.6696
54 	100  	-1892.27	-1618.46	-1614.96	15.8003
55 	100  	-1948.86	-1617.87	-1614.88	16.37  
56 	100  	-2307.72	-1619   	-1614.26	34.2697
57 	100  	-1831.52	-1617.52	-1614.26	13.9561
58 	100  	-1823.4 	-1618.02	-1614.18	16.4184
59 	100  	-1789.78	-1616.94	-1614.18	12.3172
60 	100  	-1761.57	-1616.89	-1614.13	11.5286
61 	100  	-1795.86	-1617.4 	-1614.13	15.8645
62 	100  	-3210.75	-1622.45	-1613.73	86.4517
63 	100  	-1742.61	-1615.92	-1613.73	9.66061
64 	100  	-1820.94	-1616.79	-1613.56	15.8562
65 	100  	-2278.56	-1616.92	-1613.56	30.6941
66 	100  	-3432.85	-1620.81	-1613.56	83.8797
67 	100  	-2143.75	-1616.68	-1613.56	25.9958
68 	100  	-2507.97	-1618.74	-1612.86	44.5785
69 	100  	-1896.03	-1616.79	-1612.86	21.0307
70 	100  	-1696.45	-1614.94	-1612.86	7.20865
71 	100  	-2141.36	-1617.59	-1612.86	30.2649
72 	100  	-1775.41	-1616.51	-1612.86	14.8535
73 	100  	-1683.85	-1614.87	-1612.86	6.9312 
74 	100  	-2089.53	-1617.77	-1612.86	29.0245
75 	100  	-1845.26	-1616.14	-1612.73	16.4657
76 	100  	-2102.94	-1617.07	-1612.73	28.1846
77 	100  	-1861.93	-1615.05	-1612.73	12.6333
78 	100  	-2081.66	-1617.33	-1612.08	29.4815
79 	100  	-1770.45	-1614.75	-1612.08	11.0216
80 	100  	-2462.15	-1616.19	-1612.08	39.3945
81 	100  	-2475.3 	-1616.19	-1612.04	39.8208
82 	100  	-1834.85	-1614.46	-1612.04	11.2875
83 	100  	-1760.96	-1614.9 	-1612.04	12.9434
84 	100  	-1719.76	-1614.4 	-1612.04	10.3754
85 	100  	-1917.16	-1614.83	-1612.04	19.3136
86 	100  	-2707.17	-1617.08	-1611.51	54.2819
87 	100  	-1764.44	-1613.97	-1611.51	10.2024
88 	100  	-2142.8 	-1615.52	-1611.51	26.9674
89 	100  	-2013.73	-1614.25	-1611.38	19.4547
90 	100  	-1738.22	-1613.44	-1611.38	7.94439
91 	100  	-1843.14	-1614.93	-1611.34	17.7589
92 	100  	-1708.16	-1613.78	-1611.23	9.67632
93 	100  	-1705.63	-1613.42	-1610.64	7.96388
94 	100  	-1816.02	-1614.67	-1610.64	17.1044
95 	100  	-1922.61	-1614.53	-1610.64	19.2785
96 	100  	-1767.65	-1612.97	-1610.64	10.0105
97 	100  	-1718.65	-1612.55	-1610.64	6.98273
98 	100  	-1933.29	-1614.85	-1610.64	26.6279
99 	100  	-1763.14	-1613.25	-1610.64	9.93157
