gen	depth	min     	avg     	max     	std    
0  	100  	-3431.99	-2178.84	-2059.7 	113.581
1  	100  	-2501.7 	-2117.74	-2059.34	41.0572
2  	100  	-2515.3 	-2094.83	-2054.8 	26.2854
3  	100  	-2715.99	-2088.48	-2054.8 	51.8541
4  	100  	-2171.44	-2074.22	-2052.92	12.8318
5  	100  	-2245.32	-2068.34	-2050.07	13.8867
6  	100  	-2161.51	-2063.1 	-2049.35	8.71676
7  	100  	-2157.5 	-2060   	-2046.95	10.2887
8  	100  	-2298.81	-2057.93	-2045.56	16.8816
9  	100  	-2146.53	-2054.74	-2044.05	9.42436
10 	100  	-2318.2 	-2054.1 	-2044.05	20.4398
11 	100  	-2173.79	-2051.1 	-2043.4 	9.16048
12 	100  	-2130.09	-2048.9 	-2041.73	7.35162
13 	100  	-2170.19	-2047.06	-2040.14	8.97332
14 	100  	-2125.19	-2045.77	-2038.51	7.00537
15 	100  	-2130.77	-2044.54	-2038.51	6.33106
16 	100  	-2986.85	-2049.11	-2038.29	62.0709
17 	100  	-2563.45	-2044.69	-2037.68	26.6086
18 	100  	-2565.33	-2043.86	-2036.04	27.9691
19 	100  	-2108.02	-2040.54	-2035.59	5.29568
20 	100  	-2089.23	-2039.61	-2034.89	4.46648
21 	100  	-2890.23	-2042.12	-2034.49	44.2439
22 	100  	-2114.57	-2038.57	-2034.49	6.47021
23 	100  	-2695.5 	-2039.03	-2034.49	29.8915
24 	100  	-2396.18	-2037.78	-2034.49	17.314 
25 	100  	-2186.2 	-2036.86	-2034.09	8.99208
26 	100  	-2083.11	-2036.16	-2034.09	4.68831
27 	100  	-2121.75	-2036.15	-2034.09	7.8019 
28 	100  	-2095.46	-2035.81	-2033.64	5.77693
29 	100  	-2182.38	-2035.6 	-2033.64	8.09442
30 	100  	-2195.72	-2035.39	-2033.22	8.35679
31 	100  	-2323.23	-2035.82	-2033.22	13.8759
32 	100  	-2099.08	-2034.87	-2032.81	4.34365
33 	100  	-2127.06	-2035.19	-2032.81	7.02448
34 	100  	-2072.29	-2034.4 	-2032.67	3.45855
35 	100  	-2231.51	-2035.29	-2032.44	12.9711
36 	100  	-2318.52	-2035.01	-2032.44	16.3264
37 	100  	-2076.44	-2033.88	-2031.44	3.89562
38 	100  	-2082.48	-2033.59	-2031.44	3.81386
39 	100  	-2150.61	-2033.62	-2031.42	7.26468
40 	100  	-2160.79	-2034.21	-2030.92	10.7309
41 	100  	-2094.6 	-2033.42	-2030.92	5.45931
42 	100  	-2144.08	-2032.9 	-2030.72	6.16097
43 	100  	-2290.3 	-2034.06	-2030.72	18.1528
44 	100  	-2091.51	-2032.27	-2030.02	4.19991
45 	100  	-2075.98	-2031.86	-2029.89	3.21827
46 	100  	-2122.64	-2032.04	-2029.62	5.84752
47 	100  	-2094.26	-2031.79	-2029.62	5.2138 
48 	100  	-2121.35	-2032.23	-2029.49	8.93304
49 	100  	-2063.75	-2030.84	-2029.49	2.4625 
50 	100  	-2096.08	-2030.63	-2028.8 	3.94312
51 	100  	-2124.93	-2030.8 	-2028.8 	6.38363
52 	100  	-2071.01	-2030.26	-2028.1 	3.34561
53 	100  	-2195.97	-2030.54	-2028.1 	9.02171
54 	100  	-2097.24	-2029.49	-2028.1 	3.80189
55 	100  	-2065.9 	-2029.43	-2028.1 	3.00917
56 	100  	-2071.14	-2029.54	-2028.1 	3.88866
57 	100  	-2055.44	-2029.28	-2027.92	2.72197
58 	100  	-2082.86	-2029.21	-2027.92	3.72991
59 	100  	-2080.36	-2029.22	-2027.92	4.48347
60 	100  	-2067.95	-2028.86	-2027.92	3.62486
61 	100  	-2108.07	-2028.85	-2027.92	4.73179
62 	100  	-2069.61	-2028.73	-2027.92	3.273  
63 	100  	-2162.55	-2028.98	-2027.92	7.3653 
64 	100  	-2225.92	-2029.59	-2027.92	11.2576
65 	100  	-2677.89	-2030.4 	-2027.92	29.6233
66 	100  	-2080.18	-2028.68	-2027.4 	3.70631
67 	100  	-2085.51	-2028.75	-2027.4 	4.90764
68 	100  	-2052.49	-2028.31	-2027.4 	2.00588
69 	100  	-2096.84	-2028.36	-2027.4 	3.44629
70 	100  	-2149.3 	-2029.26	-2027.4 	9.04869
71 	100  	-2074.29	-2028.16	-2027.4 	2.76812
72 	100  	-2085.8 	-2028.17	-2027.4 	3.87487
73 	100  	-2132.66	-2028.31	-2027.4 	6.01879
74 	100  	-2051.56	-2027.93	-2027.4 	2.39366
75 	100  	-2081.94	-2028.05	-2027.4 	3.49353
76 	100  	-2087.14	-2028.22	-2027.22	4.51738
77 	100  	-2170.23	-2028.65	-2027.1 	8.1762 
78 	100  	-2229.09	-2028.47	-2027.1 	9.78819
79 	100  	-2147.11	-2028.05	-2026.7 	5.88661
80 	100  	-2451.17	-2029.37	-2026.7 	20.3252
81 	100  	-2074.52	-2027.81	-2026.7 	2.85697
82 	100  	-2397.95	-2029.29	-2026.7 	18.3394
83 	100  	-2116.45	-2027.7 	-2026.7 	4.39311
84 	100  	-2064.51	-2027.65	-2026.7 	3.34953
85 	100  	-2191.53	-2027.62	-2026.7 	7.72771
86 	100  	-2056.19	-2027.34	-2026.7 	2.99909
87 	100  	-2106.48	-2027.33	-2026.7 	4.12315
88 	100  	-2093.85	-2027.51	-2026.7 	4.33212
89 	100  	-2201.97	-2027.44	-2026.7 	8.15702
90 	100  	-2055.74	-2027.27	-2026.7 	3.0015 
91 	100  	-2082.92	-2027.12	-2026.7 	3.06764
92 	100  	-2062.12	-2027.34	-2026.7 	3.40001
93 	100  	-2246.05	-2027.7 	-2026.7 	10.8635
94 	100  	-2044.12	-2027.05	-2026.7 	1.66728
95 	100  	-2157.8 	-2027.84	-2026.7 	7.87881
96 	100  	-2056.02	-2027.25	-2026.7 	2.60352
97 	100  	-2131.67	-2027.49	-2026.7 	6.22623
98 	100  	-2067.76	-2027.38	-2026.7 	3.21464
99 	100  	-2058.13	-2027.1 	-2026.7 	2.17005
gen	depth	min     	avg     	max     	std    
0  	100  	-5261.25	-2177.98	-2062.39	162.032
1  	100  	-2293.64	-2122.67	-2058.94	31.341 
2  	100  	-2470.71	-2102.79	-2057.01	31.0027
3  	100  	-2305.81	-2090.03	-2052   	23.8028
4  	100  	-2231.7 	-2076.4 	-2052   	13.5408
5  	100  	-2283.24	-2069.74	-2050.48	16.9531
6  	100  	-2179.68	-2063.89	-2047.76	11.8767
7  	100  	-2153.34	-2059.69	-2045.59	11.3268
8  	100  	-2546.02	-2056.73	-2043.08	23.2596
9  	100  	-2117.99	-2053.22	-2041.24	7.10558
10 	100  	-2142.95	-2050.74	-2040.98	8.29537
11 	100  	-2098.19	-2047.84	-2038.14	5.29706
12 	100  	-2466.92	-2047.48	-2036.11	22.3019
13 	100  	-2466.52	-2046.04	-2036.02	22.0701
14 	100  	-2136.85	-2042.85	-2035.54	8.3726 
15 	100  	-2209.02	-2041.74	-2034.76	12.845 
16 	100  	-2121.62	-2039.65	-2034.06	5.88615
17 	100  	-2688.2 	-2040.22	-2034.06	32.0672
18 	100  	-2095.38	-2037.91	-2033.62	5.77711
19 	100  	-2421.92	-2038.25	-2033.62	20.2879
20 	100  	-2204.15	-2037.11	-2033.24	12.0451
21 	100  	-3523.51	-2042.69	-2033.06	92.2877
22 	100  	-2350.61	-2036.62	-2032.67	17.8374
23 	100  	-2087.02	-2034.78	-2032.54	3.40715
24 	100  	-2573.11	-2035.88	-2031.54	25.171 
25 	100  	-2175.55	-2034.94	-2031.54	11.6989
26 	100  	-2272.26	-2035.67	-2031.02	18.3147
27 	100  	-2089.39	-2033.14	-2031.02	3.30676
28 	100  	-2197.71	-2033.48	-2030.72	9.70594
29 	100  	-2340.62	-2033.19	-2030.32	14.201 
30 	100  	-2098.98	-2032.53	-2030.19	5.32775
31 	100  	-2178.54	-2032.62	-2030.14	9.4621 
32 	100  	-2108.23	-2031.73	-2030.02	4.92387
33 	100  	-2223.6 	-2032.06	-2029.62	9.79408
34 	100  	-2588.57	-2032.44	-2029.49	25.8003
35 	100  	-2243.68	-2032.02	-2029.49	12.4007
36 	100  	-2099.17	-2031.04	-2029.49	5.86787
37 	100  	-2074.06	-2030.89	-2029.32	4.39932
38 	100  	-2088.41	-2030.28	-2029.32	3.77554
39 	100  	-2089.7 	-2030.23	-2029.32	3.94105
40 	100  	-2082.82	-2030.04	-2029.32	3.56986
41 	100  	-2077.09	-2030.33	-2029.32	3.78124
42 	100  	-2356.87	-2032.25	-2029.32	23.87  
43 	100  	-2293.67	-2031.35	-2029.32	16.2271
44 	100  	-2093.96	-2030.46	-2028.8 	6.18307
45 	100  	-2092.51	-2030.04	-2028.8 	3.7538 
46 	100  	-2155.34	-2030.77	-2028.8 	8.59736
47 	100  	-2581.65	-2032.19	-2028.8 	31.3375
48 	100  	-2245.75	-2030.7 	-2028.62	12.4019
49 	100  	-2320.22	-2031.19	-2028.62	18.4357
50 	100  	-2161.66	-2030.45	-2028.62	9.33147
51 	100  	-2156.68	-2030.06	-2028.62	8.37933
52 	100  	-2082.05	-2029.7 	-2028.1 	4.68453
53 	100  	-4285.44	-2039.17	-2028.1 	125.411
54 	100  	-2158.66	-2029.96	-2027.92	8.76138
55 	100  	-2243.28	-2030   	-2027.92	10.8025
56 	100  	-2070.15	-2029.37	-2027.8 	3.60442
57 	100  	-2071.59	-2029.07	-2027.8 	3.3137 
58 	100  	-2093.96	-2029.09	-2027.8 	4.84845
59 	100  	-2178.51	-2029.44	-2027.8 	9.71721
60 	100  	-2069.07	-2028.56	-2027.8 	3.01208
61 	100  	-2803.51	-2030.24	-2027.4 	35.2399
62 	100  	-2066.6 	-2028.5 	-2027.4 	3.23048
63 	100  	-2089.53	-2028.46	-2027.4 	3.96553
64 	100  	-2070.73	-2028.42	-2027.4 	3.17717
65 	100  	-2157.4 	-2028.87	-2027.4 	8.32285
66 	100  	-2116.26	-2028.77	-2027.4 	6.94395
67 	100  	-2101.91	-2028.65	-2027.4 	5.41048
68 	100  	-2056.1 	-2028.21	-2027.4 	2.59387
69 	100  	-2103.14	-2028.62	-2027.4 	5.94755
70 	100  	-2109.52	-2028.15	-2027.4 	4.91091
71 	100  	-2058.87	-2027.83	-2027.4 	2.41774
72 	100  	-2046.75	-2027.75	-2027.22	1.75851
73 	100  	-2071.43	-2028.1 	-2027.22	3.47617
74 	100  	-2084.44	-2027.92	-2027.22	3.48406
75 	100  	-2155.75	-2028.76	-2027.22	9.66019
76 	100  	-2054.47	-2027.85	-2027.1 	2.6113 
77 	100  	-2086.9 	-2027.95	-2027.1 	4.33958
78 	100  	-2109.17	-2028.04	-2027.1 	5.46459
79 	100  	-2263.48	-2028.78	-2027.1 	14.1663
80 	100  	-2044.42	-2027.54	-2027.1 	1.70793
81 	100  	-2065.38	-2027.86	-2027.1 	3.30783
82 	100  	-2048.32	-2027.46	-2027.1 	1.55903
83 	100  	-2051.08	-2027.49	-2027.1 	1.90954
84 	100  	-2186.88	-2028.22	-2026.7 	8.12536
85 	100  	-2069.57	-2027.76	-2026.7 	3.29577
86 	100  	-2053.08	-2027.59	-2026.7 	2.40302
87 	100  	-2088.3 	-2027.78	-2026.7 	4.16223
88 	100  	-2202.27	-2028.22	-2026.7 	10.1364
89 	100  	-2073.7 	-2027.58	-2026.7 	3.60386
90 	100  	-2071.74	-2027.66	-2026.52	4.4061 
91 	100  	-2056.72	-2027.24	-2026.52	2.61976
92 	100  	-2207.43	-2027.39	-2026.52	8.35866
93 	100  	-2072.71	-2027.19	-2026.52	2.96314
94 	100  	-2043.84	-2026.97	-2026.52	1.63108
95 	100  	-2063.82	-2027.11	-2026.52	2.67496
96 	100  	-2118.42	-2027.44	-2026.52	6.82681
97 	100  	-2051.55	-2026.77	-2026.52	1.46532
98 	100  	-2080.94	-2027.25	-2026.52	3.47872
99 	100  	-2134.65	-2027.3 	-2026.52	5.63224
gen	depth	min     	avg     	max     	std    
0  	100  	-2793.66	-2168.52	-2058.32	91.1499
1  	100  	-3420.92	-2119.67	-2058.32	85.3524
2  	100  	-2290.73	-2093.84	-2049.91	24.6296
3  	100  	-2652.19	-2082.58	-2048.13	35.8781
4  	100  	-2341.52	-2071.34	-2047.83	18.478 
5  	100  	-2339.26	-2064.27	-2047.63	15.7441
6  	100  	-2628.94	-2062.01	-2044.68	35.7243
7  	100  	-2393.97	-2056.7 	-2041.18	22.2273
8  	100  	-2424.83	-2052.89	-2040.7 	20.1825
9  	100  	-2195.22	-2049.47	-2040.11	10.5467
10 	100  	-2530.84	-2048.68	-2039.86	25.1959
11 	100  	-2315.08	-2045.8 	-2039.13	15.7479
12 	100  	-2630.69	-2046.14	-2038.72	33.4457
13 	100  	-2395.28	-2043.39	-2037.64	17.0596
14 	100  	-2330.97	-2042.39	-2037.64	15.5687
15 	100  	-2117.17	-2041.39	-2036.76	6.73187
16 	100  	-2174.32	-2041.61	-2036.7 	10.1101
17 	100  	-2156.46	-2041.48	-2036.7 	9.94828
18 	100  	-2295.19	-2041.39	-2036.69	16.1761
19 	100  	-2145.37	-2039.73	-2035.29	7.81899
20 	100  	-2181.04	-2039.49	-2035.29	9.93003
21 	100  	-2123.09	-2038.52	-2035.29	5.93553
22 	100  	-2690.15	-2039.7 	-2035.17	30.7877
23 	100  	-2136.62	-2038.35	-2034.47	9.39679
24 	100  	-2128.69	-2037.18	-2034.47	6.40376
25 	100  	-2325.77	-2037.82	-2034.47	15.6445
26 	100  	-2228.79	-2037.52	-2034.09	13.1021
27 	100  	-2075.91	-2036.17	-2033.39	4.12177
28 	100  	-2227.65	-2036.3 	-2033.39	9.99059
29 	100  	-2106.42	-2035.91	-2033.34	6.47437
30 	100  	-2164.33	-2036.22	-2032.95	11.0366
31 	100  	-2126.79	-2035.15	-2032.81	5.77087
32 	100  	-2250.17	-2035.44	-2032.14	11.1808
33 	100  	-2069.39	-2034.3 	-2031.99	3.4843 
34 	100  	-2107.83	-2034.45	-2031.94	5.98423
35 	100  	-2151.9 	-2034.14	-2031.44	6.49905
36 	100  	-2153.54	-2033.59	-2031.44	5.81121
37 	100  	-3054.63	-2036.88	-2031.29	51.4174
38 	100  	-2176.77	-2033.89	-2031.02	9.24162
39 	100  	-2152.05	-2032.95	-2030.59	6.79295
40 	100  	-2104.09	-2032.9 	-2029.92	6.04837
41 	100  	-2384.47	-2033.83	-2029.92	21.5714
42 	100  	-2336.4 	-2032.99	-2029.89	17.4995
43 	100  	-2062.76	-2031.53	-2029.32	2.8958 
44 	100  	-2266.51	-2032.54	-2029.32	14.8893
45 	100  	-2241.16	-2031.51	-2029.19	10.2378
46 	100  	-2057.58	-2030.75	-2029.19	2.81737
47 	100  	-9415.68	-2045.54	-2029.19	329.98 
48 	100  	-2119.76	-2030.74	-2028.8 	6.86186
49 	100  	-2074.93	-2030.14	-2028.62	3.39965
50 	100  	-2102.29	-2030.2 	-2028.62	5.11006
51 	100  	-2158.79	-2030.44	-2028.62	9.152  
52 	100  	-2061.53	-2029.77	-2028.49	3.19848
53 	100  	-2253.54	-2030.16	-2028.49	10.6338
54 	100  	-2278.09	-2030.39	-2028.49	12.9104
55 	100  	-2112.15	-2030.02	-2028.49	6.65118
56 	100  	-2074.8 	-2029.35	-2028.49	3.58507
57 	100  	-2108.58	-2029.25	-2027.92	4.8233 
58 	100  	-2086.71	-2029.2 	-2027.92	3.91149
59 	100  	-2144.02	-2029.62	-2027.92	6.85873
60 	100  	-2246.85	-2029.89	-2027.92	11.3253
61 	100  	-2070.36	-2029.24	-2027.92	3.83627
62 	100  	-2341   	-2030.21	-2027.92	18.1469
63 	100  	-2416.2 	-2031.75	-2027.92	28.708 
64 	100  	-3939.21	-2033.64	-2027.8 	86.1514
65 	100  	-2141.03	-2029.2 	-2027.8 	7.31885
66 	100  	-2197.86	-2028.92	-2027.8 	8.84494
67 	100  	-2059.55	-2028.55	-2027.8 	3.22688
68 	100  	-2106.48	-2028.86	-2027.8 	4.92181
69 	100  	-2355.28	-2029.36	-2027.8 	15.4239
70 	100  	-2064.35	-2028.49	-2027.8 	3.05687
71 	100  	-2086.85	-2029.24	-2027.8 	7.03792
72 	100  	-2217.21	-2029.47	-2027.8 	11.1207
73 	100  	-2216.69	-2029.17	-2027.4 	11.0674
74 	100  	-2052.52	-2028.41	-2027.4 	2.8304 
75 	100  	-2089.52	-2028.69	-2027.4 	4.47526
76 	100  	-2057.6 	-2028.29	-2027.4 	2.54966
77 	100  	-2114.44	-2028.56	-2027.4 	4.70642
78 	100  	-2204.55	-2029.18	-2027.4 	10.2861
79 	100  	-2152.81	-2028.36	-2027.22	6.14216
80 	100  	-2061.67	-2027.86	-2027.22	2.15169
81 	100  	-2350.18	-2028.94	-2027.1 	15.4036
82 	100  	-2087   	-2028.24	-2027.1 	4.73923
83 	100  	-2764.4 	-2029.65	-2026.7 	34.197 
84 	100  	-2079.36	-2028.22	-2026.7 	4.64191
85 	100  	-2422.02	-2028.54	-2026.7 	17.8451
86 	100  	-2052.65	-2027.64	-2026.7 	2.52107
87 	100  	-2162.95	-2028.42	-2026.7 	9.57302
88 	100  	-2116.38	-2027.79	-2026.7 	4.99811
89 	100  	-2233.37	-2028.2 	-2026.7 	10.8227
90 	100  	-2058.17	-2027.21	-2026.7 	2.37818
91 	100  	-2064.46	-2027.46	-2026.7 	3.77189
92 	100  	-2078.36	-2027.52	-2026.4 	4.18903
93 	100  	-2071.32	-2027.43	-2026.4 	3.70686
94 	100  	-2078.37	-2027.35	-2026.4 	3.67446
95 	100  	-2060.9 	-2027.37	-2026.4 	2.8548 
96 	100  	-2910.75	-2029.18	-2026.4 	39.6642
97 	100  	-2091.87	-2027.51	-2026.4 	4.99329
98 	100  	-2187.78	-2027.47	-2026.4 	8.05899
99 	100  	-2175.92	-2027.62	-2026.4 	7.89893
gen	depth	min     	avg     	max     	std    
0  	100  	-3103.15	-2172.27	-2066.02	95.0486
1  	100  	-2811.98	-2122.04	-2053.28	46.1208
2  	100  	-2551.13	-2101.18	-2053.28	39.6344
3  	100  	-2480.39	-2085.35	-2050.76	26.6811
4  	100  	-2325.37	-2074.18	-2050.06	18.0774
5  	100  	-2257.01	-2066.71	-2047.3 	14.9865
6  	100  	-2126.58	-2061   	-2044.08	7.4402 
7  	100  	-2352.06	-2059.31	-2044.08	20.9049
8  	100  	-2155.71	-2054.78	-2043.86	8.49935
9  	100  	-2148.76	-2052.6 	-2042.26	7.98892
10 	100  	-3278.32	-2054.47	-2040.29	57.5893
11 	100  	-2768.77	-2051.97	-2040.29	45.412 
12 	100  	-2218.61	-2046.84	-2039.46	9.89651
13 	100  	-2151.33	-2045.56	-2039.46	9.0415 
14 	100  	-2240.15	-2044.43	-2037.73	13.3894
15 	100  	-2160.96	-2043   	-2036.04	8.55733
16 	100  	-2204.2 	-2041.94	-2036.04	8.90755
17 	100  	-2179.08	-2042.06	-2035.44	12.5242
18 	100  	-2214.3 	-2041.62	-2035.24	14.0286
19 	100  	-2203.96	-2040.23	-2035.21	10.297 
20 	100  	-2177.56	-2039.28	-2035.21	8.75129
21 	100  	-2067.19	-2037.97	-2034.54	3.24642
22 	100  	-2401.12	-2038.45	-2034.54	17.1277
23 	100  	-2153.2 	-2037.46	-2033.54	7.91408
24 	100  	-2209.23	-2037.84	-2032.54	14.3081
25 	100  	-2241.16	-2036.16	-2032.54	9.90481
26 	100  	-2532.89	-2036.76	-2031.72	23.4479
27 	100  	-2069.73	-2034.74	-2031.59	3.64633
28 	100  	-2141.42	-2034.97	-2031.32	7.84863
29 	100  	-2109.52	-2034.05	-2031.32	5.98194
30 	100  	-2102.15	-2033.39	-2031.32	5.42047
31 	100  	-2191.1 	-2033.71	-2031.02	12.153 
32 	100  	-2067.75	-2032.27	-2031.02	3.46436
33 	100  	-2197.39	-2032.79	-2031.02	9.33549
34 	100  	-2084.38	-2032.2 	-2030.89	4.28702
35 	100  	-2135.11	-2032.46	-2030.4 	7.85901
36 	100  	-2118.36	-2032.52	-2030.4 	6.77876
37 	100  	-2278.04	-2033.08	-2030.4 	16.2845
38 	100  	-2076.64	-2031.9 	-2030.14	3.50203
39 	100  	-2288.9 	-2032.95	-2030.14	14.208 
40 	100  	-2092.26	-2031.58	-2029.44	3.67172
41 	100  	-2141.96	-2031.8 	-2029.44	7.35345
42 	100  	-2061.73	-2030.72	-2029.44	2.1429 
43 	100  	-2228.53	-2031.51	-2029.44	10.52  
44 	100  	-2363.91	-2031.55	-2029.32	16.8816
45 	100  	-2085.69	-2030.72	-2029.32	5.47251
46 	100  	-2126.85	-2030.52	-2029.32	6.96553
47 	100  	-2054.57	-2029.87	-2029.32	2.21938
48 	100  	-2173.15	-2030.46	-2028.62	7.58842
49 	100  	-2167.29	-2030.57	-2028.62	8.22606
50 	100  	-2097.19	-2030.44	-2028.62	6.27814
51 	100  	-2106.48	-2029.75	-2028.62	3.83453
52 	100  	-2048.79	-2029.49	-2028.62	1.60536
53 	100  	-2153.69	-2030.32	-2028.62	8.07225
54 	100  	-2164.95	-2029.92	-2028.62	7.19138
55 	100  	-2479.97	-2030.73	-2028.62	20.8629
56 	100  	-2592.87	-2030.51	-2028.44	25.6827
57 	100  	-2082.68	-2029.52	-2027.92	4.28641
58 	100  	-2052.9 	-2029.11	-2027.92	2.36169
59 	100  	-2084.14	-2029.18	-2027.92	3.36619
60 	100  	-2109.7 	-2029.27	-2027.92	5.02148
61 	100  	-2147.41	-2029.49	-2027.92	6.20816
62 	100  	-2292.63	-2029.86	-2027.92	13.8542
63 	100  	-2068.51	-2028.65	-2027.8 	2.81167
64 	100  	-2212.01	-2029.12	-2027.22	9.11978
65 	100  	-2082.53	-2028.56	-2027.22	3.68909
66 	100  	-2090.86	-2028.49	-2027.22	4.18244
67 	100  	-2058.85	-2028.38	-2027.1 	2.75304
68 	100  	-2429.79	-2029.88	-2027.1 	21.3991
69 	100  	-2085.51	-2028.43	-2027.1 	4.33964
70 	100  	-2048.28	-2027.96	-2027.1 	2.16282
71 	100  	-2079.94	-2028.11	-2027.1 	4.2251 
72 	100  	-2264.32	-2027.93	-2027.1 	10.6712
73 	100  	-2174.05	-2027.95	-2027.1 	7.08793
74 	100  	-2096.53	-2027.63	-2026.7 	3.51654
75 	100  	-2077   	-2027.62	-2026.7 	3.34305
76 	100  	-2091.27	-2027.79	-2026.7 	3.80537
77 	100  	-2080.75	-2027.66	-2026.7 	3.32131
78 	100  	-2057.88	-2027.46	-2026.7 	2.45232
79 	100  	-2223.22	-2028.08	-2026.7 	10.0753
80 	100  	-2154.6 	-2027.56	-2026.7 	6.53964
81 	100  	-2243.66	-2028.38	-2026.7 	13.7697
82 	100  	-2123.46	-2028.13	-2026.7 	8.49381
83 	100  	-2120.54	-2027.57	-2026.7 	5.55977
84 	100  	-2094.14	-2027.59	-2026.52	4.67368
85 	100  	-2071.85	-2027.43	-2026.52	3.40111
86 	100  	-2480.86	-2028.69	-2026.52	22.3399
87 	100  	-2062.12	-2027.24	-2026.52	2.81229
88 	100  	-2093.85	-2027.38	-2026.52	4.77491
89 	100  	-2050.27	-2027.12	-2026.4 	2.14174
90 	100  	-2708.16	-2028.91	-2026.4 	31.0993
91 	100  	-2071.85	-2027.16	-2026.4 	3.21024
92 	100  	-2059.44	-2026.94	-2026.4 	2.19517
93 	100  	-2128.5 	-2027.72	-2026.4 	7.97501
94 	100  	-2204.44	-2028.06	-2026.4 	11.4907
95 	100  	-2062.92	-2027.13	-2026.4 	3.36405
96 	100  	-2197.98	-2027.73	-2026.4 	10.1204
97 	100  	-2160.86	-2027.4 	-2026.4 	8.49816
98 	100  	-2092.85	-2027.5 	-2026.4 	5.84965
99 	100  	-2144.91	-2027.07	-2026.4 	5.88343
gen	depth	min     	avg     	max     	std    
0  	100  	-2662.63	-2173.27	-2065.87	86.0581
1  	100  	-2314.39	-2124.81	-2055.6 	35.6478
2  	100  	-2254.4 	-2099.61	-2050.62	22.5063
3  	100  	-2721.39	-2087.5 	-2047.84	34.8416
4  	100  	-2310.46	-2076.91	-2047.84	18.9568
5  	100  	-2230.8 	-2069.66	-2047.84	12.7561
6  	100  	-2255.2 	-2064.78	-2047.84	14.352 
7  	100  	-2130.17	-2058.56	-2047.84	8.40491
8  	100  	-2995.76	-2056.48	-2045.57	42.8652
9  	100  	-2189.13	-2051.79	-2044.3 	9.86393
10 	100  	-2201.82	-2050.18	-2044.3 	10.359 
11 	100  	-2161.12	-2049.49	-2042.23	8.20153
12 	100  	-2117.35	-2048.68	-2040.44	6.78504
13 	100  	-2123.01	-2047.94	-2040.43	6.80035
14 	100  	-2327.4 	-2047.63	-2039.57	15.1467
15 	100  	-2169.19	-2045.91	-2038.08	9.46203
16 	100  	-2220.29	-2044.62	-2038.08	12.9428
17 	100  	-2268.49	-2043.06	-2038.08	14.093 
18 	100  	-2112.3 	-2041.56	-2036.81	5.96748
19 	100  	-2195.14	-2040.98	-2036.56	8.53141
20 	100  	-2194.83	-2040.92	-2035.86	11.1198
21 	100  	-2117.4 	-2039.58	-2035.34	6.68167
22 	100  	-2172.82	-2039.5 	-2035.04	9.10926
23 	100  	-2095.47	-2038.25	-2034.34	4.53245
24 	100  	-2101.23	-2037.79	-2034.34	5.31078
25 	100  	-2180.66	-2037.54	-2033.64	8.14302
26 	100  	-2779.46	-2037.66	-2033.64	33.4374
27 	100  	-2177.82	-2036.19	-2033.51	8.7349 
28 	100  	-2059.19	-2034.9 	-2032.81	2.58848
29 	100  	-2121.51	-2034.94	-2032.81	5.42216
30 	100  	-2170.54	-2035.04	-2032.54	8.29345
31 	100  	-2247.4 	-2035.18	-2032.29	13.7881
32 	100  	-2117.6 	-2034.66	-2032.11	7.06875
33 	100  	-2051.66	-2033.59	-2032.11	2.14173
34 	100  	-2164.71	-2034.95	-2031.84	12.759 
35 	100  	-2131.76	-2033.78	-2031.72	7.09115
36 	100  	-2341.23	-2035.1 	-2031.42	17.2615
37 	100  	-2325.67	-2033.84	-2031.42	14.38  
38 	100  	-2131.82	-2033.49	-2031.42	8.26058
39 	100  	-2221.91	-2033.16	-2031.42	9.63336
40 	100  	-2283.31	-2034.27	-2031.02	17.459 
41 	100  	-2153.62	-2033.13	-2031.02	8.21772
42 	100  	-2072.77	-2032.17	-2031.02	3.31982
43 	100  	-2090.86	-2032.18	-2030.72	4.72936
44 	100  	-2104.19	-2032.19	-2030.72	4.75013
45 	100  	-2080.35	-2032   	-2030.72	4.80808
46 	100  	-2187.81	-2033.11	-2030.59	12.2625
47 	100  	-2093.08	-2031.93	-2030.32	4.28303
48 	100  	-2250.37	-2032.27	-2030.02	11.3348
49 	100  	-2081.18	-2031.55	-2029.62	4.32539
50 	100  	-2100.51	-2031.66	-2029.62	5.05624
51 	100  	-2097.84	-2031.34	-2029.19	4.55147
52 	100  	-2109.39	-2031.26	-2028.62	5.31792
53 	100  	-2077.2 	-2030.71	-2028.49	3.14   
54 	100  	-2074.35	-2030.59	-2028.49	3.99958
55 	100  	-2100.92	-2030.34	-2028.49	4.31034
56 	100  	-2066.31	-2030.17	-2028.49	3.7522 
57 	100  	-2068.86	-2029.86	-2028.49	3.51132
58 	100  	-2066.61	-2029.39	-2028.49	2.74423
59 	100  	-2066.88	-2029.21	-2028.49	2.74812
60 	100  	-2062.35	-2029.13	-2028.49	2.81808
61 	100  	-2184.32	-2029.35	-2028.49	7.64381
62 	100  	-2283.85	-2030.39	-2028.49	17.9019
63 	100  	-2242.58	-2029.42	-2028.22	10.2175
64 	100  	-2112.56	-2029.77	-2028.22	7.71608
65 	100  	-2091.1 	-2029.34	-2028.22	4.42081
66 	100  	-2269.01	-2029.91	-2027.8 	12.8894
67 	100  	-2178.86	-2029.22	-2027.8 	7.1832 
68 	100  	-2101.16	-2029.2 	-2027.8 	4.81868
69 	100  	-2099.05	-2028.98	-2027.8 	4.70775
70 	100  	-2067.81	-2028.58	-2027.8 	2.48257
71 	100  	-2530.39	-2030.1 	-2027.8 	23.6043
72 	100  	-2167.67	-2029.21	-2027.52	8.77285
73 	100  	-2062.23	-2028.6 	-2027.52	3.1363 
74 	100  	-2097.76	-2028.57	-2027.52	5.10101
75 	100  	-2082.04	-2028.33	-2027.52	3.39732
76 	100  	-2108.85	-2028.62	-2027.52	4.82623
77 	100  	-2065.94	-2028.2 	-2027.52	2.93715
78 	100  	-2091.29	-2028.38	-2027.52	4.40539
79 	100  	-2074.51	-2028.29	-2027.22	3.84093
80 	100  	-2109.17	-2028.57	-2027.22	6.09403
81 	100  	-2056.03	-2028.02	-2027.1 	2.37519
82 	100  	-2044.24	-2027.9 	-2027.1 	1.82808
83 	100  	-2116.03	-2028.31	-2027.1 	5.9645 
84 	100  	-2118.66	-2028.48	-2027.1 	7.17597
85 	100  	-2132.36	-2028.23	-2027.1 	6.02937
86 	100  	-2068.16	-2027.84	-2027.1 	3.4497 
87 	100  	-2091.46	-2027.89	-2026.52	4.32621
88 	100  	-2044.8 	-2027.49	-2026.52	1.9119 
89 	100  	-2060.97	-2027.44	-2026.52	2.3149 
90 	100  	-2138.28	-2027.88	-2026.4 	7.06606
91 	100  	-2072.31	-2027.6 	-2026.4 	3.35587
92 	100  	-2067.01	-2027.3 	-2026.4 	2.74117
93 	100  	-2133.42	-2027.6 	-2026.4 	6.498  
94 	100  	-2053.58	-2026.99	-2026.4 	2.34597
95 	100  	-2060.83	-2027.36	-2026.4 	3.6273 
96 	100  	-2080.24	-2027.2 	-2026.4 	4.1198 
97 	100  	-2130.07	-2027.04	-2026.4 	5.09318
98 	100  	-2115.03	-2027.24	-2026.4 	6.61725
99 	100  	-2069.25	-2026.88	-2026.4 	2.81602
gen	depth	min     	avg     	max     	std    
0  	100  	-2541.26	-2160.08	-2060.92	74.7095
1  	100  	-8085.65	-2132.76	-2060.92	280.527
2  	100  	-2294.73	-2096.63	-2060.92	22.546 
3  	100  	-3674.02	-2090.79	-2058.27	84.1936
4  	100  	-2292.27	-2075.85	-2053.36	15.4362
5  	100  	-2992.63	-2071.41	-2045.28	45.2337
6  	100  	-2274.74	-2064.54	-2045.28	13.4285
7  	100  	-2254.84	-2061.47	-2045.26	14.7648
8  	100  	-2121.46	-2057.78	-2045.23	7.26923
9  	100  	-2249.3 	-2056.16	-2043.16	14.9459
10 	100  	-2295.68	-2053.85	-2040.34	18.9622
11 	100  	-2099.85	-2049.47	-2040.12	5.65086
12 	100  	-2683   	-2051.1 	-2037.61	42.8272
13 	100  	-2242.93	-2045.46	-2037.61	12.8326
14 	100  	-2198.47	-2043.8 	-2036.81	9.24967
15 	100  	-2708.72	-2044.74	-2036.11	32.3633
16 	100  	-2100.85	-2040.89	-2034.6 	5.88674
17 	100  	-2248.2 	-2041.02	-2033.32	14.7631
18 	100  	-2321.45	-2039.88	-2033.24	15.3511
19 	100  	-2127.21	-2037.93	-2033.11	6.14358
20 	100  	-2150.07	-2037.25	-2033.11	7.27784
21 	100  	-2218.79	-2036.97	-2033.08	11.6156
22 	100  	-2200.88	-2035.84	-2032.62	8.81077
23 	100  	-2170.73	-2034.83	-2031.92	6.9536 
24 	100  	-2092.62	-2034.72	-2031.54	5.88564
25 	100  	-2153.93	-2034.07	-2031.42	6.16986
26 	100  	-2405.64	-2034.7 	-2031.22	18.1465
27 	100  	-2116.77	-2033.96	-2030.02	7.82979
28 	100  	-2134.22	-2034.25	-2030.02	11.5746
29 	100  	-2110.22	-2032.59	-2030.02	4.71782
30 	100  	-2098.04	-2032.54	-2030.02	5.50105
31 	100  	-2105.8 	-2031.72	-2030.02	3.68485
32 	100  	-2516.33	-2032.58	-2029.32	22.0659
33 	100  	-2140.86	-2031.49	-2029.19	7.60345
34 	100  	-3401.88	-2033.47	-2028.74	61.3603
35 	100  	-2154.9 	-2031.01	-2028.74	7.16526
36 	100  	-2388.36	-2031.24	-2028.74	17.4044
37 	100  	-2205.79	-2030.77	-2028.74	9.39874
38 	100  	-2174.57	-2030.75	-2028.62	10.134 
39 	100  	-2046.06	-2029.51	-2028.62	1.77835
40 	100  	-2114.84	-2029.91	-2028.62	5.86189
41 	100  	-2535.61	-2032.12	-2028.49	33.4607
42 	100  	-2044.24	-2029.01	-2028.49	1.48128
43 	100  	-2388.97	-2030.11	-2028.49	16.7741
44 	100  	-2132.49	-2029.83	-2028.49	6.84191
45 	100  	-2090.98	-2029.45	-2028.49	4.65208
46 	100  	-2358.2 	-2030.7 	-2028.49	17.0283
47 	100  	-2340.55	-2030.29	-2028.49	16.4641
48 	100  	-2253.37	-2029.99	-2028.49	11.6611
49 	100  	-2208.4 	-2029.4 	-2027.92	8.73053
50 	100  	-2131.77	-2029.36	-2027.92	5.67778
51 	100  	-2107.88	-2029.32	-2027.92	5.6968 
52 	100  	-2059.77	-2028.92	-2027.92	2.7681 
53 	100  	-2099.92	-2029.28	-2027.92	5.55076
54 	100  	-2141.25	-2029   	-2027.8 	6.60828
55 	100  	-2111.86	-2028.99	-2027.8 	6.98792
56 	100  	-2070.73	-2028.4 	-2027.8 	2.64115
57 	100  	-2335.4 	-2029.05	-2027.8 	13.9416
58 	100  	-2284.98	-2029.96	-2027.8 	16.6609
59 	100  	-2081.24	-2028.53	-2027.8 	3.72883
60 	100  	-2095.54	-2028.48	-2027.22	4.43684
61 	100  	-2108.76	-2029.11	-2027.1 	6.64465
62 	100  	-2646.6 	-2030.1 	-2027.1 	29.413 
63 	100  	-2143.62	-2028.7 	-2027.1 	7.34312
64 	100  	-2288.84	-2028.7 	-2027.1 	12.1914
65 	100  	-2107.99	-2027.99	-2027.1 	4.80253
66 	100  	-2947.56	-2030.36	-2027.1 	43.4734
67 	100  	-2054.62	-2027.68	-2027.1 	2.80822
68 	100  	-2055.7 	-2027.57	-2027.1 	2.36223
69 	100  	-2131.36	-2028.21	-2027.1 	7.10426
70 	100  	-2166.24	-2028.34	-2027.1 	7.98705
71 	100  	-2175.22	-2028.23	-2027.1 	8.99336
72 	100  	-2203.95	-2028.18	-2027.1 	8.9171 
73 	100  	-2067.32	-2027.74	-2027.1 	3.11922
74 	100  	-2086.04	-2027.69	-2027.1 	3.26569
75 	100  	-2187.59	-2027.96	-2027.1 	7.95966
76 	100  	-2082.33	-2027.83	-2027.1 	3.92151
77 	100  	-2063.92	-2027.61	-2027.1 	2.8058 
78 	100  	-2106.14	-2027.95	-2027.1 	5.21548
79 	100  	-2198.45	-2028.3 	-2027.1 	11.1778
80 	100  	-2051.38	-2027.5 	-2027.1 	2.06677
81 	100  	-2055.44	-2027.61	-2026.52	2.42474
82 	100  	-2060.25	-2027.64	-2026.52	2.39709
83 	100  	-2099.35	-2027.7 	-2026.52	4.08242
84 	100  	-2072.01	-2027.56	-2026.52	2.66705
85 	100  	-2062.52	-2027.4 	-2026.52	2.73207
86 	100  	-2103.49	-2027.66	-2026.52	4.86251
87 	100  	-2073.57	-2027.05	-2026.52	2.74226
88 	100  	-2073.42	-2027.1 	-2026.52	3.05044
89 	100  	-2117.2 	-2027.84	-2026.52	7.47902
90 	100  	-2054.01	-2026.9 	-2026.52	2.07016
91 	100  	-2310.24	-2027.96	-2026.52	13.7251
92 	100  	-2109.55	-2027.49	-2026.4 	6.0624 
93 	100  	-2166.22	-2027.36	-2026.4 	7.65745
94 	100  	-2367.17	-2027.9 	-2026.4 	15.6906
95 	100  	-2089.33	-2027.22	-2026.4 	4.00544
96 	100  	-2179.5 	-2027.39	-2026.4 	7.66185
97 	100  	-2130.37	-2027.47	-2026.4 	6.0029 
98 	100  	-2099.17	-2027.04	-2026.4 	4.32615
99 	100  	-2053.02	-2026.82	-2026.4 	2.39069
gen	depth	min     	avg     	max     	std    
0  	100  	-3601.82	-2180.31	-2056.62	115.271
1  	100  	-2341.54	-2123.08	-2056.62	37.493 
2  	100  	-2244.81	-2097.93	-2055.27	23.1999
3  	100  	-3189.02	-2088.14	-2049.64	67.3573
4  	100  	-2471.81	-2073.99	-2049.64	22.0192
5  	100  	-2149.54	-2064.8 	-2044.88	9.23591
6  	100  	-2662.59	-2063.85	-2044.88	42.9833
7  	100  	-2202.75	-2057.06	-2043.8 	12.6826
8  	100  	-2426.17	-2055.68	-2043.03	25.9546
9  	100  	-2167.45	-2050.92	-2040.96	8.25508
10 	100  	-4408.31	-2055.77	-2040.96	115.597
11 	100  	-2538.56	-2049.33	-2040.96	29.417 
12 	100  	-2195.36	-2046.43	-2039.84	10.8934
13 	100  	-2386.79	-2046.49	-2039.29	20.4263
14 	100  	-2362.99	-2043.91	-2039.29	14.9013
15 	100  	-2273.98	-2043.09	-2037.29	12.1158
16 	100  	-2125.6 	-2041.7 	-2036.64	5.3461 
17 	100  	-2349.58	-2042.43	-2035.84	17.5264
18 	100  	-3003.55	-2043.14	-2035.81	46.2233
19 	100  	-2168.26	-2040.37	-2035.81	10.7834
20 	100  	-2500.04	-2042.5 	-2034.97	31.409 
21 	100  	-2121.42	-2038.29	-2034.97	6.87528
22 	100  	-2066.87	-2036.92	-2034.32	2.44128
23 	100  	-2212.18	-2037.83	-2034.32	12.2741
24 	100  	-2258.04	-2037.57	-2033.49	13.0966
25 	100  	-2073.5 	-2035.99	-2033.44	3.0779 
26 	100  	-3614.72	-2039.91	-2033.44	73.4129
27 	100  	-2105.55	-2035.75	-2032.99	6.18378
28 	100  	-2259.43	-2036.35	-2032.99	15.1516
29 	100  	-2178.24	-2036.06	-2032.74	13.5105
30 	100  	-2103.49	-2034.49	-2032.14	5.03717
31 	100  	-2091.82	-2034.04	-2032.14	3.63172
32 	100  	-4320.93	-2039.68	-2032.11	103.021
33 	100  	-2176.11	-2034.5 	-2032.11	9.52576
34 	100  	-2247.2 	-2034.19	-2032.05	11.0675
35 	100  	-2119.75	-2033.56	-2032.05	5.25102
36 	100  	-2120.45	-2033.62	-2031.89	6.5093 
37 	100  	-2137.21	-2033.38	-2031.29	6.52177
38 	100  	-2057.35	-2032.61	-2031.29	2.18441
39 	100  	-2124.6 	-2032.72	-2031.29	5.23142
40 	100  	-2129.83	-2032.98	-2030.59	6.87591
41 	100  	-2768.1 	-2035.41	-2030.59	41.5165
42 	100  	-2072.13	-2032.17	-2030.44	2.79894
43 	100  	-2068.42	-2031.89	-2030.14	2.69329
44 	100  	-2074.93	-2032.03	-2030.14	4.57   
45 	100  	-2159.62	-2032.06	-2029.89	8.14208
46 	100  	-3003.94	-2034.5 	-2029.89	45.4764
47 	100  	-2092.85	-2031.29	-2029.89	4.30984
48 	100  	-2193.62	-2032.07	-2029.74	12.3618
49 	100  	-2153.39	-2031.4 	-2029.74	8.12169
50 	100  	-2349.51	-2031.82	-2029.49	16.0628
51 	100  	-2201.48	-2031.75	-2029.49	10.3655
52 	100  	-2062.88	-2030.37	-2029.49	2.70615
53 	100  	-2095.08	-2030.65	-2029.49	4.85874
54 	100  	-2661.39	-2031.49	-2029.49	28.4544
55 	100  	-2210.87	-2030.42	-2029.49	8.62866
56 	100  	-2076.09	-2030.19	-2029.32	3.53242
57 	100  	-2131.15	-2030.79	-2029.32	7.36121
58 	100  	-2079.77	-2030.48	-2029.05	5.07554
59 	100  	-2176.51	-2030.65	-2029.05	9.40424
60 	100  	-2707.13	-2032.87	-2029.05	37.1026
61 	100  	-2103.01	-2030.19	-2029.05	5.08963
62 	100  	-2189.41	-2030.29	-2029.05	8.13018
63 	100  	-2782.84	-2031.88	-2028.8 	34.4406
64 	100  	-2101.32	-2030.05	-2028.8 	5.80321
65 	100  	-2088.84	-2029.92	-2028.8 	4.53884
66 	100  	-2046.77	-2029.53	-2028.62	2.18825
67 	100  	-2161.55	-2030.36	-2028.49	9.06473
68 	100  	-2168.17	-2029.75	-2028.49	6.77093
69 	100  	-2070.98	-2029.55	-2028.35	3.59435
70 	100  	-2093.26	-2029.68	-2028.35	5.32933
71 	100  	-2106.29	-2029.67	-2028.1 	6.10389
72 	100  	-2181.09	-2029.81	-2028.1 	9.33318
73 	100  	-2049.26	-2029.02	-2028.1 	2.43298
74 	100  	-2103.79	-2029.29	-2028.1 	5.12466
75 	100  	-2074.41	-2028.8 	-2028.1 	3.57165
76 	100  	-2450.53	-2030.02	-2028.1 	21.2118
77 	100  	-2098.06	-2028.75	-2028.1 	3.94196
78 	100  	-2073.12	-2028.67	-2027.92	3.08449
79 	100  	-2069.61	-2028.6 	-2027.92	2.7261 
80 	100  	-2129.2 	-2028.82	-2027.92	5.38527
81 	100  	-2091.4 	-2028.86	-2027.92	4.16119
82 	100  	-2165.77	-2028.76	-2027.52	6.63196
83 	100  	-2105.68	-2028.77	-2027.52	5.27453
84 	100  	-2127.78	-2028.95	-2027.52	6.21184
85 	100  	-2060.14	-2028.59	-2027.52	3.42746
86 	100  	-2081.59	-2028.35	-2027.4 	3.08639
87 	100  	-2145.14	-2028.51	-2027.4 	6.59071
88 	100  	-2201.15	-2028.97	-2027.4 	9.79292
89 	100  	-2060.09	-2028.01	-2027.4 	2.79404
90 	100  	-2617.32	-2029.86	-2027.4 	27.5855
91 	100  	-2064.84	-2028.2 	-2027.4 	3.58715
92 	100  	-2115.44	-2028.1 	-2027.4 	4.70535
93 	100  	-2066.26	-2028.1 	-2027.4 	3.46078
94 	100  	-2089.87	-2028.17	-2027.4 	4.99626
95 	100  	-2093.38	-2028.03	-2027.4 	4.28224
96 	100  	-2055.87	-2027.96	-2027.4 	2.59766
97 	100  	-2067.36	-2028.21	-2027.4 	3.80171
98 	100  	-2122.38	-2028.46	-2027.4 	6.05784
99 	100  	-2614.63	-2029.41	-2027.4 	26.6653
gen	depth	min     	avg     	max     	std    
0  	100  	-3204.68	-2170.65	-2058.52	98.3005
1  	100  	-3088.88	-2119.41	-2055.87	74.9374
2  	100  	-2287.67	-2090.88	-2053.15	21.8883
3  	100  	-2327.13	-2077.86	-2048.48	19.7779
4  	100  	-2462.46	-2070.15	-2048.48	29.0099
5  	100  	-2150.76	-2062.86	-2046.89	8.69791
6  	100  	-2151.47	-2059.19	-2046.04	9.54738
7  	100  	-2627.87	-2058.23	-2045.6 	29.9848
8  	100  	-2115.92	-2052.29	-2043.87	7.30783
9  	100  	-2222.26	-2051.9 	-2041.04	16.6552
10 	100  	-2125.23	-2048.86	-2039.76	6.25151
11 	100  	-2239.81	-2048.89	-2039.76	15.1608
12 	100  	-2504.92	-2047.98	-2037.94	23.5003
13 	100  	-2093.36	-2044.95	-2037.94	4.68239
14 	100  	-2279.39	-2044.53	-2037.94	12.512 
15 	100  	-2400.48	-2043.57	-2036.54	17.7844
16 	100  	-2145.98	-2041.57	-2036.35	7.34948
17 	100  	-2484.28	-2042.74	-2036.02	30.8055
18 	100  	-2361.08	-2040.5 	-2035.02	16.9476
19 	100  	-2172.11	-2038.65	-2035.02	7.38984
20 	100  	-2085.25	-2037.88	-2034.34	4.4654 
21 	100  	-2153.26	-2037.35	-2034.24	6.86079
22 	100  	-2094.19	-2036.58	-2033.62	3.61894
23 	100  	-2181.63	-2036.52	-2033.62	7.53609
24 	100  	-2073.82	-2035.53	-2032.92	2.81236
25 	100  	-2109.32	-2035.82	-2032.8 	6.87418
26 	100  	-2189.64	-2034.95	-2032.1 	7.35571
27 	100  	-2141.09	-2034.86	-2030.72	6.69692
28 	100  	-2129.94	-2034.33	-2030.59	6.52248
29 	100  	-2105.51	-2033.43	-2030.59	4.05009
30 	100  	-2243.19	-2033.3 	-2030.59	9.67343
31 	100  	-2105.08	-2032.97	-2029.89	5.60037
32 	100  	-2105.4 	-2032.18	-2029.32	5.27711
33 	100  	-3372.28	-2034.28	-2029.19	60.1485
34 	100  	-2188.68	-2031.71	-2029.19	9.20466
35 	100  	-2127.38	-2031.34	-2029.19	7.01325
36 	100  	-2074.51	-2030.49	-2028.62	3.97096
37 	100  	-2073.06	-2030.4 	-2028.49	4.42042
38 	100  	-2371.58	-2031.11	-2028.49	17.1497
39 	100  	-2149.6 	-2030.13	-2028.49	6.42016
40 	100  	-2189.69	-2030.06	-2028.49	7.83132
41 	100  	-2081.34	-2029.73	-2027.8 	4.33793
42 	100  	-2212.22	-2029.58	-2027.8 	8.49489
43 	100  	-2140.73	-2029.52	-2027.8 	6.47919
44 	100  	-2089.58	-2029.08	-2027.8 	3.80248
45 	100  	-2068   	-2028.94	-2027.1 	2.88417
46 	100  	-2078.36	-2028.99	-2027.1 	4.08007
47 	100  	-2077.67	-2028.68	-2027.1 	3.9541 
48 	100  	-2152.52	-2028.91	-2027.1 	7.07251
49 	100  	-2066.13	-2028.19	-2027.1 	2.77019
50 	100  	-2176.61	-2028.61	-2027.1 	8.50292
51 	100  	-2168.24	-2028.48	-2027.1 	9.00631
52 	100  	-2055.55	-2027.67	-2027.1 	2.34664
53 	100  	-2077.37	-2027.89	-2027.1 	3.9619 
54 	100  	-2112.32	-2027.91	-2027.1 	4.95295
55 	100  	-2069.02	-2027.75	-2027.1 	3.19727
56 	100  	-2209.06	-2028.21	-2027.1 	10.3274
57 	100  	-2214.22	-2028.49	-2027.1 	10.3398
58 	100  	-2192.7 	-2028   	-2027.1 	7.90803
59 	100  	-2139.33	-2028.3 	-2027.1 	8.07692
60 	100  	-2052.65	-2027.62	-2027.1 	2.63349
61 	100  	-2055.89	-2027.68	-2027.1 	2.83733
62 	100  	-2060.14	-2027.74	-2027.1 	3.30063
63 	100  	-2123.1 	-2028.14	-2027.1 	7.01937
64 	100  	-2084.61	-2027.84	-2027.1 	4.39347
65 	100  	-2059.28	-2027.81	-2027.1 	3.17328
66 	100  	-2091.27	-2027.73	-2027.1 	3.689  
67 	100  	-2049.1 	-2027.6 	-2027.1 	2.32303
68 	100  	-2096.68	-2027.93	-2026.4 	5.2944 
69 	100  	-2161.61	-2028.05	-2026.4 	6.84015
70 	100  	-2315.93	-2028.45	-2026.4 	13.6662
71 	100  	-2056.72	-2027.51	-2026.4 	2.20191
72 	100  	-2254.33	-2028.47	-2026.4 	13.8501
73 	100  	-2131.36	-2027.66	-2026.4 	5.52553
74 	100  	-2072.46	-2027.32	-2026.4 	3.24051
75 	100  	-2087.3 	-2027.47	-2026.4 	4.90394
76 	100  	-2088.21	-2027.12	-2026.4 	4.31927
77 	100  	-2138.16	-2027.65	-2026.4 	7.53836
78 	100  	-2176.51	-2027.81	-2026.4 	8.72715
79 	100  	-2065.05	-2026.94	-2026.4 	2.8319 
80 	100  	-2079.46	-2027.07	-2026.4 	3.67554
81 	100  	-2108.7 	-2027.54	-2026.4 	6.3566 
82 	100  	-2095.26	-2027.08	-2026.4 	3.81566
83 	100  	-2108.26	-2027.1 	-2026.4 	5.15586
84 	100  	-2081.41	-2026.87	-2026.4 	2.87999
85 	100  	-2164.25	-2027.84	-2026.4 	9.61589
86 	100  	-2157.04	-2027.67	-2026.4 	7.59867
87 	100  	-2119.71	-2027.68	-2026.4 	7.87315
88 	100  	-2123.69	-2027.04	-2026.4 	5.00578
89 	100  	-2058   	-2026.86	-2026.4 	2.7553 
90 	100  	-2082.63	-2026.92	-2026.4 	3.48623
91 	100  	-2458.76	-2028.02	-2026.4 	20.05  
92 	100  	-2075.98	-2027.04	-2026.4 	3.32434
93 	100  	-2097.83	-2027.23	-2026.4 	5.23044
94 	100  	-2083.04	-2027.05	-2026.4 	4.3491 
95 	100  	-2099.52	-2027.13	-2026.4 	4.20958
96 	100  	-2402.72	-2027.93	-2026.4 	17.4377
97 	100  	-2041.17	-2026.76	-2026.4 	1.69245
98 	100  	-2531.69	-2028.12	-2026.4 	22.919 
99 	100  	-2138.24	-2027.39	-2026.4 	6.7654 
gen	depth	min     	avg     	max     	std    
0  	100  	-2483.29	-2159.6 	-2059.3 	69.6907
1  	100  	-2356.15	-2115.11	-2058.56	34.5848
2  	100  	-2357.05	-2094.71	-2056.54	25.365 
3  	100  	-2900.97	-2081.86	-2056.49	40.935 
4  	100  	-2163.13	-2072.59	-2046.91	11.2104
5  	100  	-2213.93	-2067.51	-2046.91	12.2332
6  	100  	-3892.67	-2068.16	-2044.32	84.3764
7  	100  	-2226.77	-2060.05	-2043.04	14.895 
8  	100  	-2103.56	-2055.67	-2042.89	6.34075
9  	100  	-2229.45	-2054.06	-2041.64	14.1284
10 	100  	-2192.16	-2050.36	-2041.23	9.2044 
11 	100  	-2239.69	-2048.78	-2040.88	13.1677
12 	100  	-2417.12	-2047.46	-2039.23	17.791 
13 	100  	-2181.62	-2045.69	-2037.71	9.43806
14 	100  	-2098.55	-2044.34	-2037.13	5.85799
15 	100  	-2156.39	-2043.24	-2037.13	8.46452
16 	100  	-2227.67	-2043.11	-2036.56	15.9099
17 	100  	-2234.28	-2040.97	-2035.79	11.1557
18 	100  	-2245.41	-2040.28	-2035.61	12.6571
19 	100  	-2180.02	-2039.55	-2035.61	9.13586
20 	100  	-2098.67	-2037.89	-2034.91	4.16264
21 	100  	-2125.88	-2038.23	-2034.09	7.90225
22 	100  	-2210.31	-2038.07	-2034.09	12.3927
23 	100  	-2224.05	-2036.99	-2033.64	9.21821
24 	100  	-2127.73	-2036.47	-2033.39	6.58807
25 	100  	-2446.47	-2037.98	-2032.94	27.6472
26 	100  	-2174.77	-2035.66	-2032.69	8.31006
27 	100  	-2097.87	-2035.38	-2031.99	6.41752
28 	100  	-2097.98	-2034.9 	-2031.99	6.09453
29 	100  	-2248.91	-2034.63	-2031.42	10.7085
30 	100  	-2171.83	-2034.36	-2031.42	9.82806
31 	100  	-2148.21	-2033.12	-2031.29	5.69725
32 	100  	-2433.81	-2033.96	-2031.29	19.2966
33 	100  	-2133.15	-2032.73	-2030.44	5.54052
34 	100  	-2071.98	-2032.31	-2030.44	3.40374
35 	100  	-2197.09	-2032.89	-2030.44	11.2036
36 	100  	-2086.74	-2032.19	-2030.02	5.1168 
37 	100  	-2188.22	-2032.07	-2030.02	8.52513
38 	100  	-2187.58	-2032.18	-2029.49	9.96983
39 	100  	-2230.36	-2031.77	-2029.49	10.7942
40 	100  	-3486.33	-2037.85	-2029.49	83.8075
41 	100  	-2086.25	-2030.98	-2029.32	4.72681
42 	100  	-2228.89	-2031.36	-2029.32	10.3835
43 	100  	-2351.98	-2031.71	-2029.32	18.7205
44 	100  	-2130.6 	-2030.69	-2029.32	6.98679
45 	100  	-2065.04	-2030.06	-2029.32	3.07152
46 	100  	-2117.66	-2030.03	-2029.32	4.6445 
47 	100  	-2123.8 	-2030.46	-2028.8 	6.5953 
48 	100  	-2077.73	-2030.17	-2028.8 	4.03506
49 	100  	-2159.76	-2030.53	-2028.8 	8.93758
50 	100  	-2054.63	-2029.72	-2028.62	2.17152
51 	100  	-2138.27	-2030.19	-2028.49	6.8483 
52 	100  	-2054.6 	-2029.63	-2028.49	2.29875
53 	100  	-2090.98	-2029.63	-2028.49	4.08185
54 	100  	-2149.12	-2030.05	-2028.49	7.17747
55 	100  	-2371.56	-2030.23	-2028.49	15.7869
56 	100  	-2115.14	-2029.54	-2028.1 	5.048  
57 	100  	-2451.47	-2030.83	-2028.1 	21.538 
58 	100  	-2311.34	-2030.2 	-2028.1 	15.5488
59 	100  	-2098.04	-2029.29	-2028.1 	4.60691
60 	100  	-2083.73	-2029.39	-2028.1 	4.99801
61 	100  	-2201.86	-2029.87	-2028.1 	11.7603
62 	100  	-2290.27	-2029.16	-2027.92	12.0883
63 	100  	-2166.94	-2029.54	-2027.92	10.9259
64 	100  	-2204.35	-2029.96	-2027.8 	12.4714
65 	100  	-2050.42	-2028.6 	-2027.8 	2.28106
66 	100  	-2239.89	-2029.51	-2027.8 	10.9309
67 	100  	-2102.56	-2028.73	-2027.8 	4.73028
68 	100  	-2138.74	-2029.06	-2027.4 	7.73112
69 	100  	-2110.51	-2028.86	-2027.4 	5.79539
70 	100  	-2075.8 	-2028.53	-2027.22	4.06107
71 	100  	-2161.07	-2029.45	-2027.22	10.1131
72 	100  	-2063.08	-2028.22	-2027.22	2.84843
73 	100  	-2078.36	-2028.33	-2027.22	3.98719
74 	100  	-2275.7 	-2028.94	-2027.22	12.2354
75 	100  	-2081.23	-2028.14	-2027.1 	4.04011
76 	100  	-2090.34	-2027.95	-2027.1 	4.07856
77 	100  	-2081.76	-2027.97	-2027.1 	3.43547
78 	100  	-2052.25	-2027.75	-2027.1 	2.22334
79 	100  	-2111.86	-2028.4 	-2027.1 	6.84305
80 	100  	-2081.63	-2027.81	-2027.1 	3.60318
81 	100  	-2113.85	-2027.69	-2027.1 	4.27284
82 	100  	-2126.39	-2028   	-2027.1 	6.12674
83 	100  	-2144.91	-2028.22	-2027.1 	7.59625
84 	100  	-2105.19	-2027.86	-2027.1 	4.68913
85 	100  	-2253.64	-2028.46	-2027.1 	11.4053
86 	100  	-2134.35	-2028.09	-2027.1 	6.76899
87 	100  	-2126.46	-2027.89	-2027.1 	5.34404
88 	100  	-2038.98	-2027.42	-2027.1 	1.43427
89 	100  	-2090.98	-2027.63	-2027.1 	3.71523
90 	100  	-2052.89	-2027.6 	-2027.1 	2.09659
91 	100  	-2173.52	-2027.86	-2027.1 	7.13509
92 	100  	-2075.68	-2027.82	-2027.1 	3.92368
93 	100  	-2071.39	-2027.77	-2027.1 	3.47695
94 	100  	-2660.49	-2029.07	-2027.1 	28.6226
95 	100  	-2067.01	-2027.77	-2027.1 	3.23867
96 	100  	-2056.43	-2027.59	-2027.1 	2.42185
97 	100  	-2317.93	-2028.97	-2027.1 	15.4116
98 	100  	-2098.96	-2028.07	-2027.1 	4.90571
99 	100  	-2058.17	-2027.69	-2027.1 	3.15093
gen	depth	min     	avg     	max     	std    
0  	100  	-2992.5 	-2157.93	-2065.4 	78.8454
1  	100  	-2317.86	-2114.43	-2060.11	29.0369
2  	100  	-2821.56	-2098.13	-2057.41	40.3009
3  	100  	-2487.38	-2086.53	-2056.16	28.3541
4  	100  	-2870.52	-2078.19	-2055.97	38.0453
5  	100  	-2556.62	-2071.11	-2048.43	25.5436
6  	100  	-2231.04	-2065.39	-2046.35	14.4787
7  	100  	-2266.21	-2060.48	-2043.63	12.9513
8  	100  	-2355.67	-2057.66	-2042.16	20.9028
9  	100  	-2354.56	-2054.51	-2039.26	18.2532
10 	100  	-2250.7 	-2050.56	-2039.26	12.0375
11 	100  	-2200.44	-2047.84	-2039.26	9.8264 
12 	100  	-2907.87	-2047.56	-2038.21	40.0043
13 	100  	-2240.3 	-2044.44	-2037.56	11.3768
14 	100  	-2164.26	-2043.15	-2037.56	9.37616
15 	100  	-2127.08	-2041.51	-2036.86	6.34932
16 	100  	-2141.73	-2040.42	-2036.69	5.88002
17 	100  	-2169.24	-2040.32	-2036.16	9.82235
18 	100  	-2347.39	-2040.73	-2036.16	19.8437
19 	100  	-2099.37	-2038.75	-2035.46	5.4149 
20 	100  	-2232.18	-2038.68	-2035.46	11.8965
21 	100  	-2396.4 	-2039.84	-2035.16	21.4351
22 	100  	-2370.56	-2039.11	-2034.71	20.3069
23 	100  	-2116.66	-2037.85	-2034.34	7.92813
24 	100  	-2140.95	-2037.68	-2034.34	9.06768
25 	100  	-2083.48	-2036.47	-2034.06	4.26128
26 	100  	-2099.9 	-2036.51	-2033.01	5.89657
27 	100  	-2137.14	-2036.18	-2033.01	6.34471
28 	100  	-2261.27	-2037.12	-2033.01	14.8282
29 	100  	-2187.81	-2036.09	-2033.01	10.5251
30 	100  	-2127.06	-2035.9 	-2032.24	8.58847
31 	100  	-2083.35	-2034.91	-2032.24	4.50417
32 	100  	-2084.23	-2034.73	-2032.24	5.08042
33 	100  	-2095.25	-2034.2 	-2032.11	4.44018
34 	100  	-2544.69	-2035.58	-2031.54	25.0206
35 	100  	-2339.5 	-2034.91	-2031.54	15.8612
36 	100  	-2060.29	-2033.1 	-2030.49	2.06717
37 	100  	-2101   	-2033.47	-2030.49	5.01344
38 	100  	-2070.9 	-2032.59	-2030.49	2.45986
39 	100  	-2142.16	-2033.34	-2030.49	8.16653
40 	100  	-2089.44	-2032.15	-2030.44	4.11863
41 	100  	-2112.38	-2032.05	-2030.14	5.02526
42 	100  	-2180.9 	-2032.26	-2030.14	9.30633
43 	100  	-2116.36	-2031.49	-2030.02	5.03315
44 	100  	-2106.3 	-2031.41	-2029.74	5.3579 
45 	100  	-2228.26	-2032.53	-2029.74	15.8343
46 	100  	-2370.31	-2031.73	-2029.74	16.378 
47 	100  	-2084.95	-2031.1 	-2029.74	4.48102
48 	100  	-2220.73	-2031.52	-2029.74	11.5956
49 	100  	-2344.62	-2031.18	-2029.32	14.4107
50 	100  	-2311.64	-2033.16	-2029.32	23.6919
51 	100  	-2135.28	-2031.15	-2029.19	8.32664
52 	100  	-2119.86	-2030.31	-2029.19	4.55336
53 	100  	-2227.79	-2031.07	-2029.19	12.5364
54 	100  	-2142.6 	-2030.32	-2029.19	5.84874
55 	100  	-2109.87	-2030.62	-2029.19	7.05608
56 	100  	-2082.71	-2030.19	-2029.19	4.16508
57 	100  	-2063.34	-2029.99	-2029.05	3.28051
58 	100  	-2216.91	-2030.59	-2028.8 	10.2026
59 	100  	-2292.29	-2031.04	-2028.8 	16.8675
60 	100  	-2212.77	-2030.83	-2028.8 	12.8782
61 	100  	-2082.45	-2029.98	-2028.62	4.29682
62 	100  	-2078.48	-2029.86	-2028.62	3.99962
63 	100  	-2173.52	-2030.09	-2028.62	8.35469
64 	100  	-2139.46	-2029.72	-2028.49	5.87335
65 	100  	-2068.29	-2029.5 	-2028.49	3.33837
66 	100  	-2209   	-2029.89	-2028.49	9.29984
67 	100  	-2108.3 	-2029.89	-2028.35	6.52744
68 	100  	-2119.55	-2029.71	-2027.92	6.57404
69 	100  	-2249.04	-2029.67	-2027.8 	10.8363
70 	100  	-2088   	-2029.21	-2027.8 	4.23395
71 	100  	-2236.17	-2030.09	-2027.8 	12.499 
72 	100  	-2149   	-2029.06	-2027.8 	6.1821 
73 	100  	-2081.78	-2028.76	-2027.8 	3.9116 
74 	100  	-2129.77	-2028.86	-2027.8 	6.12001
75 	100  	-2092.56	-2028.5 	-2027.52	4.45829
76 	100  	-2093.1 	-2028.64	-2027.52	4.73044
77 	100  	-2102.73	-2028.52	-2027.4 	4.70852
78 	100  	-2077.8 	-2028.9 	-2027.4 	4.92776
79 	100  	-2049.97	-2028.25	-2027.1 	2.45407
80 	100  	-2117.64	-2028.71	-2027.1 	6.12304
81 	100  	-2123.5 	-2028.32	-2027.1 	4.99925
82 	100  	-2057.17	-2028.12	-2027.1 	3.05143
83 	100  	-2079.73	-2028.06	-2027.1 	3.5578 
84 	100  	-2094.49	-2028.15	-2026.7 	4.52303
85 	100  	-2147.59	-2027.78	-2026.7 	5.90742
86 	100  	-2110.52	-2027.86	-2026.7 	5.57101
87 	100  	-2056.59	-2027.63	-2026.4 	2.54582
88 	100  	-2062.81	-2027.42	-2026.4 	2.61714
89 	100  	-2183.42	-2028.23	-2026.4 	9.23027
90 	100  	-2070.73	-2027.38	-2026.4 	3.42081
91 	100  	-2058.46	-2027.16	-2026.4 	2.87607
92 	100  	-2194.46	-2027.59	-2026.4 	8.41823
93 	100  	-2197.98	-2027.71	-2026.4 	9.4665 
94 	100  	-2073   	-2026.99	-2026.4 	3.24848
95 	100  	-2070.03	-2027.02	-2026.4 	3.3862 
96 	100  	-2109.58	-2027.22	-2026.4 	5.06888
97 	100  	-2131.75	-2027.15	-2026.4 	5.27082
98 	100  	-2084.54	-2026.95	-2026.4 	3.62083
99 	100  	-2589.65	-2028.41	-2026.4 	26.2101
gen	depth	min     	avg     	max     	std    
0  	100  	-3594.85	-2178.36	-2066.79	122.809
1  	100  	-2330.8 	-2121.26	-2066.79	35.2154
2  	100  	-2613.64	-2100.88	-2060.66	35.4482
3  	100  	-2460.25	-2086.54	-2059.21	27.7953
4  	100  	-2344.04	-2075.59	-2053.76	19.8246
5  	100  	-2208   	-2068.12	-2048.04	13.2959
6  	100  	-2140.4 	-2063.52	-2045.56	9.7758 
7  	100  	-2302.58	-2061.34	-2045.19	20.2709
8  	100  	-2271.59	-2056.73	-2040.59	16.8242
9  	100  	-4658.27	-2059.32	-2040.59	119.585
10 	100  	-2218.79	-2050.56	-2039.82	14.1522
11 	100  	-2227.91	-2048.6 	-2039.82	14.0193
12 	100  	-2095.94	-2045.27	-2038.36	5.4327 
13 	100  	-2086.96	-2043.63	-2038.34	4.96987
14 	100  	-2225.99	-2043.16	-2035.89	12.3969
15 	100  	-2220.59	-2041.56	-2035.89	9.54074
16 	100  	-2162.65	-2040.56	-2035.87	8.03675
17 	100  	-2084.93	-2039.51	-2035.87	4.67334
18 	100  	-2100.18	-2038.76	-2035.04	5.32663
19 	100  	-2178.15	-2039.12	-2034.91	12.5475
20 	100  	-2150.5 	-2037.71	-2034.09	8.05536
21 	100  	-2131.23	-2037.52	-2034.09	7.88463
22 	100  	-2064.03	-2036.06	-2033.62	2.75544
23 	100  	-2213.69	-2036.88	-2033.62	12.2084
24 	100  	-2118.73	-2035.55	-2032.57	5.97294
25 	100  	-2129.9 	-2035.76	-2032.57	7.66178
26 	100  	-2120.94	-2035.28	-2032.57	6.21761
27 	100  	-2186.32	-2035.31	-2032.24	9.74266
28 	100  	-2130.45	-2034.53	-2032.14	6.06043
29 	100  	-2768.75	-2035.74	-2032.14	33.4354
30 	100  	-2132.27	-2034.04	-2032.14	5.86994
31 	100  	-2117.42	-2034.22	-2032.14	6.83586
32 	100  	-3123.41	-2035.63	-2032.14	49.1982
33 	100  	-2143.42	-2033.18	-2032.11	6.43997
34 	100  	-2084.26	-2032.97	-2032.11	4.2888 
35 	100  	-2226.67	-2033.29	-2030.89	10.4747
36 	100  	-2076.21	-2032.78	-2030.89	3.40955
37 	100  	-2218.73	-2033.9 	-2030.84	11.6205
38 	100  	-2140.43	-2033.44	-2030.19	8.49226
39 	100  	-2147.27	-2033.23	-2030.19	7.75229
40 	100  	-2182.72	-2032.53	-2028.8 	8.00053
41 	100  	-2053.47	-2031.91	-2028.8 	2.20101
42 	100  	-2085.57	-2031.92	-2028.8 	3.89674
43 	100  	-2075.63	-2031.64	-2028.8 	4.47503
44 	100  	-2150.7 	-2031.87	-2028.8 	8.22082
45 	100  	-2099.63	-2031   	-2028.8 	5.88267
46 	100  	-2093.79	-2030.49	-2028.62	4.98445
47 	100  	-2158.26	-2030.29	-2028.62	8.5772 
48 	100  	-2115.43	-2029.84	-2028.62	6.8564 
49 	100  	-2114.67	-2029.57	-2028.62	5.55888
50 	100  	-2080.76	-2029.62	-2028.62	4.76718
51 	100  	-2059.55	-2029.13	-2028.62	2.80218
52 	100  	-2048.98	-2029.11	-2028.62	2.12269
53 	100  	-2266.43	-2030.01	-2028.49	12.2609
54 	100  	-2121.11	-2029.88	-2028.1 	7.26711
55 	100  	-2254.43	-2030.04	-2027.92	11.0307
56 	100  	-2325.37	-2029.71	-2027.92	13.5926
57 	100  	-2223.8 	-2030.01	-2027.92	12.2934
58 	100  	-2058.69	-2029.19	-2027.92	3.18357
59 	100  	-2353.8 	-2030.89	-2027.8 	20.5164
60 	100  	-2213.64	-2029.79	-2027.8 	11.7485
61 	100  	-2140.96	-2028.72	-2027.8 	5.5824 
62 	100  	-2105.27	-2028.65	-2027.8 	4.89347
63 	100  	-2049.42	-2028.37	-2027.8 	2.26836
64 	100  	-2074.98	-2028.54	-2027.8 	3.57766
65 	100  	-2193.46	-2028.62	-2027.4 	8.04221
66 	100  	-2056.19	-2028.19	-2027.4 	2.1792 
67 	100  	-2110   	-2028.5 	-2027.4 	4.61722
68 	100  	-2085.31	-2028.37	-2027.1 	3.96208
69 	100  	-2098.93	-2028.4 	-2027.1 	4.53992
70 	100  	-2061.25	-2027.98	-2027.1 	2.41633
71 	100  	-2098.38	-2028.46	-2027.1 	5.35051
72 	100  	-2080.18	-2028.17	-2027.1 	4.46531
73 	100  	-2152.56	-2028.32	-2027.1 	7.22244
74 	100  	-2066.37	-2027.86	-2027.1 	3.25108
75 	100  	-2091.27	-2028.06	-2027.1 	5.06796
76 	100  	-2135.45	-2028.4 	-2027.1 	9.29224
77 	100  	-2111.45	-2027.73	-2027.1 	4.42408
78 	100  	-2044.68	-2027.55	-2027.1 	1.97916
79 	100  	-2086.6 	-2028.08	-2027.1 	5.744  
80 	100  	-2113.15	-2027.92	-2027.1 	5.56943
81 	100  	-2085.93	-2027.63	-2027.1 	3.62138
82 	100  	-2150.47	-2028.2 	-2027.1 	7.78127
83 	100  	-2130.62	-2027.98	-2027.1 	6.25939
84 	100  	-2112.98	-2028.3 	-2026.7 	6.33379
85 	100  	-2429.79	-2029.81	-2026.7 	24.5385
86 	100  	-2097.06	-2027.88	-2026.4 	4.59248
87 	100  	-2107.79	-2027.9 	-2026.4 	5.49285
88 	100  	-2072.42	-2027.36	-2026.4 	3.0558 
89 	100  	-2062.49	-2027.26	-2026.4 	2.79622
90 	100  	-2072.72	-2027.46	-2026.4 	3.96407
91 	100  	-2156.38	-2027.67	-2026.4 	8.20667
92 	100  	-2057.94	-2027.01	-2026.4 	2.43973
93 	100  	-2097.82	-2027.12	-2026.4 	5.29662
94 	100  	-2054.57	-2027.08	-2026.4 	2.97942
95 	100  	-2049   	-2026.82	-2026.4 	1.99935
96 	100  	-2309.24	-2028.57	-2026.4 	19.3541
97 	100  	-2100.81	-2027.72	-2026.4 	7.10515
98 	100  	-2111.59	-2027.37	-2026.4 	5.51701
99 	100  	-2061.12	-2027.04	-2026.4 	2.82602
gen	depth	min     	avg     	max     	std    
0  	100  	-2826.45	-2161.95	-2058.53	71.5539
1  	100  	-2287.33	-2119.93	-2058.53	31.4526
2  	100  	-2733.31	-2102.16	-2058.53	44.1766
3  	100  	-2429.99	-2088.82	-2055.8 	25.2733
4  	100  	-2310.37	-2080.48	-2054.78	21.7069
5  	100  	-2192.83	-2071.23	-2052.11	11.1478
6  	100  	-2677.6 	-2067.88	-2051.11	33.8463
7  	100  	-2377   	-2063.06	-2046.73	22.0463
8  	100  	-2239.58	-2059.01	-2046.73	11.9537
9  	100  	-2611.67	-2056.81	-2045.52	27.4565
10 	100  	-3117.4 	-2056.39	-2044.81	52.5471
11 	100  	-2551.87	-2053.57	-2041.41	26.7222
12 	100  	-2292.25	-2050.37	-2040.67	13.951 
13 	100  	-2130.2 	-2047.63	-2040.35	6.96154
14 	100  	-2230.35	-2046.69	-2039.11	11.1872
15 	100  	-2233.04	-2045.06	-2038.81	10.5322
16 	100  	-2164.21	-2043.62	-2037.31	8.62611
17 	100  	-2166.19	-2043.25	-2036.16	10.8394
18 	100  	-2093.83	-2040.95	-2035.46	4.28488
19 	100  	-2168.11	-2040.47	-2034.64	9.28478
20 	100  	-2367.22	-2039.75	-2034.09	16.4134
21 	100  	-2103.76	-2038.12	-2033.36	6.20023
22 	100  	-2130.74	-2037.35	-2032.69	7.28963
23 	100  	-2247.03	-2036.43	-2031.99	11.1513
24 	100  	-2479.72	-2035.98	-2031.99	20.1287
25 	100  	-2071.67	-2034.57	-2031.99	2.89404
26 	100  	-2174.31	-2034.85	-2031.29	8.53659
27 	100  	-2088.66	-2033.65	-2031.29	3.87732
28 	100  	-2077.97	-2033.47	-2031.29	4.37082
29 	100  	-2110.76	-2033.7 	-2031.29	7.38844
30 	100  	-2252.25	-2033.29	-2031.29	10.741 
31 	100  	-2164.04	-2033.05	-2031.29	8.28101
32 	100  	-2078.18	-2032.69	-2030.89	4.37132
33 	100  	-2315.86	-2033.49	-2030.89	15.2179
34 	100  	-2086.95	-2032.12	-2030.89	4.38935
35 	100  	-2127.3 	-2032.48	-2030.32	6.85592
36 	100  	-2210.06	-2032.78	-2030.32	10.8084
37 	100  	-2177.44	-2032.37	-2030.32	9.74483
38 	100  	-2143.72	-2031.87	-2029.89	6.49348
39 	100  	-2229.35	-2032.55	-2029.89	11.9134
40 	100  	-2221.72	-2032.14	-2029.89	10.999 
41 	100  	-2142.56	-2031.79	-2029.89	9.03882
42 	100  	-2099.93	-2031.11	-2029.89	4.60494
43 	100  	-2161.31	-2031.42	-2029.89	7.98742
44 	100  	-2392.21	-2032.81	-2029.62	23.7116
45 	100  	-2378.65	-2033.3 	-2029.19	26.6152
46 	100  	-2063.76	-2030.66	-2029.19	3.69451
47 	100  	-2113.25	-2030.95	-2028.92	6.27156
48 	100  	-2198.66	-2031.03	-2028.92	10.0037
49 	100  	-2072.79	-2030.05	-2028.92	3.06118
50 	100  	-2583.27	-2031.32	-2028.92	25.2159
51 	100  	-2069.99	-2029.9 	-2028.92	3.76185
52 	100  	-2112.81	-2029.63	-2028.92	4.56724
53 	100  	-2096.94	-2029.74	-2028.92	4.26581
54 	100  	-2112.04	-2029.89	-2028.8 	5.68917
55 	100  	-2067.02	-2029.78	-2028.8 	3.97893
56 	100  	-2285.88	-2030.58	-2028.8 	12.9989
57 	100  	-2079.66	-2029.69	-2028.62	4.19234
58 	100  	-2273.7 	-2030.89	-2028.62	15.7298
59 	100  	-2081.47	-2029.71	-2028.22	4.16026
60 	100  	-2090.28	-2029.56	-2028.22	4.24969
61 	100  	-2161.96	-2029.87	-2028.22	7.70308
62 	100  	-2090.28	-2029.48	-2028.1 	4.77081
63 	100  	-2169.76	-2029.59	-2027.92	7.55477
64 	100  	-2069.87	-2028.99	-2027.92	3.59626
65 	100  	-2055.89	-2028.75	-2027.92	2.67749
66 	100  	-2081.35	-2028.86	-2027.52	3.48577
67 	100  	-2095.7 	-2028.65	-2027.52	4.37578
68 	100  	-2065.21	-2028.53	-2027.52	3.0119 
69 	100  	-2054.92	-2028.41	-2027.52	2.35734
70 	100  	-2093.55	-2028.52	-2027.52	3.9835 
71 	100  	-2056.01	-2028.3 	-2027.4 	2.03305
72 	100  	-2092.68	-2028.51	-2027.4 	4.38605
73 	100  	-2062.34	-2028.1 	-2027.22	2.47746
74 	100  	-2048.3 	-2028.04	-2027.1 	2.33379
75 	100  	-2088.44	-2028.39	-2027.1 	4.78108
76 	100  	-2076.97	-2028.1 	-2026.7 	3.71871
77 	100  	-2058.4 	-2027.76	-2026.7 	2.4697 
78 	100  	-2096.35	-2028.04	-2026.7 	4.83979
79 	100  	-2094.55	-2027.81	-2026.7 	4.38607
80 	100  	-2087.31	-2027.61	-2026.7 	3.26251
81 	100  	-2114.06	-2027.82	-2026.7 	6.07972
82 	100  	-2059.15	-2027.32	-2026.4 	3.04134
83 	100  	-2098.71	-2027.57	-2026.4 	5.42705
84 	100  	-2128.68	-2027.61	-2026.4 	5.95121
85 	100  	-2063.1 	-2027.19	-2026.4 	2.46684
86 	100  	-2132.66	-2027.5 	-2026.4 	6.04012
87 	100  	-2062.7 	-2027.22	-2026.4 	3.06087
88 	100  	-2183.32	-2027.7 	-2026.4 	9.04578
89 	100  	-2062.94	-2026.89	-2026.4 	2.72812
90 	100  	-2096.53	-2027.44	-2026.4 	5.63494
91 	100  	-2182.49	-2027.23	-2026.4 	7.50658
92 	100  	-2097.53	-2027.11	-2026.4 	4.80383
93 	100  	-2280.59	-2028.1 	-2026.4 	14.834 
94 	100  	-2102.1 	-2027.34	-2026.4 	5.51462
95 	100  	-2060.69	-2026.91	-2026.4 	2.73737
96 	100  	-2157.98	-2027.7 	-2026.4 	8.47578
97 	100  	-2057.49	-2026.82	-2026.4 	2.46358
98 	100  	-2090.17	-2027.06	-2026.4 	3.89859
99 	100  	-2085.21	-2027.15	-2026.4 	4.22647
gen	depth	min     	avg     	max     	std    
0  	100  	-2819.43	-2175.51	-2057.25	91.9954
1  	100  	-2328.75	-2119.11	-2055.32	38.2871
2  	100  	-2231.77	-2094.52	-2055.32	20.6979
3  	100  	-2362.46	-2079.98	-2047.93	19.7096
4  	100  	-2175.96	-2069.66	-2047.93	11.7084
5  	100  	-2335.58	-2064.24	-2046.25	18.2039
6  	100  	-2191.86	-2059.46	-2044.45	11.1783
7  	100  	-2929.36	-2058.25	-2044.15	43.3678
8  	100  	-2165.3 	-2052.79	-2040.87	9.23695
9  	100  	-2157.92	-2050.59	-2039.92	10.3687
10 	100  	-2248.94	-2049.31	-2038.08	18.1457
11 	100  	-2823.06	-2048.84	-2036.86	40.5212
12 	100  	-2171.31	-2044.46	-2036.46	10.2707
13 	100  	-2268.37	-2042.62	-2036.04	11.2264
14 	100  	-2132.27	-2041.42	-2036.04	7.30463
15 	100  	-2168.63	-2040.84	-2036.04	10.0771
16 	100  	-2108.92	-2039.43	-2035.54	5.12229
17 	100  	-2195.21	-2039.61	-2035.51	11.6215
18 	100  	-2189.96	-2039.23	-2034.81	10.9031
19 	100  	-11146.6	-2057.55	-2034.64	408.002
20 	100  	-2233.94	-2038.36	-2034.64	14.1605
21 	100  	-2231.28	-2037.91	-2033.11	13.0101
22 	100  	-2144.1 	-2037.13	-2033.11	8.71871
23 	100  	-2080   	-2036.11	-2033.11	3.98215
24 	100  	-2076.5 	-2036.09	-2033.11	4.37079
25 	100  	-2131.91	-2035.96	-2032.81	6.73892
26 	100  	-2283.04	-2037.15	-2032.72	16.2831
27 	100  	-2149.64	-2035.18	-2032.36	7.24961
28 	100  	-2094.9 	-2034.43	-2032.11	4.82963
29 	100  	-2135.93	-2034.72	-2031.89	8.6581 
30 	100  	-2139.37	-2034.19	-2031.89	7.25051
31 	100  	-2117.7 	-2033.9 	-2031.59	7.15837
32 	100  	-2229.71	-2033.75	-2031.59	9.86441
33 	100  	-2124.22	-2033.44	-2031.54	6.39425
34 	100  	-2213.2 	-2034.18	-2030.89	14.8607
35 	100  	-2077.69	-2032.99	-2030.89	4.30473
36 	100  	-2208.86	-2034.02	-2030.19	13.2777
37 	100  	-2063.48	-2032.3 	-2030.19	3.18065
38 	100  	-2382.77	-2033.54	-2030.19	17.702 
39 	100  	-2195.97	-2032.59	-2030.19	8.9253 
40 	100  	-2175.67	-2032.47	-2029.62	8.34084
41 	100  	-2111.88	-2032.13	-2029.62	6.40303
42 	100  	-2080.59	-2031.4 	-2029.62	3.86432
43 	100  	-2205.65	-2031.81	-2029.62	11.3979
44 	100  	-2227.72	-2031.33	-2029.62	10.5984
45 	100  	-2170.63	-2030.9 	-2029.62	7.96369
46 	100  	-2060.89	-2030.07	-2029.62	2.59973
47 	100  	-2050.7 	-2030.09	-2029.62	2.02886
48 	100  	-2098.46	-2030.54	-2029.62	4.70294
49 	100  	-2175.44	-2030.99	-2029.49	9.16759
50 	100  	-2073.82	-2030.1 	-2029.32	2.91913
51 	100  	-2068.5 	-2030.39	-2029.32	3.28407
52 	100  	-2631.54	-2032.75	-2029.32	29.2056
53 	100  	-2087.14	-2030.15	-2029.32	3.71738
54 	100  	-2083.23	-2030.45	-2029.32	4.85702
55 	100  	-2179.53	-2030.52	-2028.92	8.8511 
56 	100  	-2095.95	-2030.33	-2028.92	5.22142
57 	100  	-2103.2 	-2030.17	-2028.92	5.20959
58 	100  	-2111.86	-2030.17	-2028.92	5.5386 
59 	100  	-2064.51	-2029.92	-2028.92	3.24677
60 	100  	-2193   	-2030.69	-2028.92	10.4094
61 	100  	-2062.3 	-2029.66	-2028.92	2.80694
62 	100  	-2168.67	-2030.52	-2028.92	8.9288 
63 	100  	-2179.61	-2030.29	-2028.92	8.41206
64 	100  	-2152   	-2030.01	-2028.92	7.62865
65 	100  	-2137.05	-2029.72	-2028.92	6.04817
66 	100  	-2450.77	-2030.61	-2028.92	19.3234
67 	100  	-2063.52	-2029.57	-2028.8 	3.24187
68 	100  	-2095.54	-2029.82	-2028.8 	4.44061
69 	100  	-2224.92	-2030.92	-2028.8 	13.304 
70 	100  	-2506.94	-2030.73	-2028.22	21.9028
71 	100  	-2082.73	-2029.98	-2028.1 	4.59217
72 	100  	-2160.96	-2029.99	-2028.1 	7.36136
73 	100  	-2206.96	-2030.37	-2028.1 	11.7725
74 	100  	-2071.43	-2029.28	-2027.8 	3.06199
75 	100  	-2135.42	-2029.53	-2027.8 	6.33103
76 	100  	-2091.39	-2029.22	-2027.8 	4.91267
77 	100  	-2060.55	-2028.69	-2027.8 	2.46498
78 	100  	-2159.79	-2029.14	-2027.8 	7.6093 
79 	100  	-2065.79	-2028.51	-2027.8 	2.9846 
80 	100  	-2066.47	-2028.59	-2027.8 	3.35125
81 	100  	-2089.19	-2028.35	-2027.8 	3.67916
82 	100  	-2164.95	-2029.16	-2027.4 	8.95782
83 	100  	-2077.32	-2028.61	-2027.4 	4.14486
84 	100  	-2065.04	-2028.37	-2027.4 	2.94915
85 	100  	-2056.3 	-2028.3 	-2027.4 	2.57953
86 	100  	-2120.76	-2028.49	-2027.4 	5.25695
87 	100  	-2238.37	-2029.8 	-2027.4 	15.1428
88 	100  	-2704.62	-2029.35	-2027.4 	30.3729
89 	100  	-2090.41	-2027.91	-2027.4 	4.411  
90 	100  	-2130.37	-2028.99	-2027.4 	8.66351
91 	100  	-2150.47	-2028.27	-2027.4 	6.90638
92 	100  	-2075.69	-2028.2 	-2027.4 	4.30422
93 	100  	-2042.14	-2027.62	-2027.4 	1.19293
94 	100  	-2100.35	-2028.2 	-2027.4 	4.39957
95 	100  	-2116.43	-2027.91	-2027.4 	4.43685
96 	100  	-2095.25	-2028.33	-2027.4 	5.38714
97 	100  	-2089.81	-2028.28	-2027.4 	5.02191
98 	100  	-2132.66	-2028.37	-2027.4 	7.01345
99 	100  	-2051.23	-2027.83	-2027.4 	2.18614
gen	depth	min     	avg     	max     	std    
0  	100  	-3796.96	-2176.34	-2061.28	123.611
1  	100  	-3528.22	-2124.97	-2061.28	77.5789
2  	100  	-2520.77	-2099.19	-2059.28	27.594 
3  	100  	-2331.34	-2086.66	-2058.4 	19.2966
4  	100  	-2230.67	-2078.96	-2053.91	17.841 
5  	100  	-2274.46	-2071.8 	-2053.91	16.3111
6  	100  	-2213.84	-2066.79	-2051.24	12.9417
7  	100  	-2519.14	-2063.66	-2050.37	24.5601
8  	100  	-3005.2 	-2061.41	-2045.33	43.6592
9  	100  	-2196.32	-2058.01	-2045.33	12.8709
10 	100  	-2220.59	-2055.15	-2043.94	11.2488
11 	100  	-2145.78	-2053.36	-2043.94	9.39799
12 	100  	-2385.79	-2052.78	-2043.13	21.5791
13 	100  	-2558.75	-2050.84	-2042.96	26.231 
14 	100  	-2117.48	-2047.65	-2041.73	5.98945
15 	100  	-2306.04	-2047.22	-2040.04	14.341 
16 	100  	-2164.17	-2045.89	-2037.81	8.81397
17 	100  	-3202.41	-2048.28	-2037.14	54.2772
18 	100  	-2250.88	-2044.28	-2037.14	12.0392
19 	100  	-2184.29	-2043.07	-2037.11	10.5685
20 	100  	-2611.72	-2042.77	-2036.45	28.6032
21 	100  	-2176.39	-2040.27	-2035.24	8.7608 
22 	100  	-2272.06	-2039.72	-2035.19	11.6513
23 	100  	-2296.42	-2040.14	-2033.99	17.0148
24 	100  	-2692.95	-2039.15	-2033.99	29.7654
25 	100  	-2171.36	-2037.79	-2033.29	9.62073
26 	100  	-2157.2 	-2037.25	-2033.29	9.22258
27 	100  	-2063.06	-2035.69	-2032.99	2.7763 
28 	100  	-2140.24	-2036.04	-2032.62	7.816  
29 	100  	-2620.47	-2037.15	-2032.42	28.7872
30 	100  	-2070.51	-2034.31	-2031.72	2.94722
31 	100  	-2101.77	-2034.22	-2031.22	5.03449
32 	100  	-2168.48	-2034.4 	-2031.22	9.47434
33 	100  	-2105.12	-2033.57	-2031.22	4.86773
34 	100  	-2179.84	-2033.64	-2031.22	9.33449
35 	100  	-2173.25	-2033.65	-2031.19	9.99045
36 	100  	-2121.53	-2032.75	-2030.52	6.35032
37 	100  	-2132.4 	-2032.64	-2030.52	7.36609
38 	100  	-2258.65	-2033.89	-2030.52	16.9267
39 	100  	-2155.11	-2032.36	-2030.52	8.27697
40 	100  	-2567.86	-2034.85	-2030.49	33.2561
41 	100  	-2159.49	-2032.12	-2030.32	7.09751
42 	100  	-2144.82	-2031.52	-2029.82	6.06026
43 	100  	-3069   	-2033.65	-2029.82	46.7674
44 	100  	-2080.99	-2031.48	-2029.82	4.58659
45 	100  	-2162.88	-2031.42	-2029.19	8.35739
46 	100  	-2127.49	-2031.14	-2029.19	5.42584
47 	100  	-2271.75	-2031.56	-2028.8 	12.2325
48 	100  	-2091.72	-2030.75	-2028.8 	4.00154
49 	100  	-2090.69	-2030.62	-2028.8 	4.58235
50 	100  	-2105.87	-2030.45	-2028.8 	4.85231
51 	100  	-2092.68	-2030.53	-2028.8 	5.15326
52 	100  	-2120.39	-2030.37	-2028.8 	6.2764 
53 	100  	-2344.02	-2030.71	-2028.8 	15.4651
54 	100  	-2234.7 	-2030.11	-2028.49	9.87157
55 	100  	-2532.09	-2030.31	-2028.49	22.527 
56 	100  	-2112.16	-2029.99	-2027.8 	6.94458
57 	100  	-2144.25	-2029.86	-2027.8 	7.29583
58 	100  	-2088   	-2029.63	-2027.8 	4.50825
59 	100  	-2091.05	-2029.36	-2027.8 	3.44506
60 	100  	-2067.46	-2029.16	-2027.8 	3.02344
61 	100  	-2084.74	-2029.08	-2027.22	4.21576
62 	100  	-2123.4 	-2028.94	-2027.22	5.498  
63 	100  	-2065.24	-2028.4 	-2027.22	2.99314
64 	100  	-2069.89	-2028.38	-2027.22	3.78845
65 	100  	-2171.23	-2028.3 	-2027.22	6.94561
66 	100  	-2132.28	-2028.08	-2027.1 	5.42005
67 	100  	-2103.9 	-2027.98	-2027.1 	4.61728
68 	100  	-2211.23	-2028.33	-2027.1 	10.1794
69 	100  	-2070.43	-2028.15	-2027.1 	4.01124
70 	100  	-2062.52	-2027.71	-2027.1 	2.79351
71 	100  	-2107.83	-2028.32	-2027.1 	5.986  
72 	100  	-2073.41	-2028.09	-2027.1 	4.62558
73 	100  	-2136.38	-2027.89	-2027.1 	6.4278 
74 	100  	-2169.63	-2028.3 	-2027.1 	9.02905
75 	100  	-2070.43	-2027.66	-2027.1 	3.03841
76 	100  	-2123.21	-2028.04	-2027.1 	5.89687
77 	100  	-2089.61	-2027.69	-2027.1 	3.67344
78 	100  	-2046.94	-2027.51	-2027.1 	1.74578
79 	100  	-2135.94	-2028.31	-2027.1 	7.82756
80 	100  	-2226.21	-2028.72	-2027.1 	11.927 
81 	100  	-2051.9 	-2027.49	-2027.1 	2.06077
82 	100  	-2087.89	-2027.63	-2027.1 	3.598  
83 	100  	-4221.98	-2032.53	-2026.7 	98.4633
84 	100  	-2161.56	-2027.72	-2026.7 	6.45833
85 	100  	-2071.32	-2027.86	-2026.52	4.07132
86 	100  	-2334.5 	-2028.3 	-2026.4 	14.0743
87 	100  	-2064.45	-2027.44	-2026.4 	2.34817
88 	100  	-2145.85	-2028.02	-2026.4 	7.55206
89 	100  	-2059.85	-2027.36	-2026.4 	3.14886
90 	100  	-2282.28	-2028.56	-2026.4 	15.336 
91 	100  	-2098.52	-2027.21	-2026.4 	5.14356
92 	100  	-2064.73	-2026.9 	-2026.4 	2.89572
93 	100  	-2053.63	-2026.81	-2026.4 	2.22988
94 	100  	-2255.56	-2027.39	-2026.4 	10.7709
95 	100  	-2064.52	-2027   	-2026.4 	3.12099
96 	100  	-2131.97	-2027.52	-2026.4 	7.63552
97 	100  	-2217.81	-2027.8 	-2026   	12.2781
98 	100  	-2046.34	-2026.74	-2025.7 	1.56901
99 	100  	-2410.41	-2027.73	-2025.7 	17.3638
gen	depth	min     	avg     	max     	std    
0  	100  	-3124.62	-2170.76	-2062   	99.2338
1  	100  	-4870.17	-2125.32	-2054.33	127.543
2  	100  	-3783.14	-2104.26	-2054.33	87.2808
3  	100  	-2361.54	-2087.26	-2054.33	24.7246
4  	100  	-3121.17	-2078.76	-2050.63	62.9833
5  	100  	-2193.18	-2066.45	-2047.06	11.9873
6  	100  	-2606.97	-2063.12	-2047.06	29.1243
7  	100  	-2527.55	-2059.47	-2047.06	25.5942
8  	100  	-2848.78	-2057.79	-2045.16	42.3599
9  	100  	-2209.45	-2053   	-2042   	11.7088
10 	100  	-3097.35	-2053.19	-2039.81	48.1556
11 	100  	-2158.57	-2048.18	-2038.46	7.4615 
12 	100  	-2272.51	-2047.56	-2037.36	17.3771
13 	100  	-2473.57	-2045.34	-2035.24	22.7094
14 	100  	-2386.54	-2044.39	-2035.24	18.7894
15 	100  	-2161.2 	-2041.82	-2034.49	10.1814
16 	100  	-2480.16	-2040.74	-2034.49	20.8545
17 	100  	-2164.99	-2039.31	-2034.49	9.95444
18 	100  	-2115.93	-2038.16	-2034.49	6.96806
19 	100  	-2130.92	-2037.18	-2033.27	6.30321
20 	100  	-2100.74	-2036.28	-2032.81	4.93073
21 	100  	-2072.14	-2035.5 	-2032.81	3.67257
22 	100  	-2111.97	-2036.16	-2032.81	8.76179
23 	100  	-2519.11	-2036.66	-2032.11	27.1363
24 	100  	-2186.69	-2034.9 	-2031.84	8.59342
25 	100  	-2124.04	-2034.66	-2031.84	6.89168
26 	100  	-2126.02	-2033.82	-2031.62	4.99098
27 	100  	-2088.94	-2033.35	-2031.42	3.56904
28 	100  	-2077.33	-2033.21	-2031.4 	3.65665
29 	100  	-2111.08	-2032.95	-2031.4 	4.35543
30 	100  	-2077.73	-2032.9 	-2030.92	4.09578
31 	100  	-2101.62	-2032.8 	-2030.72	4.85778
32 	100  	-2055.62	-2032.03	-2030.72	2.13023
33 	100  	-2189.18	-2032.45	-2030.59	7.94415
34 	100  	-2057.59	-2031.72	-2030.59	2.15132
35 	100  	-2087.54	-2031.73	-2030.59	3.52086
36 	100  	-2064.46	-2031.63	-2030.59	3.17493
37 	100  	-2063.05	-2031.36	-2029.89	2.4813 
38 	100  	-2095.06	-2031.37	-2029.89	3.84308
39 	100  	-2049.97	-2031.13	-2029.89	2.03997
40 	100  	-2127.3 	-2031.26	-2029.89	5.32105
41 	100  	-2072.66	-2031.06	-2029   	3.59157
42 	100  	-2139.24	-2031.09	-2029   	5.79509
43 	100  	-2085.72	-2030.63	-2028.8 	3.69185
44 	100  	-2130.48	-2030.8 	-2028.8 	6.94945
45 	100  	-2064.45	-2030.12	-2028.8 	2.57019
46 	100  	-2050.85	-2029.71	-2028.8 	1.7915 
47 	100  	-2085.23	-2029.75	-2028.8 	3.55014
48 	100  	-2065.79	-2029.58	-2028.3 	2.90435
49 	100  	-2284.98	-2030.19	-2028.3 	12.1997
50 	100  	-2091.56	-2029.43	-2028.3 	4.11826
51 	100  	-2084.16	-2029.64	-2028.1 	4.71686
52 	100  	-2062.93	-2029.11	-2028.1 	2.44545
53 	100  	-2061.81	-2029.01	-2028.1 	2.9454 
54 	100  	-2123.33	-2029.66	-2028.1 	8.24432
55 	100  	-2058.49	-2028.86	-2028.1 	2.83275
56 	100  	-2081.41	-2028.73	-2027.4 	3.79244
57 	100  	-2193.17	-2029.26	-2027.4 	8.79128
58 	100  	-2191.47	-2029.14	-2026.7 	8.11755
59 	100  	-2121.94	-2029.46	-2026.7 	7.51671
60 	100  	-2070.04	-2028.7 	-2026.7 	3.86578
61 	100  	-2086.19	-2028.41	-2026.7 	3.97902
62 	100  	-2043.42	-2027.68	-2026.7 	1.12784
63 	100  	-2096.79	-2028.11	-2026.7 	4.41608
64 	100  	-2098.23	-2028.07	-2026.7 	4.8548 
65 	100  	-2107.08	-2027.83	-2026.7 	4.37335
66 	100  	-2431.09	-2029.65	-2026.7 	23.2294
67 	100  	-2350.88	-2028.32	-2026.7 	15.4807
68 	100  	-2067.75	-2027.27	-2026.7 	3.23791
69 	100  	-2072.73	-2027.44	-2026.7 	3.81269
70 	100  	-2095.55	-2027.53	-2026.7 	5.29278
71 	100  	-2054.91	-2027.24	-2026.7 	2.44378
72 	100  	-2173.29	-2027.75	-2026.7 	9.51078
73 	100  	-2054.47	-2027.06	-2026.7 	1.99805
74 	100  	-2065.37	-2027.17	-2026.7 	2.61692
75 	100  	-2063.11	-2027.23	-2026.7 	3.14653
76 	100  	-2226.85	-2027.8 	-2026.7 	10.0633
77 	100  	-2289.27	-2028.18	-2026.7 	14.2962
78 	100  	-2094.49	-2027.53	-2026.7 	5.64589
79 	100  	-2046.98	-2027.08	-2026.7 	1.84026
80 	100  	-2231.69	-2027.81	-2026.7 	10.0049
81 	100  	-2052.16	-2027.26	-2026.7 	2.76145
82 	100  	-2148.49	-2027.59	-2026.7 	7.1931 
83 	100  	-2964.03	-2030.2 	-2026.7 	43.0935
84 	100  	-2091.43	-2027.25	-2026.7 	4.02973
85 	100  	-2061.1 	-2027.33	-2026.7 	3.01061
86 	100  	-2078.36	-2027.24	-2026.7 	3.35028
87 	100  	-2070.57	-2027.22	-2026.7 	3.40789
88 	100  	-2101.21	-2027.71	-2026.7 	6.22851
89 	100  	-2141.43	-2027.5 	-2026.7 	6.11053
90 	100  	-2113.83	-2027.86	-2026.7 	6.90345
91 	100  	-2101.04	-2027.47	-2026.7 	5.39614
92 	100  	-2091.16	-2027.35	-2026.7 	3.97032
93 	100  	-2066.08	-2027.32	-2026.7 	2.65622
94 	100  	-2206.74	-2028.45	-2026.7 	12.907 
95 	100  	-3546.84	-2030.31	-2026.7 	67.9239
96 	100  	-2065.38	-2027.37	-2026.7 	2.94977
97 	100  	-2070.73	-2027.22	-2026.7 	3.14168
98 	100  	-2232.38	-2028.41	-2026.7 	13.6054
99 	100  	-2061.17	-2027.27	-2026.7 	2.93288
gen	depth	min     	avg     	max     	std    
0  	100  	-2863.41	-2171   	-2060.67	96.9569
1  	100  	-2266.7 	-2115.29	-2055.39	33.5226
2  	100  	-2590.68	-2092.37	-2055.32	31.0197
3  	100  	-2143   	-2076.23	-2048.34	12.6399
4  	100  	-2374.26	-2069.5 	-2047.44	23.4433
5  	100  	-2466.9 	-2063.32	-2044.04	26.2542
6  	100  	-2144.3 	-2056.77	-2043.29	8.71425
7  	100  	-2996.32	-2055.36	-2042.6 	42.8075
8  	100  	-2321.6 	-2053.44	-2041.76	19.7955
9  	100  	-2145.4 	-2049.1 	-2041.16	6.85728
10 	100  	-2332.43	-2048.68	-2038.61	18.3487
11 	100  	-2155.71	-2045.83	-2038.61	8.55071
12 	100  	-2164.4 	-2044.14	-2038.13	7.30376
13 	100  	-2110.96	-2043.02	-2037.94	6.16568
14 	100  	-2607.07	-2043.76	-2035.86	27.764 
15 	100  	-2248.03	-2042.08	-2035.86	14.4926
16 	100  	-2375.53	-2041.04	-2035.16	16.6897
17 	100  	-2170   	-2040.41	-2035.16	11.5757
18 	100  	-2110.5 	-2038.93	-2035.14	6.02239
19 	100  	-2377.58	-2038.79	-2034.46	18.1491
20 	100  	-2095.47	-2037.13	-2033.64	5.06673
21 	100  	-2192.4 	-2036.74	-2033.62	8.54019
22 	100  	-2209.21	-2036.93	-2032.11	12.0384
23 	100  	-2134.24	-2035.86	-2032.11	6.07778
24 	100  	-4481.83	-2040.4 	-2032.11	109.637
25 	100  	-2084.51	-2034.57	-2032.11	4.22908
26 	100  	-2098.22	-2034.13	-2031.67	5.15406
27 	100  	-2179.61	-2033.81	-2031.4 	7.36065
28 	100  	-2647.66	-2035.59	-2031.4 	30.9127
29 	100  	-2082.38	-2033.01	-2031.29	4.29417
30 	100  	-2556.97	-2034.4 	-2031.29	24.8251
31 	100  	-2160.09	-2033.1 	-2030.72	7.77778
32 	100  	-2067.72	-2032.69	-2030.62	4.07479
33 	100  	-2221.31	-2033.23	-2030.62	11.8739
34 	100  	-2091.57	-2032.02	-2030.62	5.1641 
35 	100  	-2249.05	-2032.39	-2030.62	11.7708
36 	100  	-2143.53	-2032.5 	-2029.89	10.13  
37 	100  	-2945.78	-2033.27	-2029.89	41.2624
38 	100  	-2212.92	-2031.61	-2029.89	8.83505
39 	100  	-2074.23	-2031.24	-2029.89	3.56919
40 	100  	-2094.29	-2031.49	-2029.89	5.29805
41 	100  	-2125.9 	-2031.11	-2029.89	4.87103
42 	100  	-2131.59	-2031.59	-2029.89	7.3699 
43 	100  	-2158.4 	-2031.58	-2029.89	9.82376
44 	100  	-2395.83	-2031.82	-2029.19	19.2319
45 	100  	-2096.88	-2030.82	-2029.19	5.07562
46 	100  	-2051.51	-2030.36	-2029.19	2.21143
47 	100  	-2077.19	-2030.3 	-2029.19	2.97116
48 	100  	-2087.41	-2030.35	-2028.49	3.79352
49 	100  	-2137.05	-2030.8 	-2028.49	8.003  
50 	100  	-2071.54	-2029.98	-2028.49	3.23648
51 	100  	-2101.81	-2030.19	-2027.8 	5.38765
52 	100  	-2180.9 	-2030.36	-2027.8 	9.70259
53 	100  	-2068.45	-2029.6 	-2027.8 	3.05811
54 	100  	-2082.98	-2029.27	-2027.8 	3.50888
55 	100  	-2051.35	-2029   	-2027.8 	2.16015
56 	100  	-2118.53	-2029.08	-2027.8 	5.06235
57 	100  	-2188.18	-2029.8 	-2027.8 	10.2513
58 	100  	-2175.04	-2028.66	-2027.8 	6.76025
59 	100  	-2069.42	-2028.53	-2027.8 	3.57211
60 	100  	-2078.49	-2028.36	-2027.8 	3.11619
61 	100  	-2112.56	-2028.49	-2027.4 	5.1781 
62 	100  	-2302.25	-2028.95	-2027.4 	12.6288
63 	100  	-2101.92	-2028.66	-2027.4 	4.93041
64 	100  	-2303.75	-2029.08	-2027.4 	15.8466
65 	100  	-2069.74	-2028.41	-2027.4 	3.44475
66 	100  	-2100.9 	-2028.53	-2027.4 	4.64929
67 	100  	-2066.13	-2028.05	-2027.4 	2.96095
68 	100  	-2414.8 	-2029.33	-2027.4 	18.2105
69 	100  	-2254.14	-2029.16	-2027.4 	12.2233
70 	100  	-2076.45	-2027.94	-2027.4 	3.38043
71 	100  	-2063.1 	-2028.02	-2027.4 	3.0142 
72 	100  	-2110.99	-2028.46	-2027.4 	6.63275
73 	100  	-2068.45	-2028.17	-2027.4 	3.92935
74 	100  	-2096.01	-2028.71	-2027.4 	6.95046
75 	100  	-2069.74	-2027.99	-2027.4 	3.04302
76 	100  	-2068.99	-2028.07	-2027.4 	3.27733
77 	100  	-2133.66	-2028.3 	-2027.4 	6.36132
78 	100  	-2253.01	-2029.25	-2027.4 	13.6338
79 	100  	-2265.71	-2028.69	-2027.4 	12.5281
80 	100  	-2132.66	-2028.43	-2027.4 	6.33271
81 	100  	-2408.7 	-2029.82	-2027.4 	21.2026
82 	100  	-2279.29	-2029.09	-2027.4 	15.0484
83 	100  	-2068.75	-2027.99	-2027.4 	3.60474
84 	100  	-2070.32	-2027.77	-2027.4 	2.93927
85 	100  	-2083.99	-2028.02	-2027.4 	3.70689
86 	100  	-2113.01	-2028.32	-2027.4 	5.65292
87 	100  	-2073.24	-2028.05	-2027.4 	3.34033
88 	100  	-2063.81	-2027.83	-2027.4 	2.39096
89 	100  	-2051.92	-2027.9 	-2027.4 	2.36521
90 	100  	-2152.06	-2028.34	-2027.4 	7.15614
91 	100  	-2062.81	-2028.07	-2027.4 	2.91745
92 	100  	-2091.57	-2027.84	-2027.4 	3.23459
93 	100  	-2055.91	-2027.88	-2027.4 	2.32112
94 	100  	-2187.18	-2028.14	-2027.1 	7.6806 
95 	100  	-2071.05	-2028.19	-2027.1 	3.66292
96 	100  	-2312.77	-2028.61	-2027.1 	13.0755
97 	100  	-2114.44	-2028.34	-2027.1 	5.52524
98 	100  	-2091.87	-2027.88	-2027.1 	3.34666
99 	100  	-2293.27	-2028.56	-2027.1 	13.0764
gen	depth	min     	avg     	max     	std    
0  	100  	-3067.1 	-2182.13	-2071.6 	123.012
1  	100  	-2970.39	-2124.45	-2061.11	49.8456
2  	100  	-2294.77	-2099.14	-2058   	23.8683
3  	100  	-2267.5 	-2085.86	-2056.3 	18.004 
4  	100  	-2400.51	-2077.56	-2046.59	23.5111
5  	100  	-2128.61	-2070.39	-2040.51	10.7152
6  	100  	-2185.79	-2064.85	-2040.51	12.5741
7  	100  	-2589.31	-2060.46	-2040.51	26.56  
8  	100  	-2447.32	-2056.97	-2040.51	27.4001
9  	100  	-2170.97	-2051.43	-2039.81	10.1554
10 	100  	-2156.91	-2048.83	-2039.81	9.43833
11 	100  	-2198.25	-2045.81	-2038.94	8.93384
12 	100  	-2256.02	-2045.67	-2038.72	18.1917
13 	100  	-2154.52	-2042.66	-2038.36	7.4946 
14 	100  	-2193.63	-2041.89	-2037.64	8.74451
15 	100  	-2313.72	-2041.74	-2037.64	14.6951
16 	100  	-2128.22	-2041.43	-2037.64	9.63568
17 	100  	-2597.49	-2043.07	-2037.54	35.9284
18 	100  	-2150.52	-2040.2 	-2036.94	8.20587
19 	100  	-2457.09	-2041.03	-2036.92	21.4054
20 	100  	-2156.44	-2039.88	-2035.42	9.28852
21 	100  	-2332.84	-2040.52	-2035.42	16.8272
22 	100  	-2273.18	-2039.51	-2035.32	14.1003
23 	100  	-2109.22	-2038.58	-2033.59	6.60471
24 	100  	-2385.66	-2039.01	-2033.59	18.3895
25 	100  	-2094.91	-2037.48	-2033.59	4.98253
26 	100  	-2251.67	-2038.02	-2032.89	13.6595
27 	100  	-2201.31	-2036.49	-2032.89	8.2917 
28 	100  	-2077.56	-2035.44	-2032.19	3.65408
29 	100  	-2118.76	-2035.21	-2031.8 	6.80592
30 	100  	-2147.04	-2035.07	-2031.36	9.76321
31 	100  	-2064.75	-2033.38	-2031.36	2.42545
32 	100  	-2123.46	-2033.47	-2030.52	5.36067
33 	100  	-2116.65	-2033.43	-2030.44	6.8081 
34 	100  	-2156.93	-2033.53	-2030.44	8.92562
35 	100  	-2125.67	-2032.7 	-2030.02	6.79535
36 	100  	-2121   	-2032.29	-2030.02	6.58537
37 	100  	-2108.58	-2031.92	-2029.97	5.61284
38 	100  	-2217.69	-2031.52	-2029.49	8.77616
39 	100  	-2309.87	-2031.32	-2029.32	12.6452
40 	100  	-2077.03	-2030.65	-2029.32	3.47816
41 	100  	-2089.52	-2030.79	-2029.32	4.9606 
42 	100  	-2168.81	-2030.52	-2029.27	6.68683
43 	100  	-2331.83	-2030.95	-2028.62	14.52  
44 	100  	-2095.73	-2030.25	-2028.62	4.55946
45 	100  	-2056.19	-2029.62	-2028.62	1.70093
46 	100  	-2131.89	-2030.09	-2028.62	5.73805
47 	100  	-2136.58	-2029.94	-2028.62	5.52987
48 	100  	-2067.18	-2029.99	-2028.62	3.8159 
49 	100  	-2164.18	-2030.22	-2028.3 	8.56518
50 	100  	-2403.04	-2030.87	-2028.3 	19.7038
51 	100  	-2825.32	-2031.04	-2028.3 	35.997 
52 	100  	-2047.3 	-2028.91	-2028.3 	1.65758
53 	100  	-2066.05	-2029.09	-2028.3 	2.985  
54 	100  	-2081.17	-2029.4 	-2028.3 	4.83788
55 	100  	-2075.35	-2029.08	-2028.22	3.52007
56 	100  	-2235.07	-2029.51	-2028.22	9.85379
57 	100  	-2062.36	-2028.81	-2028.22	2.46455
58 	100  	-2066.15	-2028.91	-2028.22	2.8105 
59 	100  	-2067.68	-2028.81	-2028.22	2.7867 
60 	100  	-2086.73	-2028.98	-2028.22	4.0066 
61 	100  	-2345.52	-2030.46	-2028.22	19.1485
62 	100  	-2082.05	-2028.94	-2028.22	3.7914 
63 	100  	-15954.1	-2056.5 	-2028.1 	622.145
64 	100  	-2073.42	-2028.83	-2028.1 	3.2353 
65 	100  	-2155.11	-2029.29	-2027.92	6.78217
66 	100  	-2137.92	-2029.22	-2027.92	7.49646
67 	100  	-2081.01	-2029.01	-2027.92	4.20042
68 	100  	-2057.43	-2028.72	-2027.92	2.72607
69 	100  	-2638.36	-2030.52	-2027.92	28.727 
70 	100  	-2142.58	-2028.83	-2027.4 	5.78102
71 	100  	-2074.42	-2028.68	-2027.4 	3.93711
72 	100  	-2101.73	-2028.71	-2027.4 	4.26026
73 	100  	-3482.93	-2031.98	-2027.22	65.5032
74 	100  	-2078.94	-2028.34	-2027.22	3.48115
75 	100  	-2087.6 	-2028.33	-2027.22	3.89144
76 	100  	-2159.09	-2028.42	-2027.22	7.59987
77 	100  	-2140.33	-2027.96	-2026.82	5.65445
78 	100  	-2109.23	-2028.12	-2026.82	5.53911
79 	100  	-2065.91	-2028.08	-2026.82	4.26538
80 	100  	-2077.5 	-2027.93	-2026.82	3.96382
81 	100  	-2667.51	-2030.02	-2026.82	30.9513
82 	100  	-2096.53	-2027.72	-2026.82	3.82997
83 	100  	-2208.73	-2027.97	-2026.82	8.92098
84 	100  	-2139.93	-2028.11	-2026.82	7.48   
85 	100  	-2403.12	-2029.06	-2026.7 	21.8025
86 	100  	-2093.55	-2027.51	-2026.7 	4.12599
87 	100  	-2327.74	-2028.21	-2026.7 	14.4127
88 	100  	-2135.77	-2027.68	-2026.7 	6.07463
89 	100  	-2081.47	-2027.42	-2026.7 	4.18142
90 	100  	-2087.59	-2027.44	-2026.7 	3.7749 
91 	100  	-2082.48	-2027.35	-2026.7 	3.45176
92 	100  	-2100.43	-2027.45	-2026.7 	5.14076
93 	100  	-2066.6 	-2027.37	-2026.7 	3.35215
94 	100  	-2174.22	-2027.81	-2026.52	9.13669
95 	100  	-2047.39	-2027.05	-2026.52	1.93321
96 	100  	-2388.3 	-2028.06	-2026.52	16.6579
97 	100  	-9666.12	-2043.26	-2026.52	341.49 
98 	100  	-2075.61	-2027.38	-2026.52	4.11092
99 	100  	-2057.61	-2027.02	-2026.52	2.27525
gen	depth	min     	avg     	max     	std    
0  	100  	-2969.88	-2185.44	-2067   	113.392
1  	100  	-6473.17	-2127.31	-2062.31	197.288
2  	100  	-2587   	-2096.74	-2057.68	31.1972
3  	100  	-2636.29	-2084.18	-2055.62	30.9229
4  	100  	-2485.41	-2075.69	-2051.53	26.7974
5  	100  	-2152.96	-2067.89	-2050.71	9.92444
6  	100  	-2417.86	-2064   	-2046.59	18.4416
7  	100  	-2140.28	-2060.14	-2046.59	9.98036
8  	100  	-2127.27	-2056.64	-2043.21	7.05346
9  	100  	-2350.68	-2054.55	-2043.21	15.0695
10 	100  	-2555.41	-2054.34	-2043.21	31.1243
11 	100  	-2137.57	-2049.97	-2042.05	6.94967
12 	100  	-2200.61	-2048.92	-2040.68	10.5683
13 	100  	-3236.56	-2051.63	-2039.81	61.4812
14 	100  	-2169.16	-2046.27	-2038.96	9.18112
15 	100  	-2117.06	-2044.11	-2037.43	5.49668
16 	100  	-2127.59	-2043.03	-2037.38	7.22122
17 	100  	-3022.01	-2045.23	-2037.38	56.651 
18 	100  	-2076.22	-2040.69	-2036.24	3.63304
19 	100  	-2193.65	-2040.64	-2036.21	11.2096
20 	100  	-2253.83	-2040.38	-2035.34	12.0896
21 	100  	-2269.01	-2039.5 	-2035.11	12.2116
22 	100  	-2179.37	-2039.21	-2033.42	10.872 
23 	100  	-2102.89	-2038.2 	-2033.42	6.46306
24 	100  	-2101.49	-2037.26	-2033.42	5.76562
25 	100  	-2129.99	-2037.11	-2032.72	7.97055
26 	100  	-2110.91	-2036.19	-2032.72	5.99862
27 	100  	-2135.67	-2035.43	-2032.19	6.11721
28 	100  	-2096.94	-2035.28	-2032.02	6.64997
29 	100  	-2135.4 	-2034.25	-2032.02	5.65388
30 	100  	-2113.38	-2034.01	-2031.19	6.06551
31 	100  	-2078.6 	-2033.44	-2030.54	4.21829
32 	100  	-2074.04	-2033.15	-2030.54	3.08568
33 	100  	-2063.66	-2032.66	-2030.54	2.29615
34 	100  	-2085.8 	-2032.82	-2030.49	4.7939 
35 	100  	-2069.62	-2032.33	-2030.49	3.22457
36 	100  	-2062.29	-2031.84	-2029.49	2.67629
37 	100  	-2101.94	-2032.13	-2029.49	5.87764
38 	100  	-2077.23	-2031.56	-2029.27	4.12328
39 	100  	-2266.51	-2032.01	-2029.19	14.1467
40 	100  	-2262.54	-2031.45	-2029.19	11.0692
41 	100  	-2416.98	-2031.66	-2029.19	18.0305
42 	100  	-2094.85	-2030.74	-2029.19	4.84766
43 	100  	-2186.47	-2030.96	-2029.19	9.13688
44 	100  	-2159.54	-2030.31	-2028.8 	6.98976
45 	100  	-2070.44	-2029.92	-2028.74	3.34858
46 	100  	-2108.58	-2029.85	-2028.62	4.50703
47 	100  	-2112.15	-2030.17	-2028.49	6.55556
48 	100  	-2082.46	-2030.25	-2028.49	5.16393
49 	100  	-2104.6 	-2029.89	-2028.49	4.92864
50 	100  	-2194.22	-2030.24	-2028.4 	10.1129
51 	100  	-2064.61	-2029.4 	-2028.4 	2.82019
52 	100  	-2068.45	-2029.33	-2028.4 	3.48246
53 	100  	-6326.86	-2040.66	-2028.4 	200.638
54 	100  	-2056.73	-2028.93	-2028.4 	2.2243 
55 	100  	-2051.48	-2028.95	-2028.4 	2.31207
56 	100  	-2105.61	-2029.11	-2027.92	4.627  
57 	100  	-2097.88	-2029.66	-2027.8 	6.89107
58 	100  	-2114.97	-2029.59	-2027.8 	6.84326
59 	100  	-2147.95	-2029.27	-2027.8 	7.88401
60 	100  	-2080.47	-2028.87	-2027.74	4.03963
61 	100  	-2080.24	-2028.73	-2027.74	4.07438
62 	100  	-2423.92	-2029.55	-2027.74	18.7779
63 	100  	-2205.49	-2028.93	-2027.74	10.5516
64 	100  	-2201.66	-2028.98	-2027.74	10.4249
65 	100  	-2052.03	-2028.44	-2027.52	2.70582
66 	100  	-2082.98	-2028.7 	-2027.52	4.70975
67 	100  	-2058   	-2028.39	-2027.52	2.9775 
68 	100  	-2131.36	-2028.79	-2027.52	6.4367 
69 	100  	-2084.62	-2028.32	-2027.52	4.00066
70 	100  	-2085.9 	-2028.55	-2027.52	4.53495
71 	100  	-2110.29	-2028.25	-2027.52	4.79788
72 	100  	-2057.8 	-2028.08	-2027.1 	2.75524
73 	100  	-2188.29	-2028.68	-2027.1 	9.28927
74 	100  	-2112.05	-2028.69	-2027.1 	6.70636
75 	100  	-2054.62	-2027.91	-2027.1 	2.28242
76 	100  	-2096.03	-2028.27	-2027.1 	4.89575
77 	100  	-2072.31	-2027.93	-2027.1 	3.15419
78 	100  	-2074.69	-2027.79	-2027.1 	3.67119
79 	100  	-2059.14	-2027.67	-2027.1 	2.5407 
80 	100  	-2053.17	-2027.53	-2027.1 	2.18783
81 	100  	-2321.63	-2029.24	-2026.7 	15.8564
82 	100  	-2065.49	-2027.61	-2026.7 	3.48434
83 	100  	-2055.19	-2027.58	-2026.7 	2.45161
84 	100  	-2067.07	-2027.74	-2026.7 	3.49142
85 	100  	-2096.72	-2027.92	-2026.4 	5.25208
86 	100  	-2309.94	-2028.26	-2026.4 	14.2687
87 	100  	-2154.88	-2027.44	-2026.4 	6.34406
88 	100  	-2102.8 	-2027.41	-2026.4 	4.99215
89 	100  	-3528.82	-2032.66	-2026.4 	80.5441
90 	100  	-2058.23	-2026.89	-2026.4 	1.84157
91 	100  	-2093.18	-2027.22	-2026.4 	4.77027
92 	100  	-2182.2 	-2027.2 	-2026.4 	7.34443
93 	100  	-2163.85	-2027.24	-2026.4 	6.65384
94 	100  	-2086.6 	-2027.06	-2026.4 	3.6805 
95 	100  	-2048.6 	-2026.73	-2026.4 	1.88789
96 	100  	-2057.52	-2026.93	-2026   	2.56087
97 	100  	-2049.12	-2026.81	-2026   	1.99152
98 	100  	-2094.19	-2027.02	-2026   	3.76992
99 	100  	-2108.77	-2027.22	-2026   	5.82689
gen	depth	min     	avg     	max     	std    
0  	100  	-3007.28	-2179.54	-2057   	100.563
1  	100  	-3099.07	-2123.58	-2056.91	57.1355
2  	100  	-2384.09	-2101.11	-2054.12	30.4175
3  	100  	-2955.26	-2087   	-2052.78	43.9114
4  	100  	-2292.2 	-2074.14	-2051.01	18.4557
5  	100  	-2589.47	-2068.68	-2049.43	29.6007
6  	100  	-2137.17	-2062.44	-2049.05	10     
7  	100  	-2257.78	-2058.91	-2046.83	13.5043
8  	100  	-2256.66	-2056.03	-2046.21	12.9686
9  	100  	-2412.51	-2056.01	-2044.89	24.8607
10 	100  	-2137.12	-2051.95	-2043.19	7.88789
11 	100  	-2720.88	-2051.58	-2042.66	31.482 
12 	100  	-2175.78	-2048.8 	-2040.79	9.3291 
13 	100  	-2213.37	-2048.82	-2040.01	15.9524
14 	100  	-2591.11	-2048.27	-2040.01	28.6302
15 	100  	-2174.56	-2045.01	-2039.86	9.4688 
16 	100  	-2755.25	-2045.65	-2038.7 	33.9338
17 	100  	-2257.49	-2043.67	-2037.98	14.8196
18 	100  	-2198.27	-2042.34	-2036.34	10.1764
19 	100  	-2197.11	-2041.97	-2036.16	9.8763 
20 	100  	-2258.47	-2041.84	-2034.69	15.9195
21 	100  	-2264.41	-2041.79	-2034.69	18.3327
22 	100  	-2153.33	-2039.7 	-2034.69	9.32563
23 	100  	-2223.52	-2039.68	-2034.69	11.7976
24 	100  	-2106.01	-2038.24	-2034.06	6.45706
25 	100  	-2117.68	-2037.02	-2032.69	5.17225
26 	100  	-2160.5 	-2037.77	-2032.69	12.3497
27 	100  	-2123.34	-2036.63	-2032.54	7.52851
28 	100  	-2182.64	-2035.77	-2031.84	9.41436
29 	100  	-2131.11	-2034.92	-2031.59	6.44223
30 	100  	-2159.32	-2034.55	-2031.02	8.28792
31 	100  	-2181.17	-2033.92	-2031.02	7.54239
32 	100  	-2112.37	-2033.06	-2030.59	4.59822
33 	100  	-2102.15	-2032.76	-2030.02	4.44036
34 	100  	-2172.73	-2033.06	-2029.89	9.01597
35 	100  	-2104.75	-2032.66	-2029.89	6.11825
36 	100  	-2205.77	-2032.79	-2029.89	11.9832
37 	100  	-2118.65	-2031.77	-2029.89	5.89568
38 	100  	-2158.83	-2032.24	-2029.49	8.21438
39 	100  	-2344   	-2032.51	-2029.32	17.9253
40 	100  	-2057.13	-2030.76	-2029.32	2.34307
41 	100  	-2209.99	-2031.29	-2029.19	9.53459
42 	100  	-2243.49	-2030.6 	-2029.19	9.76232
43 	100  	-2090.39	-2030.22	-2029.19	4.06202
44 	100  	-2064.04	-2030.02	-2028.8 	3.27708
45 	100  	-2058.58	-2029.85	-2028.8 	2.50113
46 	100  	-2070.97	-2029.92	-2028.8 	3.6567 
47 	100  	-2079.47	-2029.9 	-2028.8 	4.44623
48 	100  	-2115.43	-2030.09	-2028.8 	6.05007
49 	100  	-2177.61	-2030.02	-2028.8 	7.94505
50 	100  	-2107.58	-2029.74	-2028.8 	5.40709
51 	100  	-2175.22	-2030.16	-2028.8 	9.27747
52 	100  	-2070.55	-2029.4 	-2028.8 	2.89397
53 	100  	-2148.36	-2029.83	-2028.49	7.21793
54 	100  	-2123.8 	-2029.92	-2028.49	6.37162
55 	100  	-2146.61	-2029.65	-2028.49	6.6088 
56 	100  	-2117.42	-2029.62	-2027.8 	5.7427 
57 	100  	-2093.96	-2029.6 	-2027.8 	4.50337
58 	100  	-2147.71	-2030.15	-2027.8 	8.97211
59 	100  	-2325.62	-2030.32	-2027.8 	15.9983
60 	100  	-2077.74	-2029.03	-2027.8 	4.06115
61 	100  	-2152.89	-2029.04	-2027.8 	7.07582
62 	100  	-2112.6 	-2028.68	-2027.8 	6.12623
63 	100  	-2072.01	-2028.41	-2027.8 	3.75091
64 	100  	-2104.79	-2028.89	-2027.8 	6.41308
65 	100  	-2127.08	-2028.87	-2027.8 	6.78565
66 	100  	-2141.16	-2028.67	-2027.8 	6.36887
67 	100  	-2099.03	-2028.66	-2027.8 	5.11468
68 	100  	-2079.41	-2028.54	-2027.8 	3.84422
69 	100  	-2601.33	-2030.36	-2027.8 	27.4959
70 	100  	-2106.2 	-2028.93	-2027.8 	5.89664
71 	100  	-2100.92	-2028.7 	-2027.8 	6.0572 
72 	100  	-2077.6 	-2028.53	-2027.8 	3.77596
73 	100  	-2069.29	-2028.49	-2027.8 	3.55209
74 	100  	-2123.4 	-2029.46	-2027.8 	9.4101 
75 	100  	-2089.88	-2028.71	-2027.8 	5.38605
76 	100  	-2142.33	-2028.89	-2027.8 	6.2676 
77 	100  	-2253.04	-2029.1 	-2027.8 	10.7821
78 	100  	-2232.9 	-2029.02	-2027.8 	10.0279
79 	100  	-2061.08	-2028.28	-2027.8 	2.73386
80 	100  	-2092.71	-2028.44	-2027.8 	4.0655 
81 	100  	-2104.79	-2028.57	-2027.8 	5.0916 
82 	100  	-2121.41	-2028.77	-2027.8 	5.93088
83 	100  	-2139.04	-2029.03	-2027.8 	7.12029
84 	100  	-2061.82	-2028.32	-2027.8 	3.20888
85 	100  	-2070.73	-2028.65	-2027.8 	4.32183
86 	100  	-2046.48	-2028.21	-2027.8 	2.07741
87 	100  	-2157.57	-2028.86	-2027.8 	7.37254
88 	100  	-2049.84	-2028.4 	-2027.1 	2.52272
89 	100  	-2129.9 	-2028.57	-2027.1 	6.28494
90 	100  	-2144.57	-2028.83	-2027.1 	8.08443
91 	100  	-2064.74	-2028.33	-2027.1 	3.72421
92 	100  	-2147.11	-2028.48	-2027.1 	7.39546
93 	100  	-2123.7 	-2028.36	-2027.1 	6.36899
94 	100  	-2123.8 	-2028.48	-2027.1 	8.03583
95 	100  	-2248.97	-2028.42	-2027.1 	11.4376
96 	100  	-2074.69	-2027.67	-2027.1 	2.90139
97 	100  	-2092.71	-2027.71	-2027.1 	4.41289
98 	100  	-2123.1 	-2027.89	-2026.7 	5.80355
99 	100  	-2047.74	-2027.54	-2026.7 	2.04878
gen	depth	min     	avg     	max     	std    
0  	100  	-4289.78	-2179.43	-2059.28	126.949
1  	100  	-2333.89	-2124.59	-2059.28	33.7387
2  	100  	-2607.97	-2102.59	-2059.28	35.2891
3  	100  	-2397.84	-2086.35	-2056.81	21.1616
4  	100  	-2330.89	-2077.54	-2048.58	17.6985
5  	100  	-2420.72	-2072.26	-2048.58	23.2694
6  	100  	-3273.5 	-2069.23	-2048.58	59.3212
7  	100  	-5688.52	-2068.63	-2048.05	162.241
8  	100  	-2211.98	-2059.66	-2042.89	11.2545
9  	100  	-2107.14	-2056.24	-2042.89	6.39617
10 	100  	-2131.38	-2053.98	-2042.89	8.40615
11 	100  	-2128.96	-2050.9 	-2042.55	6.27991
12 	100  	-2180.83	-2049.82	-2040.21	11.003 
13 	100  	-2109.12	-2047.18	-2038.03	5.94432
14 	100  	-2154.02	-2045.57	-2035.81	6.60808
15 	100  	-2209.42	-2045.44	-2035.16	14.4369
16 	100  	-2253.75	-2042.46	-2035.16	10.8669
17 	100  	-2186.34	-2041.38	-2035.11	12.8478
18 	100  	-2159.73	-2038.99	-2033.99	7.20596
19 	100  	-2444.42	-2038.28	-2033.99	18.6909
20 	100  	-2132.72	-2036.81	-2033.29	5.49895
21 	100  	-2118.99	-2036.56	-2033.24	6.09543
22 	100  	-2094.02	-2035.74	-2032.94	4.5138 
23 	100  	-2254.97	-2036.08	-2032.42	12.0086
24 	100  	-2124.61	-2034.94	-2032.24	5.50344
25 	100  	-2455.66	-2035.13	-2031.84	19.1505
26 	100  	-3551.06	-2037.21	-2031.59	68.0196
27 	100  	-2287.01	-2034.44	-2031.59	12.5092
28 	100  	-2077.46	-2033.7 	-2031.42	4.843  
29 	100  	-2109   	-2033.74	-2030.84	6.46158
30 	100  	-2218.1 	-2033.7 	-2030.72	9.73959
31 	100  	-2256.03	-2033.98	-2030.32	14.3371
32 	100  	-2958.95	-2036.22	-2030.32	46.0638
33 	100  	-2158.97	-2032.95	-2030.32	9.01017
34 	100  	-2083.51	-2032.21	-2030.02	4.20987
35 	100  	-2099.18	-2031.71	-2030.02	4.25018
36 	100  	-2777.67	-2033.6 	-2029.97	35.2709
37 	100  	-2265.36	-2031.8 	-2029.32	11.3074
38 	100  	-2079.3 	-2031.27	-2029.27	4.67949
39 	100  	-2181.3 	-2031.3 	-2029.27	8.51657
40 	100  	-2074.67	-2030.76	-2029.27	3.82619
41 	100  	-2115.39	-2030.42	-2029.27	4.31086
42 	100  	-2209.06	-2030.55	-2029.27	9.00769
43 	100  	-2088.82	-2030.14	-2028.62	3.98074
44 	100  	-2064.74	-2029.78	-2028.62	2.55939
45 	100  	-2125.57	-2030.26	-2028.57	6.49856
46 	100  	-2111.39	-2030.23	-2028.57	6.85502
47 	100  	-2084.72	-2029.85	-2028.57	4.54729
48 	100  	-2069.27	-2029.45	-2028.57	4.02219
49 	100  	-2140.54	-2030.06	-2028.57	9.149  
50 	100  	-2274.8 	-2029.98	-2028.49	12.0506
51 	100  	-2051.67	-2029.01	-2028.49	2.35767
52 	100  	-2114.24	-2029.28	-2028.49	4.83211
53 	100  	-2055.32	-2029.18	-2027.8 	2.83514
54 	100  	-2114.25	-2029.68	-2027.8 	6.28701
55 	100  	-2083.25	-2029.5 	-2027.8 	5.0875 
56 	100  	-2082.04	-2029.08	-2027.8 	3.8358 
57 	100  	-2132.54	-2028.82	-2027.52	5.01567
58 	100  	-2126.09	-2028.74	-2027.52	5.42674
59 	100  	-2051.38	-2028.22	-2027.52	1.80154
60 	100  	-2049.28	-2028.24	-2027.52	2.39219
61 	100  	-2129.6 	-2028.5 	-2027.52	6.7905 
62 	100  	-2069.44	-2028.18	-2027.4 	3.07504
63 	100  	-2158.4 	-2028.41	-2027.1 	7.24033
64 	100  	-2057.87	-2027.95	-2027.1 	2.25112
65 	100  	-2072.42	-2028.23	-2027.1 	3.45441
66 	100  	-2074.8 	-2028.04	-2027.1 	3.49974
67 	100  	-2070.29	-2027.87	-2027.1 	2.46251
68 	100  	-2201.45	-2028.2 	-2027.1 	8.2482 
69 	100  	-2056.18	-2027.78	-2027.1 	3.00922
70 	100  	-2092.26	-2027.72	-2026.7 	3.8802 
71 	100  	-2059.84	-2027.66	-2026.7 	2.89164
72 	100  	-2062.12	-2027.8 	-2026.7 	3.51516
73 	100  	-2095.84	-2027.7 	-2026.7 	4.3229 
74 	100  	-2090.21	-2027.66	-2026.7 	3.58328
75 	100  	-2043.49	-2027.28	-2026.7 	1.52875
76 	100  	-2080.64	-2027.55	-2026.7 	4.05941
77 	100  	-2150.77	-2027.53	-2026.7 	6.01875
78 	100  	-2086.09	-2027.37	-2026.4 	3.62119
79 	100  	-2097.83	-2027.66	-2026.4 	5.94954
80 	100  	-2061.95	-2027.13	-2026.4 	2.68334
81 	100  	-2055.19	-2027.01	-2026.4 	1.79412
82 	100  	-2086.89	-2027.46	-2026.4 	4.28372
83 	100  	-2047.75	-2026.97	-2026.4 	1.91469
84 	100  	-2074.69	-2027.05	-2026.4 	3.45548
85 	100  	-2058.15	-2027.03	-2026.4 	3.15335
86 	100  	-2053.51	-2027.04	-2026.4 	2.83669
87 	100  	-2046.87	-2026.8 	-2026.4 	1.77905
88 	100  	-2082.33	-2027.09	-2026.4 	3.89864
89 	100  	-2102.8 	-2027.53	-2026.4 	5.87908
90 	100  	-2063.8 	-2027.14	-2026.4 	3.67563
91 	100  	-2059.14	-2026.83	-2026.4 	2.529  
92 	100  	-2053.99	-2026.9 	-2026.4 	2.5486 
93 	100  	-2069.54	-2027.02	-2026.4 	3.35445
94 	100  	-2112.28	-2027.11	-2026.4 	5.05547
95 	100  	-2052.49	-2027   	-2026.4 	2.5661 
96 	100  	-2054.29	-2027.05	-2026.4 	2.50177
97 	100  	-2152.4 	-2027.25	-2026   	7.3285 
98 	100  	-2129.97	-2028.07	-2026   	8.76528
99 	100  	-2126.39	-2027.39	-2026   	5.94601
