gen	depth	min     	avg     	max  	std      
0  	60   	-2080.24	-2030.3 	-2025	5.91373  
1  	60   	-2074.28	-2027.28	-2025	2.74193  
2  	60   	-2036.85	-2026.17	-2025	0.872327 
3  	60   	-2037.82	-2025.75	-2025	0.794548 
4  	60   	-2028.3 	-2025.52	-2025	0.384739 
5  	60   	-2033   	-2025.3 	-2025	0.555358 
6  	60   	-2028.3 	-2025.05	-2025	0.265203 
7  	60   	-2027.4 	-2025.02	-2025	0.159194 
8  	60   	-2033   	-2025.07	-2025	0.559463 
9  	60   	-2029.22	-2025.02	-2025	0.211732 
10 	60   	-2028.3 	-2025.04	-2025	0.259896 
11 	60   	-2030.15	-2025.05	-2025	0.393438 
12 	60   	-2028.3 	-2025.04	-2025	0.286    
13 	60   	-2036.85	-2025.07	-2025	0.707958 
14 	60   	-2026.52	-2025.01	-2025	0.122187 
15 	60   	-2028.1 	-2025.03	-2025	0.22635  
16 	60   	-2028.3 	-2025.03	-2025	0.233521 
17 	60   	-2028.3 	-2025.02	-2025	0.192129 
18 	60   	-2029.22	-2025.03	-2025	0.287943 
19 	60   	-2030.15	-2025.04	-2025	0.374998 
20 	60   	-2027.4 	-2025.02	-2025	0.173381 
21 	60   	-2027.4 	-2025.02	-2025	0.164892 
22 	60   	-2031.1 	-2025.04	-2025	0.378756 
23 	60   	-2027.4 	-2025.01	-2025	0.14171  
24 	60   	-2029.22	-2025.04	-2025	0.336872 
25 	60   	-2033.96	-2025.06	-2025	0.532074 
26 	60   	-2027.4 	-2025.02	-2025	0.203967 
27 	60   	-2047.6 	-2025.07	-2025	1.07235  
28 	60   	-2033   	-2025.03	-2025	0.383641 
29 	60   	-2064.38	-2025.13	-2025	1.87558  
30 	60   	-2034.92	-2025.03	-2025	0.458174 
31 	60   	-2028.3 	-2025.04	-2025	0.278078 
32 	60   	-2033   	-2025.06	-2025	0.478936 
33 	60   	-2031.1 	-2025.05	-2025	0.430196 
34 	60   	-2025.7 	-2025   	-2025	0.0539793
35 	60   	-2034.92	-2025.06	-2025	0.558713 
36 	60   	-2038.8 	-2025.07	-2025	0.826171 
37 	60   	-2031.1 	-2025.04	-2025	0.446916 
38 	60   	-2028.3 	-2025.02	-2025	0.22338  
39 	60   	-2036.85	-2025.04	-2025	0.53879  
40 	60   	-2028.3 	-2025.02	-2025	0.1788   
41 	60   	-2027.4 	-2025.02	-2025	0.167651 
42 	60   	-2028.3 	-2025.02	-2025	0.227282 
43 	60   	-2027.4 	-2025.02	-2025	0.156249 
44 	60   	-2028.3 	-2025.03	-2025	0.224577 
45 	60   	-2030.15	-2025.04	-2025	0.324875 
46 	60   	-2030.15	-2025.05	-2025	0.372594 
47 	60   	-2030.15	-2025.02	-2025	0.25924  
48 	60   	-2027.4 	-2025.03	-2025	0.206319 
49 	60   	-2028.3 	-2025.02	-2025	0.219237 
50 	60   	-2027.4 	-2025.02	-2025	0.166166 
51 	60   	-2029.22	-2025.02	-2025	0.246828 
52 	60   	-2046.62	-2025.07	-2025	0.991371 
53 	60   	-2029.22	-2025.04	-2025	0.282538 
54 	60   	-2027.4 	-2025.03	-2025	0.250348 
55 	60   	-2030.15	-2025.05	-2025	0.410531 
56 	60   	-2026.52	-2025.01	-2025	0.110692 
57 	60   	-2028.3 	-2025.02	-2025	0.2148   
58 	60   	-2031.1 	-2025.03	-2025	0.322602 
59 	60   	-2030.15	-2025.03	-2025	0.332288 
60 	60   	-2050.55	-2025.08	-2025	1.25521  
61 	60   	-2030.15	-2025.03	-2025	0.304583 
62 	60   	-2028.3 	-2025.02	-2025	0.22255  
63 	60   	-2034.92	-2025.06	-2025	0.583079 
64 	60   	-2030.15	-2025.03	-2025	0.316479 
65 	60   	-2109.06	-2025.29	-2025	4.23531  
66 	60   	-2028.3 	-2025.04	-2025	0.277122 
67 	60   	-2025.7 	-2025.01	-2025	0.0622672
68 	60   	-2030.15	-2025.03	-2025	0.276418 
69 	60   	-2029.22	-2025.04	-2025	0.30521  
70 	60   	-2026.52	-2025.01	-2025	0.118284 
71 	60   	-2073.29	-2025.19	-2025	2.36342  
72 	60   	-2029.22	-2025.03	-2025	0.256865 
73 	60   	-2027.4 	-2025.02	-2025	0.179274 
74 	60   	-2035.89	-2025.04	-2025	0.523367 
75 	60   	-2027.4 	-2025.02	-2025	0.168938 
76 	60   	-2044.66	-2025.13	-2025	1.06196  
77 	60   	-2045.64	-2025.1 	-2025	1.05928  
78 	60   	-2027.4 	-2025.01	-2025	0.134088 
79 	60   	-2026.52	-2025.01	-2025	0.129107 
80 	60   	-2033.96	-2025.04	-2025	0.429994 
81 	60   	-2027.4 	-2025.01	-2025	0.134088 
82 	60   	-2028.3 	-2025.03	-2025	0.226576 
83 	60   	-2027.4 	-2025.02	-2025	0.202253 
84 	60   	-2027.4 	-2025.02	-2025	0.167651 
85 	60   	-2028.1 	-2025.02	-2025	0.215752 
86 	60   	-2031.1 	-2025.04	-2025	0.375805 
87 	60   	-2028.3 	-2025.04	-2025	0.253605 
88 	60   	-2033   	-2025.04	-2025	0.44379  
89 	60   	-2027.4 	-2025.02	-2025	0.172809 
90 	60   	-2029.22	-2025.05	-2025	0.388613 
91 	60   	-2028.3 	-2025.03	-2025	0.246511 
92 	60   	-2026.52	-2025.01	-2025	0.122187 
93 	60   	-2037.82	-2025.06	-2025	0.706466 
94 	60   	-2035.89	-2025.06	-2025	0.639844 
95 	60   	-2029.22	-2025.03	-2025	0.297932 
96 	60   	-2033   	-2025.04	-2025	0.423147 
97 	60   	-2035.62	-2025.04	-2025	0.552929 
98 	60   	-2028.3 	-2025.03	-2025	0.232786 
99 	60   	-2030.15	-2025.04	-2025	0.334995 
gen	depth	min     	avg     	max  	std      
0  	60   	-2065.44	-2030.83	-2025	4.94407  
1  	60   	-2035.32	-2027.7 	-2025	1.47067  
2  	60   	-2038.8 	-2026.58	-2025	1.09575  
3  	60   	-2055.48	-2025.98	-2025	1.4786   
4  	60   	-2028.3 	-2025.6 	-2025	0.416293 
5  	60   	-2026.4 	-2025.36	-2025	0.363128 
6  	60   	-2026.52	-2025.11	-2025	0.259912 
7  	60   	-2028.3 	-2025.03	-2025	0.220605 
8  	60   	-2028.3 	-2025.01	-2025	0.153816 
9  	60   	-2029.22	-2025.03	-2025	0.266107 
10 	60   	-2037.82	-2025.06	-2025	0.730635 
11 	60   	-2035.89	-2025.07	-2025	0.627155 
12 	60   	-2029.22	-2025.04	-2025	0.308529 
13 	60   	-2027.4 	-2025.01	-2025	0.140949 
14 	60   	-2030.15	-2025.02	-2025	0.260136 
15 	60   	-2042.7 	-2025.1 	-2025	1.12449  
16 	60   	-2026.52	-2025.03	-2025	0.179101 
17 	60   	-2027.4 	-2025.01	-2025	0.1305   
18 	60   	-2031.1 	-2025.07	-2025	0.490371 
19 	60   	-2027.4 	-2025.02	-2025	0.184092 
20 	60   	-2038.8 	-2025.08	-2025	0.849321 
21 	60   	-2054.49	-2025.11	-2025	1.36365  
22 	60   	-2029.22	-2025.04	-2025	0.342161 
23 	60   	-2026.52	-2025.02	-2025	0.154896 
24 	60   	-2029.82	-2025.03	-2025	0.264656 
25 	60   	-2029.22	-2025.02	-2025	0.252186 
26 	60   	-2028.3 	-2025.03	-2025	0.220605 
27 	60   	-2032.05	-2025.03	-2025	0.368133 
28 	60   	-2039.77	-2025.06	-2025	0.700651 
29 	60   	-2028.3 	-2025.03	-2025	0.22855  
30 	60   	-2026.52	-2025.01	-2025	0.0867021
31 	60   	-2028.3 	-2025.02	-2025	0.205811 
32 	60   	-2028.3 	-2025.04	-2025	0.271299 
33 	60   	-2030.15	-2025.01	-2025	0.234368 
34 	60   	-2027.4 	-2025.02	-2025	0.182209 
35 	60   	-2034.92	-2025.07	-2025	0.664833 
36 	60   	-2028.3 	-2025.03	-2025	0.261311 
37 	60   	-2029.22	-2025.03	-2025	0.23399  
38 	60   	-2031.1 	-2025.03	-2025	0.33478  
39 	60   	-2027.4 	-2025.02	-2025	0.195975 
40 	60   	-2031.1 	-2025.02	-2025	0.28246  
41 	60   	-2038.8 	-2025.07	-2025	0.85358  
42 	60   	-2028.3 	-2025.03	-2025	0.242004 
43 	60   	-2028.3 	-2025.04	-2025	0.289609 
44 	60   	-2048.59	-2025.1 	-2025	1.14631  
45 	60   	-2028.3 	-2025.03	-2025	0.226576 
46 	60   	-2027.4 	-2025.02	-2025	0.156574 
47 	60   	-2033.96	-2025.03	-2025	0.42794  
48 	60   	-2037.82	-2025.05	-2025	0.613467 
49 	60   	-2027.4 	-2025.02	-2025	0.164589 
50 	60   	-2029.22	-2025.04	-2025	0.323709 
51 	60   	-2030.15	-2025.04	-2025	0.32883  
52 	60   	-2029.8 	-2025.04	-2025	0.289635 
53 	60   	-2031.1 	-2025.05	-2025	0.400337 
54 	60   	-2027.4 	-2025.02	-2025	0.147438 
55 	60   	-2029.22	-2025.05	-2025	0.334804 
56 	60   	-2027.4 	-2025.03	-2025	0.198424 
57 	60   	-2032.52	-2025.03	-2025	0.410355 
58 	60   	-2029.22	-2025.03	-2025	0.251572 
59 	60   	-2033.96	-2025.07	-2025	0.568817 
60 	60   	-2029.22	-2025.05	-2025	0.326073 
61 	60   	-2033.96	-2025.04	-2025	0.424159 
62 	60   	-2028.1 	-2025.03	-2025	0.227909 
63 	60   	-2028.3 	-2025.03	-2025	0.263241 
64 	60   	-2029.22	-2025.03	-2025	0.285734 
65 	60   	-2047.6 	-2025.07	-2025	1.04013  
66 	60   	-2026.52	-2025.02	-2025	0.163905 
67 	60   	-2028.3 	-2025.02	-2025	0.19102  
68 	60   	-2027.4 	-2025.02	-2025	0.156249 
69 	60   	-2029.22	-2025.02	-2025	0.222142 
70 	60   	-2027.4 	-2025.02	-2025	0.156574 
71 	60   	-2028.3 	-2025.03	-2025	0.235138 
72 	60   	-2027.4 	-2025.02	-2025	0.141394 
73 	60   	-2026.52	-2025.02	-2025	0.139537 
74 	60   	-2032.05	-2025.02	-2025	0.323485 
75 	60   	-2042.7 	-2025.08	-2025	0.951474 
76 	60   	-2036.85	-2025.04	-2025	0.558485 
77 	60   	-2029.22	-2025.02	-2025	0.238832 
78 	60   	-2029.22	-2025.02	-2025	0.265299 
79 	60   	-2033   	-2025.04	-2025	0.431617 
80 	60   	-2030.15	-2025.03	-2025	0.294191 
81 	60   	-2030.15	-2025.03	-2025	0.305246 
82 	60   	-2027.4 	-2025.03	-2025	0.231918 
83 	60   	-2026.52	-2025.01	-2025	0.0920445
84 	60   	-2029.22	-2025.02	-2025	0.211935 
85 	60   	-2028.3 	-2025.02	-2025	0.22357  
86 	60   	-2034.92	-2025.06	-2025	0.534981 
87 	60   	-2026.52	-2025.01	-2025	0.114231 
88 	60   	-2026.52	-2025.01	-2025	0.122187 
89 	60   	-2027.4 	-2025.02	-2025	0.156249 
90 	60   	-2027.4 	-2025.02	-2025	0.184092 
91 	60   	-2027.4 	-2025.03	-2025	0.183047 
92 	60   	-2028.3 	-2025.02	-2025	0.22255  
93 	60   	-2026.52	-2025.01	-2025	0.0920445
94 	60   	-2025   	-2025   	-2025	0        
95 	60   	-2026.52	-2025.01	-2025	0.115186 
96 	60   	-2031.1 	-2025.02	-2025	0.285546 
97 	60   	-2029.22	-2025.01	-2025	0.198392 
98 	60   	-2027.4 	-2025.02	-2025	0.150558 
99 	60   	-2027.4 	-2025.02	-2025	0.170353 
gen	depth	min     	avg     	max  	std      
0  	60   	-2063.63	-2030.69	-2025	5.60115  
1  	60   	-2035.89	-2027.46	-2025	1.49036  
2  	60   	-2032.32	-2026.5 	-2025	0.783906 
3  	60   	-2049.57	-2026.1 	-2025	1.34381  
4  	60   	-2030.15	-2025.66	-2025	0.482005 
5  	60   	-2037.82	-2025.47	-2025	0.79663  
6  	60   	-2031.1 	-2025.21	-2025	0.485911 
7  	60   	-2033   	-2025.07	-2025	0.523921 
8  	60   	-2064.91	-2025.11	-2025	1.8427   
9  	60   	-2033.96	-2025.05	-2025	0.486513 
10 	60   	-2030.15	-2025.02	-2025	0.24991  
11 	60   	-2030.15	-2025.03	-2025	0.298699 
12 	60   	-2026.52	-2025.01	-2025	0.0970732
13 	60   	-2028.3 	-2025.02	-2025	0.18613  
14 	60   	-2028.3 	-2025.02	-2025	0.199756 
15 	60   	-2031.1 	-2025.04	-2025	0.357846 
16 	60   	-2034.92	-2025.04	-2025	0.499321 
17 	60   	-2032.05	-2025.04	-2025	0.460372 
18 	60   	-2047.6 	-2025.11	-2025	1.32126  
19 	60   	-2031.1 	-2025.04	-2025	0.393761 
20 	60   	-2027.4 	-2025.03	-2025	0.187895 
21 	60   	-2029.22	-2025.03	-2025	0.246256 
22 	60   	-2037.82	-2025.05	-2025	0.62869  
23 	60   	-2031.1 	-2025.03	-2025	0.309691 
24 	60   	-2030.15	-2025.03	-2025	0.271919 
25 	60   	-2030.15	-2025.06	-2025	0.471279 
26 	60   	-2028.3 	-2025.02	-2025	0.208023 
27 	60   	-2027.4 	-2025.02	-2025	0.150558 
28 	60   	-2026.52	-2025.01	-2025	0.129107 
29 	60   	-2032.05	-2025.05	-2025	0.401106 
30 	60   	-2030.15	-2025.04	-2025	0.326304 
31 	60   	-2025.7 	-2025.01	-2025	0.0695466
32 	60   	-2027.4 	-2025.01	-2025	0.150146 
33 	60   	-2026.52	-2025.01	-2025	0.122187 
34 	60   	-2029.22	-2025.01	-2025	0.202725 
35 	60   	-2025.7 	-2025.01	-2025	0.0978558
36 	60   	-2032.05	-2025.04	-2025	0.435297 
37 	60   	-2027.4 	-2025.03	-2025	0.230781 
38 	60   	-2028.3 	-2025.03	-2025	0.241776 
39 	60   	-2027.4 	-2025.02	-2025	0.189605 
40 	60   	-2025.7 	-2025.01	-2025	0.0622672
41 	60   	-2027.4 	-2025.02	-2025	0.197664 
42 	60   	-2028.3 	-2025.02	-2025	0.19102  
43 	60   	-2026.52	-2025.01	-2025	0.0920445
44 	60   	-2027.4 	-2025.01	-2025	0.119795 
45 	60   	-2026.52	-2025.01	-2025	0.0970732
46 	60   	-2027.4 	-2025.01	-2025	0.119795 
47 	60   	-2029.22	-2025.03	-2025	0.249767 
48 	60   	-2026.52	-2025.01	-2025	0.0867021
49 	60   	-2027.4 	-2025.02	-2025	0.159837 
50 	60   	-2027.4 	-2025.02	-2025	0.163335 
51 	60   	-2027.4 	-2025.04	-2025	0.245685 
52 	60   	-2027.4 	-2025.02	-2025	0.170353 
53 	60   	-2026.52	-2025.01	-2025	0.105603 
54 	60   	-2025.7 	-2025   	-2025	0.0312276
55 	60   	-2030.15	-2025.04	-2025	0.321268 
56 	60   	-2030.15	-2025.02	-2025	0.260136 
57 	60   	-2027.4 	-2025.01	-2025	0.150859 
58 	60   	-2028.3 	-2025.03	-2025	0.214466 
59 	60   	-2045.64	-2025.08	-2025	1.00332  
60 	60   	-2025.7 	-2025   	-2025	0.0539793
61 	60   	-2028.3 	-2025.03	-2025	0.224577 
62 	60   	-2026.52	-2025.02	-2025	0.11484  
63 	60   	-2028.3 	-2025.02	-2025	0.199565 
64 	60   	-2030.15	-2025.04	-2025	0.336838 
65 	60   	-2038.8 	-2025.04	-2025	0.630249 
66 	60   	-2049.28	-2025.09	-2025	1.14618  
67 	60   	-2026.52	-2025.02	-2025	0.14601  
68 	60   	-2033   	-2025.05	-2025	0.526393 
69 	60   	-2026.52	-2025.02	-2025	0.14316  
70 	60   	-2026.52	-2025.01	-2025	0.129107 
71 	60   	-2026.52	-2025.01	-2025	0.11001  
72 	60   	-2035.89	-2025.05	-2025	0.538511 
73 	60   	-2031.1 	-2025.02	-2025	0.28408  
74 	60   	-2038.8 	-2025.04	-2025	0.632358 
75 	60   	-2034.92	-2025.04	-2025	0.476269 
76 	60   	-2027.4 	-2025.03	-2025	0.18781  
77 	60   	-2034.92	-2025.04	-2025	0.494919 
78 	60   	-2031.1 	-2025.05	-2025	0.412875 
79 	60   	-2033   	-2025.06	-2025	0.489384 
80 	60   	-2032.05	-2025.05	-2025	0.48103  
81 	60   	-2026.52	-2025.01	-2025	0.0970732
82 	60   	-2025.7 	-2025.01	-2025	0.0761075
83 	60   	-2034.92	-2025.04	-2025	0.490869 
84 	60   	-2044.66	-2025.07	-2025	0.963241 
85 	60   	-2026.52	-2025.01	-2025	0.0867021
86 	60   	-2030.15	-2025.03	-2025	0.274488 
87 	60   	-2025.7 	-2025.01	-2025	0.0821223
88 	60   	-2031.1 	-2025.04	-2025	0.387486 
89 	60   	-2030.15	-2025.04	-2025	0.323698 
90 	60   	-2026.52	-2025.02	-2025	0.129596 
91 	60   	-2027.22	-2025.02	-2025	0.138942 
92 	60   	-2029.22	-2025.02	-2025	0.25051  
93 	60   	-2028.3 	-2025.02	-2025	0.18362  
94 	60   	-2027.4 	-2025.02	-2025	0.193617 
95 	60   	-2029.22	-2025.03	-2025	0.279866 
96 	60   	-2028.3 	-2025.01	-2025	0.159854 
97 	60   	-2029.22	-2025.02	-2025	0.200737 
98 	60   	-2036.85	-2025.05	-2025	0.574144 
99 	60   	-2033.49	-2025.06	-2025	0.515755 
gen	depth	min     	avg     	max  	std      
0  	60   	-2064.38	-2030.84	-2025	5.32819  
1  	60   	-2052.52	-2027.68	-2025	2.0268   
2  	60   	-2035.4 	-2026.53	-2025	0.950797 
3  	60   	-2028.3 	-2025.86	-2025	0.572126 
4  	60   	-2028.3 	-2025.48	-2025	0.440498 
5  	60   	-2034.92	-2025.22	-2025	0.56039  
6  	60   	-2029.22	-2025.05	-2025	0.321405 
7  	60   	-2027.4 	-2025.03	-2025	0.224926 
8  	60   	-2027.4 	-2025.02	-2025	0.184325 
9  	60   	-2033   	-2025.05	-2025	0.446065 
10 	60   	-2033.96	-2025.04	-2025	0.494461 
11 	60   	-2034.92	-2025.07	-2025	0.525788 
12 	60   	-2028.3 	-2025.03	-2025	0.224577 
13 	60   	-2029.22	-2025.03	-2025	0.245186 
14 	60   	-2033   	-2025.05	-2025	0.465327 
15 	60   	-2038.8 	-2025.11	-2025	1.02938  
16 	60   	-2027.4 	-2025.02	-2025	0.18343  
17 	60   	-2030.15	-2025.06	-2025	0.42696  
18 	60   	-2030.15	-2025.05	-2025	0.388374 
19 	60   	-2027.4 	-2025.02	-2025	0.176926 
20 	60   	-2028.3 	-2025.02	-2025	0.22255  
21 	60   	-2026.52	-2025.01	-2025	0.11001  
22 	60   	-2032.05	-2025.03	-2025	0.383337 
23 	60   	-2036.85	-2025.04	-2025	0.542068 
24 	60   	-2038.52	-2025.07	-2025	0.802363 
25 	60   	-2033.96	-2025.06	-2025	0.512906 
26 	60   	-2029.22	-2025.03	-2025	0.253037 
27 	60   	-2039.77	-2025.06	-2025	0.701498 
28 	60   	-2033   	-2025.05	-2025	0.45485  
29 	60   	-2026.52	-2025.01	-2025	0.0920445
30 	60   	-2031.1 	-2025.04	-2025	0.383516 
31 	60   	-2029.22	-2025.04	-2025	0.343233 
32 	60   	-2027.4 	-2025.01	-2025	0.14171  
33 	60   	-2034.92	-2025.07	-2025	0.621498 
34 	60   	-2035.89	-2025.05	-2025	0.541618 
35 	60   	-2035.89	-2025.05	-2025	0.610813 
36 	60   	-2027.4 	-2025.02	-2025	0.144969 
37 	60   	-2029.22	-2025.02	-2025	0.230075 
38 	60   	-2026.52	-2025.01	-2025	0.110692 
39 	60   	-2048.59	-2025.08	-2025	1.09327  
40 	60   	-2027.4 	-2025.03	-2025	0.196133 
41 	60   	-2035.89	-2025.05	-2025	0.526615 
42 	60   	-2038.8 	-2025.06	-2025	0.654121 
43 	60   	-2030.15	-2025.03	-2025	0.32067  
44 	60   	-2027.4 	-2025.02	-2025	0.161232 
45 	60   	-2029.22	-2025.05	-2025	0.331139 
46 	60   	-2027.4 	-2025.02	-2025	0.195975 
47 	60   	-2031.1 	-2025.04	-2025	0.381662 
48 	60   	-2027.4 	-2025.02	-2025	0.172809 
49 	60   	-2032.05	-2025.05	-2025	0.416508 
50 	60   	-2029.22	-2025.03	-2025	0.266365 
51 	60   	-2026.4 	-2025.01	-2025	0.0763639
52 	60   	-2029.22	-2025.02	-2025	0.235811 
53 	60   	-2029.22	-2025.04	-2025	0.320136 
54 	60   	-2037.82	-2025.1 	-2025	0.812628 
55 	60   	-2033.96	-2025.05	-2025	0.46077  
56 	60   	-2027.4 	-2025.02	-2025	0.178024 
57 	60   	-2031.1 	-2025.03	-2025	0.32561  
58 	60   	-2038.8 	-2025.08	-2025	0.875328 
59 	60   	-2031.1 	-2025.03	-2025	0.29648  
60 	60   	-2027.4 	-2025.03	-2025	0.247846 
61 	60   	-2028.3 	-2025.02	-2025	0.192129 
62 	60   	-2029.22	-2025.05	-2025	0.328054 
63 	60   	-2031.1 	-2025.03	-2025	0.301767 
64 	60   	-2027.4 	-2025.02	-2025	0.178024 
65 	60   	-2027.4 	-2025.01	-2025	0.131107 
66 	60   	-2032.05	-2025.05	-2025	0.458259 
67 	60   	-2026.52	-2025.01	-2025	0.0970732
68 	60   	-2030.15	-2025.05	-2025	0.360484 
69 	60   	-2029.22	-2025.03	-2025	0.303057 
70 	60   	-2026.52	-2025.02	-2025	0.148815 
71 	60   	-2027.4 	-2025.01	-2025	0.134088 
72 	60   	-2027.4 	-2025.01	-2025	0.134088 
73 	60   	-2027.4 	-2025.03	-2025	0.189201 
74 	60   	-2026.52	-2025.01	-2025	0.0867021
75 	60   	-2028.3 	-2025.02	-2025	0.173517 
76 	60   	-2028.3 	-2025.03	-2025	0.198054 
77 	60   	-2030.15	-2025.05	-2025	0.414744 
78 	60   	-2032.05	-2025.05	-2025	0.416261 
79 	60   	-2035.89	-2025.05	-2025	0.54694  
80 	60   	-2028.3 	-2025.03	-2025	0.241799 
81 	60   	-2028.3 	-2025.04	-2025	0.283439 
82 	60   	-2026.52	-2025.01	-2025	0.125407 
83 	60   	-2034.92	-2025.05	-2025	0.578728 
84 	60   	-2028.3 	-2025.01	-2025	0.162771 
85 	60   	-2027.4 	-2025.02	-2025	0.153234 
86 	60   	-2038.8 	-2025.05	-2025	0.639874 
87 	60   	-2052.95	-2025.16	-2025	1.71282  
88 	60   	-2030.15	-2025.06	-2025	0.41106  
89 	60   	-2028.3 	-2025.04	-2025	0.296611 
90 	60   	-2026.52	-2025.01	-2025	0.106665 
91 	60   	-2032.05	-2025.05	-2025	0.46745  
92 	60   	-2040.74	-2025.07	-2025	0.76375  
93 	60   	-2026.52	-2025.01	-2025	0.0970732
94 	60   	-2034.92	-2025.05	-2025	0.490435 
95 	60   	-2025.7 	-2025   	-2025	0.0539793
96 	60   	-2030.15	-2025.04	-2025	0.323287 
97 	60   	-2030.15	-2025.04	-2025	0.306021 
98 	60   	-2026.52	-2025.01	-2025	0.110692 
99 	60   	-2027.22	-2025.01	-2025	0.121178 
gen	depth	min     	avg     	max  	std      
0  	60   	-2106.48	-2031.48	-2025	7.88702  
1  	60   	-2035.89	-2027.47	-2025	1.63732  
2  	60   	-2035.89	-2026.4 	-2025	0.977541 
3  	60   	-2030.85	-2025.87	-2025	0.61862  
4  	60   	-2045.64	-2025.65	-2025	1.17003  
5  	60   	-2027.4 	-2025.37	-2025	0.410062 
6  	60   	-2028.3 	-2025.11	-2025	0.301974 
7  	60   	-2026.52	-2025.02	-2025	0.11484  
8  	60   	-2029.22	-2025.03	-2025	0.25859  
9  	60   	-2031.1 	-2025.03	-2025	0.340417 
10 	60   	-2047.6 	-2025.06	-2025	1.0169   
11 	60   	-2030.15	-2025.04	-2025	0.337236 
12 	60   	-2027.4 	-2025.04	-2025	0.235672 
13 	60   	-2031.1 	-2025.06	-2025	0.448285 
14 	60   	-2033   	-2025.05	-2025	0.452999 
15 	60   	-2027.4 	-2025.02	-2025	0.220843 
16 	60   	-2030.15	-2025.03	-2025	0.272842 
17 	60   	-2042.27	-2025.09	-2025	0.935483 
18 	60   	-2036.85	-2025.04	-2025	0.551452 
19 	60   	-2026.52	-2025.01	-2025	0.125407 
20 	60   	-2025.7 	-2025.01	-2025	0.0622672
21 	60   	-2028.3 	-2025.04	-2025	0.234258 
22 	60   	-2028.3 	-2025.03	-2025	0.280328 
23 	60   	-2029.22	-2025.03	-2025	0.268707 
24 	60   	-2033   	-2025.04	-2025	0.409831 
25 	60   	-2028.3 	-2025.02	-2025	0.168419 
26 	60   	-2031.1 	-2025.03	-2025	0.398513 
27 	60   	-2033   	-2025.05	-2025	0.508126 
28 	60   	-2034.66	-2025.03	-2025	0.444823 
29 	60   	-2031.1 	-2025.04	-2025	0.393338 
30 	60   	-2029.22	-2025.03	-2025	0.257845 
31 	60   	-2029.22	-2025.04	-2025	0.337909 
32 	60   	-2046.18	-2025.12	-2025	1.15995  
33 	60   	-2039.77	-2025.06	-2025	0.720828 
34 	60   	-2043.68	-2025.08	-2025	1.00772  
35 	60   	-2029.22	-2025.05	-2025	0.345748 
36 	60   	-2025.7 	-2025.01	-2025	0.0761075
37 	60   	-2030.15	-2025.03	-2025	0.29116  
38 	60   	-2040.74	-2025.08	-2025	0.846884 
39 	60   	-2033   	-2025.04	-2025	0.454444 
40 	60   	-2032.05	-2025.06	-2025	0.471071 
41 	60   	-2033.96	-2025.03	-2025	0.448126 
42 	60   	-2026.52	-2025.02	-2025	0.129596 
43 	60   	-2031.1 	-2025.03	-2025	0.367516 
44 	60   	-2033   	-2025.04	-2025	0.451664 
45 	60   	-2027.22	-2025.01	-2025	0.131554 
46 	60   	-2032.05	-2025.03	-2025	0.356356 
47 	60   	-2030.15	-2025.04	-2025	0.365408 
48 	60   	-2027.4 	-2025.02	-2025	0.177811 
49 	60   	-2028.3 	-2025.02	-2025	0.214351 
50 	60   	-2028.3 	-2025.01	-2025	0.184681 
51 	60   	-2033   	-2025.05	-2025	0.497285 
52 	60   	-2025.7 	-2025   	-2025	0.0441182
53 	60   	-2028.3 	-2025.02	-2025	0.22168  
54 	60   	-2034.92	-2025.03	-2025	0.468331 
55 	60   	-2029.22	-2025.01	-2025	0.205028 
56 	60   	-2026.52	-2025.02	-2025	0.14601  
57 	60   	-2029.22	-2025.02	-2025	0.224192 
58 	60   	-2031.68	-2025.03	-2025	0.343501 
59 	60   	-2028.3 	-2025.03	-2025	0.266608 
60 	60   	-2029.22	-2025.04	-2025	0.325615 
61 	60   	-2027.4 	-2025.03	-2025	0.189201 
62 	60   	-2030.15	-2025.02	-2025	0.263502 
63 	60   	-2031.1 	-2025.06	-2025	0.417468 
64 	60   	-2040.74	-2025.1 	-2025	0.944745 
65 	60   	-2026.52	-2025.02	-2025	0.11484  
66 	60   	-2028.3 	-2025.01	-2025	0.170797 
67 	60   	-2027.4 	-2025.01	-2025	0.144237 
68 	60   	-2026.52	-2025.01	-2025	0.121577 
69 	60   	-2026.52	-2025.02	-2025	0.118826 
70 	60   	-2033   	-2025.05	-2025	0.51267  
71 	60   	-2030.15	-2025.05	-2025	0.399723 
72 	60   	-2030.15	-2025.03	-2025	0.312233 
73 	60   	-2026.52	-2025.01	-2025	0.106365 
74 	60   	-2027.4 	-2025.02	-2025	0.176678 
75 	60   	-2028.3 	-2025.02	-2025	0.181065 
76 	60   	-2033   	-2025.05	-2025	0.451311 
77 	60   	-2026.52	-2025.02	-2025	0.129596 
78 	60   	-2049.57	-2025.1 	-2025	1.20672  
79 	60   	-2028.3 	-2025.02	-2025	0.201286 
80 	60   	-2027.4 	-2025.02	-2025	0.189032 
81 	60   	-2027.4 	-2025.02	-2025	0.185377 
82 	60   	-2035.89	-2025.05	-2025	0.541904 
83 	60   	-2028.3 	-2025.03	-2025	0.26228  
84 	60   	-2030.15	-2025.02	-2025	0.258382 
85 	60   	-2034.92	-2025.04	-2025	0.492277 
86 	60   	-2032.05	-2025.04	-2025	0.400853 
87 	60   	-2026.52	-2025.01	-2025	0.0970732
88 	60   	-2028.3 	-2025.04	-2025	0.280955 
89 	60   	-2026.52	-2025.01	-2025	0.114231 
90 	60   	-2027.4 	-2025.02	-2025	0.147438 
91 	60   	-2026.52	-2025.01	-2025	0.129107 
92 	60   	-2031.1 	-2025.04	-2025	0.388759 
93 	60   	-2040.74	-2025.05	-2025	0.74126  
94 	60   	-2027.4 	-2025.01	-2025	0.123696 
95 	60   	-2027.4 	-2025.02	-2025	0.141394 
96 	60   	-2028.3 	-2025.02	-2025	0.194528 
97 	60   	-2035.89	-2025.04	-2025	0.546595 
98 	60   	-2033   	-2025.06	-2025	0.533513 
99 	60   	-2031.1 	-2025.05	-2025	0.457952 
gen	depth	min     	avg     	max    	std      
0  	60   	-2061.54	-2030.93	-2025.7	5.18774  
1  	60   	-2049.57	-2027.82	-2025  	1.89276  
2  	60   	-2037.41	-2026.66	-2025  	0.999733 
3  	60   	-2039.22	-2026.02	-2025  	0.747354 
4  	60   	-2039.49	-2025.79	-2025  	0.891629 
5  	60   	-2031.1 	-2025.62	-2025  	0.408041 
6  	60   	-2027.4 	-2025.47	-2025  	0.384917 
7  	60   	-2029   	-2025.21	-2025  	0.382772 
8  	60   	-2030.15	-2025.05	-2025  	0.331613 
9  	60   	-2031.1 	-2025.06	-2025  	0.447403 
10 	60   	-2027.4 	-2025.02	-2025  	0.179274 
11 	60   	-2031.1 	-2025.02	-2025  	0.290323 
12 	60   	-2029.22	-2025.03	-2025  	0.264409 
13 	60   	-2030.15	-2025.04	-2025  	0.368048 
14 	60   	-2027.4 	-2025.02	-2025  	0.198783 
15 	60   	-2027.4 	-2025.02	-2025  	0.180379 
16 	60   	-2030.15	-2025.03	-2025  	0.297826 
17 	60   	-2028.3 	-2025.04	-2025  	0.313319 
18 	60   	-2077.26	-2025.19	-2025  	2.43386  
19 	60   	-2027.4 	-2025.01	-2025  	0.144237 
20 	60   	-2033   	-2025.04	-2025  	0.399427 
21 	60   	-2030.15	-2025.02	-2025  	0.238331 
22 	60   	-2027.4 	-2025.01	-2025  	0.134088 
23 	60   	-2035.89	-2025.07	-2025  	0.699953 
24 	60   	-2027.4 	-2025.03	-2025  	0.202829 
25 	60   	-2033.96	-2025.06	-2025  	0.550075 
26 	60   	-2030.15	-2025.03	-2025  	0.306702 
27 	60   	-2027.4 	-2025.03	-2025  	0.192943 
28 	60   	-2028.3 	-2025.02	-2025  	0.183888 
29 	60   	-2030.15	-2025.02	-2025  	0.260007 
30 	60   	-2029.22	-2025.04	-2025  	0.313132 
31 	60   	-2033   	-2025.02	-2025  	0.365059 
32 	60   	-2026.52	-2025.01	-2025  	0.0970732
33 	60   	-2028.3 	-2025.02	-2025  	0.176184 
34 	60   	-2028.3 	-2025.03	-2025  	0.264248 
35 	60   	-2027.4 	-2025.02	-2025  	0.171653 
36 	60   	-2029.22	-2025.02	-2025  	0.226057 
37 	60   	-2031.1 	-2025.02	-2025  	0.294889 
38 	60   	-2026.52	-2025.01	-2025  	0.114231 
39 	60   	-2039.77	-2025.07	-2025  	0.763526 
40 	60   	-2026.52	-2025.01	-2025  	0.106365 
41 	60   	-2032.05	-2025.04	-2025  	0.372188 
42 	60   	-2032.05	-2025.03	-2025  	0.34694  
43 	60   	-2025.7 	-2025.01	-2025  	0.0695466
44 	60   	-2027.4 	-2025.03	-2025  	0.202829 
45 	60   	-2032.05	-2025.06	-2025  	0.4808   
46 	60   	-2033.96	-2025.06	-2025  	0.563418 
47 	60   	-2028.3 	-2025.02	-2025  	0.22168  
48 	60   	-2026.52	-2025.02	-2025  	0.145659 
49 	60   	-2037.82	-2025.07	-2025  	0.659477 
50 	60   	-2030.15	-2025.03	-2025  	0.340891 
51 	60   	-2037.82	-2025.09	-2025  	0.748994 
52 	60   	-2026.52	-2025.02	-2025  	0.166083 
53 	60   	-2026.52	-2025.01	-2025  	0.110692 
54 	60   	-2036.85	-2025.09	-2025  	0.792354 
55 	60   	-2028.3 	-2025.02	-2025  	0.207824 
56 	60   	-2033   	-2025.05	-2025  	0.455085 
57 	60   	-2026.52	-2025.01	-2025  	0.101835 
58 	60   	-2030.15	-2025.03	-2025  	0.361699 
59 	60   	-2040.74	-2025.06	-2025  	0.764649 
60 	60   	-2027.4 	-2025.03	-2025  	0.194792 
61 	60   	-2029.22	-2025.04	-2025  	0.321616 
62 	60   	-2029.22	-2025.03	-2025  	0.256865 
63 	60   	-2029.22	-2025.03	-2025  	0.264678 
64 	60   	-2028.3 	-2025.03	-2025  	0.285045 
65 	60   	-2027.4 	-2025.01	-2025  	0.140949 
66 	60   	-2026.4 	-2025.01	-2025  	0.0824073
67 	60   	-2027.4 	-2025.03	-2025  	0.201135 
68 	60   	-2025.7 	-2025   	-2025  	0.0539793
69 	60   	-2025.7 	-2025.01	-2025  	0.0761075
70 	60   	-2028.3 	-2025.03	-2025  	0.239169 
71 	60   	-2026.52	-2025.01	-2025  	0.132689 
72 	60   	-2030.15	-2025.04	-2025  	0.356215 
73 	60   	-2026.52	-2025.01	-2025  	0.129107 
74 	60   	-2032.05	-2025.03	-2025  	0.344888 
75 	60   	-2025.7 	-2025.01	-2025  	0.0622672
76 	60   	-2029.22	-2025.03	-2025  	0.274588 
77 	60   	-2027.4 	-2025.01	-2025  	0.137568 
78 	60   	-2027.4 	-2025.01	-2025  	0.1305   
79 	60   	-2029.22	-2025.06	-2025  	0.42488  
80 	60   	-2027.4 	-2025.03	-2025  	0.196133 
81 	60   	-2031.1 	-2025.04	-2025  	0.354174 
82 	60   	-2028.3 	-2025.02	-2025  	0.227282 
83 	60   	-2028.3 	-2025.01	-2025  	0.156871 
84 	60   	-2033.96	-2025.08	-2025  	0.715813 
85 	60   	-2034.92	-2025.05	-2025  	0.572505 
86 	60   	-2028.3 	-2025.02	-2025  	0.197894 
87 	60   	-2031.1 	-2025.04	-2025  	0.333664 
88 	60   	-2028.3 	-2025.04	-2025  	0.231244 
89 	60   	-2027.4 	-2025.02	-2025  	0.167386 
90 	60   	-2028.3 	-2025.02	-2025  	0.203566 
91 	60   	-2029.22	-2025.04	-2025  	0.300859 
92 	60   	-2030.15	-2025.03	-2025  	0.265222 
93 	60   	-2028.3 	-2025.02	-2025  	0.208952 
94 	60   	-2029.22	-2025.04	-2025  	0.326463 
95 	60   	-2034.92	-2025.04	-2025  	0.478107 
96 	60   	-2028.3 	-2025.02	-2025  	0.1788   
97 	60   	-2030.15	-2025.05	-2025  	0.361296 
98 	60   	-2038.8 	-2025.06	-2025  	0.717169 
99 	60   	-2033.96	-2025.05	-2025  	0.466834 
gen	depth	min     	avg     	max  	std      
0  	60   	-2077.26	-2031.17	-2025	5.86656  
1  	60   	-2033.96	-2027.64	-2025	1.55577  
2  	60   	-2029.7 	-2026.56	-2025	0.80376  
3  	60   	-2029.22	-2026   	-2025	0.551423 
4  	60   	-2032.05	-2025.68	-2025	0.462613 
5  	60   	-2030.85	-2025.51	-2025	0.504977 
6  	60   	-2029.22	-2025.24	-2025	0.408873 
7  	60   	-2029.22	-2025.06	-2025	0.306343 
8  	60   	-2027.4 	-2025.02	-2025	0.159479 
9  	60   	-2029.22	-2025.02	-2025	0.244361 
10 	60   	-2032.05	-2025.04	-2025	0.402557 
11 	60   	-2029.22	-2025.02	-2025	0.207296 
12 	60   	-2031.1 	-2025.02	-2025	0.280824 
13 	60   	-2030.15	-2025.04	-2025	0.367895 
14 	60   	-2028.3 	-2025.01	-2025	0.170797 
15 	60   	-2028.3 	-2025.03	-2025	0.220642 
16 	60   	-2043.68	-2025.07	-2025	0.866385 
17 	60   	-2026.52	-2025.02	-2025	0.11484  
18 	60   	-2025.7 	-2025.01	-2025	0.0695466
19 	60   	-2028.3 	-2025.02	-2025	0.208023 
20 	60   	-2030.15	-2025.03	-2025	0.339576 
21 	60   	-2030.15	-2025.04	-2025	0.341163 
22 	60   	-2036.85	-2025.09	-2025	0.788913 
23 	60   	-2029.22	-2025.02	-2025	0.200737 
24 	60   	-2031.1 	-2025.04	-2025	0.390951 
25 	60   	-2030.15	-2025.05	-2025	0.392206 
26 	60   	-2029.22	-2025.02	-2025	0.232045 
27 	60   	-2032.05	-2025.03	-2025	0.331721 
28 	60   	-2026.52	-2025.01	-2025	0.0809841
29 	60   	-2026.52	-2025.01	-2025	0.121577 
30 	60   	-2027.4 	-2025.02	-2025	0.191438 
31 	60   	-2033   	-2025.04	-2025	0.397252 
32 	60   	-2030.15	-2025.04	-2025	0.387215 
33 	60   	-2027.4 	-2025.03	-2025	0.22994  
34 	60   	-2028.3 	-2025.04	-2025	0.302256 
35 	60   	-2028.3 	-2025.02	-2025	0.201286 
36 	60   	-2032.05	-2025.04	-2025	0.375095 
37 	60   	-2033.96	-2025.03	-2025	0.415717 
38 	60   	-2032.05	-2025.04	-2025	0.375288 
39 	60   	-2025.7 	-2025   	-2025	0.0441182
40 	60   	-2028.3 	-2025.02	-2025	0.205811 
41 	60   	-2026.52	-2025.02	-2025	0.14601  
42 	60   	-2026.52	-2025.01	-2025	0.11001  
43 	60   	-2026.52	-2025.01	-2025	0.122187 
44 	60   	-2026.52	-2025.01	-2025	0.11001  
45 	60   	-2025.7 	-2025.01	-2025	0.0695466
46 	60   	-2028.3 	-2025.02	-2025	0.201286 
47 	60   	-2028.3 	-2025.02	-2025	0.192129 
48 	60   	-2033   	-2025.04	-2025	0.452958 
49 	60   	-2027.4 	-2025.02	-2025	0.193805 
50 	60   	-2029.22	-2025.02	-2025	0.234982 
51 	60   	-2027.4 	-2025.01	-2025	0.157484 
52 	60   	-2026.52	-2025.01	-2025	0.132689 
53 	60   	-2028.3 	-2025.03	-2025	0.234317 
54 	60   	-2042.7 	-2025.09	-2025	0.89783  
55 	60   	-2031.1 	-2025.03	-2025	0.352759 
56 	60   	-2036.59	-2025.04	-2025	0.540478 
57 	60   	-2027.4 	-2025.02	-2025	0.174031 
58 	60   	-2025.7 	-2025.01	-2025	0.0695466
59 	60   	-2026.52	-2025.02	-2025	0.139537 
60 	60   	-2027.4 	-2025.01	-2025	0.134638 
61 	60   	-2028.3 	-2025.02	-2025	0.203566 
62 	60   	-2028.1 	-2025.02	-2025	0.189009 
63 	60   	-2028.3 	-2025.02	-2025	0.200677 
64 	60   	-2030.15	-2025.02	-2025	0.258382 
65 	60   	-2027.4 	-2025.02	-2025	0.178024 
66 	60   	-2025.7 	-2025.01	-2025	0.0695466
67 	60   	-2031.1 	-2025.05	-2025	0.437277 
68 	60   	-2029.22	-2025.05	-2025	0.36186  
69 	60   	-2029.22	-2025.02	-2025	0.233866 
70 	60   	-2032.05	-2025.02	-2025	0.324778 
71 	60   	-2027.4 	-2025.02	-2025	0.159194 
72 	60   	-2029.22	-2025.02	-2025	0.200737 
73 	60   	-2030.15	-2025.03	-2025	0.277694 
74 	60   	-2032.62	-2025.07	-2025	0.559754 
75 	60   	-2037.82	-2025.07	-2025	0.771692 
76 	60   	-2032.05	-2025.03	-2025	0.330356 
77 	60   	-2054.49	-2025.11	-2025	1.4064   
78 	60   	-2028.3 	-2025.02	-2025	0.193403 
79 	60   	-2030.15	-2025.05	-2025	0.419037 
80 	60   	-2033   	-2025.05	-2025	0.52837  
81 	60   	-2026.52	-2025.01	-2025	0.101835 
82 	60   	-2027.4 	-2025.02	-2025	0.190575 
83 	60   	-2028.3 	-2025.02	-2025	0.212207 
84 	60   	-2027.4 	-2025.01	-2025	0.127463 
85 	60   	-2030.15	-2025.05	-2025	0.361544 
86 	60   	-2027.4 	-2025.01	-2025	0.134088 
87 	60   	-2027.4 	-2025.01	-2025	0.140949 
88 	60   	-2029.82	-2025.04	-2025	0.322321 
89 	60   	-2029.22	-2025.04	-2025	0.301598 
90 	60   	-2025.7 	-2025.01	-2025	0.0622672
91 	60   	-2035.89	-2025.03	-2025	0.502267 
92 	60   	-2026.52	-2025.01	-2025	0.114231 
93 	60   	-2027.4 	-2025.01	-2025	0.140949 
94 	60   	-2033   	-2025.07	-2025	0.527339 
95 	60   	-2032.05	-2025.04	-2025	0.364167 
96 	60   	-2025.7 	-2025   	-2025	0.0539793
97 	60   	-2037.82	-2025.05	-2025	0.62925  
98 	60   	-2026.52	-2025.01	-2025	0.0920445
99 	60   	-2032.05	-2025.03	-2025	0.3558   
gen	depth	min     	avg     	max    	std      
0  	60   	-2074.28	-2030.89	-2025.7	5.83089  
1  	60   	-2037.82	-2027.49	-2025  	1.53771  
2  	60   	-2051.25	-2026.47	-2025  	1.60912  
3  	60   	-2031.1 	-2025.91	-2025  	0.59505  
4  	60   	-2033.7 	-2025.71	-2025  	0.561672 
5  	60   	-2044.66	-2025.67	-2025  	0.991717 
6  	60   	-2056.47	-2025.59	-2025  	1.52241  
7  	60   	-2032.05	-2025.25	-2025  	0.507048 
8  	60   	-2033.96	-2025.07	-2025  	0.510749 
9  	60   	-2029.22	-2025.04	-2025  	0.302262 
10 	60   	-2028.3 	-2025.02	-2025  	0.195557 
11 	60   	-2031.1 	-2025.05	-2025  	0.489588 
12 	60   	-2029.22	-2025.03	-2025  	0.287057 
13 	60   	-2031.1 	-2025.03	-2025  	0.327258 
14 	60   	-2025.7 	-2025.01	-2025  	0.0761075
15 	60   	-2026.52	-2025.02	-2025  	0.129596 
16 	60   	-2032.05	-2025.06	-2025  	0.436645 
17 	60   	-2025.7 	-2025   	-2025  	0.0312276
18 	60   	-2031.1 	-2025.02	-2025  	0.298184 
19 	60   	-2029.22	-2025.02	-2025  	0.254305 
20 	60   	-2027.4 	-2025.03	-2025  	0.208849 
21 	60   	-2027.4 	-2025.02	-2025  	0.181823 
22 	60   	-2029.22	-2025.03	-2025  	0.274355 
23 	60   	-2035.89	-2025.04	-2025  	0.531848 
24 	60   	-2031.1 	-2025.02	-2025  	0.288746 
25 	60   	-2030.15	-2025.03	-2025  	0.345845 
26 	60   	-2026.52	-2025.02	-2025  	0.133124 
27 	60   	-2025.7 	-2025.01	-2025  	0.0929288
28 	60   	-2029.22	-2025.01	-2025  	0.196009 
29 	60   	-2026.52	-2025.01	-2025  	0.118284 
30 	60   	-2076.27	-2025.12	-2025  	2.2959   
31 	60   	-2030.15	-2025.06	-2025  	0.417187 
32 	60   	-2035.89	-2025.07	-2025  	0.557713 
33 	60   	-2028.3 	-2025.03	-2025  	0.211112 
34 	60   	-2027.4 	-2025.02	-2025  	0.186583 
35 	60   	-2033   	-2025.05	-2025  	0.435005 
36 	60   	-2029.22	-2025.02	-2025  	0.200737 
37 	60   	-2026.52	-2025.01	-2025  	0.142419 
38 	60   	-2026.52	-2025.02	-2025  	0.136163 
39 	60   	-2028.3 	-2025.03	-2025  	0.244442 
40 	60   	-2034.92	-2025.06	-2025  	0.586454 
41 	60   	-2032.05	-2025.04	-2025  	0.37691  
42 	60   	-2027.4 	-2025.01	-2025  	0.127463 
43 	60   	-2029.22	-2025.05	-2025  	0.377582 
44 	60   	-2046.62	-2025.12	-2025  	1.31528  
45 	60   	-2028.3 	-2025.02	-2025  	0.236966 
46 	60   	-2027.4 	-2025.02	-2025  	0.191438 
47 	60   	-2035.89	-2025.04	-2025  	0.504015 
48 	60   	-2026.52	-2025.01	-2025  	0.118284 
49 	60   	-2031.1 	-2025.02	-2025  	0.313912 
50 	60   	-2027.4 	-2025.03	-2025  	0.180558 
51 	60   	-2026.52	-2025.01	-2025  	0.100983 
52 	60   	-2031.1 	-2025.05	-2025  	0.426211 
53 	60   	-2026.52	-2025.02	-2025  	0.151892 
54 	60   	-2064.38	-2025.11	-2025  	1.78147  
55 	60   	-2037.82	-2025.09	-2025  	0.692098 
56 	60   	-2034.92	-2025.06	-2025  	0.579845 
57 	60   	-2029.22	-2025.03	-2025  	0.253356 
58 	60   	-2028.3 	-2025.03	-2025  	0.215338 
59 	60   	-2030.15	-2025.03	-2025  	0.295708 
60 	60   	-2032.05	-2025.05	-2025  	0.415318 
61 	60   	-2032.05	-2025.05	-2025  	0.428582 
62 	60   	-2029.22	-2025.02	-2025  	0.236919 
63 	60   	-2030.15	-2025.04	-2025  	0.290457 
64 	60   	-2026.52	-2025.01	-2025  	0.125407 
65 	60   	-2030.15	-2025.04	-2025  	0.355842 
66 	60   	-2057.46	-2025.11	-2025  	1.53208  
67 	60   	-2026.52	-2025.02	-2025  	0.163506 
68 	60   	-2028.3 	-2025.03	-2025  	0.244396 
69 	60   	-2031.1 	-2025.03	-2025  	0.320181 
70 	60   	-2027.4 	-2025.02	-2025  	0.185377 
71 	60   	-2028.3 	-2025.02	-2025  	0.193182 
72 	60   	-2027.4 	-2025.01	-2025  	0.144237 
73 	60   	-2026.52	-2025.01	-2025  	0.0867021
74 	60   	-2028.3 	-2025.03	-2025  	0.287942 
75 	60   	-2027.4 	-2025.02	-2025  	0.194962 
76 	60   	-2031.1 	-2025.04	-2025  	0.343708 
77 	60   	-2025.7 	-2025.01	-2025  	0.0877033
78 	60   	-2028.3 	-2025.02	-2025  	0.18362  
79 	60   	-2035.89	-2025.07	-2025  	0.687964 
80 	60   	-2028.3 	-2025.02	-2025  	0.216464 
81 	60   	-2027.4 	-2025.02	-2025  	0.162074 
82 	60   	-2027.4 	-2025.01	-2025  	0.115745 
83 	60   	-2034.92	-2025.08	-2025  	0.729606 
84 	60   	-2031.1 	-2025.03	-2025  	0.368722 
85 	60   	-2026.52	-2025.01	-2025  	0.125407 
86 	60   	-2035.89	-2025.08	-2025  	0.699564 
87 	60   	-2026.52	-2025.01	-2025  	0.122187 
88 	60   	-2096.13	-2025.18	-2025  	3.2047   
89 	60   	-2030.15	-2025.03	-2025  	0.332375 
90 	60   	-2030.15	-2025.03	-2025  	0.307499 
91 	60   	-2036.85	-2025.05	-2025  	0.595644 
92 	60   	-2032.05	-2025.03	-2025  	0.347465 
93 	60   	-2028.3 	-2025.02	-2025  	0.214351 
94 	60   	-2028.1 	-2025.03	-2025  	0.229873 
95 	60   	-2030.15	-2025.03	-2025  	0.270271 
96 	60   	-2033   	-2025.03	-2025  	0.390531 
97 	60   	-2029.22	-2025.03	-2025  	0.291012 
98 	60   	-2027.4 	-2025.03	-2025  	0.20068  
99 	60   	-2034.92	-2025.07	-2025  	0.614946 
gen	depth	min     	avg     	max    	std      
0  	60   	-2094.38	-2030.39	-2025.7	5.74906  
1  	60   	-2034.4 	-2027.33	-2025  	1.47448  
2  	60   	-2028.92	-2026.26	-2025  	0.646179 
3  	60   	-2084.21	-2025.97	-2025  	2.66466  
4  	60   	-2030.15	-2025.59	-2025  	0.424368 
5  	60   	-2027.22	-2025.35	-2025  	0.37311  
6  	60   	-2030.15	-2025.16	-2025  	0.398525 
7  	60   	-2033   	-2025.08	-2025  	0.638719 
8  	60   	-2027.4 	-2025.02	-2025  	0.186583 
9  	60   	-2026.52	-2025.02	-2025  	0.163299 
10 	60   	-2032.05	-2025.06	-2025  	0.489349 
11 	60   	-2027.4 	-2025.01	-2025  	0.123696 
12 	60   	-2036.85	-2025.04	-2025  	0.556181 
13 	60   	-2036.85	-2025.06	-2025  	0.620373 
14 	60   	-2037.82	-2025.05	-2025  	0.615629 
15 	60   	-2026.52	-2025.01	-2025  	0.13909  
16 	60   	-2034.92	-2025.07	-2025  	0.682343 
17 	60   	-2037.82	-2025.05	-2025  	0.621784 
18 	60   	-2029.22	-2025.02	-2025  	0.217957 
19 	60   	-2033   	-2025.06	-2025  	0.497141 
20 	60   	-2027.4 	-2025.03	-2025  	0.233455 
21 	60   	-2050.55	-2025.1 	-2025  	1.20572  
22 	60   	-2027.4 	-2025.02	-2025  	0.144969 
23 	60   	-2039.77	-2025.07	-2025  	0.904766 
24 	60   	-2052.52	-2025.07	-2025  	1.24629  
25 	60   	-2027.4 	-2025.02	-2025  	0.164892 
26 	60   	-2032.05	-2025.06	-2025  	0.507388 
27 	60   	-2031.1 	-2025.03	-2025  	0.333455 
28 	60   	-2028.3 	-2025.03	-2025  	0.275543 
29 	60   	-2029.22	-2025.03	-2025  	0.256148 
30 	60   	-2032.05	-2025.04	-2025  	0.396436 
31 	60   	-2028.3 	-2025.03	-2025  	0.251869 
32 	60   	-2026.52	-2025.02	-2025  	0.142817 
33 	60   	-2028.3 	-2025.03	-2025  	0.239091 
34 	60   	-2035.89	-2025.1 	-2025  	0.829758 
35 	60   	-2026.52	-2025.02	-2025  	0.136163 
36 	60   	-2025.7 	-2025.01	-2025  	0.0695466
37 	60   	-2036.85	-2025.05	-2025  	0.607416 
38 	60   	-2045.64	-2025.08	-2025  	0.980221 
39 	60   	-2031.1 	-2025.04	-2025  	0.360349 
40 	60   	-2031.1 	-2025.06	-2025  	0.430839 
41 	60   	-2029.22	-2025.03	-2025  	0.267786 
42 	60   	-2027.4 	-2025.02	-2025  	0.178024 
43 	60   	-2031.1 	-2025.04	-2025  	0.359051 
44 	60   	-2035.89	-2025.06	-2025  	0.582115 
45 	60   	-2027.4 	-2025.03	-2025  	0.196133 
46 	60   	-2027.4 	-2025.03	-2025  	0.201084 
47 	60   	-2032.05	-2025.06	-2025  	0.457658 
48 	60   	-2028.3 	-2025.05	-2025  	0.306624 
49 	60   	-2029.22	-2025.02	-2025  	0.27163  
50 	60   	-2094.14	-2025.28	-2025  	3.70387  
51 	60   	-2026.52	-2025.01	-2025  	0.118284 
52 	60   	-2028.3 	-2025.02	-2025  	0.214351 
53 	60   	-2034.52	-2025.04	-2025  	0.517603 
54 	60   	-2028.3 	-2025.02	-2025  	0.18613  
55 	60   	-2027.4 	-2025.04	-2025  	0.241604 
56 	60   	-2027.4 	-2025.01	-2025  	0.168579 
57 	60   	-2037.82	-2025.07	-2025  	0.73349  
58 	60   	-2033   	-2025.03	-2025  	0.388255 
59 	60   	-2041.72	-2025.07	-2025  	0.831561 
60 	60   	-2045.64	-2025.1 	-2025  	1.0907   
61 	60   	-2051.54	-2025.08	-2025  	1.20733  
62 	60   	-2030.15	-2025.03	-2025  	0.298699 
63 	60   	-2028.3 	-2025.03	-2025  	0.206883 
64 	60   	-2027.4 	-2025.02	-2025  	0.156249 
65 	60   	-2031.1 	-2025.05	-2025  	0.465003 
66 	60   	-2027.4 	-2025.03	-2025  	0.24315  
67 	60   	-2033   	-2025.05	-2025  	0.421376 
68 	60   	-2031.1 	-2025.02	-2025  	0.288746 
69 	60   	-2026.52	-2025.01	-2025  	0.0867021
70 	60   	-2033.96	-2025.04	-2025  	0.437075 
71 	60   	-2028.3 	-2025.02	-2025  	0.188596 
72 	60   	-2046.62	-2025.07	-2025  	0.991308 
73 	60   	-2027.4 	-2025.03	-2025  	0.237601 
74 	60   	-2028.3 	-2025.03	-2025  	0.222633 
75 	60   	-2033   	-2025.06	-2025  	0.533261 
76 	60   	-2029.22	-2025.05	-2025  	0.349707 
77 	60   	-2028.3 	-2025.02	-2025  	0.213769 
78 	60   	-2028.3 	-2025.02	-2025  	0.192129 
79 	60   	-2030.15	-2025.05	-2025  	0.394498 
80 	60   	-2030.15	-2025.06	-2025  	0.448334 
81 	60   	-2029.22	-2025.03	-2025  	0.29685  
82 	60   	-2027.4 	-2025.03	-2025  	0.204117 
83 	60   	-2028.3 	-2025.02	-2025  	0.203747 
84 	60   	-2029.22	-2025.03	-2025  	0.277565 
85 	60   	-2028.3 	-2025.03	-2025  	0.252637 
86 	60   	-2027.4 	-2025.02	-2025  	0.163335 
87 	60   	-2026.52	-2025.01	-2025  	0.129107 
88 	60   	-2028.3 	-2025.04	-2025  	0.283439 
89 	60   	-2032.05	-2025.04	-2025  	0.382258 
90 	60   	-2030.15	-2025.04	-2025  	0.347531 
91 	60   	-2028.3 	-2025.03	-2025  	0.211112 
92 	60   	-2032.05	-2025.03	-2025  	0.362539 
93 	60   	-2037.82	-2025.06	-2025  	0.683785 
94 	60   	-2029.22	-2025.02	-2025  	0.224192 
95 	60   	-2030.15	-2025.03	-2025  	0.283388 
96 	60   	-2028.3 	-2025.03	-2025  	0.242976 
97 	60   	-2031.1 	-2025.04	-2025  	0.309954 
98 	60   	-2032.05	-2025.04	-2025  	0.389843 
99 	60   	-2027.4 	-2025.01	-2025  	0.140949 
gen	depth	min     	avg     	max  	std      
0  	60   	-2055.76	-2030.81	-2025	5.18399  
1  	60   	-2036.85	-2027.58	-2025	1.64752  
2  	60   	-2060.42	-2026.75	-2025	2.51583  
3  	60   	-2033.7 	-2025.97	-2025	0.678276 
4  	60   	-2033.96	-2025.68	-2025	0.495092 
5  	60   	-2033.96	-2025.56	-2025	0.534549 
6  	60   	-2032.05	-2025.33	-2025	0.482079 
7  	60   	-2028.3 	-2025.08	-2025	0.258978 
8  	60   	-2035.62	-2025.08	-2025	0.646707 
9  	60   	-2028.3 	-2025.02	-2025	0.243616 
10 	60   	-2031.1 	-2025.03	-2025	0.316795 
11 	60   	-2031.1 	-2025.02	-2025	0.288746 
12 	60   	-2052.52	-2025.1 	-2025	1.3075   
13 	60   	-2033.96	-2025.05	-2025	0.476883 
14 	60   	-2028.3 	-2025.02	-2025	0.193403 
15 	60   	-2028.3 	-2025.01	-2025	0.159854 
16 	60   	-2032.05	-2025.05	-2025	0.385728 
17 	60   	-2032.05	-2025.04	-2025	0.409025 
18 	60   	-2029.22	-2025.01	-2025	0.198392 
19 	60   	-2035.4 	-2025.07	-2025	0.630507 
20 	60   	-2026.52	-2025.02	-2025	0.14601  
21 	60   	-2027.4 	-2025.02	-2025	0.184092 
22 	60   	-2030.15	-2025.03	-2025	0.28872  
23 	60   	-2025.7 	-2025.01	-2025	0.0761075
24 	60   	-2033   	-2025.05	-2025	0.53032  
25 	60   	-2028.3 	-2025.02	-2025	0.240657 
26 	60   	-2026.52	-2025.01	-2025	0.106365 
27 	60   	-2025.7 	-2025   	-2025	0.0539793
28 	60   	-2027.4 	-2025.03	-2025	0.190203 
29 	60   	-2029.22	-2025.03	-2025	0.293214 
30 	60   	-2025.7 	-2025.01	-2025	0.0695466
31 	60   	-2063.39	-2025.08	-2025	1.71765  
32 	60   	-2042.7 	-2025.12	-2025	1.10764  
33 	60   	-2028.3 	-2025.03	-2025	0.241799 
34 	60   	-2033   	-2025.04	-2025	0.391657 
35 	60   	-2028.3 	-2025.03	-2025	0.259854 
36 	60   	-2026.52	-2025.02	-2025	0.168809 
37 	60   	-2027.4 	-2025.02	-2025	0.156249 
38 	60   	-2029.22	-2025.04	-2025	0.294022 
39 	60   	-2030.15	-2025.03	-2025	0.294805 
40 	60   	-2028.92	-2025.04	-2025	0.337717 
41 	60   	-2030.15	-2025.06	-2025	0.431151 
42 	60   	-2033.96	-2025.05	-2025	0.523893 
43 	60   	-2032.05	-2025.03	-2025	0.346906 
44 	60   	-2027.4 	-2025.02	-2025	0.163335 
45 	60   	-2029.22	-2025.03	-2025	0.269686 
46 	60   	-2029.22	-2025.03	-2025	0.29685  
47 	60   	-2050.55	-2025.14	-2025	1.61359  
48 	60   	-2041.72	-2025.08	-2025	0.848104 
49 	60   	-2030.15	-2025.03	-2025	0.281789 
50 	60   	-2033.96	-2025.05	-2025	0.563272 
51 	60   	-2030.15	-2025.05	-2025	0.357172 
52 	60   	-2026.52	-2025.02	-2025	0.157547 
53 	60   	-2029.22	-2025.02	-2025	0.229223 
54 	60   	-2026.52	-2025.01	-2025	0.129107 
55 	60   	-2030.15	-2025.03	-2025	0.265286 
56 	60   	-2026.52	-2025.01	-2025	0.101835 
57 	60   	-2026.52	-2025.02	-2025	0.151892 
58 	60   	-2044.66	-2025.06	-2025	0.926839 
59 	60   	-2027.4 	-2025.02	-2025	0.173002 
60 	60   	-2031.1 	-2025.03	-2025	0.318217 
61 	60   	-2031.1 	-2025.05	-2025	0.380314 
62 	60   	-2033.96	-2025.05	-2025	0.565445 
63 	60   	-2029.22	-2025.03	-2025	0.28772  
64 	60   	-2032.05	-2025.03	-2025	0.355289 
65 	60   	-2032.05	-2025.05	-2025	0.435693 
66 	60   	-2025.7 	-2025.01	-2025	0.0622672
67 	60   	-2030.15	-2025.03	-2025	0.306702 
68 	60   	-2030.15	-2025.02	-2025	0.262762 
69 	60   	-2038.8 	-2025.05	-2025	0.643778 
70 	60   	-2028.3 	-2025.03	-2025	0.241038 
71 	60   	-2038.8 	-2025.04	-2025	0.636283 
72 	60   	-2033   	-2025.03	-2025	0.396189 
73 	60   	-2025.7 	-2025.01	-2025	0.0761075
74 	60   	-2026.52	-2025.02	-2025	0.11484  
75 	60   	-2031.1 	-2025.03	-2025	0.321208 
76 	60   	-2030.15	-2025.03	-2025	0.276061 
77 	60   	-2033.96	-2025.06	-2025	0.548787 
78 	60   	-2026.52	-2025.01	-2025	0.101835 
79 	60   	-2033   	-2025.03	-2025	0.392178 
80 	60   	-2028.92	-2025.03	-2025	0.27219  
81 	60   	-2029.22	-2025.02	-2025	0.215821 
82 	60   	-2027.4 	-2025.02	-2025	0.159194 
83 	60   	-2026.52	-2025.01	-2025	0.0920445
84 	60   	-2045.64	-2025.09	-2025	1.03915  
85 	60   	-2026.52	-2025.01	-2025	0.114231 
86 	60   	-2026.52	-2025.01	-2025	0.0809841
87 	60   	-2030.15	-2025.02	-2025	0.256608 
88 	60   	-2029.22	-2025.03	-2025	0.321553 
89 	60   	-2030.15	-2025.05	-2025	0.418854 
90 	60   	-2035.89	-2025.05	-2025	0.565693 
91 	60   	-2031.1 	-2025.06	-2025	0.471943 
92 	60   	-2028.3 	-2025.03	-2025	0.218549 
93 	60   	-2033.96	-2025.05	-2025	0.501485 
94 	60   	-2030.15	-2025.04	-2025	0.364106 
95 	60   	-2030.15	-2025.03	-2025	0.325596 
96 	60   	-2035.89	-2025.05	-2025	0.559754 
97 	60   	-2026.4 	-2025.01	-2025	0.0880147
98 	60   	-2029.22	-2025.02	-2025	0.236919 
99 	60   	-2038.8 	-2025.06	-2025	0.752841 
