gen	depth	min     	avg     	max     	std     
0  	25   	-1305.4 	-843.015	-808.018	40.4472 
1  	25   	-1088.52	-826.248	-804.824	22.2786 
2  	25   	-843.571	-816.786	-804.824	5.51943 
3  	25   	-883.245	-813.028	-804.824	5.16245 
4  	25   	-977.171	-810.765	-804.824	8.62797 
5  	25   	-926.291	-808.666	-804.824	5.95254 
6  	25   	-1101.51	-807.622	-804.301	13.389  
7  	25   	-849.415	-806.025	-804.301	2.57071 
8  	25   	-1067.09	-806.23 	-804.301	12.844  
9  	25   	-854.775	-805.161	-804    	2.65586 
10 	25   	-833.456	-805.142	-804    	2.05318 
11 	25   	-877.592	-805.245	-803.097	4.70159 
12 	25   	-877.625	-805.033	-803.097	3.68218 
13 	25   	-852.585	-804.755	-801.699	3.6437  
14 	25   	-849.983	-804.609	-801.699	3.71962 
15 	25   	-885.167	-804.227	-801.699	4.94691 
16 	25   	-843.745	-803.506	-801.699	2.23001 
17 	25   	-848.699	-803.487	-801.699	3.02763 
18 	25   	-832.456	-803.063	-801.699	1.88258 
19 	25   	-822.65 	-802.719	-801.523	1.38119 
20 	25   	-890.735	-802.719	-801.398	4.43575 
21 	25   	-853.951	-802.483	-801.398	3.23189 
22 	25   	-929.409	-802.313	-801.398	6.20766 
23 	25   	-874.818	-802.105	-801.398	3.71305 
24 	25   	-841    	-802.014	-801.398	2.96083 
25 	25   	-860.9  	-801.916	-801.398	3.25262 
26 	25   	-1010.37	-802.075	-801.398	9.39515 
27 	25   	-818.398	-801.618	-801    	1.25859 
28 	25   	-901.979	-801.831	-801    	4.91913 
29 	25   	-805.125	-801.431	-800.699	0.380534
30 	25   	-814.796	-801.432	-800.699	0.79314 
31 	25   	-893.018	-801.706	-800.699	4.7639  
32 	25   	-823.301	-801.205	-800.699	1.21528 
33 	25   	-835.42 	-801.214	-800.699	2.09879 
34 	25   	-833.854	-801.162	-800.699	2.40638 
35 	25   	-818.678	-800.883	-800.699	1.20359 
36 	25   	-814.398	-800.822	-800.699	0.844379
37 	25   	-818.398	-800.934	-800.699	1.47858 
38 	25   	-843.337	-800.991	-800.699	2.42573 
39 	25   	-845.921	-800.99 	-800.699	2.34703 
40 	25   	-808.959	-800.801	-800.699	0.69584 
41 	25   	-835.42 	-800.926	-800.699	2.1882  
42 	25   	-833.854	-800.932	-800.699	1.82926 
43 	25   	-820.842	-800.88 	-800.699	1.28356 
44 	25   	-807.046	-800.799	-800.699	0.558857
45 	25   	-816.292	-800.864	-800.699	1.10841 
46 	25   	-808.699	-800.77 	-800.699	0.470359
47 	25   	-830.481	-801.046	-800.699	1.96077 
48 	25   	-843.046	-800.995	-800.602	2.5853  
49 	25   	-877.097	-800.951	-800.602	3.46801 
50 	25   	-813.194	-800.815	-800.602	0.734123
51 	25   	-892.624	-800.999	-800.602	4.17672 
52 	25   	-817.699	-800.803	-800.602	0.909835
53 	25   	-822.319	-800.887	-800.602	1.65576 
54 	25   	-808.602	-800.83 	-800.602	0.757431
55 	25   	-809.398	-800.818	-800.602	0.886662
56 	25   	-819.377	-800.803	-800.602	1.25875 
57 	25   	-808    	-800.741	-800.602	0.650923
58 	25   	-844.328	-800.903	-800.602	2.59128 
59 	25   	-848.292	-800.946	-800.602	3.19671 
60 	25   	-851.87 	-801.077	-800.602	3.6432  
61 	25   	-806.097	-800.729	-800.602	0.622204
62 	25   	-874.114	-801.101	-800.602	3.98982 
63 	25   	-849.284	-800.89 	-800.602	2.64786 
64 	25   	-829.495	-800.796	-800.602	1.71762 
65 	25   	-805.222	-800.679	-800.602	0.441568
66 	25   	-853.252	-800.818	-800.602	2.46073 
67 	25   	-845.921	-800.94 	-800.602	2.5341  
68 	25   	-830.097	-800.848	-800.602	1.85649 
69 	25   	-860.201	-800.876	-800.602	3.01649 
70 	25   	-807.046	-800.704	-800.602	0.578704
71 	25   	-834.432	-800.97 	-800.602	2.55623 
72 	25   	-818.678	-800.826	-800.602	1.46128 
73 	25   	-846.31 	-800.843	-800.602	2.23078 
74 	25   	-818.678	-800.828	-800.602	1.44908 
75 	25   	-803.921	-800.655	-800.602	0.312142
76 	25   	-811.444	-800.725	-800.602	0.804537
77 	25   	-893.018	-800.993	-800.602	4.53889 
78 	25   	-834.432	-800.912	-800.602	2.04274 
79 	25   	-819.658	-800.816	-800.602	1.40572 
80 	25   	-880.609	-800.921	-800.602	3.74012 
81 	25   	-812.319	-800.7  	-800.602	0.783191
82 	25   	-863.18 	-801.089	-800.602	4.1083  
83 	25   	-821.337	-800.785	-800.602	1.4434  
84 	25   	-831.469	-800.915	-800.602	2.20677 
85 	25   	-810.886	-800.722	-800.602	0.695016
86 	25   	-815.092	-800.722	-800.602	0.852783
87 	25   	-808    	-800.689	-800.602	0.53657 
88 	25   	-820.638	-800.798	-800.602	1.3972  
89 	25   	-806.097	-800.672	-800.602	0.412776
90 	25   	-814.398	-800.746	-800.602	0.893187
91 	25   	-851.268	-800.91 	-800.602	2.73104 
92 	25   	-813.426	-800.763	-800.602	0.986522
93 	25   	-808    	-800.679	-800.602	0.476634
94 	25   	-823.301	-800.824	-800.602	1.73844 
95 	25   	-809.658	-800.686	-800.602	0.55472 
96 	25   	-822.602	-800.805	-800.602	1.51336 
97 	25   	-819.28 	-800.811	-800.602	1.36933 
98 	25   	-941.839	-801.211	-800.602	6.90338 
99 	25   	-860.201	-800.837	-800.602	2.74225 
gen	depth	min     	avg     	max     	std     
0  	25   	-1063.19	-842.36 	-804.699	31.2381 
1  	25   	-892.605	-823.442	-804.699	10.8327 
2  	25   	-1113.22	-817.091	-804.699	17.0209 
3  	25   	-843.666	-811.296	-804    	4.77593 
4  	25   	-867.794	-808.165	-803.796	4.26269 
5  	25   	-857.921	-806.491	-803.046	3.39264 
6  	25   	-844.578	-805.674	-803.046	3.04464 
7  	25   	-1083.64	-805.685	-803.046	13.4497 
8  	25   	-1110.6 	-805.156	-802.097	13.8928 
9  	25   	-836.818	-804.126	-802.097	2.24079 
10 	25   	-823.301	-803.671	-802.097	1.67973 
11 	25   	-854.188	-803.284	-802.097	2.60599 
12 	25   	-827.046	-802.912	-802.097	1.81691 
13 	25   	-837.807	-802.653	-802.097	1.98071 
14 	25   	-869.547	-802.801	-802.097	4.35046 
15 	25   	-824.983	-802.418	-802.097	1.85205 
16 	25   	-905.369	-802.838	-802.097	6.7752  
17 	25   	-823.842	-802.347	-802.097	1.50065 
18 	25   	-822.735	-802.297	-802.097	1.37514 
19 	25   	-862.187	-802.568	-802.097	3.9832  
20 	25   	-823.717	-802.442	-802.097	1.99059 
21 	25   	-832.866	-802.386	-802.097	1.97144 
22 	25   	-826.252	-802.378	-802.097	1.93819 
23 	25   	-828.509	-802.404	-802.097	2.01611 
24 	25   	-842.754	-802.649	-802.097	3.4501  
25 	25   	-842.842	-802.416	-802.097	2.30534 
26 	25   	-826.951	-802.339	-802.097	1.57212 
27 	25   	-993.932	-803.227	-801.699	10.4758 
28 	25   	-844.603	-802.534	-801.699	2.78908 
29 	25   	-820.076	-802.282	-801.699	1.30669 
30 	25   	-863.06 	-802.509	-801.699	3.73312 
31 	25   	-829.291	-802.423	-801.699	2.23509 
32 	25   	-842.754	-802.373	-801.699	2.85825 
33 	25   	-841.357	-802.175	-801.699	2.64447 
34 	25   	-903.674	-802.275	-801.699	5.14047 
35 	25   	-817.42 	-801.868	-801.699	1.07228 
36 	25   	-870.137	-802.441	-801.699	4.85008 
37 	25   	-836.818	-801.987	-801.523	2.44076 
38 	25   	-828.921	-802.069	-801.398	2.19908 
39 	25   	-811.319	-801.859	-801.398	0.984419
40 	25   	-819.097	-801.973	-801.398	1.71434 
41 	25   	-917.62 	-802.168	-801.398	5.84868 
42 	25   	-832.888	-801.835	-801.398	2.24334 
43 	25   	-855.545	-801.804	-801.398	2.73851 
44 	25   	-819.097	-801.675	-801.301	1.39898 
45 	25   	-836.818	-801.757	-801.301	2.29848 
46 	25   	-864.873	-801.739	-801.301	3.10742 
47 	25   	-811.585	-801.606	-801.301	1.12055 
48 	25   	-853.658	-801.759	-801.301	3.04215 
49 	25   	-866.998	-801.89 	-801.301	3.86224 
50 	25   	-821.24 	-801.589	-801.301	1.38285 
51 	25   	-848.532	-801.951	-801.301	3.91044 
52 	25   	-845.027	-801.628	-800.699	2.53287 
53 	25   	-815.097	-801.396	-800.699	0.77821 
54 	25   	-1116.2 	-802.288	-800.699	14.7713 
55 	25   	-813.426	-801.362	-800.699	0.972358
56 	25   	-825.171	-801.344	-800.699	1.94748 
57 	25   	-823.585	-800.996	-800.699	1.21871 
58 	25   	-808    	-800.88 	-800.699	0.770586
59 	25   	-805.62 	-800.792	-800.699	0.513111
60 	25   	-817.42 	-800.856	-800.699	1.12857 
61 	25   	-843.337	-800.882	-800.699	2.00256 
62 	25   	-818.301	-800.935	-800.699	1.3532  
63 	25   	-868.149	-801.165	-800.699	4.26201 
64 	25   	-814.77 	-800.961	-800.699	1.41541 
65 	25   	-822.222	-800.905	-800.699	1.48366 
66 	25   	-823.204	-800.987	-800.699	1.81907 
67 	25   	-808.046	-800.782	-800.699	0.54783 
68 	25   	-859.208	-801.001	-800.699	2.84541 
69 	25   	-822.222	-800.966	-800.699	1.6417  
70 	25   	-809.658	-800.816	-800.699	0.735705
71 	25   	-814.495	-800.898	-800.699	1.13788 
72 	25   	-841.066	-800.987	-800.699	2.16818 
73 	25   	-811.444	-800.852	-800.699	0.869971
74 	25   	-809.658	-800.89 	-800.699	0.812154
75 	25   	-814.495	-800.836	-800.699	0.900735
76 	25   	-824.284	-801.016	-800.699	1.88861 
77 	25   	-815.745	-800.902	-800.699	1.26717 
78 	25   	-851.967	-801.119	-800.699	3.48872 
79 	25   	-896.115	-801.181	-800.699	4.80583 
80 	25   	-834.046	-800.937	-800.699	1.79321 
81 	25   	-817.958	-800.864	-800.699	1.11643 
82 	25   	-843.046	-800.981	-800.699	2.183   
83 	25   	-829.208	-800.968	-800.699	1.89193 
84 	25   	-839.055	-800.986	-800.699	2.31717 
85 	25   	-869.816	-800.935	-800.699	3.17991 
86 	25   	-841.976	-800.934	-800.699	2.28033 
87 	25   	-846.31 	-801.06 	-800.699	2.97206 
88 	25   	-806.097	-800.79 	-800.699	0.49531 
89 	25   	-863.872	-801.105	-800.699	3.60153 
90 	25   	-817.323	-800.832	-800.699	0.85075 
91 	25   	-838    	-800.951	-800.699	1.95769 
92 	25   	-858.914	-800.965	-800.699	2.73332 
93 	25   	-856.928	-801.309	-800.699	4.30445 
94 	25   	-869.143	-801.089	-800.699	3.42373 
95 	25   	-810.886	-800.792	-800.699	0.660658
96 	25   	-819.658	-800.84 	-800.699	1.09457 
97 	25   	-823.204	-800.946	-800.699	1.64604 
98 	25   	-812.456	-800.85 	-800.699	0.896521
99 	25   	-820.638	-800.949	-800.699	1.45254 
gen	depth	min     	avg     	max     	std     
0  	25   	-1124.57	-842.043	-807.171	33.4033 
1  	25   	-942.535	-825.081	-807.018	11.6116 
2  	25   	-1066.97	-818.204	-806.398	12.9922 
3  	25   	-866.359	-813.81 	-806.222	6.34469 
4  	25   	-832.569	-810.592	-805.398	3.06949 
5  	25   	-875.046	-808.8  	-805.398	4.51155 
6  	25   	-850.514	-807.424	-804.495	2.93138 
7  	25   	-847.541	-806.719	-803.444	2.5972  
8  	25   	-989.251	-807.391	-803.444	12.3    
9  	25   	-1074.88	-806.36 	-803.444	12.637  
10 	25   	-882.359	-805.698	-803.046	5.35448 
11 	25   	-840.399	-805.004	-803.046	2.30087 
12 	25   	-848.708	-804.529	-802.796	2.93755 
13 	25   	-870.521	-804.126	-802.796	3.80415 
14 	25   	-826.978	-803.619	-802.796	1.72506 
15 	25   	-841.517	-803.525	-802.796	2.25364 
16 	25   	-844.444	-803.617	-802.222	3.18283 
17 	25   	-842.879	-803.386	-802.222	2.87197 
18 	25   	-833.444	-803.254	-802.222	2.47811 
19 	25   	-842.341	-803.113	-802.222	2.29024 
20 	25   	-816.018	-802.876	-802.222	0.961618
21 	25   	-820.662	-802.834	-802.097	1.34574 
22 	25   	-816.018	-802.625	-802.097	0.949777
23 	25   	-852.666	-802.664	-802.046	3.13935 
24 	25   	-845.027	-802.59 	-801.699	2.62361 
25 	25   	-871.365	-802.529	-801.699	3.38729 
26 	25   	-848.407	-802.411	-801.699	2.45111 
27 	25   	-819.377	-802.328	-801.523	1.53313 
28 	25   	-816.717	-802.1  	-801.523	1.00487 
29 	25   	-879.785	-802.305	-801.523	4.35357 
30 	25   	-823.301	-801.937	-801.398	1.56681 
31 	25   	-823.018	-801.832	-801.301	1.47045 
32 	25   	-809.143	-801.662	-801    	0.643086
33 	25   	-821.638	-801.723	-800.699	1.47608 
34 	25   	-837.108	-801.639	-800.699	1.70015 
35 	25   	-832.167	-801.637	-800.699	1.92554 
36 	25   	-816.444	-801.35 	-800.699	0.963015
37 	25   	-813.796	-801.229	-800.699	1.15749 
38 	25   	-822.772	-801.007	-800.699	1.19933 
39 	25   	-18855.7	-837.032	-800.699	806.629 
40 	25   	-993.706	-801.466	-800.699	9.88812 
41 	25   	-820.638	-800.952	-800.699	1.60496 
42 	25   	-812.921	-800.894	-800.699	1.05709 
43 	25   	-811.488	-800.844	-800.699	0.931736
44 	25   	-808.699	-800.864	-800.699	0.866459
45 	25   	-811.488	-800.817	-800.699	0.770411
46 	25   	-814.796	-800.901	-800.699	1.0068  
47 	25   	-809.921	-800.826	-800.699	0.715123
48 	25   	-820.357	-800.871	-800.699	1.22429 
49 	25   	-833.466	-800.999	-800.699	2.20718 
50 	25   	-825.171	-800.907	-800.699	1.6792  
51 	25   	-809.921	-800.819	-800.699	0.708504
52 	25   	-890.634	-801.373	-800.699	5.69126 
53 	25   	-812.25 	-800.842	-800.699	0.837753
54 	25   	-836.409	-800.96 	-800.699	2.19646 
55 	25   	-823.453	-800.989	-800.699	1.94154 
56 	25   	-822.036	-800.885	-800.699	1.30162 
57 	25   	-1156.05	-801.739	-800.699	16.1251 
58 	25   	-810.62 	-800.821	-800.699	0.808292
59 	25   	-809.921	-800.799	-800.699	0.594982
60 	25   	-821.056	-800.88 	-800.699	1.26029 
61 	25   	-820.201	-800.988	-800.699	1.63407 
62 	25   	-811.585	-800.84 	-800.699	0.834032
63 	25   	-814.495	-800.866	-800.699	0.999795
64 	25   	-819.377	-800.884	-800.699	1.31751 
65 	25   	-836.818	-801.099	-800.699	2.65292 
66 	25   	-830.194	-800.904	-800.699	1.47603 
67 	25   	-875.807	-801.161	-800.699	4.03622 
68 	25   	-822.423	-801.012	-800.699	1.8828  
69 	25   	-808.699	-800.804	-800.699	0.726805
70 	25   	-809.398	-800.831	-800.699	0.684556
71 	25   	-813.18 	-800.904	-800.699	1.00887 
72 	25   	-810.62 	-800.882	-800.699	0.868549
73 	25   	-810.886	-800.826	-800.699	0.747267
74 	25   	-814.77 	-800.873	-800.699	0.993576
75 	25   	-830.097	-801.024	-800.699	2.45407 
76 	25   	-847.301	-801.075	-800.699	2.47949 
77 	25   	-811.854	-800.82 	-800.699	0.703732
78 	25   	-816.444	-800.834	-800.699	0.934312
79 	25   	-837.818	-800.978	-800.699	2.07282 
80 	25   	-812.046	-800.794	-800.602	0.684159
81 	25   	-899.987	-801.162	-800.602	5.09753 
82 	25   	-848.292	-801.098	-800.602	3.21268 
83 	25   	-885.754	-800.992	-800.602	3.87845 
84 	25   	-821.62 	-801.003	-800.602	1.76334 
85 	25   	-819.377	-800.876	-800.602	1.11321 
86 	25   	-831.18 	-800.959	-800.602	2.06161 
87 	25   	-809.444	-800.738	-800.602	0.674904
88 	25   	-818.678	-800.767	-800.602	1.12644 
89 	25   	-808.569	-800.698	-800.602	0.709009
90 	25   	-815.469	-800.768	-800.602	1.05947 
91 	25   	-815.921	-800.725	-800.602	0.938742
92 	25   	-819.879	-800.678	-800.602	0.889116
93 	25   	-833.444	-800.759	-800.602	1.62205 
94 	25   	-813.523	-800.729	-800.602	0.842302
95 	25   	-857.222	-800.852	-800.602	2.65771 
96 	25   	-810.886	-800.702	-800.602	0.664332
97 	25   	-900.686	-801.076	-800.602	6.1624  
98 	25   	-807.046	-800.692	-800.602	0.584715
99 	25   	-822.602	-800.82 	-800.602	1.47751 
gen	depth	min     	avg     	max     	std     
0  	25   	-1005.11	-839.057	-809.541	25.7601 
1  	25   	-1171.42	-823.613	-809.319	18.2415 
2  	25   	-899.167	-817.038	-807.143	7.09547 
3  	25   	-967.969	-813.744	-806.319	7.44019 
4  	25   	-911.117	-812.414	-805.194	6.61567 
5  	25   	-900.532	-810.817	-805.194	5.78396 
6  	25   	-818.173	-809.048	-804.495	1.82997 
7  	25   	-839.62 	-807.953	-804.495	2.70968 
8  	25   	-827.682	-806.815	-804.495	1.80945 
9  	25   	-852.495	-806.399	-804.319	3.25158 
10 	25   	-824.277	-805.622	-803.495	1.48056 
11 	25   	-862.423	-805.305	-803.495	3.797   
12 	25   	-826.398	-804.698	-803.097	1.42596 
13 	25   	-919.018	-804.739	-802.921	5.52958 
14 	25   	-867.559	-804.445	-802.796	3.28914 
15 	25   	-824.541	-804.118	-802.796	1.7799  
16 	25   	-834.553	-803.837	-802.796	2.02812 
17 	25   	-834.775	-803.778	-802.796	2.49079 
18 	25   	-847.416	-803.538	-802.796	2.56948 
19 	25   	-832.991	-803.289	-802.398	1.69879 
20 	25   	-820.389	-803.178	-802.398	1.31268 
21 	25   	-955.995	-803.887	-802.097	10.4176 
22 	25   	-843.162	-803.228	-802.097	2.64867 
23 	25   	-814.495	-802.852	-802.097	0.849104
24 	25   	-919.315	-803.272	-802.097	6.47628 
25 	25   	-844.569	-802.868	-801.699	3.06229 
26 	25   	-811.471	-802.391	-801.699	0.865297
27 	25   	-845.851	-802.463	-801.699	2.43263 
28 	25   	-872.529	-802.494	-801.699	3.59749 
29 	25   	-848.258	-802.489	-801.699	3.557   
30 	25   	-844.444	-802.243	-801.523	2.68771 
31 	25   	-830.194	-802.08 	-801.523	2.07474 
32 	25   	-822.161	-801.972	-801.523	1.79664 
33 	25   	-925.294	-802.572	-801.523	6.9502  
34 	25   	-849.815	-801.959	-801.523	2.54298 
35 	25   	-828.921	-801.906	-801.398	2.15763 
36 	25   	-817.699	-801.706	-801.398	1.20871 
37 	25   	-857.448	-801.881	-801.398	3.05715 
38 	25   	-968.764	-802.106	-801.398	7.70149 
39 	25   	-832.167	-801.867	-801.398	2.45    
40 	25   	-825.967	-801.832	-801.398	2.12773 
41 	25   	-824.983	-801.576	-801.398	1.26486 
42 	25   	-818.657	-801.642	-801.398	1.39048 
43 	25   	-816.991	-801.607	-801.398	1.12886 
44 	25   	-821.056	-801.68 	-801.398	1.62888 
45 	25   	-920.907	-802.034	-801.398	6.02738 
46 	25   	-1394.22	-803.831	-801.398	32.8293 
47 	25   	-832.361	-801.676	-801.398	2.13373 
48 	25   	-811.585	-801.595	-801.398	1.07432 
49 	25   	-839.086	-801.685	-801.398	2.14286 
50 	25   	-815.194	-801.627	-801.398	1.28273 
51 	25   	-823.602	-801.702	-801.398	1.73183 
52 	25   	-834.842	-801.659	-801    	1.8318  
53 	25   	-820.076	-801.535	-801    	1.01399 
54 	25   	-866.86 	-801.913	-801    	4.3623  
55 	25   	-851.389	-801.704	-801    	3.00151 
56 	25   	-811.854	-801.464	-801    	0.652224
57 	25   	-869.842	-801.844	-801    	4.70338 
58 	25   	-838.796	-801.617	-801    	2.51528 
59 	25   	-809.842	-801.184	-800.699	0.543941
60 	25   	-845.726	-801.38 	-800.699	2.60621 
61 	25   	-836.398	-801.244	-800.699	1.97876 
62 	25   	-827.523	-801.165	-800.699	1.44208 
63 	25   	-816.444	-801.175	-800.699	1.2407  
64 	25   	-1071.56	-802.267	-800.699	15.2906 
65 	25   	-820.842	-801.039	-800.699	1.59116 
66 	25   	-844.328	-801.02 	-800.699	2.45274 
67 	25   	-823.301	-800.953	-800.699	1.56445 
68 	25   	-812.456	-800.882	-800.699	0.975123
69 	25   	-807.745	-800.785	-800.699	0.611022
70 	25   	-806.097	-800.809	-800.602	0.583592
71 	25   	-883.066	-801.168	-800.602	4.20661 
72 	25   	-829.456	-800.972	-800.602	1.83135 
73 	25   	-838.387	-801.062	-800.602	2.66905 
74 	25   	-856.229	-801.037	-800.602	2.82508 
75 	25   	-816.045	-800.861	-800.602	1.14125 
76 	25   	-821.337	-800.853	-800.602	1.32437 
77 	25   	-812.553	-800.836	-800.602	1.05878 
78 	25   	-819.28 	-800.813	-800.602	1.21016 
79 	25   	-1704.04	-802.582	-800.602	40.369  
80 	25   	-828.599	-800.81 	-800.602	1.7042  
81 	25   	-814.412	-800.743	-800.602	0.919219
82 	25   	-808    	-800.716	-800.602	0.628625
83 	25   	-839.377	-800.825	-800.602	1.95763 
84 	25   	-812.456	-800.73 	-800.602	0.809467
85 	25   	-805.854	-800.706	-800.602	0.545056
86 	25   	-806.097	-800.68 	-800.602	0.489923
87 	25   	-952.645	-801.068	-800.602	6.8569  
88 	25   	-812.26 	-800.863	-800.602	1.19198 
89 	25   	-820.638	-800.829	-800.602	1.37518 
90 	25   	-837.818	-800.95 	-800.602	2.34521 
91 	25   	-811.444	-800.766	-800.602	1.00073 
92 	25   	-831.469	-800.783	-800.602	1.88266 
93 	25   	-818.917	-800.755	-800.602	1.26546 
94 	25   	-815.745	-800.722	-800.602	0.947652
95 	25   	-820.638	-800.8  	-800.602	1.31917 
96 	25   	-1039.82	-801.458	-800.602	11.4136 
97 	25   	-809.921	-800.747	-800.602	0.827317
98 	25   	-849.284	-800.924	-800.602	2.66034 
99 	25   	-829.495	-800.81 	-800.602	1.8314  
gen	depth	min     	avg     	max     	std     
0  	25   	-1760.5 	-843.343	-809.194	52.0673 
1  	25   	-912.924	-823.827	-807.365	11.237  
2  	25   	-857.423	-816.392	-807.365	5.48908 
3  	25   	-943.567	-813.777	-806.398	8.70505 
4  	25   	-852.796	-811.192	-804.796	4.05847 
5  	25   	-880.609	-809.633	-803.796	4.49916 
6  	25   	-840.751	-808.211	-803.796	2.88412 
7  	25   	-982.043	-807.405	-803.745	8.20883 
8  	25   	-900.686	-806.753	-803.046	8.158   
9  	25   	-831.361	-805.119	-802.398	1.77213 
10 	25   	-1429.2 	-805.981	-802.398	28.1545 
11 	25   	-846.55 	-804.029	-802.398	2.34181 
12 	25   	-816.444	-803.565	-802.222	1.14879 
13 	25   	-814.222	-803.267	-802.097	0.98659 
14 	25   	-867.146	-803.519	-801.699	4.82987 
15 	25   	-842.754	-803.182	-801.699	3.16549 
16 	25   	-820.194	-802.716	-801.699	1.59259 
17 	25   	-821.252	-802.529	-801.398	1.64177 
18 	25   	-838.097	-802.268	-801    	1.86154 
19 	25   	-837.108	-802.028	-801    	1.73934 
20 	25   	-1538.53	-804.154	-801    	35.1189 
21 	25   	-804    	-801.645	-801    	0.410632
22 	25   	-826.252	-801.611	-801    	1.50497 
23 	25   	-823.152	-801.426	-800.699	1.50833 
24 	25   	-812.553	-801.186	-800.699	0.836475
25 	25   	-812.553	-801.161	-800.699	0.933854
26 	25   	-846.018	-801.231	-800.699	2.44039 
27 	25   	-826.648	-801.192	-800.699	1.76107 
28 	25   	-841.066	-801.284	-800.699	2.74768 
29 	25   	-832.167	-801.04 	-800.699	1.98723 
30 	25   	-816.721	-800.892	-800.699	1.17966 
31 	25   	-850.975	-800.941	-800.699	2.37309 
32 	25   	-824.187	-800.861	-800.699	1.26616 
33 	25   	-815.372	-800.91 	-800.602	1.18949 
34 	25   	-821.337	-800.944	-800.602	1.5167  
35 	25   	-826.538	-800.877	-800.602	1.40268 
36 	25   	-829.111	-800.929	-800.602	1.7046  
37 	25   	-824.466	-800.938	-800.602	1.5978  
38 	25   	-804.921	-800.707	-800.602	0.300646
39 	25   	-814.495	-800.742	-800.602	0.841348
40 	25   	-833.583	-800.828	-800.602	1.71319 
41 	25   	-814.141	-800.709	-800.602	0.906068
42 	25   	-808    	-800.709	-800.602	0.653992
43 	25   	-819.28 	-800.73 	-800.602	0.982795
44 	25   	-813.426	-800.754	-800.602	0.958971
45 	25   	-835.42 	-800.881	-800.602	2.03266 
46 	25   	-824.569	-800.77 	-800.602	1.3581  
47 	25   	-812.824	-800.81 	-800.602	1.14275 
48 	25   	-811.854	-800.799	-800.602	1.07716 
49 	25   	-810.886	-800.75 	-800.602	0.959509
50 	25   	-830.481	-800.842	-800.602	1.84997 
51 	25   	-815.372	-800.764	-800.602	1.06812 
52 	25   	-818.678	-800.73 	-800.602	0.995193
53 	25   	-815.372	-800.775	-800.602	1.15293 
54 	25   	-812.824	-800.781	-800.602	1.00895 
55 	25   	-854.244	-800.867	-800.602	2.64036 
56 	25   	-828.509	-800.781	-800.602	1.48125 
57 	25   	-837.398	-800.833	-800.602	1.96443 
58 	25   	-839.377	-800.991	-800.602	2.76573 
59 	25   	-1089.23	-801.445	-800.602	13.073  
60 	25   	-809.921	-800.695	-800.602	0.630877
61 	25   	-811.854	-800.745	-800.602	0.876507
62 	25   	-842.347	-800.955	-800.602	2.69149 
63 	25   	-820.638	-800.849	-800.602	1.52428 
64 	25   	-815.745	-800.769	-800.602	1.09498 
65 	25   	-812.25 	-800.738	-800.602	0.959756
66 	25   	-824.569	-800.851	-800.602	1.646   
67 	25   	-811.854	-800.758	-800.602	0.963759
68 	25   	-847.009	-800.963	-800.602	2.73881 
69 	25   	-823.585	-800.78 	-800.602	1.45518 
70 	25   	-808.959	-800.686	-800.602	0.532986
71 	25   	-958.194	-801.138	-800.602	7.2543  
72 	25   	-816.028	-800.764	-800.602	1.1537  
73 	25   	-859.208	-800.998	-800.602	3.40879 
74 	25   	-820.638	-800.744	-800.602	1.07184 
75 	25   	-809.921	-800.704	-800.602	0.633383
76 	25   	-816.004	-800.704	-800.602	0.893473
77 	25   	-814.77 	-800.707	-800.602	0.921794
78 	25   	-828.125	-800.804	-800.602	1.50606 
79 	25   	-807.648	-800.726	-800.602	0.712624
80 	25   	-810.62 	-800.715	-800.602	0.728375
81 	25   	-819.28 	-800.815	-800.602	1.59574 
82 	25   	-807.046	-800.726	-800.602	0.698364
83 	25   	-818.398	-800.702	-800.602	1.06003 
84 	25   	-827.14 	-800.807	-800.602	1.78435 
85 	25   	-815.745	-800.786	-800.602	1.23592 
86 	25   	-814.398	-800.732	-800.602	0.796286
87 	25   	-816.721	-800.748	-800.602	1.0587  
88 	25   	-833.058	-800.783	-800.602	1.58211 
89 	25   	-929.876	-800.956	-800.602	5.80574 
90 	25   	-845.319	-800.947	-800.602	2.77282 
91 	25   	-816.721	-800.771	-800.602	1.22093 
92 	25   	-840.367	-800.848	-800.602	2.11306 
93 	25   	-806.444	-800.723	-800.602	0.697989
94 	25   	-816.721	-800.732	-800.602	1.08465 
95 	25   	-825.677	-800.871	-800.602	1.85565 
96 	25   	-834.432	-800.74 	-800.602	1.69778 
97 	25   	-839.377	-800.773	-800.602	1.82719 
98 	25   	-851.268	-800.894	-800.602	3.07203 
99 	25   	-814.141	-800.735	-800.602	0.854576
gen	depth	min     	avg     	max     	std     
0  	25   	-1103.61	-844.158	-809.268	37.4348 
1  	25   	-879.807	-823.779	-808.495	10.0104 
2  	25   	-1115.83	-817.712	-807.018	15.4397 
3  	25   	-888.68 	-813.031	-804.796	5.95592 
4  	25   	-883.405	-810.722	-804.796	4.99525 
5  	25   	-1080.76	-810.167	-804.796	15.0513 
6  	25   	-872.762	-808.26 	-804.745	4.12355 
7  	25   	-908.357	-807.235	-803.097	5.12045 
8  	25   	-922.919	-807.168	-803.097	9.08207 
9  	25   	-860.606	-805.679	-803.097	3.03887 
10 	25   	-862.011	-805.076	-803.097	2.97365 
11 	25   	-853.33 	-804.765	-803.097	3.81927 
12 	25   	-821.056	-803.889	-802.921	1.26139 
13 	25   	-844.745	-803.627	-802.921	2.61677 
14 	25   	-928.879	-803.865	-802.347	6.8142  
15 	25   	-844.86 	-803.44 	-802.347	2.77509 
16 	25   	-839.086	-803.425	-801.699	2.72526 
17 	25   	-835.955	-803.175	-801.699	2.06146 
18 	25   	-921.308	-803.401	-801.699	6.46757 
19 	25   	-868.383	-802.865	-801.398	3.34471 
20 	25   	-839.91 	-802.504	-801.398	2.16168 
21 	25   	-831.523	-802.175	-801.398	1.93001 
22 	25   	-824.585	-802.061	-801.398	2.0134  
23 	25   	-841.357	-802.146	-801.398	3.45634 
24 	25   	-814.222	-801.736	-801.398	1.04101 
25 	25   	-880.086	-802.37 	-801.398	6.03417 
26 	25   	-832.456	-801.695	-801.398	2.11466 
27 	25   	-850.975	-801.648	-801.398	2.37011 
28 	25   	-835.131	-801.721	-801.398	2.39766 
29 	25   	-829.495	-801.691	-801.398	1.89454 
30 	25   	-812.983	-801.626	-801.398	1.29164 
31 	25   	-831.18 	-801.579	-801.398	1.59988 
32 	25   	-807.046	-801.492	-801    	0.511672
33 	25   	-827.936	-801.676	-801    	1.95977 
34 	25   	-824    	-801.604	-801    	1.53854 
35 	25   	-881.012	-802.076	-801    	5.74098 
36 	25   	-817.42 	-801.539	-800.699	1.03715 
37 	25   	-812.553	-801.449	-800.699	0.877321
38 	25   	-807.745	-801.237	-800.699	0.575114
39 	25   	-821.62 	-801.217	-800.699	1.58255 
40 	25   	-875.812	-801.373	-800.699	4.32257 
41 	25   	-814.77 	-800.954	-800.699	1.05731 
42 	25   	-812.046	-800.805	-800.699	0.714288
43 	25   	-976.745	-801.362	-800.699	8.45789 
44 	25   	-869.842	-801.009	-800.699	3.2899  
45 	25   	-811.854	-800.79 	-800.699	0.599625
46 	25   	-861.429	-800.998	-800.699	3.06599 
47 	25   	-824.824	-800.924	-800.699	1.55621 
48 	25   	-824.569	-801.002	-800.699	1.84439 
49 	25   	-831.469	-800.883	-800.699	1.54551 
50 	25   	-840.076	-800.886	-800.699	1.85802 
51 	25   	-823.585	-800.953	-800.699	1.61108 
52 	25   	-875.108	-801.084	-800.699	3.64264 
53 	25   	-879.086	-801.355	-800.699	5.86796 
54 	25   	-813.523	-800.816	-800.699	0.859881
55 	25   	-831.018	-800.854	-800.699	1.50321 
56 	25   	-814.495	-800.881	-800.699	1.15775 
57 	25   	-815.745	-800.879	-800.699	1.05008 
58 	25   	-902.678	-801.072	-800.699	4.69242 
59 	25   	-900.983	-801.227	-800.699	5.18905 
60 	25   	-902.975	-801.083	-800.699	4.73446 
61 	25   	-821.056	-800.919	-800.699	1.39319 
62 	25   	-849.284	-801.029	-800.699	3.20318 
63 	25   	-897.996	-801.1  	-800.699	4.5755  
64 	25   	-815.469	-800.828	-800.699	0.946412
65 	25   	-824.708	-801.055	-800.699	1.97921 
66 	25   	-804    	-800.754	-800.699	0.328198
67 	25   	-818.398	-800.894	-800.699	1.24505 
68 	25   	-861.194	-801.234	-800.699	3.59831 
69 	25   	-809.921	-800.871	-800.602	0.812652
70 	25   	-825.553	-800.96 	-800.602	1.6961  
71 	25   	-891.726	-801.087	-800.602	4.18144 
72 	25   	-819.879	-800.978	-800.602	1.62823 
73 	25   	-815.77 	-800.88 	-800.602	1.08445 
74 	25   	-808    	-800.784	-800.602	0.604087
75 	25   	-810.886	-800.795	-800.602	0.784196
76 	25   	-816.721	-800.838	-800.602	1.06593 
77 	25   	-807.046	-800.712	-800.602	0.532322
78 	25   	-834.569	-800.747	-800.602	1.66317 
79 	25   	-853.666	-800.868	-800.602	2.70706 
80 	25   	-823.204	-800.783	-800.602	1.22695 
81 	25   	-810.886	-800.797	-800.602	0.986229
82 	25   	-825.553	-800.805	-800.602	1.47321 
83 	25   	-820.842	-800.771	-800.602	1.15613 
84 	25   	-858.215	-800.853	-800.602	2.87418 
85 	25   	-809.921	-800.762	-800.602	0.846162
86 	25   	-818.678	-800.838	-800.602	1.54777 
87 	25   	-811.854	-800.812	-800.602	1.14615 
88 	25   	-873.133	-800.853	-800.602	3.33505 
89 	25   	-809.921	-800.702	-800.602	0.652409
90 	25   	-808    	-800.727	-800.602	0.718167
91 	25   	-822.602	-800.74 	-800.602	1.32574 
92 	25   	-835.42 	-800.818	-800.602	2.04153 
93 	25   	-828.509	-800.802	-800.602	1.66599 
94 	25   	-830.907	-800.809	-800.602	1.65008 
95 	25   	-820.638	-800.86 	-800.602	1.72273 
96 	25   	-820.638	-800.778	-800.602	1.28718 
97 	25   	-824.569	-800.747	-800.602	1.24592 
98 	25   	-809.921	-800.781	-800.602	0.953287
99 	25   	-842.347	-800.902	-800.602	2.468   
gen	depth	min     	avg     	max     	std     
0  	25   	-1046.69	-843.633	-810.347	31.5745 
1  	25   	-900.217	-824.962	-806.398	10.8981 
2  	25   	-1216.7 	-818.962	-806.398	20.6602 
3  	25   	-848.236	-813.676	-805.398	3.58176 
4  	25   	-845.27 	-811.751	-805.398	3.41329 
5  	25   	-922.471	-810.221	-804.194	6.1967  
6  	25   	-927.724	-809.123	-804.143	7.34651 
7  	25   	-864.578	-807.22 	-802.921	3.41607 
8  	25   	-983.832	-806.697	-802.921	9.04815 
9  	25   	-830.121	-805.438	-802.222	1.95704 
10 	25   	-826.485	-804.939	-802.097	1.75238 
11 	25   	-849.523	-804.617	-801.523	3.62609 
12 	25   	-902.084	-803.928	-801.523	4.63869 
13 	25   	-964.476	-803.736	-801.523	7.5408  
14 	25   	-957.896	-803.239	-801.523	7.17596 
15 	25   	-827.775	-802.49 	-801.523	1.58695 
16 	25   	-817.143	-802.256	-801.398	1.29941 
17 	25   	-820.201	-802.014	-801.398	1.41167 
18 	25   	-817.143	-801.854	-801.398	1.36508 
19 	25   	-811.056	-801.734	-801.398	1.06229 
20 	25   	-817.398	-801.701	-801    	1.21991 
21 	25   	-809.699	-801.625	-801    	0.88557 
22 	25   	-818.398	-801.667	-801    	1.55257 
23 	25   	-809.143	-801.487	-801    	0.618836
24 	25   	-842.463	-801.795	-801    	2.96155 
25 	25   	-818.119	-801.534	-801    	1.02718 
26 	25   	-813.796	-801.504	-800.699	1.16311 
27 	25   	-832.456	-801.461	-800.699	2.12611 
28 	25   	-1008.67	-801.734	-800.699	9.41539 
29 	25   	-841.066	-801.343	-800.699	2.75757 
30 	25   	-874.812	-801.49 	-800.699	4.80627 
31 	25   	-817.721	-801.117	-800.699	1.2922  
32 	25   	-825.268	-801.147	-800.699	2.00537 
33 	25   	-842.056	-801.049	-800.699	2.75025 
34 	25   	-850.975	-801.149	-800.602	3.24086 
35 	25   	-825.677	-800.819	-800.602	1.23092 
36 	25   	-853.143	-801.086	-800.602	2.94132 
37 	25   	-849.983	-801.018	-800.602	2.69355 
38 	25   	-814.77 	-800.861	-800.602	1.24987 
39 	25   	-818.678	-800.759	-800.602	0.959725
40 	25   	-811.585	-800.765	-800.602	1.00785 
41 	25   	-871.84 	-800.909	-800.602	3.48774 
42 	25   	-823.204	-800.821	-800.602	1.27449 
43 	25   	-856.635	-800.942	-800.602	3.16923 
44 	25   	-812.824	-800.792	-800.602	1.02486 
45 	25   	-809.171	-800.758	-800.602	0.829513
46 	25   	-871.131	-800.971	-800.602	3.45415 
47 	25   	-804.222	-800.68 	-800.602	0.43434 
48 	25   	-848.292	-800.908	-800.602	2.57663 
49 	25   	-822.959	-800.851	-800.602	1.55541 
50 	25   	-817.42 	-800.749	-800.602	1.06795 
51 	25   	-857.222	-801.045	-800.602	3.62639 
52 	25   	-827.523	-800.774	-800.602	1.43455 
53 	25   	-839.377	-800.909	-800.602	2.22845 
54 	25   	-914.534	-801.139	-800.602	5.53289 
55 	25   	-819.28 	-800.746	-800.602	1.10472 
56 	25   	-809.921	-800.74 	-800.602	0.804093
57 	25   	-815.745	-800.761	-800.602	0.941514
58 	25   	-808    	-800.74 	-800.602	0.700454
59 	25   	-822.772	-800.763	-800.602	1.41707 
60 	25   	-826.538	-800.796	-800.602	1.49507 
61 	25   	-823.036	-800.822	-800.602	1.46323 
62 	25   	-821.337	-800.849	-800.602	1.5726  
63 	25   	-810.319	-800.728	-800.602	0.787554
64 	25   	-852.959	-801.001	-800.602	3.31088 
65 	25   	-815.469	-800.766	-800.602	0.94671 
66 	25   	-839.377	-800.808	-800.602	2.23379 
67 	25   	-822.056	-800.754	-800.602	1.15431 
68 	25   	-808.959	-800.744	-800.602	0.734026
69 	25   	-814.77 	-800.756	-800.602	1.02696 
70 	25   	-815.092	-800.775	-800.602	1.02742 
71 	25   	-851.374	-800.938	-800.602	2.90115 
72 	25   	-817.323	-800.789	-800.602	1.1666  
73 	25   	-826.538	-800.833	-800.602	1.56496 
74 	25   	-808.959	-800.729	-800.602	0.763993
75 	25   	-840.367	-800.832	-800.602	2.02182 
76 	25   	-828.509	-800.909	-800.602	2.09412 
77 	25   	-825.553	-800.78 	-800.602	1.36859 
78 	25   	-814.77 	-800.767	-800.602	0.947528
79 	25   	-830.097	-800.827	-800.602	1.73501 
80 	25   	-813.796	-800.758	-800.602	1.00214 
81 	25   	-805.757	-800.683	-800.602	0.443427
82 	25   	-812.824	-800.705	-800.602	0.800825
83 	25   	-818.301	-800.781	-800.602	1.25986 
84 	25   	-822.602	-800.799	-800.602	1.35261 
85 	25   	-829.599	-800.806	-800.602	1.50556 
86 	25   	-807.046	-800.729	-800.602	0.71575 
87 	25   	-846.328	-801.006	-800.602	2.98295 
88 	25   	-856.831	-800.844	-800.602	2.67077 
89 	25   	-836.409	-800.818	-800.602	1.88211 
90 	25   	-833.444	-800.94 	-800.602	2.50682 
91 	25   	-825.553	-800.804	-800.602	1.51636 
92 	25   	-809.921	-800.77 	-800.602	0.895575
93 	25   	-820.26 	-800.741	-800.602	1.14807 
94 	25   	-815.745	-800.703	-800.602	0.792189
95 	25   	-805.699	-800.712	-800.602	0.530266
96 	25   	-819.333	-800.865	-800.602	1.73856 
97 	25   	-819.658	-800.812	-800.602	1.48968 
98 	25   	-820.943	-800.806	-800.602	1.41201 
99 	25   	-819.658	-800.882	-800.602	1.74817 
gen	depth	min     	avg     	max     	std     
0  	25   	-1333.08	-847.043	-806.921	47.1344 
1  	25   	-1100.97	-824.891	-806.921	16.8197 
2  	25   	-867.506	-817.471	-805.62 	6.72669 
3  	25   	-853.608	-812.554	-805.62 	4.39719 
4  	25   	-894.204	-810.102	-804.62 	6.42025 
5  	25   	-1051.75	-809.942	-804.62 	18.5142 
6  	25   	-857.001	-807.549	-804.62 	3.87018 
7  	25   	-831.087	-806.57 	-803.62 	2.13957 
8  	25   	-825.416	-805.891	-803.222	1.86046 
9  	25   	-1104.91	-805.957	-803.097	13.8324 
10 	25   	-840.076	-804.694	-803.097	1.81694 
11 	25   	-1273.42	-805.269	-802.398	21.0518 
12 	25   	-847.655	-804.038	-802.398	3.24446 
13 	25   	-829.921	-803.685	-802.398	1.96304 
14 	25   	-938.252	-804.125	-802.097	8.83477 
15 	25   	-859.613	-803.532	-802.097	3.40798 
16 	25   	-824.541	-803.101	-802.097	1.66708 
17 	25   	-820.9  	-802.817	-802.097	1.63087 
18 	25   	-826.666	-802.527	-801.699	1.34608 
19 	25   	-890.434	-802.791	-801.699	4.53789 
20 	25   	-823.717	-802.317	-801.699	1.23154 
21 	25   	-830.194	-802.229	-801.699	1.48092 
22 	25   	-973.155	-802.645	-801.523	8.66762 
23 	25   	-840.086	-802.272	-801.523	3.18441 
24 	25   	-1009.37	-802.39 	-801.523	9.41669 
25 	25   	-875.636	-802.143	-801.523	4.19395 
26 	25   	-824.284	-801.856	-801.523	1.60232 
27 	25   	-846.842	-801.965	-801.398	2.90769 
28 	25   	-811.319	-801.709	-801.398	0.973917
29 	25   	-869.842	-802.029	-801.398	3.95948 
30 	25   	-922.602	-801.96 	-801.398	5.90271 
31 	25   	-832.456	-801.903	-801.398	2.85204 
32 	25   	-814.398	-801.582	-801.398	0.942853
33 	25   	-807.745	-801.531	-801.301	0.673277
34 	25   	-818.119	-801.582	-801.301	1.15473 
35 	25   	-868.553	-801.983	-801.301	4.72828 
36 	25   	-824.983	-801.737	-800.699	1.93326 
37 	25   	-822.319	-801.618	-800.699	1.35816 
38 	25   	-833.155	-801.641	-800.699	2.12206 
39 	25   	-923.599	-801.942	-800.699	7.07833 
40 	25   	-834.143	-801.306	-800.699	1.75574 
41 	25   	-821.337	-801.217	-800.699	1.73286 
42 	25   	-819.377	-801.037	-800.699	1.63805 
43 	25   	-824.284	-800.847	-800.699	1.2952  
44 	25   	-835.131	-801.056	-800.699	2.05047 
45 	25   	-904.67 	-801.198	-800.699	4.93916 
46 	25   	-860.201	-801.169	-800.699	3.43757 
47 	25   	-816.194	-800.865	-800.699	1.08573 
48 	25   	-816.721	-800.881	-800.699	1.12926 
49 	25   	-840.076	-801.199	-800.699	2.8603  
50 	25   	-844.328	-801.03 	-800.699	2.49491 
51 	25   	-934.863	-801.439	-800.699	6.76148 
52 	25   	-837.011	-801.118	-800.699	3.15446 
53 	25   	-847.903	-801.287	-800.699	3.76052 
54 	25   	-863.585	-801.089	-800.699	3.65856 
55 	25   	-828.222	-800.963	-800.699	1.80735 
56 	25   	-873.818	-801.205	-800.699	3.85984 
57 	25   	-818.398	-800.962	-800.699	1.3583  
58 	25   	-811.357	-800.849	-800.699	0.890256
59 	25   	-819.377	-800.951	-800.699	1.55408 
60 	25   	-854.196	-801.198	-800.699	3.74154 
61 	25   	-823.301	-800.986	-800.699	1.84971 
62 	25   	-828.222	-800.952	-800.699	1.64457 
63 	25   	-890.73 	-801.285	-800.699	4.85774 
64 	25   	-809.658	-800.91 	-800.699	0.984574
65 	25   	-848.435	-801.216	-800.699	3.25526 
66 	25   	-866.86 	-801.237	-800.699	4.06489 
67 	25   	-859.907	-801.147	-800.699	3.39248 
68 	25   	-818.842	-801.043	-800.699	1.74104 
69 	25   	-807.347	-800.781	-800.699	0.494646
70 	25   	-903.674	-801.206	-800.699	5.17755 
71 	25   	-824.284	-801.012	-800.699	2.02697 
72 	25   	-854.666	-801.026	-800.699	2.82877 
73 	25   	-836.119	-801.048	-800.699	2.43621 
74 	25   	-903.971	-801.308	-800.699	6.25792 
75 	25   	-829.208	-800.918	-800.699	1.6194  
76 	25   	-856.229	-801.331	-800.699	4.32297 
77 	25   	-845.559	-801.023	-800.699	2.67149 
78 	25   	-822.602	-800.942	-800.699	1.5385  
79 	25   	-818.678	-800.995	-800.699	1.53618 
80 	25   	-821.337	-800.958	-800.699	1.62418 
81 	25   	-813.796	-800.94 	-800.699	1.12585 
82 	25   	-808    	-800.808	-800.699	0.644621
83 	25   	-836.119	-801.102	-800.699	2.73641 
84 	25   	-849.284	-801.002	-800.699	2.54786 
85 	25   	-833.155	-800.991	-800.699	2.01087 
86 	25   	-828.509	-801.032	-800.699	2.00508 
87 	25   	-833.377	-801.114	-800.699	2.66675 
88 	25   	-807.745	-800.841	-800.699	0.655072
89 	25   	-848.991	-800.966	-800.699	2.3448  
90 	25   	-823.301	-800.98 	-800.699	1.7149  
91 	25   	-812.775	-800.864	-800.699	0.991003
92 	25   	-839.086	-801.027	-800.699	2.29558 
93 	25   	-862.187	-801.041	-800.699	2.96561 
94 	25   	-903.674	-801.066	-800.699	4.68273 
95 	25   	-839.506	-800.894	-800.699	1.85357 
96 	25   	-833.155	-800.917	-800.699	1.84441 
97 	25   	-843.046	-801.081	-800.699	2.51454 
98 	25   	-817.699	-800.88 	-800.699	1.20437 
99 	25   	-825.71 	-800.939	-800.699	1.81559 
gen	depth	min     	avg     	max     	std     
0  	25   	-1235.38	-842.78 	-807.666	37.9458 
1  	25   	-1035.89	-824.002	-806.489	14.2752 
2  	25   	-976.981	-817.398	-805.79 	10.4245 
3  	25   	-924.405	-813.799	-804.097	7.14099 
4  	25   	-923.834	-811.653	-803.444	7.06378 
5  	25   	-998.93 	-810.371	-803.097	13.3065 
6  	25   	-927.287	-808.13 	-803.097	8.70621 
7  	25   	-852.62 	-806.364	-802.796	3.28212 
8  	25   	-843.287	-805.268	-802.745	3.44177 
9  	25   	-881.882	-804.737	-802.398	6.03637 
10 	25   	-985.794	-803.871	-802.097	8.48124 
11 	25   	-817.143	-803.089	-801.699	1.23385 
12 	25   	-848.284	-802.991	-801.699	2.58251 
13 	25   	-846.425	-802.883	-801.699	2.85897 
14 	25   	-828.921	-802.532	-801.398	1.91367 
15 	25   	-831.365	-802.282	-801.398	1.7116  
16 	25   	-841.764	-802.121	-801.398	2.10351 
17 	25   	-910.646	-802.141	-801.398	5.0229  
18 	25   	-836.119	-801.847	-801    	1.69347 
19 	25   	-812.983	-801.661	-800.699	0.754186
20 	25   	-821.337	-801.789	-800.699	1.89966 
21 	25   	-826.951	-801.709	-800.699	1.84436 
22 	25   	-823.018	-801.634	-800.699	1.49892 
23 	25   	-848.991	-801.503	-800.699	2.38719 
24 	25   	-819.658	-801.43 	-800.699	1.25043 
25 	25   	-827.619	-801.368	-800.699	2.08551 
26 	25   	-876.102	-801.253	-800.699	3.85418 
27 	25   	-822.626	-800.926	-800.699	1.28056 
28 	25   	-833.155	-801.064	-800.699	2.4073  
29 	25   	-808.699	-800.853	-800.699	0.807095
30 	25   	-808.959	-800.876	-800.699	0.783268
31 	25   	-849.886	-801.07 	-800.699	2.75492 
32 	25   	-808.699	-800.807	-800.699	0.652729
33 	25   	-812.553	-800.952	-800.699	1.17949 
34 	25   	-810.62 	-800.882	-800.699	0.922551
35 	25   	-852.26 	-801.285	-800.699	4.18762 
36 	25   	-812.456	-800.791	-800.699	0.71379 
37 	25   	-812.553	-800.896	-800.699	0.98676 
38 	25   	-909.947	-801.24 	-800.699	6.14152 
39 	25   	-829.208	-800.955	-800.699	1.78994 
40 	25   	-855.936	-801.226	-800.699	3.85606 
41 	25   	-820.638	-800.987	-800.699	1.56283 
42 	25   	-826.252	-800.951	-800.699	1.61763 
43 	25   	-834.432	-800.972	-800.699	1.9441  
44 	25   	-810.222	-800.852	-800.699	0.858708
45 	25   	-1145.06	-801.614	-800.699	15.4821 
46 	25   	-848    	-801.091	-800.699	3.52978 
47 	25   	-854.244	-801.1  	-800.699	2.80257 
48 	25   	-834.143	-801.148	-800.699	2.77866 
49 	25   	-837.011	-801.151	-800.699	2.72275 
50 	25   	-819.28 	-800.929	-800.699	1.37949 
51 	25   	-837.807	-801.153	-800.699	2.92903 
52 	25   	-911.642	-801.596	-800.699	6.8864  
53 	25   	-840.575	-801.156	-800.699	3.25186 
54 	25   	-837.529	-800.958	-800.699	2.15039 
55 	25   	-831.18 	-800.915	-800.699	1.6113  
56 	25   	-963.479	-801.357	-800.699	7.97706 
57 	25   	-809.658	-800.855	-800.699	0.795355
58 	25   	-832.456	-801.051	-800.699	2.19246 
59 	25   	-946.824	-801.232	-800.699	6.69317 
60 	25   	-828.222	-801.09 	-800.699	2.34306 
61 	25   	-824.921	-800.975	-800.699	1.82191 
62 	25   	-832.167	-801.026	-800.699	2.48883 
63 	25   	-820.638	-800.877	-800.699	1.18077 
64 	25   	-838.387	-800.946	-800.699	2.00713 
65 	25   	-821.62 	-800.897	-800.699	1.44314 
66 	25   	-911.545	-801.205	-800.699	5.23462 
67 	25   	-814.77 	-800.988	-800.699	1.54512 
68 	25   	-838.097	-801.021	-800.699	2.24649 
69 	25   	-866.611	-800.974	-800.699	3.12473 
70 	25   	-812.143	-800.854	-800.699	0.940315
71 	25   	-933.797	-801.128	-800.699	6.03188 
72 	25   	-808.602	-800.833	-800.699	0.722164
73 	25   	-887.745	-801.365	-800.699	4.92548 
74 	25   	-831.879	-800.919	-800.699	1.69458 
75 	25   	-820.842	-800.889	-800.699	1.17267 
76 	25   	-893.018	-801.194	-800.699	4.76116 
77 	25   	-812.553	-800.818	-800.699	0.833633
78 	25   	-825.553	-800.903	-800.699	1.44113 
79 	25   	-834.046	-801.027	-800.699	2.17697 
80 	25   	-830.481	-801.017	-800.699	1.74755 
81 	25   	-834.046	-801.004	-800.699	2.27564 
82 	25   	-829.208	-801.062	-800.699	2.30371 
83 	25   	-880.739	-801.305	-800.699	5.47602 
84 	25   	-817.323	-800.91 	-800.699	1.11639 
85 	25   	-998.396	-801.319	-800.699	9.22921 
86 	25   	-848    	-801.111	-800.699	3.17763 
87 	25   	-821    	-800.899	-800.699	1.40969 
88 	25   	-920.312	-801.36 	-800.699	7.09766 
89 	25   	-816.347	-801.002	-800.699	1.55953 
90 	25   	-817.323	-800.886	-800.699	1.2521  
91 	25   	-813.284	-800.867	-800.699	0.983626
92 	25   	-863.18 	-801.229	-800.602	3.86509 
93 	25   	-816.167	-800.844	-800.602	0.997914
94 	25   	-827.523	-800.948	-800.602	1.65659 
95 	25   	-812.553	-800.872	-800.602	0.997595
96 	25   	-892.721	-801.096	-800.602	4.32104 
97 	25   	-846.018	-800.929	-800.602	2.2947  
98 	25   	-840.076	-800.944	-800.602	2.22028 
99 	25   	-841.959	-800.892	-800.602	2.18217 
gen	depth	min     	avg     	max     	std     
0  	25   	-1906.98	-844.139	-805.523	62.9948 
1  	25   	-957.685	-823.596	-804.796	12.441  
2  	25   	-887.366	-816.038	-804.796	6.84088 
3  	25   	-836.842	-811.657	-804.796	4.40159 
4  	25   	-881.251	-808.729	-804.796	4.92458 
5  	25   	-830.893	-806.543	-804.097	2.55309 
6  	25   	-832.388	-805.575	-804.097	1.96791 
7  	25   	-900.796	-805.508	-804.097	4.97526 
8  	25   	-820.678	-804.831	-803.699	1.13879 
9  	25   	-942.786	-805.319	-803.097	8.07457 
10 	25   	-822.602	-804.423	-803    	1.28064 
11 	25   	-822.466	-804.244	-803    	1.15614 
12 	25   	-839.063	-804.183	-802.921	1.85299 
13 	25   	-827.523	-803.866	-802.921	1.34802 
14 	25   	-986.124	-804.222	-802.398	8.7071  
15 	25   	-864.879	-803.644	-802.398	4.45722 
16 	25   	-847.301	-803.323	-802.398	2.92111 
17 	25   	-976.446	-803.607	-801.699	9.64646 
18 	25   	-858.429	-803.06 	-801.699	3.78525 
19 	25   	-837.818	-802.733	-801.523	2.25108 
20 	25   	-823.399	-802.493	-801.523	1.24619 
21 	25   	-832.167	-802.628	-801.523	2.57725 
22 	25   	-822.337	-802.257	-801.523	1.78957 
23 	25   	-813.108	-801.873	-801.398	0.883795
24 	25   	-828.523	-801.845	-801.398	1.80656 
25 	25   	-951.812	-802.242	-801.398	7.19102 
26 	25   	-852.407	-801.945	-801.398	3.28996 
27 	25   	-957.495	-802.141	-801    	7.51722 
28 	25   	-884.588	-801.959	-801    	4.63348 
29 	25   	-820.076	-801.719	-801    	1.6112  
30 	25   	-808.222	-801.511	-801    	0.780457
31 	25   	-821    	-801.569	-801    	1.52744 
32 	25   	-810.886	-801.401	-801    	0.933237
33 	25   	-823.585	-801.24 	-801    	1.13537 
34 	25   	-851.268	-801.429	-800.699	3.30268 
35 	25   	-828.523	-801.203	-800.699	1.56694 
36 	25   	-821    	-801.211	-800.699	1.38627 
37 	25   	-831.469	-801.254	-800.699	1.9943  
38 	25   	-823.204	-801.184	-800.699	1.45443 
39 	25   	-848    	-801.255	-800.699	2.73356 
40 	25   	-839.086	-801.064	-800.699	2.26749 
41 	25   	-820.357	-800.879	-800.699	1.09853 
42 	25   	-836.119	-800.951	-800.699	1.8302  
43 	25   	-819.377	-800.888	-800.699	1.19478 
44 	25   	-841.066	-801.035	-800.699	2.42783 
45 	25   	-817.967	-800.888	-800.699	1.15792 
46 	25   	-815.046	-800.882	-800.699	1.14769 
47 	25   	-807.046	-800.828	-800.699	0.699698
48 	25   	-824.284	-800.902	-800.699	1.56849 
49 	25   	-820.357	-800.907	-800.699	1.46528 
50 	25   	-813.523	-800.882	-800.699	1.00234 
51 	25   	-811.319	-800.847	-800.699	0.901111
52 	25   	-845.319	-801.214	-800.699	3.45057 
53 	25   	-827.523	-801.009	-800.699	1.73143 
54 	25   	-809.921	-800.854	-800.699	0.741328
55 	25   	-834.678	-801.104	-800.699	2.55571 
56 	25   	-827.14 	-801.033	-800.699	1.90825 
57 	25   	-852.959	-801.133	-800.699	3.64871 
58 	25   	-808.959	-800.833	-800.699	0.702512
59 	25   	-831.62 	-800.985	-800.699	1.91901 
60 	25   	-830.194	-800.891	-800.699	1.51291 
61 	25   	-821.337	-800.866	-800.699	1.22942 
62 	25   	-813.523	-800.916	-800.699	1.10637 
63 	25   	-844.328	-800.943	-800.699	2.10567 
64 	25   	-807.495	-800.843	-800.699	0.726925
65 	25   	-857.222	-801.239	-800.699	3.8208  
66 	25   	-838.989	-801.048	-800.699	2.32747 
67 	25   	-840.076	-800.918	-800.699	2.07659 
68 	25   	-833.155	-801.156	-800.699	2.7198  
69 	25   	-866.86 	-801.147	-800.699	3.75027 
70 	25   	-999.22 	-801.403	-800.699	9.2477  
71 	25   	-811.897	-800.908	-800.699	1.043   
72 	25   	-830.097	-801.054	-800.699	2.10049 
73 	25   	-812.553	-800.876	-800.699	0.910102
74 	25   	-842.347	-801.012	-800.699	2.32685 
75 	25   	-853.252	-801.106	-800.699	3.45074 
76 	25   	-855.936	-801.013	-800.699	2.82656 
77 	25   	-824.187	-800.913	-800.699	1.58026 
78 	25   	-941.541	-801.364	-800.699	6.83256 
79 	25   	-818.678	-800.968	-800.699	1.57731 
80 	25   	-1039.32	-801.404	-800.699	10.7358 
81 	25   	-832.678	-800.96 	-800.699	1.83855 
82 	25   	-922.602	-801.162	-800.699	5.54683 
83 	25   	-831.469	-800.979	-800.699	2.02458 
84 	25   	-840.076	-801.01 	-800.699	2.49017 
85 	25   	-814.77 	-800.956	-800.699	1.29843 
86 	25   	-830.73 	-800.972	-800.699	1.745   
87 	25   	-829.208	-801.106	-800.699	2.61438 
88 	25   	-818.301	-800.962	-800.699	1.36261 
89 	25   	-808.959	-800.858	-800.699	0.824197
90 	25   	-817.699	-800.849	-800.699	0.958955
91 	25   	-833.333	-801    	-800.699	2.34715 
92 	25   	-831.469	-801.05 	-800.699	2.53016 
93 	25   	-821.879	-800.871	-800.699	1.22962 
94 	25   	-827.14 	-801.002	-800.699	2.08358 
95 	25   	-837.432	-801.046	-800.699	2.29202 
96 	25   	-855.237	-801.046	-800.699	2.80611 
97 	25   	-1023.25	-801.558	-800.699	10.5516 
98 	25   	-848.991	-800.947	-800.699	2.30188 
99 	25   	-807.046	-800.816	-800.699	0.675015
gen	depth	min     	avg     	max     	std     
0  	25   	-1164.09	-842.895	-808.076	36.8801 
1  	25   	-1024.25	-825.637	-808.076	16.5477 
2  	25   	-848.072	-816.607	-806.921	5.23536 
3  	25   	-899.097	-813.209	-805.62 	6.13356 
4  	25   	-871.905	-810.958	-805.62 	4.74151 
5  	25   	-871.535	-809.337	-805.018	4.44121 
6  	25   	-1309.09	-808.789	-805.018	22.46   
7  	25   	-874.842	-807.491	-804.495	4.70601 
8  	25   	-881.5  	-806.769	-804.319	4.06508 
9  	25   	-919.842	-806.191	-803.495	5.61713 
10 	25   	-881.126	-805.65 	-803.495	3.93811 
11 	25   	-896.55 	-805.746	-802.921	6.98089 
12 	25   	-841.183	-804.93 	-802.921	2.52579 
13 	25   	-838.739	-804.616	-802.921	2.34107 
14 	25   	-1107.91	-804.867	-802.796	13.6457 
15 	25   	-834.553	-804.223	-802.398	2.67436 
16 	25   	-906.365	-804.043	-802.398	5.3951  
17 	25   	-827.237	-803.373	-802.097	1.73811 
18 	25   	-813.807	-803.062	-802.097	0.954474
19 	25   	-974.152	-803.503	-802.097	8.6242  
20 	25   	-828.635	-802.737	-801.699	1.39006 
21 	25   	-822.337	-802.58 	-801.398	1.36756 
22 	25   	-848.708	-802.522	-801.398	2.47147 
23 	25   	-887.75 	-802.784	-801.398	6.41633 
24 	25   	-815.187	-802.138	-801.398	0.944193
25 	25   	-812.018	-801.961	-801    	0.732846
26 	25   	-827.951	-801.904	-801    	1.91986 
27 	25   	-876.801	-802.024	-801    	4.5209  
28 	25   	-830.194	-801.668	-801    	1.8745  
29 	25   	-858.333	-801.682	-801    	3.01343 
30 	25   	-823.842	-801.568	-801    	1.83122 
31 	25   	-842.347	-801.484	-801    	2.55385 
32 	25   	-816.416	-801.233	-801    	1.18151 
33 	25   	-823.602	-801.239	-801    	1.51402 
34 	25   	-825.553	-801.26 	-800.699	1.81706 
35 	25   	-854.702	-801.293	-800.699	2.6562  
36 	25   	-820.638	-801.136	-800.699	1.15074 
37 	25   	-824.569	-801.346	-800.699	1.94068 
38 	25   	-825.553	-801.267	-800.699	1.82471 
39 	25   	-814.495	-801.106	-800.699	1.31539 
40 	25   	-817.699	-800.97 	-800.699	1.24872 
41 	25   	-833.155	-801.006	-800.699	2.15886 
42 	25   	-820.26 	-800.934	-800.699	1.5641  
43 	25   	-818.398	-800.953	-800.699	1.57732 
44 	25   	-827.237	-800.946	-800.699	1.86522 
45 	25   	-809.155	-800.812	-800.699	0.668916
46 	25   	-845.027	-801.171	-800.699	3.34215 
47 	25   	-824.983	-800.946	-800.699	1.5591  
48 	25   	-812.553	-800.862	-800.699	0.931479
49 	25   	-822.754	-800.938	-800.699	1.29554 
50 	25   	-816.045	-800.954	-800.699	1.45101 
51 	25   	-852.106	-801.05 	-800.699	2.6805  
52 	25   	-828.125	-800.944	-800.699	1.78375 
53 	25   	-828.921	-800.96 	-800.699	1.94992 
54 	25   	-808.097	-800.808	-800.699	0.579079
55 	25   	-832.489	-800.913	-800.699	1.70616 
56 	25   	-828.222	-800.972	-800.699	1.84973 
57 	25   	-878.62 	-801.029	-800.699	3.63104 
58 	25   	-849.886	-801.113	-800.699	3.34904 
59 	25   	-828.222	-801.013	-800.699	2.00104 
60 	25   	-825.553	-800.879	-800.699	1.40439 
61 	25   	-826.538	-800.998	-800.699	1.73911 
62 	25   	-808.959	-800.807	-800.699	0.669632
63 	25   	-806.699	-800.786	-800.699	0.537424
64 	25   	-837.529	-800.954	-800.699	2.10593 
65 	25   	-812.824	-800.837	-800.699	0.89715 
66 	25   	-876.409	-801.21 	-800.699	4.60233 
67 	25   	-836.022	-800.964	-800.699	1.90696 
68 	25   	-833.24 	-801.036	-800.699	2.15696 
69 	25   	-844.036	-801.002	-800.699	2.20808 
70 	25   	-809.097	-800.797	-800.699	0.610049
71 	25   	-831.65 	-801.013	-800.699	2.0445  
72 	25   	-853.951	-801.007	-800.699	3.10995 
73 	25   	-849.983	-801.003	-800.699	2.43546 
74 	25   	-819.879	-800.866	-800.699	1.18181 
75 	25   	-828.759	-800.951	-800.699	1.70277 
76 	25   	-832.167	-801.209	-800.699	2.72613 
77 	25   	-811.488	-800.803	-800.699	0.680907
78 	25   	-811.585	-800.931	-800.699	1.15125 
79 	25   	-811.585	-800.897	-800.699	0.99427 
80 	25   	-829.495	-801.073	-800.699	1.96164 
81 	25   	-867.155	-801.154	-800.699	3.78039 
82 	25   	-906.975	-801.13 	-800.699	5.01029 
83 	25   	-891.726	-801.267	-800.699	4.9349  
84 	25   	-809.523	-800.828	-800.699	0.736393
85 	25   	-811.488	-800.82 	-800.699	0.756315
86 	25   	-817.699	-800.909	-800.699	1.22011 
87 	25   	-811.252	-800.808	-800.699	0.655908
88 	25   	-865.167	-801.058	-800.699	3.12931 
89 	25   	-811.585	-800.837	-800.699	0.757353
90 	25   	-808.699	-800.821	-800.699	0.686106
91 	25   	-811.854	-800.896	-800.699	0.958645
92 	25   	-836.42 	-801.087	-800.699	2.6406  
93 	25   	-822.575	-800.97 	-800.699	1.69193 
94 	25   	-816.444	-800.907	-800.699	1.1436  
95 	25   	-821.337	-801.011	-800.699	1.81829 
96 	25   	-824.187	-800.98 	-800.699	1.72165 
97 	25   	-871.131	-801.04 	-800.699	3.42327 
98 	25   	-840.076	-800.963	-800.699	2.29571 
99 	25   	-809.921	-800.804	-800.699	0.714323
gen	depth	min     	avg     	max     	std     
0  	25   	-1056.21	-843.645	-806.319	32.3882 
1  	25   	-877.325	-823.924	-805.62 	9.66751 
2  	25   	-966.471	-817.8  	-805.62 	9.18205 
3  	25   	-850.627	-813.401	-804.921	4.57108 
4  	25   	-853.321	-810.875	-804.921	4.90725 
5  	25   	-854.072	-808.626	-804    	3.70643 
6  	25   	-858.872	-807.265	-803.796	3.29531 
7  	25   	-1108.56	-806.918	-803.796	14.0022 
8  	25   	-834.553	-805.652	-803.301	2.51794 
9  	25   	-858.721	-805.273	-803.301	3.44486 
10 	25   	-822.319	-804.512	-803.097	1.39999 
11 	25   	-901.213	-804.787	-803.097	6.77912 
12 	25   	-857.341	-803.794	-803.097	2.84442 
13 	25   	-892.541	-803.857	-803.097	4.94846 
14 	25   	-863.416	-803.596	-802.097	3.43639 
15 	25   	-925.592	-803.867	-802.097	7.71389 
16 	25   	-837.398	-803.421	-802.097	2.10433 
17 	25   	-848.991	-803.35 	-802.097	3.01129 
18 	25   	-840.609	-803.272	-802.097	2.8427  
19 	25   	-875.506	-802.977	-802.097	4.33121 
20 	25   	-836.721	-802.464	-801.523	1.9299  
21 	25   	-866.555	-802.54 	-801.523	3.4209  
22 	25   	-819.222	-802.272	-801.523	1.32216 
23 	25   	-1064.18	-802.905	-801.523	11.9917 
24 	25   	-918.444	-802.3  	-801.398	5.27888 
25 	25   	-839.785	-802.016	-801.398	2.25044 
26 	25   	-810.842	-801.738	-801.398	0.81621 
27 	25   	-875.807	-801.938	-801.301	3.73286 
28 	25   	-819.377	-801.675	-801.301	1.26524 
29 	25   	-839.495	-801.79 	-801.301	2.18422 
30 	25   	-836.022	-801.815	-801.301	2.58268 
31 	25   	-820.638	-801.547	-801.301	1.30097 
32 	25   	-812.824	-801.511	-801.301	1.14946 
33 	25   	-812.553	-801.476	-801    	0.924532
34 	25   	-847.114	-801.527	-801    	2.30162 
35 	25   	-855.237	-801.475	-800.699	2.55437 
36 	25   	-865.167	-801.625	-800.699	3.50125 
37 	25   	-810.398	-801.328	-800.699	0.704515
38 	25   	-830.194	-801.38 	-800.699	1.84136 
39 	25   	-824.569	-801.386	-800.699	2.15441 
40 	25   	-814.77 	-801.133	-800.699	1.36282 
41 	25   	-858.215	-801.307	-800.699	3.38993 
42 	25   	-858.914	-801.013	-800.699	2.9885  
43 	25   	-970.759	-801.381	-800.699	8.51653 
44 	25   	-825.292	-800.981	-800.699	1.89535 
45 	25   	-886.051	-801.137	-800.699	4.47622 
46 	25   	-843.046	-801.036	-800.699	2.79657 
47 	25   	-903.535	-801.157	-800.699	4.96082 
48 	25   	-827.65 	-800.993	-800.699	1.98036 
49 	25   	-821.056	-800.905	-800.699	1.29821 
50 	25   	-813.523	-800.837	-800.699	0.811868
51 	25   	-834.432	-800.879	-800.699	1.65745 
52 	25   	-839.377	-800.952	-800.699	2.01049 
53 	25   	-811.854	-800.861	-800.699	0.909092
54 	25   	-831.469	-800.964	-800.699	2.04787 
55 	25   	-935.462	-801.189	-800.699	6.19622 
56 	25   	-816.444	-800.897	-800.699	1.2066  
57 	25   	-806.796	-800.837	-800.699	0.660009
58 	25   	-823.301	-800.977	-800.699	1.78936 
59 	25   	-840.367	-801.04 	-800.699	2.58702 
60 	25   	-1540.73	-802.591	-800.699	33.1446 
61 	25   	-809.658	-800.847	-800.699	0.775259
62 	25   	-850.975	-800.982	-800.699	2.67952 
63 	25   	-827.523	-801.01 	-800.699	1.93238 
64 	25   	-809.921	-800.845	-800.699	0.83537 
65 	25   	-829.541	-801.072	-800.699	2.15962 
66 	25   	-822.602	-800.942	-800.699	1.55011 
67 	25   	-821.62 	-800.941	-800.699	1.47278 
68 	25   	-827.237	-800.904	-800.699	1.48478 
69 	25   	-824.569	-800.897	-800.699	1.51895 
70 	25   	-816.444	-800.907	-800.699	1.25802 
71 	25   	-815.469	-800.863	-800.699	1.00708 
72 	25   	-811.268	-800.844	-800.699	0.823741
73 	25   	-807.222	-800.777	-800.699	0.469509
74 	25   	-815.469	-800.88 	-800.602	1.04745 
75 	25   	-820.022	-800.966	-800.602	1.48376 
76 	25   	-857.222	-801.046	-800.602	3.27021 
77 	25   	-809.561	-800.84 	-800.602	0.799259
78 	25   	-815.745	-800.856	-800.602	1.00834 
79 	25   	-824.569	-800.953	-800.602	1.79954 
80 	25   	-832.167	-801.031	-800.602	2.4255  
81 	25   	-816.444	-800.831	-800.602	1.05932 
82 	25   	-814.951	-800.79 	-800.602	1.11319 
83 	25   	-837.068	-800.84 	-800.602	1.94559 
84 	25   	-811.854	-800.78 	-800.602	1.06811 
85 	25   	-812.824	-800.727	-800.602	0.840244
86 	25   	-815.372	-800.698	-800.602	0.782655
87 	25   	-825.553	-800.74 	-800.602	1.2758  
88 	25   	-805.699	-800.716	-800.602	0.518867
89 	25   	-811.488	-800.728	-800.602	0.873958
90 	25   	-817.268	-800.826	-800.602	1.38585 
91 	25   	-808    	-800.701	-800.602	0.616982
92 	25   	-884.06 	-800.891	-800.602	3.79653 
93 	25   	-869.143	-800.894	-800.602	3.25014 
94 	25   	-832.167	-800.949	-800.602	2.31223 
95 	25   	-819.31 	-800.829	-800.602	1.41272 
96 	25   	-983.728	-801.323	-800.602	9.33857 
97 	25   	-988.244	-801.441	-800.602	8.91369 
98 	25   	-810.886	-800.718	-800.602	0.800051
99 	25   	-808    	-800.732	-800.602	0.705832
gen	depth	min     	avg     	max     	std     
0  	25   	-1064   	-840.456	-808.842	32.1458 
1  	25   	-901.139	-822.614	-808.842	9.39928 
2  	25   	-898.522	-816.494	-806.319	6.67412 
3  	25   	-907.365	-812.774	-806.018	5.82952 
4  	25   	-842.423	-810.521	-805.523	3.27875 
5  	25   	-847.063	-809.305	-804.893	3.56437 
6  	25   	-859.767	-808.081	-803.921	3.05503 
7  	25   	-922.831	-807.339	-802.398	7.27498 
8  	25   	-847.401	-806.261	-802.398	3.20256 
9  	25   	-845.726	-805.682	-801.699	4.26416 
10 	25   	-819.541	-804.501	-801.398	2.04227 
11 	25   	-824.824	-803.758	-801.398	2.13828 
12 	25   	-847.833	-803.299	-801.398	2.97603 
13 	25   	-808.699	-802.48 	-801.398	0.820149
14 	25   	-885.754	-802.297	-801    	3.92281 
15 	25   	-842.056	-801.96 	-801    	2.22543 
16 	25   	-1082.54	-802.425	-801    	13.179  
17 	25   	-879.785	-802.066	-801    	5.00523 
18 	25   	-824.018	-801.579	-801    	1.38898 
19 	25   	-820.775	-801.567	-801    	1.6995  
20 	25   	-818.119	-801.373	-801    	1.27984 
21 	25   	-892.027	-801.494	-801    	4.38661 
22 	25   	-811.585	-801.15 	-801    	0.9024  
23 	25   	-808.699	-801.174	-800.699	0.843106
24 	25   	-825.967	-801.25 	-800.699	1.5273  
25 	25   	-863.879	-801.372	-800.699	3.93401 
26 	25   	-811.585	-801.144	-800.699	1.05343 
27 	25   	-811.444	-801.053	-800.699	0.865246
28 	25   	-860.9  	-801.042	-800.699	2.95468 
29 	25   	-845.027	-801.049	-800.699	2.3409  
30 	25   	-820.812	-800.796	-800.699	0.972577
31 	25   	-832.456	-801    	-800.699	2.05478 
32 	25   	-823.301	-800.974	-800.699	1.56449 
33 	25   	-824.569	-801.026	-800.699	1.86855 
34 	25   	-1125.18	-801.752	-800.699	15.3694 
35 	25   	-844.036	-801.097	-800.699	3.16605 
36 	25   	-810.967	-800.803	-800.699	0.710116
37 	25   	-829.208	-800.961	-800.699	1.81367 
38 	25   	-834.432	-800.897	-800.699	1.71823 
39 	25   	-832.456	-801.06 	-800.699	2.36394 
40 	25   	-820.666	-801.03 	-800.699	1.84454 
41 	25   	-861.502	-801.02 	-800.699	3.14117 
42 	25   	-853.854	-801.195	-800.699	3.76635 
43 	25   	-848.894	-801.159	-800.699	3.38858 
44 	25   	-826.538	-800.98 	-800.699	1.85438 
45 	25   	-815.469	-800.883	-800.699	1.02101 
46 	25   	-819.377	-800.882	-800.699	1.19105 
47 	25   	-927.883	-801.217	-800.699	5.98262 
48 	25   	-839.086	-801.147	-800.699	2.75524 
49 	25   	-832.416	-801.038	-800.699	2.22041 
50 	25   	-833.155	-801.044	-800.699	2.03747 
51 	25   	-825.268	-800.921	-800.699	1.4142  
52 	25   	-816.292	-800.853	-800.699	1.05126 
53 	25   	-806.553	-800.788	-800.699	0.529373
54 	25   	-827.237	-800.996	-800.699	2.09486 
55 	25   	-819.28 	-800.878	-800.699	1.24097 
56 	25   	-922.838	-801.359	-800.699	7.36811 
57 	25   	-815.469	-800.877	-800.699	1.01333 
58 	25   	-833.155	-801.028	-800.699	2.31533 
59 	25   	-823.842	-801.028	-800.699	1.6891  
60 	25   	-822.319	-800.889	-800.699	1.28608 
61 	25   	-814.842	-800.839	-800.699	0.897643
62 	25   	-896.703	-801.306	-800.699	5.0714  
63 	25   	-807.745	-800.844	-800.699	0.664352
64 	25   	-830.194	-801.06 	-800.699	2.31953 
65 	25   	-823.739	-801.007	-800.699	1.75538 
66 	25   	-830.99 	-800.986	-800.699	1.75923 
67 	25   	-814.347	-800.926	-800.699	1.26224 
68 	25   	-861.893	-801.122	-800.699	3.53449 
69 	25   	-836.818	-801.01 	-800.699	2.27401 
70 	25   	-820.638	-800.854	-800.699	1.09977 
71 	25   	-822.602	-800.983	-800.699	1.7227  
72 	25   	-815.745	-800.926	-800.699	1.3298  
73 	25   	-855.431	-801.07 	-800.699	2.90729 
74 	25   	-832.456	-800.894	-800.699	1.62208 
75 	25   	-808.699	-800.818	-800.699	0.710277
76 	25   	-814.77 	-800.867	-800.699	1.02843 
77 	25   	-809.268	-800.814	-800.699	0.711551
78 	25   	-819.222	-800.994	-800.602	1.58089 
79 	25   	-909.65 	-801.108	-800.602	5.04181 
80 	25   	-819    	-800.898	-800.602	1.19233 
81 	25   	-810.26 	-800.797	-800.602	0.736171
82 	25   	-816.444	-800.904	-800.602	1.21504 
83 	25   	-844.328	-800.971	-800.602	2.3397  
84 	25   	-808.959	-800.75 	-800.602	0.719015
85 	25   	-905.963	-801.034	-800.602	4.96728 
86 	25   	-816.045	-800.837	-800.602	1.4076  
87 	25   	-865.167	-800.855	-800.602	3.03334 
88 	25   	-823.585	-800.764	-800.602	1.40075 
89 	25   	-818.657	-800.804	-800.602	1.19592 
90 	25   	-835.955	-800.861	-800.602	2.39087 
91 	25   	-845.319	-800.965	-800.602	2.59922 
92 	25   	-866.161	-800.898	-800.602	3.04748 
93 	25   	-825.553	-800.786	-800.602	1.40081 
94 	25   	-865.167	-801.017	-800.602	4.24935 
95 	25   	-835.42 	-800.795	-800.602	1.75805 
96 	25   	-813.796	-800.729	-800.602	0.914613
97 	25   	-818.65 	-800.808	-800.602	1.46736 
98 	25   	-816.347	-800.685	-800.602	0.793849
99 	25   	-808    	-800.758	-800.602	0.782099
gen	depth	min     	avg     	max     	std     
0  	25   	-1031.26	-841.112	-808.194	29.0366 
1  	25   	-917.747	-824.053	-807.495	10.7212 
2  	25   	-888.627	-817.723	-806.143	7.65181 
3  	25   	-930.208	-814.325	-805.523	7.16076 
4  	25   	-981.924	-812.163	-805.444	11.3459 
5  	25   	-831.666	-808.848	-803.62 	2.56113 
6  	25   	-873.818	-807.473	-803.62 	4.08079 
7  	25   	-877.904	-806.745	-803.62 	4.41382 
8  	25   	-1244.05	-806.722	-803.62 	19.6821 
9  	25   	-814.076	-805.075	-803.62 	1.1142  
10 	25   	-850.69 	-804.671	-802.921	3.19344 
11 	25   	-825.416	-804.156	-802.921	1.85839 
12 	25   	-865.402	-803.972	-802.921	3.89326 
13 	25   	-834.678	-803.815	-802.699	2.34829 
14 	25   	-836.666	-803.484	-802.699	2.02097 
15 	25   	-990.814	-804.001	-802.222	10.9856 
16 	25   	-839.62 	-803.293	-802.222	2.61207 
17 	25   	-824.983	-803.116	-802.222	1.69414 
18 	25   	-921.211	-803.126	-802.222	5.3948  
19 	25   	-914.631	-802.871	-802    	5.08216 
20 	25   	-820.357	-802.541	-802    	1.2684  
21 	25   	-822.86 	-802.504	-802    	1.36325 
22 	25   	-834.678	-802.406	-802    	1.73635 
23 	25   	-866.86 	-802.611	-802    	3.76952 
24 	25   	-906.662	-802.82 	-801.523	6.02168 
25 	25   	-837.256	-802.422	-801.523	2.79464 
26 	25   	-961.783	-803.181	-801.523	10.9874 
27 	25   	-990.712	-802.764	-801.523	9.77235 
28 	25   	-846.62 	-802.324	-801.523	3.43885 
29 	25   	-841.066	-802.231	-801.523	3.26055 
30 	25   	-810.967	-801.722	-801.523	0.839409
31 	25   	-814.495	-801.747	-801.398	1.21826 
32 	25   	-827.237	-801.695	-801.398	1.3576  
33 	25   	-912.541	-802.116	-801.398	6.02222 
34 	25   	-811.444	-801.799	-801.398	1.25031 
35 	25   	-815.469	-801.65 	-801.398	0.89515 
36 	25   	-837.108	-801.74 	-801.398	1.85051 
37 	25   	-923.599	-801.937	-801.398	6.23957 
38 	25   	-868.848	-801.698	-801.398	3.20519 
39 	25   	-808.602	-801.587	-801.398	0.872725
40 	25   	-840.319	-801.797	-801.398	2.67207 
41 	25   	-811.854	-801.509	-801.398	0.811118
42 	25   	-824.983	-801.733	-801.398	1.88269 
43 	25   	-866.611	-801.741	-801.398	3.17286 
44 	25   	-839.785	-801.832	-801.398	2.99555 
45 	25   	-829.907	-801.68 	-801.398	1.98729 
46 	25   	-854.943	-801.764	-801.398	3.07983 
47 	25   	-814.541	-801.642	-801.398	1.23898 
48 	25   	-819.097	-801.631	-801.398	1.472   
49 	25   	-856.229	-801.879	-801.398	3.77576 
50 	25   	-813.523	-801.583	-801.398	1.07174 
51 	25   	-819.097	-801.666	-801.398	1.36557 
52 	25   	-828.222	-801.804	-801.398	2.25764 
53 	25   	-833.854	-801.624	-801.398	1.92613 
54 	25   	-814.495	-801.575	-801.398	0.967247
55 	25   	-813.426	-801.541	-801.398	0.836352
56 	25   	-824.886	-801.547	-801.398	1.1743  
57 	25   	-833.854	-801.82 	-801.398	2.61189 
58 	25   	-823.903	-801.62 	-801.398	1.46873 
59 	25   	-888.041	-801.755	-801.301	4.10394 
60 	25   	-859.81 	-801.75 	-801.301	3.01467 
61 	25   	-866.565	-801.929	-801.301	3.98069 
62 	25   	-820.076	-801.691	-801.301	1.67083 
63 	25   	-818.398	-801.613	-801.301	1.40567 
64 	25   	-878.199	-801.844	-801.301	3.97076 
65 	25   	-823.018	-801.592	-801.301	1.2952  
66 	25   	-810.62 	-801.503	-800.699	0.862432
67 	25   	-821.62 	-801.506	-800.699	1.25822 
68 	25   	-850.276	-801.68 	-800.699	3.01091 
69 	25   	-819.377	-801.485	-800.699	1.2647  
70 	25   	-849.983	-801.474	-800.699	2.61915 
71 	25   	-898.695	-801.763	-800.699	5.63364 
72 	25   	-813.252	-801.235	-800.699	1.4413  
73 	25   	-848.991	-801.059	-800.699	2.42609 
74 	25   	-814.125	-800.866	-800.699	0.89824 
75 	25   	-824.018	-800.924	-800.699	1.51403 
76 	25   	-817.42 	-800.913	-800.699	1.29067 
77 	25   	-818.398	-800.834	-800.699	0.98246 
78 	25   	-820.796	-800.977	-800.699	1.71033 
79 	25   	-812.222	-800.837	-800.699	0.819956
80 	25   	-833.155	-800.928	-800.699	1.69297 
81 	25   	-817.699	-801.013	-800.699	1.61529 
82 	25   	-831.018	-800.997	-800.699	2.06608 
83 	25   	-821.337	-801.043	-800.699	1.59184 
84 	25   	-851.268	-800.971	-800.699	2.47562 
85 	25   	-956.498	-801.363	-800.699	7.47428 
86 	25   	-825.268	-800.987	-800.699	1.61369 
87 	25   	-814.495	-800.914	-800.699	1.28537 
88 	25   	-851.268	-801.091	-800.699	3.11712 
89 	25   	-808.602	-800.82 	-800.699	0.67782 
90 	25   	-843.046	-801.054	-800.699	2.50831 
91 	25   	-807.893	-800.824	-800.699	0.678732
92 	25   	-809.921	-800.796	-800.699	0.656708
93 	25   	-861.893	-801.031	-800.699	3.15553 
94 	25   	-826.951	-800.87 	-800.699	1.3612  
95 	25   	-812.553	-800.892	-800.699	0.980305
96 	25   	-930.575	-801.261	-800.699	6.3288  
97 	25   	-822.319	-800.945	-800.699	1.55283 
98 	25   	-830.539	-801.037	-800.699	2.07694 
99 	25   	-841.387	-800.913	-800.699	1.93996 
gen	depth	min     	avg     	max     	std     
0  	25   	-1164.6 	-845.986	-806.018	31.722  
1  	25   	-905.259	-827.487	-806.018	12.9976 
2  	25   	-882.831	-818.918	-806.018	8.48899 
3  	25   	-976.777	-814.504	-805.046	10.4786 
4  	25   	-843.706	-810.427	-805.046	3.40401 
5  	25   	-836.818	-808.585	-803.796	3.37561 
6  	25   	-981.834	-807.696	-803.796	9.05653 
7  	25   	-879.194	-806.164	-803.046	3.65715 
8  	25   	-814.141	-805.291	-802.921	1.19802 
9  	25   	-844.656	-804.992	-802.921	2.89363 
10 	25   	-828.377	-804.422	-802.824	1.96381 
11 	25   	-845.559	-804.315	-802.824	3.47912 
12 	25   	-846.383	-803.927	-802.222	2.96775 
13 	25   	-848    	-803.524	-802.125	2.89111 
14 	25   	-835.42 	-803.21 	-802.125	2.13017 
15 	25   	-817.842	-802.912	-802.097	1.10938 
16 	25   	-815.893	-802.684	-802.097	0.94276 
17 	25   	-819.084	-802.559	-801.523	1.31307 
18 	25   	-879.222	-802.626	-801.398	3.99379 
19 	25   	-820.222	-802.439	-801.398	1.66219 
20 	25   	-900.389	-802.506	-801.398	4.50583 
21 	25   	-833.416	-802.467	-801.398	2.79384 
22 	25   	-825.677	-801.909	-800.699	1.43472 
23 	25   	-1050.99	-802.897	-800.699	15.4907 
24 	25   	-812.862	-801.525	-800.699	1.00988 
25 	25   	-831.585	-801.652	-800.699	2.45791 
26 	25   	-829.208	-801.385	-800.699	1.94958 
27 	25   	-836.022	-801.277	-800.699	2.49398 
28 	25   	-820.076	-800.971	-800.699	1.43252 
29 	25   	-812.553	-800.91 	-800.699	1.01912 
30 	25   	-813.426	-800.895	-800.699	1.01333 
31 	25   	-811.488	-800.845	-800.699	0.757362
32 	25   	-820.959	-800.911	-800.699	1.38661 
33 	25   	-923.599	-801.197	-800.699	5.71979 
34 	25   	-840.969	-801.043	-800.699	2.54438 
35 	25   	-820.357	-801.052	-800.699	1.75242 
36 	25   	-827.237	-800.978	-800.699	1.79853 
37 	25   	-884.759	-801.492	-800.699	6.11226 
38 	25   	-819.28 	-800.904	-800.699	1.14753 
39 	25   	-1007.68	-801.776	-800.699	11.8861 
40 	25   	-850.31 	-801.019	-800.699	2.84068 
41 	25   	-839.086	-801.019	-800.699	2.12744 
42 	25   	-830.194	-801.037	-800.699	2.20353 
43 	25   	-819.879	-800.947	-800.699	1.37117 
44 	25   	-922.9  	-801.164	-800.699	5.81545 
45 	25   	-829.208	-800.974	-800.699	1.93851 
46 	25   	-895.009	-801.248	-800.602	4.87617 
47 	25   	-817.42 	-800.891	-800.602	1.23881 
48 	25   	-848.879	-801.079	-800.602	2.9721  
49 	25   	-830.194	-801.002	-800.602	1.92837 
50 	25   	-835.541	-800.994	-800.602	2.07605 
51 	25   	-856.229	-801.042	-800.602	2.83128 
52 	25   	-815.469	-800.885	-800.602	1.12549 
53 	25   	-830.481	-800.962	-800.602	2.14236 
54 	25   	-813.796	-800.756	-800.602	0.872539
55 	25   	-830.097	-800.899	-800.602	2.09976 
56 	25   	-815.745	-800.702	-800.602	0.874519
57 	25   	-809.097	-800.721	-800.602	0.708459
58 	25   	-822.505	-800.908	-800.602	1.70168 
59 	25   	-820.638	-800.787	-800.602	1.41286 
60 	25   	-823.204	-800.811	-800.602	1.44689 
61 	25   	-815.745	-800.775	-800.602	1.07739 
62 	25   	-836.409	-800.846	-800.602	2.25331 
63 	25   	-812.824	-800.778	-800.602	1.0293  
64 	25   	-812.824	-800.729	-800.602	0.888289
65 	25   	-815.745	-800.766	-800.602	1.12159 
66 	25   	-843.046	-800.995	-800.602	2.55284 
67 	25   	-833.058	-800.813	-800.602	1.97019 
68 	25   	-826.538	-800.824	-800.602	1.6655  
69 	25   	-817.979	-800.86 	-800.602	1.40532 
70 	25   	-1008.67	-801.398	-800.602	9.70328 
71 	25   	-824.569	-800.875	-800.602	1.78391 
72 	25   	-825.553	-800.797	-800.602	1.37532 
73 	25   	-830.481	-800.838	-800.602	1.68322 
74 	25   	-834.432	-800.974	-800.602	2.52351 
75 	25   	-808    	-800.717	-800.602	0.697085
76 	25   	-994.703	-801.149	-800.602	8.74353 
77 	25   	-810.886	-800.73 	-800.602	0.838913
78 	25   	-803.301	-800.642	-800.602	0.269669
79 	25   	-808.602	-800.725	-800.602	0.774848
80 	25   	-808.959	-800.711	-800.602	0.69817 
81 	25   	-813.143	-800.77 	-800.602	1.0141  
82 	25   	-818.301	-800.795	-800.602	1.32959 
83 	25   	-822.222	-800.784	-800.602	1.51219 
84 	25   	-811.854	-800.78 	-800.602	0.971574
85 	25   	-830.578	-800.867	-800.602	2.1213  
86 	25   	-810.886	-800.734	-800.602	0.807106
87 	25   	-820.26 	-800.817	-800.602	1.48502 
88 	25   	-826.092	-800.854	-800.602	1.6637  
89 	25   	-808.959	-800.746	-800.602	0.813138
90 	25   	-815.469	-800.718	-800.602	0.907216
91 	25   	-843.337	-801.02 	-800.602	2.90225 
92 	25   	-807.046	-800.684	-800.602	0.463896
93 	25   	-901.585	-801.062	-800.602	5.1338  
94 	25   	-839.951	-800.945	-800.602	2.48051 
95 	25   	-809.561	-800.785	-800.602	0.893055
96 	25   	-834.432	-800.858	-800.602	2.00907 
97 	25   	-829.111	-800.808	-800.602	1.64597 
98 	25   	-824.569	-800.885	-800.602	1.62063 
99 	25   	-816.721	-800.724	-800.602	0.863616
gen	depth	min     	avg     	max     	std     
0  	25   	-1190.08	-843.45 	-810.319	33.6561 
1  	25   	-876.088	-824.558	-809.143	10.4227 
2  	25   	-957.651	-818.726	-809.143	11.053  
3  	25   	-936.959	-814.945	-807.444	8.26127 
4  	25   	-854.357	-812.038	-806.523	3.89855 
5  	25   	-1096.68	-811.599	-803.921	15.7564 
6  	25   	-842.463	-809.119	-803.62 	2.83402 
7  	25   	-889.12 	-808.284	-803.62 	4.5129  
8  	25   	-849.851	-807.075	-803.62 	2.70526 
9  	25   	-839.785	-806.157	-803.097	2.81084 
10 	25   	-824.262	-805.112	-802.222	1.80305 
11 	25   	-856.466	-804.541	-802.222	3.11016 
12 	25   	-827.629	-804.012	-802.222	2.19796 
13 	25   	-852.183	-803.614	-802.097	3.01313 
14 	25   	-825.108	-803.175	-802.097	1.76885 
15 	25   	-888.148	-803.398	-801.523	6.05471 
16 	25   	-825.807	-802.502	-801.398	1.53577 
17 	25   	-853.783	-802.597	-801.398	2.93886 
18 	25   	-870.088	-802.501	-801.398	3.25327 
19 	25   	-844.444	-802.383	-801.398	2.38041 
20 	25   	-920.014	-803.056	-801.398	8.67454 
21 	25   	-828.921	-801.951	-801.398	1.50353 
22 	25   	-814.495	-801.77 	-801.398	1.20628 
23 	25   	-811.585	-801.555	-801.398	0.764877
24 	25   	-846.717	-801.692	-801.398	2.40027 
25 	25   	-950.812	-802.111	-801.398	7.50877 
26 	25   	-817.143	-801.645	-801.398	1.16995 
27 	25   	-840.775	-801.824	-801.398	2.66217 
28 	25   	-830.962	-801.732	-801.398	2.27192 
29 	25   	-852.959	-801.891	-801.398	3.1256  
30 	25   	-959.114	-802.188	-801.398	8.51479 
31 	25   	-838.097	-801.597	-801.398	1.79562 
32 	25   	-831.879	-801.709	-801.398	2.50292 
33 	25   	-832.167	-801.677	-801.398	1.96369 
34 	25   	-827.381	-801.646	-801.398	1.70928 
35 	25   	-859.907	-801.801	-801.398	3.37684 
36 	25   	-834.056	-801.734	-801.398	2.12595 
37 	25   	-827.237	-801.682	-801.398	1.90079 
38 	25   	-835.666	-801.812	-801.398	2.41919 
39 	25   	-810.357	-801.537	-801.398	0.791789
40 	25   	-846.717	-801.892	-801.398	3.50514 
41 	25   	-824.983	-801.684	-801.398	1.58224 
42 	25   	-815.194	-801.617	-801.398	1.15389 
43 	25   	-820.076	-801.573	-801.398	1.27436 
44 	25   	-809.398	-801.579	-801.398	0.829271
45 	25   	-809.658	-801.551	-801.398	0.83843 
46 	25   	-811.585	-801.543	-801.398	0.827023
47 	25   	-866.86 	-801.795	-801.398	3.71247 
48 	25   	-885.754	-802.021	-801.398	5.21816 
49 	25   	-812.284	-801.608	-801.398	1.0422  
50 	25   	-818.119	-801.595	-801.398	1.16895 
51 	25   	-823.018	-801.697	-801.398	1.83166 
52 	25   	-822.036	-801.601	-801.398	1.36335 
53 	25   	-811.319	-801.535	-801.398	0.786964
54 	25   	-839.086	-801.653	-801.398	2.03901 
55 	25   	-834.842	-801.792	-801.398	2.68221 
56 	25   	-821.056	-801.682	-801.398	1.6598  
57 	25   	-816.717	-801.626	-801.398	1.29808 
58 	25   	-837.495	-801.722	-801.398	2.47496 
59 	25   	-853.951	-801.675	-801.398	2.79365 
60 	25   	-833.514	-801.63 	-801.398	1.94929 
61 	25   	-849.69 	-801.817	-801.398	3.28442 
62 	25   	-826.79 	-801.635	-801.398	1.89067 
63 	25   	-834.842	-801.693	-801.398	2.0819  
64 	25   	-824    	-801.667	-801.398	1.74638 
65 	25   	-810.62 	-801.535	-801.398	0.755766
66 	25   	-834.842	-801.64 	-801.398	1.96804 
67 	25   	-841.357	-801.77 	-801.398	2.41356 
68 	25   	-995.402	-801.924	-801.398	8.71781 
69 	25   	-815.745	-801.553	-801.398	1.06924 
70 	25   	-840.433	-801.791	-801.398	2.64818 
71 	25   	-844.735	-801.605	-801.398	2.05359 
72 	25   	-925.294	-801.78 	-801.398	5.60649 
73 	25   	-815.77 	-801.635	-801.398	1.29834 
74 	25   	-847.301	-801.68 	-801.398	2.39777 
75 	25   	-815.194	-801.648	-801.398	1.33019 
76 	25   	-920.609	-801.952	-801.398	5.76033 
77 	25   	-819.377	-801.617	-801.398	1.35037 
78 	25   	-817.699	-801.566	-801.398	1.03213 
79 	25   	-835.83 	-801.753	-801.398	2.11761 
80 	25   	-824    	-801.621	-801.398	1.51069 
81 	25   	-824.983	-801.687	-801.398	2.00863 
82 	25   	-837.108	-801.74 	-801.398	2.05719 
83 	25   	-821.056	-801.598	-801.398	1.43344 
84 	25   	-810.62 	-801.533	-801    	0.763249
85 	25   	-814.77 	-801.566	-801    	1.19971 
86 	25   	-823.301	-801.591	-801    	1.38744 
87 	25   	-820.277	-801.653	-801    	1.5886  
88 	25   	-822.602	-801.607	-801    	1.57655 
89 	25   	-820.62 	-801.487	-801    	1.39626 
90 	25   	-822.602	-801.406	-800.699	1.69599 
91 	25   	-833.155	-801.332	-800.699	2.0355  
92 	25   	-834.143	-801.2  	-800.699	1.90497 
93 	25   	-856.635	-801.223	-800.699	2.59789 
94 	25   	-880.78 	-801.319	-800.699	4.82237 
95 	25   	-822.319	-800.962	-800.699	1.27693 
96 	25   	-815.469	-800.955	-800.699	1.27781 
97 	25   	-813.796	-800.864	-800.699	0.942287
98 	25   	-809.658	-800.848	-800.699	0.761904
99 	25   	-805.796	-800.788	-800.699	0.479141
gen	depth	min     	avg     	max     	std     
0  	25   	-1169.78	-840.511	-809.143	32.6363 
1  	25   	-986.09 	-822.815	-807.495	13.4661 
2  	25   	-870.728	-816.095	-806.796	5.95256 
3  	25   	-958.9  	-812.711	-805.018	8.22872 
4  	25   	-864.409	-810.042	-805.018	4.75527 
5  	25   	-865.572	-808.508	-805.018	4.4049  
6  	25   	-857.641	-807.604	-804.921	4.16768 
7  	25   	-909.131	-806.926	-804.319	6.49355 
8  	25   	-910.578	-806.393	-804.319	6.18245 
9  	25   	-881.519	-805.863	-804.319	4.47115 
10 	25   	-1684.55	-807.506	-803.444	39.8231 
11 	25   	-860.244	-805.589	-802.796	4.3872  
12 	25   	-851.674	-805.018	-802.398	2.59587 
13 	25   	-1248.04	-805.696	-801.699	20.6135 
14 	25   	-827.506	-804.225	-801.699	1.8665  
15 	25   	-842.754	-803.764	-801.699	2.37932 
16 	25   	-827.313	-803.34 	-801.699	1.93449 
17 	25   	-813.252	-802.85 	-801.699	0.953064
18 	25   	-840.076	-802.874	-801.699	2.97575 
19 	25   	-867.559	-802.669	-801.699	4.32727 
20 	25   	-833.444	-801.998	-801.398	1.74284 
21 	25   	-848.991	-802.008	-801.398	2.89614 
22 	25   	-863.585	-802.259	-801.398	4.36529 
23 	25   	-815.469	-801.828	-801.398	1.18961 
24 	25   	-829.907	-801.675	-801.398	1.38612 
25 	25   	-825.268	-801.68 	-801.398	1.65081 
26 	25   	-817.796	-801.602	-801.398	1.16443 
27 	25   	-869.794	-801.811	-801.398	3.73841 
28 	25   	-810.886	-801.548	-801.398	0.80552 
29 	25   	-812.284	-801.539	-801.398	0.80859 
30 	25   	-847.611	-801.688	-801.398	2.44492 
31 	25   	-847.009	-801.794	-801.398	2.79858 
32 	25   	-842.056	-801.664	-801.398	2.04572 
33 	25   	-825.268	-801.668	-801.398	1.68595 
34 	25   	-811.879	-801.573	-801.398	0.985797
35 	25   	-828.222	-801.643	-801.398	1.64381 
36 	25   	-851.967	-801.875	-801.398	3.04238 
37 	25   	-818.699	-801.561	-801.398	1.06412 
38 	25   	-853.856	-801.734	-801.398	3.02328 
39 	25   	-823.018	-801.648	-801.398	1.59592 
40 	25   	-814.187	-801.555	-801.398	0.880703
41 	25   	-830.194	-801.64 	-801.398	1.7979  
42 	25   	-837.807	-801.636	-801.398	1.94492 
43 	25   	-813.252	-801.563	-801.398	1.03173 
44 	25   	-831.18 	-801.62 	-801.398	1.64683 
45 	25   	-816.444	-801.641	-801.398	1.33689 
46 	25   	-837.108	-801.62 	-801.398	2.0305  
47 	25   	-809.921	-801.549	-801.398	0.796731
48 	25   	-820.517	-801.601	-801    	1.38548 
49 	25   	-949.219	-802.234	-801    	9.53347 
50 	25   	-842.949	-801.754	-801    	2.8569  
51 	25   	-816.721	-801.539	-801    	1.19105 
52 	25   	-808.444	-801.485	-801    	0.571395
53 	25   	-814.495	-801.538	-801    	1.14145 
54 	25   	-964.476	-801.911	-801    	7.76806 
55 	25   	-821.337	-801.487	-800.699	1.38475 
56 	25   	-860.606	-801.551	-800.699	2.91413 
57 	25   	-811.854	-801.301	-800.699	1.10309 
58 	25   	-836.119	-801.189	-800.699	1.8311  
59 	25   	-807.553	-800.982	-800.699	0.597312
60 	25   	-814.77 	-801.02 	-800.699	1.35285 
61 	25   	-840.969	-800.967	-800.699	2.03394 
62 	25   	-819.377	-801.027	-800.699	1.89291 
63 	25   	-825.171	-800.994	-800.699	1.85123 
64 	25   	-828.509	-800.885	-800.699	1.62754 
65 	25   	-816.444	-800.877	-800.699	1.20028 
66 	25   	-1177.42	-801.775	-800.699	17.0456 
67 	25   	-818.398	-800.931	-800.699	1.26548 
68 	25   	-823.585	-800.946	-800.699	1.53697 
69 	25   	-812.553	-800.889	-800.699	1.05775 
70 	25   	-831.469	-800.97 	-800.699	2.08074 
71 	25   	-820.638	-800.899	-800.699	1.3909  
72 	25   	-811.854	-800.849	-800.699	0.866999
73 	25   	-817.323	-800.962	-800.699	1.44446 
74 	25   	-826.252	-800.934	-800.699	1.75142 
75 	25   	-812.553	-800.872	-800.699	0.908048
76 	25   	-825.553	-800.952	-800.699	1.56068 
77 	25   	-826.252	-800.9  	-800.699	1.40289 
78 	25   	-805.523	-800.809	-800.699	0.506998
79 	25   	-821.806	-800.929	-800.699	1.41443 
80 	25   	-813.222	-800.846	-800.699	0.921254
81 	25   	-837.529	-800.979	-800.699	2.07647 
82 	25   	-881.188	-801.039	-800.699	4.00031 
83 	25   	-850.975	-801.102	-800.699	3.08544 
84 	25   	-812.553	-800.886	-800.699	0.944615
85 	25   	-823.585	-800.858	-800.699	1.19696 
86 	25   	-806.796	-800.792	-800.699	0.519156
87 	25   	-812.553	-800.87 	-800.699	0.9338  
88 	25   	-851.967	-800.939	-800.699	2.53406 
89 	25   	-823.301	-801.009	-800.699	1.68047 
90 	25   	-864.174	-801.081	-800.699	3.24725 
91 	25   	-821.337	-800.906	-800.699	1.51482 
92 	25   	-840.367	-800.942	-800.699	2.0164  
93 	25   	-818.398	-800.925	-800.699	1.27718 
94 	25   	-830.634	-800.874	-800.699	1.47808 
95 	25   	-937.456	-801.262	-800.699	6.57153 
96 	25   	-810.62 	-800.855	-800.699	0.848204
97 	25   	-808.699	-800.828	-800.699	0.70052 
98 	25   	-809.398	-800.836	-800.699	0.758151
99 	25   	-812.409	-800.905	-800.699	1.19952 
gen	depth	min     	avg     	max     	std     
0  	25   	-1115.13	-842.853	-809.194	29.6884 
1  	25   	-954.432	-824.902	-809.194	13.488  
2  	25   	-979.724	-817.873	-808.541	10.2327 
3  	25   	-842.915	-814.105	-807.489	3.54269 
4  	25   	-939.909	-812.627	-806.194	7.44972 
5  	25   	-891.263	-810.898	-804.495	5.50677 
6  	25   	-852.674	-809.67 	-804.495	3.56456 
7  	25   	-940.948	-809.095	-804.495	8.73673 
8  	25   	-874.517	-807.96 	-803.393	5.69544 
9  	25   	-2731.65	-810.645	-803.393	86.1801 
10 	25   	-852.373	-805.916	-803.393	2.76112 
11 	25   	-845.726	-805.36 	-803.393	3.47915 
12 	25   	-846.018	-804.802	-802.921	2.84618 
13 	25   	-908.654	-804.582	-802.745	5.09661 
14 	25   	-858.157	-803.929	-802.745	2.89673 
15 	25   	-820.62 	-803.585	-802.745	1.47864 
16 	25   	-874.939	-803.928	-802.222	4.51203 
17 	25   	-879.319	-803.581	-802.222	4.71347 
18 	25   	-812.527	-803.108	-802.097	0.974631
19 	25   	-859.025	-803.396	-802.097	4.19447 
20 	25   	-812.959	-802.723	-802.097	0.926011
21 	25   	-835.488	-802.673	-802.097	2.17873 
22 	25   	-822.036	-802.69 	-802.046	2.29482 
23 	25   	-912.341	-802.779	-802.046	5.51393 
24 	25   	-829.907	-802.394	-802.046	1.91878 
25 	25   	-824    	-802.363	-802.046	1.66378 
26 	25   	-812.983	-802.206	-801.648	0.895434
27 	25   	-871.535	-802.506	-801.648	4.18692 
28 	25   	-891.726	-802.834	-801.648	6.50026 
29 	25   	-823.666	-802.227	-801.398	1.80565 
30 	25   	-822.036	-802.182	-801.398	1.70327 
31 	25   	-933.517	-802.259	-801.398	6.05075 
32 	25   	-843.995	-801.964	-801.398	2.53572 
33 	25   	-850.975	-802.009	-801.398	2.80515 
34 	25   	-903.205	-802.458	-801.398	6.89476 
35 	25   	-815.194	-801.794	-801.398	1.2573  
36 	25   	-882.77 	-801.724	-801.398	3.65088 
37 	25   	-825.553	-801.807	-801.398	2.11744 
38 	25   	-823.739	-801.601	-801.398	1.42352 
39 	25   	-819.377	-801.629	-800.699	1.56534 
40 	25   	-819.469	-801.724	-800.699	1.62667 
41 	25   	-817.012	-801.608	-800.699	1.27665 
42 	25   	-815.092	-801.52 	-800.699	1.01692 
43 	25   	-814.398	-801.485	-800.699	1.07343 
44 	25   	-809.921	-801.327	-800.699	0.97946 
45 	25   	-817.958	-801.192	-800.699	1.3708  
46 	25   	-906.959	-801.333	-800.699	5.59906 
47 	25   	-865.866	-801.216	-800.699	4.01784 
48 	25   	-832.071	-800.882	-800.699	1.49437 
49 	25   	-819.377	-800.97 	-800.699	1.49319 
50 	25   	-829.208	-800.889	-800.699	1.50083 
51 	25   	-814.398	-800.893	-800.699	1.05494 
52 	25   	-817.167	-800.84 	-800.699	0.933775
53 	25   	-821.879	-800.91 	-800.699	1.38886 
54 	25   	-810.62 	-800.793	-800.699	0.660941
55 	25   	-838.097	-800.952	-800.699	2.15806 
56 	25   	-856.728	-800.979	-800.699	2.71105 
57 	25   	-814.77 	-801.043	-800.699	1.64961 
58 	25   	-806.444	-800.875	-800.699	0.729341
59 	25   	-820.076	-800.938	-800.699	1.43367 
60 	25   	-840.076	-801.096	-800.699	2.78752 
61 	25   	-825.18 	-800.9  	-800.699	1.40909 
62 	25   	-832.167	-800.925	-800.699	1.57456 
63 	25   	-811.585	-800.869	-800.699	0.98575 
64 	25   	-1610.69	-803.461	-800.699	40.2571 
65 	25   	-869.842	-801.006	-800.602	3.27051 
66 	25   	-861.864	-801.049	-800.602	2.97078 
67 	25   	-814.77 	-800.925	-800.602	1.32219 
68 	25   	-820.357	-800.934	-800.602	1.39386 
69 	25   	-827.237	-800.968	-800.602	1.80049 
70 	25   	-809.921	-800.873	-800.602	0.896257
71 	25   	-842.347	-800.83 	-800.602	1.95458 
72 	25   	-878.694	-800.953	-800.602	3.56315 
73 	25   	-811.488	-800.757	-800.602	0.881738
74 	25   	-812.824	-800.687	-800.602	0.678521
75 	25   	-816.721	-800.749	-800.602	1.10823 
76 	25   	-835.42 	-800.791	-800.602	1.72146 
77 	25   	-834.046	-800.743	-800.602	1.56022 
78 	25   	-820.578	-800.736	-800.602	1.03733 
79 	25   	-810.886	-800.757	-800.602	0.828023
80 	25   	-838.387	-800.835	-800.602	1.98634 
81 	25   	-850.983	-800.848	-800.602	2.77555 
82 	25   	-815.745	-800.819	-800.602	1.39841 
83 	25   	-812.25 	-800.732	-800.602	0.772798
84 	25   	-807.523	-800.73 	-800.602	0.721422
85 	25   	-827.523	-800.82 	-800.602	1.57534 
86 	25   	-809.658	-800.709	-800.602	0.643402
87 	25   	-844.328	-800.864	-800.602	2.5447  
88 	25   	-831.745	-800.876	-800.602	1.85898 
89 	25   	-847.903	-800.933	-800.602	3.05398 
90 	25   	-811.585	-800.803	-800.602	1.01779 
91 	25   	-811.301	-800.763	-800.602	0.923565
92 	25   	-810.886	-800.729	-800.602	0.81284 
93 	25   	-889.036	-800.843	-800.602	3.98762 
94 	25   	-836.119	-800.821	-800.602	1.98655 
95 	25   	-812.824	-800.713	-800.602	0.829317
96 	25   	-818.071	-800.786	-800.602	1.29402 
97 	25   	-805.155	-800.673	-800.602	0.445942
98 	25   	-820.658	-800.705	-800.602	1.04088 
99 	25   	-815.745	-800.779	-800.602	1.12527 
gen	depth	min     	avg     	max     	std     
0  	25   	-1160.23	-843.049	-807.365	40.1128 
1  	25   	-1017.11	-823.478	-805.523	13.5341 
2  	25   	-870.185	-816.542	-805.523	6.0208  
3  	25   	-987.572	-814.064	-805.319	12.1159 
4  	25   	-909.478	-810.952	-805.319	6.44776 
5  	25   	-842.387	-808.622	-805.018	3.03611 
6  	25   	-899.93 	-807.63 	-804.194	5.45374 
7  	25   	-1001.62	-807.48 	-804.194	11.7744 
8  	25   	-821.18 	-805.729	-804.194	1.50056 
9  	25   	-1146.6 	-806.949	-803.523	17.8044 
10 	25   	-843.007	-805.092	-803.097	2.14071 
11 	25   	-835.842	-804.666	-802.921	2.18087 
12 	25   	-827.666	-804.296	-802.921	1.91171 
13 	25   	-839.205	-804.191	-802.921	2.92281 
14 	25   	-832.592	-803.745	-802.796	1.87177 
15 	25   	-831.429	-803.506	-802.796	1.76665 
16 	25   	-850.417	-803.678	-802.796	3.52124 
17 	25   	-838.517	-803.394	-802.699	2.5388  
18 	25   	-849.523	-803.393	-802.097	2.84789 
19 	25   	-828.921	-803.146	-802.097	1.56658 
20 	25   	-828.635	-803.152	-802.097	1.8399  
21 	25   	-959.191	-803.299	-802.097	7.09384 
22 	25   	-822.319	-802.868	-802.097	1.38536 
23 	25   	-827.936	-802.893	-802    	2.41788 
24 	25   	-863.879	-802.807	-802    	3.7913  
25 	25   	-821.754	-802.368	-802    	1.55339 
26 	25   	-840.076	-802.418	-801.398	2.49206 
27 	25   	-1087.24	-802.864	-801.398	12.8347 
28 	25   	-856.341	-802.391	-801.398	2.91236 
29 	25   	-857.627	-802.318	-801.398	2.8843  
30 	25   	-835.264	-802.212	-801.398	2.32942 
31 	25   	-808.444	-801.842	-801.398	0.572052
32 	25   	-837.108	-801.873	-801.398	2.71185 
33 	25   	-882.474	-801.934	-801.301	4.44009 
34 	25   	-886.75 	-801.827	-801.301	4.17229 
35 	25   	-859.907	-801.872	-801.301	3.68857 
36 	25   	-846.018	-801.765	-801.301	2.47105 
37 	25   	-859.81 	-801.705	-801.301	2.97102 
38 	25   	-814.222	-801.552	-801.301	1.14047 
39 	25   	-854.846	-801.658	-801.301	2.98583 
40 	25   	-813.796	-801.418	-800.699	0.91841 
41 	25   	-934.562	-801.974	-800.699	6.95104 
42 	25   	-808.959	-801.381	-800.699	0.595291
43 	25   	-819.377	-801.37 	-800.699	1.05131 
44 	25   	-1102.51	-801.855	-800.699	13.4839 
45 	25   	-818.301	-801.057	-800.699	0.911998
46 	25   	-822.222	-800.925	-800.699	1.25683 
47 	25   	-820.842	-800.904	-800.699	1.35645 
48 	25   	-824.284	-800.954	-800.699	1.57732 
49 	25   	-874.74 	-801.05 	-800.699	3.72194 
50 	25   	-839.979	-800.971	-800.699	2.07475 
51 	25   	-815.682	-800.969	-800.699	1.41321 
52 	25   	-855.188	-801.02 	-800.699	3.03401 
53 	25   	-816.721	-800.852	-800.699	0.959014
54 	25   	-823.301	-801.029	-800.699	1.8144  
55 	25   	-816.444	-800.878	-800.699	1.07578 
56 	25   	-834.046	-800.922	-800.699	1.83782 
57 	25   	-834.432	-801.031	-800.699	2.26557 
58 	25   	-824.284	-800.936	-800.699	1.53925 
59 	25   	-810.31 	-800.873	-800.699	0.805254
60 	25   	-813.842	-800.878	-800.699	1.06102 
61 	25   	-815.469	-800.856	-800.699	1.09101 
62 	25   	-806.796	-800.809	-800.699	0.622944
63 	25   	-833.979	-800.942	-800.699	1.87432 
64 	25   	-815.222	-800.888	-800.699	1.01885 
65 	25   	-825.268	-801.053	-800.699	2.11901 
66 	25   	-808.959	-800.85 	-800.699	0.840764
67 	25   	-834.432	-801.047	-800.699	2.45404 
68 	25   	-836.119	-801.021	-800.699	2.36097 
69 	25   	-816.444	-800.864	-800.699	1.00764 
70 	25   	-815.745	-800.894	-800.699	1.14797 
71 	25   	-817.323	-800.899	-800.699	1.38569 
72 	25   	-834.432	-801.044	-800.699	2.26607 
73 	25   	-806.569	-800.794	-800.699	0.520785
74 	25   	-834.046	-800.956	-800.699	1.99796 
75 	25   	-859.907	-801.119	-800.699	3.50549 
76 	25   	-835.83 	-801.028	-800.699	2.51374 
77 	25   	-806.097	-800.778	-800.699	0.516439
78 	25   	-813.377	-800.782	-800.699	0.741285
79 	25   	-850.878	-800.98 	-800.699	2.74715 
80 	25   	-828.222	-800.904	-800.699	1.51764 
81 	25   	-822.99 	-800.835	-800.699	1.12811 
82 	25   	-807.648	-800.813	-800.602	0.623661
83 	25   	-826.538	-801.046	-800.602	2.03901 
84 	25   	-834.842	-800.94 	-800.602	1.9255  
85 	25   	-873.119	-801.136	-800.602	4.04825 
86 	25   	-819.658	-800.854	-800.602	1.10544 
87 	25   	-812.456	-800.797	-800.602	0.804582
88 	25   	-805.155	-800.703	-800.602	0.391925
89 	25   	-860.689	-801.049	-800.602	3.97681 
90 	25   	-808    	-800.742	-800.602	0.77614 
91 	25   	-819.658	-800.781	-800.602	1.25528 
92 	25   	-810.523	-800.714	-800.602	0.777896
93 	25   	-813.426	-800.793	-800.602	1.08206 
94 	25   	-821.62 	-800.744	-800.602	1.16977 
95 	25   	-823.585	-800.829	-800.602	1.55614 
96 	25   	-806.796	-800.673	-800.602	0.449247
97 	25   	-858.817	-800.884	-800.602	2.84871 
98 	25   	-817.42 	-800.754	-800.602	1.17079 
99 	25   	-823.204	-800.817	-800.602	1.63691 
gen	depth	min     	avg     	max     	std     
0  	25   	-1084.11	-840.736	-807.018	35.0339 
1  	25   	-980.469	-821.902	-806.398	13.448  
2  	25   	-844.838	-814.689	-805.842	5.26721 
3  	25   	-879.012	-811.044	-805.523	4.31967 
4  	25   	-835.349	-808.834	-804.194	2.26802 
5  	25   	-855.728	-807.892	-804    	3.48056 
6  	25   	-812.489	-806.595	-803.62 	1.12217 
7  	25   	-836.611	-806.097	-803.62 	2.447   
8  	25   	-835.469	-805.408	-803.444	2.08387 
9  	25   	-978.842	-805.233	-803.444	8.42343 
10 	25   	-854.063	-804.254	-802.796	2.36917 
11 	25   	-827.203	-803.988	-802.222	1.58596 
12 	25   	-850.79 	-804.074	-802.222	3.76288 
13 	25   	-1026.86	-804.114	-802.222	10.3148 
14 	25   	-838.097	-803.401	-802.222	2.3845  
15 	25   	-833.979	-803.025	-802.097	1.76598 
16 	25   	-931.87 	-803.183	-802.046	6.56918 
17 	25   	-832.004	-802.591	-801.523	1.70447 
18 	25   	-870.666	-802.698	-801.523	4.10265 
19 	25   	-827.807	-802.415	-801.523	1.91535 
20 	25   	-823.842	-802.33 	-801.523	1.87377 
21 	25   	-825.268	-802.117	-801.523	1.57548 
22 	25   	-826.951	-801.923	-801.523	1.80355 
23 	25   	-817.699	-801.698	-801.523	1.0293  
24 	25   	-822.161	-801.806	-801.523	1.69315 
25 	25   	-822.602	-801.78 	-801.523	1.46318 
26 	25   	-824.569	-801.77 	-801.523	1.59509 
27 	25   	-836.943	-801.893	-801.398	2.31163 
28 	25   	-871.188	-801.818	-801.398	3.50058 
29 	25   	-825.268	-801.691	-801.398	1.32404 
30 	25   	-828.523	-801.679	-801.398	1.36073 
31 	25   	-835.541	-801.78 	-801.398	1.88958 
32 	25   	-826.092	-801.692	-801.398	1.34595 
33 	25   	-819.377	-801.635	-801.398	1.33087 
34 	25   	-816.194	-801.667	-801.398	1.43443 
35 	25   	-880.78 	-801.955	-801.398	5.30853 
36 	25   	-850.276	-801.792	-801.398	3.2791  
37 	25   	-880.081	-801.776	-801.398	3.89903 
38 	25   	-933.268	-802.219	-801.398	8.46766 
39 	25   	-811.854	-801.502	-801.398	0.7129  
40 	25   	-855.936	-801.749	-801.398	2.83571 
41 	25   	-849.231	-801.7  	-801.398	2.48325 
42 	25   	-823.018	-801.535	-801.398	1.19893 
43 	25   	-853.488	-801.64 	-801.398	2.52163 
44 	25   	-826.629	-801.589	-801.398	1.53769 
45 	25   	-947.821	-801.966	-801.398	7.3615  
46 	25   	-825.699	-801.636	-801.398	1.5581  
47 	25   	-823.842	-801.609	-801.398	1.53452 
48 	25   	-842.056	-801.636	-801.398	2.04834 
49 	25   	-809.921	-801.529	-801.398	0.746032
50 	25   	-809.658	-801.507	-801.398	0.63746 
51 	25   	-818.356	-801.547	-801.398	1.23469 
52 	25   	-813.592	-801.615	-801.398	1.23416 
53 	25   	-1151.85	-802.39 	-801.398	15.8445 
54 	25   	-854.65 	-801.792	-801.398	3.34974 
55 	25   	-838.097	-801.892	-801.398	3.11636 
56 	25   	-814.611	-801.584	-801.398	1.16565 
57 	25   	-871.854	-801.708	-801.398	3.41501 
58 	25   	-845.319	-801.742	-801.398	2.78927 
59 	25   	-813.523	-801.568	-801.398	0.936728
60 	25   	-813.523	-801.518	-801.398	0.803905
61 	25   	-825.268	-801.576	-801.398	1.37383 
62 	25   	-830.937	-801.591	-801.398	1.60739 
63 	25   	-905.369	-801.822	-801.398	5.07405 
64 	25   	-829.963	-801.552	-801.398	1.443   
65 	25   	-819.315	-801.6  	-801.398	1.30335 
66 	25   	-864.873	-801.708	-801    	3.066   
67 	25   	-827.523	-801.657	-801    	1.86804 
68 	25   	-830.194	-801.621	-801    	1.88947 
69 	25   	-813.523	-801.564	-801    	1.1331  
70 	25   	-834.842	-801.575	-801    	2.19131 
71 	25   	-812.824	-801.427	-801    	1.18831 
72 	25   	-816.721	-801.299	-800.699	1.24907 
73 	25   	-814.495	-801.101	-800.699	0.746042
74 	25   	-837.398	-801.262	-800.699	2.0802  
75 	25   	-825.268	-801.161	-800.602	1.31543 
76 	25   	-813.502	-801.032	-800.602	0.8752  
77 	25   	-815.469	-800.967	-800.602	0.97461 
78 	25   	-824.187	-800.978	-800.602	1.74303 
79 	25   	-825.553	-800.911	-800.602	1.58787 
80 	25   	-811.585	-800.818	-800.602	0.904922
81 	25   	-838.387	-800.838	-800.602	1.92511 
82 	25   	-819.377	-800.744	-800.602	1.02061 
83 	25   	-817    	-800.772	-800.602	1.19792 
84 	25   	-813.796	-800.746	-800.602	0.921828
85 	25   	-820.638	-800.779	-800.602	1.21031 
86 	25   	-804.222	-800.678	-800.602	0.393777
87 	25   	-842.347	-800.88 	-800.602	2.2444  
88 	25   	-808.959	-800.723	-800.602	0.740799
89 	25   	-810.886	-800.755	-800.602	0.931257
90 	25   	-823.585	-800.776	-800.602	1.47973 
91 	25   	-818.301	-800.734	-800.602	1.09588 
92 	25   	-813.796	-800.763	-800.602	1.02597 
93 	25   	-814.252	-800.739	-800.602	0.829672
94 	25   	-807.046	-800.669	-800.602	0.471753
95 	25   	-810.886	-800.79 	-800.602	0.985447
96 	25   	-808.959	-800.678	-800.602	0.540201
97 	25   	-837.398	-800.748	-800.602	1.74274 
98 	25   	-803.301	-800.662	-800.602	0.302177
99 	25   	-810.62 	-800.752	-800.602	0.752071
