% function evaluation | noise-free fitness - Fopt (2.997000000000e+01) | best noise-free fitness - Fopt | measured fitness | best measured fitness | x1 | x2...
1 +1.773964217e+03 +1.773964217e+03 +1.803934217e+03 +1.803934217e+03 +0.0000e+00 +0.0000e+00 +0.0000e+00 +0.0000e+00 +0.0000e+00 +0.0000e+00 +0.0000e+00 +0.0000e+00 +0.0000e+00 +0.0000e+00 +0.0000e+00 +0.0000e+00 +0.0000e+00 +0.0000e+00 +0.0000e+00 +0.0000e+00 +0.0000e+00 +0.0000e+00 +0.0000e+00 +0.0000e+00
135 +1.732786445e+03 +1.732786445e+03 +1.762756445e+03 +1.762756445e+03 +4.4187e-02 +6.7925e-01 +2.3147e-01 +4.2716e-02 +8.9690e-01 +8.4148e-01 +5.3225e-02 +7.9967e-02 +4.4581e-01 +6.4449e-01 +4.1244e-01 +5.0502e-01 +6.8613e-01 +8.9516e-01 +2.7416e-02 +3.0920e-01 +3.6685e-01 +6.1440e-01 +3.2714e-01 +5.6799e-02
6378 +1.677262077e+03 +1.677262077e+03 +1.707232077e+03 +1.707232077e+03 +6.6516e-01 +3.2383e-01 +6.1084e-02 +1.4022e-01 +7.0875e-01 +4.4007e-01 +2.0917e-01 +3.9602e-01 +2.8297e-01 +8.3853e-01 +8.7238e-01 +3.4683e-02 +6.0318e-01 +8.3485e-01 +1.8757e-01 +6.0212e-01 +6.2492e-02 +2.3473e-01 +7.8498e-01 +3.8672e-01
15968 +1.641538406e+03 +1.641538406e+03 +1.671508406e+03 +1.671508406e+03 +5.8697e-01 +5.8778e-01 +6.1084e-02 +3.4174e-02 +9.1337e-01 +8.1459e-01 +1.7290e-01 +1.6461e-01 +2.6298e-02 +3.2890e-01 +1.7168e-01 +6.6225e-02 +8.8137e-01 +8.6670e-01 +9.3908e-01 +3.5699e-01 +6.4213e-02 +5.3913e-02 +8.8197e-01 +5.9999e-01
38965 +1.612880296e+03 +1.612880296e+03 +1.642850296e+03 +1.642850296e+03 +2.4766e-01 +2.1774e-01 +7.1241e-02 +4.2716e-02 +9.1337e-01 +8.1459e-01 +1.7290e-01 +4.7541e-02 +2.6298e-02 +1.9143e-01 +9.9242e-01 +5.8871e-02 +7.5106e-01 +8.0281e-01 +2.8244e-01 +7.7026e-01 +6.4213e-02 +5.3913e-02 +8.8197e-01 +5.9999e-01
% function evaluation | noise-free fitness - Fopt (-5.171000000000e+01) | best noise-free fitness - Fopt | measured fitness | best measured fitness | x1 | x2...
1 +2.449644894e+03 +2.449644894e+03 +2.397934894e+03 +2.397934894e+03 +0.0000e+00 +0.0000e+00 +0.0000e+00 +0.0000e+00 +0.0000e+00 +0.0000e+00 +0.0000e+00 +0.0000e+00 +0.0000e+00 +0.0000e+00 +0.0000e+00 +0.0000e+00 +0.0000e+00 +0.0000e+00 +0.0000e+00 +0.0000e+00 +0.0000e+00 +0.0000e+00 +0.0000e+00 +0.0000e+00
2 +2.367261557e+03 +2.367261557e+03 +2.315551557e+03 +2.315551557e+03 +6.3752e-01 +6.9585e-01 +3.4743e-01 +2.2197e-01 +9.3908e-01 +8.6082e-02 +3.9077e-01 +8.5480e-01 +4.5615e-01 +6.7216e-01 +5.7959e-03 +7.1952e-01 +3.2545e-01 +2.6292e-01 +3.6053e-01 +4.4168e-01 +8.2172e-01 +7.4865e-01 +9.2107e-01 +9.5385e-01
4 +2.292074240e+03 +2.292074240e+03 +2.240364240e+03 +2.240364240e+03 +8.9510e-01 +8.2215e-01 +4.0140e-02 +7.2544e-01 +6.3247e-01 +9.3335e-01 +9.6293e-02 +6.3263e-01 +2.3437e-01 +8.5383e-01 +9.7097e-01 +9.8421e-01 +7.3666e-01 +3.0344e-01 +4.9005e-01 +9.8066e-01 +6.7276e-01 +5.4085e-01 +3.8888e-01 +6.2711e-01
81 +2.273271411e+03 +2.273271411e+03 +2.221561411e+03 +2.221561411e+03 +4.5208e-01 +5.1870e-01 +8.9067e-01 +2.6282e-02 +6.5412e-01 +8.0445e-01 +1.8785e-01 +1.2080e-01 +5.1518e-02 +3.1598e-01 +7.3719e-01 +4.3510e-01 +6.3287e-01 +1.2630e-02 +4.8466e-01 +7.5330e-01 +4.4334e-02 +3.7473e-01 +5.6129e-01 +7.5649e-01
1542 +2.235952502e+03 +2.235952502e+03 +2.184242502e+03 +2.184242502e+03 +8.4478e-01 +6.0905e-01 +2.0082e-01 +8.2200e-02 +4.9729e-01 +8.4578e-01 +3.2864e-01 +1.2080e-01 +5.1518e-02 +3.1598e-01 +7.3719e-01 +4.3510e-01 +6.3287e-01 +1.2630e-02 +4.8466e-01 +7.5330e-01 +4.4334e-02 +3.7473e-01 +5.6129e-01 +7.5649e-01
29373 +2.178210494e+03 +2.178210494e+03 +2.126500494e+03 +2.126500494e+03 +6.9401e-01 +8.5215e-01 +4.2426e-01 +2.8779e-01 +7.3948e-01 +9.9070e-01 +6.5484e-02 +6.8201e-01 +5.3387e-04 +2.4679e-02 +8.5143e-01 +7.2987e-01 +4.8812e-01 +1.8844e-02 +1.5504e-01 +9.1777e-01 +2.2350e-02 +5.6281e-01 +2.9317e-01 +8.2375e-01
% function evaluation | noise-free fitness - Fopt (-2.799500000000e+02) | best noise-free fitness - Fopt | measured fitness | best measured fitness | x1 | x2...
1 +2.018658347e+03 +2.018658347e+03 +1.738708347e+03 +1.738708347e+03 +0.0000e+00 +0.0000e+00 +0.0000e+00 +0.0000e+00 +0.0000e+00 +0.0000e+00 +0.0000e+00 +0.0000e+00 +0.0000e+00 +0.0000e+00 +0.0000e+00 +0.0000e+00 +0.0000e+00 +0.0000e+00 +0.0000e+00 +0.0000e+00 +0.0000e+00 +0.0000e+00 +0.0000e+00 +0.0000e+00
13 +1.947466167e+03 +1.947466167e+03 +1.667516167e+03 +1.667516167e+03 +1.1578e-01 +2.1069e-01 +9.6013e-01 +1.8395e-02 +5.5517e-02 +2.1042e-02 +1.6607e-01 +4.1225e-01 +9.6367e-01 +3.2282e-01 +7.7418e-01 +2.0909e-01 +1.2525e-01 +1.0524e-01 +9.5372e-01 +1.7127e-01 +2.1476e-01 +8.0414e-01 +6.4482e-01 +2.1186e-01
16125 +1.903362155e+03 +1.903362155e+03 +1.623412155e+03 +1.623412155e+03 +8.7259e-01 +4.0271e-01 +8.0593e-01 +8.5704e-01 +1.2299e-01 +1.7804e-01 +9.7109e-02 +5.2486e-01 +6.2069e-01 +8.8570e-02 +1.3617e-01 +1.5424e-02 +5.8919e-02 +2.8312e-01 +7.1139e-01 +9.7723e-01 +8.1731e-01 +7.5818e-01 +7.7540e-01 +2.9450e-01
32317 +1.860985800e+03 +1.860985800e+03 +1.581035800e+03 +1.581035800e+03 +1.6403e-01 +3.5531e-01 +9.6495e-01 +1.6509e-01 +4.2205e-02 +2.6779e-01 +9.3559e-01 +1.5746e-01 +7.1416e-01 +8.8570e-02 +1.3617e-01 +1.5424e-02 +5.8919e-02 +2.8312e-01 +7.1139e-01 +9.7723e-01 +8.1731e-01 +7.5818e-01 +7.7540e-01 +2.9450e-01
% function evaluation | noise-free fitness - Fopt (9.319900000000e+02) | best noise-free fitness - Fopt | measured fitness | best measured fitness | x1 | x2...
1 +1.926286861e+03 +1.926286861e+03 +2.858276861e+03 +2.858276861e+03 +0.0000e+00 +0.0000e+00 +0.0000e+00 +0.0000e+00 +0.0000e+00 +0.0000e+00 +0.0000e+00 +0.0000e+00 +0.0000e+00 +0.0000e+00 +0.0000e+00 +0.0000e+00 +0.0000e+00 +0.0000e+00 +0.0000e+00 +0.0000e+00 +0.0000e+00 +0.0000e+00 +0.0000e+00 +0.0000e+00
8 +1.837309704e+03 +1.837309704e+03 +2.769299704e+03 +2.769299704e+03 +6.0568e-01 +8.0302e-01 +7.6931e-01 +5.9489e-01 +5.5668e-01 +4.2402e-01 +9.5093e-01 +3.6513e-01 +2.5953e-02 +4.1013e-01 +5.0919e-01 +6.8375e-01 +6.4331e-01 +3.5000e-01 +8.4346e-01 +1.3374e-01 +4.1304e-02 +2.3069e-01 +4.1819e-01 +9.2339e-01
29 +1.798035067e+03 +1.798035067e+03 +2.730025067e+03 +2.730025067e+03 +1.8606e-01 +3.5226e-01 +1.9290e-01 +1.1292e-01 +7.0989e-01 +6.8378e-02 +5.4850e-01 +3.1161e-01 +6.3747e-01 +8.3033e-01 +5.1123e-01 +7.7949e-01 +4.0818e-01 +3.2886e-01 +7.6410e-01 +8.1292e-01 +6.3244e-01 +3.6825e-02 +6.7899e-01 +5.0812e-01
94 +1.757876277e+03 +1.757876277e+03 +2.689866277e+03 +2.689866277e+03 +9.6490e-01 +8.9696e-01 +7.7337e-01 +2.1512e-01 +9.5477e-01 +4.8111e-01 +2.2686e-01 +3.0327e-01 +4.1435e-01 +6.1483e-01 +4.0311e-01 +8.6840e-01 +6.1671e-01 +9.3119e-02 +9.5989e-01 +4.9107e-01 +4.7421e-01 +8.4739e-03 +8.9417e-01 +6.5416e-01
3421 +1.722527297e+03 +1.722527297e+03 +2.654517297e+03 +2.654517297e+03 +7.9554e-01 +7.8751e-01 +2.0422e-01 +4.5999e-01 +1.9566e-01 +2.2922e-01 +1.1636e-01 +1.1726e-01 +1.3912e-01 +8.8039e-01 +9.2847e-01 +8.6840e-01 +6.1671e-01 +9.3119e-02 +9.5989e-01 +4.9107e-01 +8.1281e-03 +3.3486e-01 +4.8640e-01 +1.4169e-01
12157 +1.696115840e+03 +1.696115840e+03 +2.628105840e+03 +2.628105840e+03 +6.3757e-01 +5.1751e-01 +2.7044e-01 +7.5701e-02 +2.5493e-01 +1.3061e-01 +1.1636e-01 +7.1957e-03 +1.3912e-01 +8.8039e-01 +9.2847e-01 +8.6840e-01 +6.1671e-01 +9.3119e-02 +9.5989e-01 +4.9107e-01 +8.1281e-03 +3.7364e-01 +7.6240e-01 +7.8381e-01
55380 +1.657757226e+03 +1.657757226e+03 +2.589747226e+03 +2.589747226e+03 +9.2485e-01 +9.7035e-01 +4.6042e-01 +3.2592e-01 +7.1261e-01 +2.0631e-03 +2.4625e-01 +7.1957e-03 +1.3912e-01 +9.8591e-01 +9.2847e-01 +1.8839e-01 +3.0465e-01 +6.4956e-01 +7.3958e-01 +6.9290e-01 +8.1281e-03 +4.8752e-01 +8.6676e-01 +8.3002e-02
% function evaluation | noise-free fitness - Fopt (1.133100000000e+02) | best noise-free fitness - Fopt | measured fitness | best measured fitness | x1 | x2...
1 +2.068050719e+03 +2.068050719e+03 +2.181360719e+03 +2.181360719e+03 +0.0000e+00 +0.0000e+00 +0.0000e+00 +0.0000e+00 +0.0000e+00 +0.0000e+00 +0.0000e+00 +0.0000e+00 +0.0000e+00 +0.0000e+00 +0.0000e+00 +0.0000e+00 +0.0000e+00 +0.0000e+00 +0.0000e+00 +0.0000e+00 +0.0000e+00 +0.0000e+00 +0.0000e+00 +0.0000e+00
2 +2.024123356e+03 +2.024123356e+03 +2.137433356e+03 +2.137433356e+03 +7.0710e-01 +2.4360e-01 +1.4057e-01 +5.1531e-01 +9.4190e-01 +1.5945e-01 +9.9091e-01 +5.4462e-01 +7.4369e-01 +8.8625e-01 +2.4910e-01 +4.4414e-01 +5.4582e-01 +5.2352e-04 +2.9617e-01 +8.0139e-01 +2.9041e-01 +9.2404e-01 +4.0294e-01 +8.5985e-01
5 +1.973051488e+03 +1.973051488e+03 +2.086361488e+03 +2.086361488e+03 +9.0981e-01 +7.7577e-01 +4.5712e-01 +9.2525e-01 +4.6611e-01 +2.6127e-01 +8.6974e-01 +4.7448e-01 +5.6438e-01 +7.0592e-01 +2.3769e-01 +4.7964e-01 +2.2769e-01 +3.3244e-01 +5.2579e-01 +7.3854e-01 +6.8659e-01 +1.9604e-01 +4.5982e-01 +3.2062e-01
16 +1.909455336e+03 +1.909455336e+03 +2.022765336e+03 +2.022765336e+03 +9.7287e-01 +8.8997e-01 +8.4947e-01 +7.5713e-01 +6.6252e-01 +4.3015e-01 +2.3333e-01 +7.3601e-01 +6.2343e-01 +6.4216e-02 +3.3444e-02 +1.0893e-01 +1.4039e-02 +8.8175e-02 +1.7342e-01 +8.2102e-01 +6.6018e-01 +4.1625e-01 +8.0311e-01 +3.3327e-01
104 +1.904603658e+03 +1.904603658e+03 +2.017913658e+03 +2.017913658e+03 +9.4962e-01 +7.3518e-01 +9.7545e-01 +4.4831e-01 +8.0885e-01 +8.1592e-01 +3.9970e-01 +1.6882e-01 +6.9668e-01 +9.3894e-01 +9.1555e-02 +6.7156e-01 +7.8889e-02 +7.5108e-01 +2.0914e-01 +3.6612e-01 +1.7793e-01 +6.3991e-01 +1.7963e-01 +1.1789e-01
4410 +1.815417930e+03 +1.815417930e+03 +1.928727930e+03 +1.928727930e+03 +9.9540e-01 +7.9699e-01 +2.1368e-01 +9.8926e-01 +5.7163e-01 +2.8719e-01 +7.1401e-01 +2.1780e-03 +9.4415e-01 +7.2217e-02 +9.7533e-02 +6.7406e-01 +2.3109e-01 +1.3924e-01 +7.1280e-01 +7.7850e-01 +2.6437e-01 +9.5397e-01 +8.1136e-01 +1.9694e-01
17106 +1.740200074e+03 +1.740200074e+03 +1.853510074e+03 +1.853510074e+03 +1.4008e-01 +8.8824e-01 +7.3756e-01 +9.3237e-01 +8.4544e-01 +4.4457e-01 +2.2063e-01 +4.6053e-01 +6.2891e-01 +1.2826e-02 +7.3980e-02 +9.6335e-01 +1.2485e-02 +2.2021e-02 +2.2689e-01 +8.5429e-01 +6.0858e-01 +9.0216e-01 +1.3003e-02 +3.1879e-02
21929 +1.723854746e+03 +1.723854746e+03 +1.837164746e+03 +1.837164746e+03 +9.4662e-01 +7.3518e-01 +9.7545e-01 +8.5989e-01 +4.5235e-01 +6.5896e-01 +2.2063e-01 +4.6053e-01 +6.2891e-01 +1.2826e-02 +7.3980e-02 +9.6335e-01 +1.2485e-02 +2.2021e-02 +2.2689e-01 +8.5429e-01 +6.0858e-01 +9.0216e-01 +1.3003e-02 +3.1879e-02
% function evaluation | noise-free fitness - Fopt (-1.223200000000e+02) | best noise-free fitness - Fopt | measured fitness | best measured fitness | x1 | x2...
1 +1.989065753e+03 +1.989065753e+03 +1.866745753e+03 +1.866745753e+03 +0.0000e+00 +0.0000e+00 +0.0000e+00 +0.0000e+00 +0.0000e+00 +0.0000e+00 +0.0000e+00 +0.0000e+00 +0.0000e+00 +0.0000e+00 +0.0000e+00 +0.0000e+00 +0.0000e+00 +0.0000e+00 +0.0000e+00 +0.0000e+00 +0.0000e+00 +0.0000e+00 +0.0000e+00 +0.0000e+00
6 +1.944071220e+03 +1.944071220e+03 +1.821751220e+03 +1.821751220e+03 +1.8503e-01 +4.5965e-01 +6.6967e-01 +5.4693e-01 +7.6505e-01 +6.1888e-02 +5.6205e-01 +5.5708e-01 +2.1759e-01 +5.7691e-01 +2.9401e-01 +7.8777e-01 +9.0374e-01 +7.7266e-01 +6.4196e-01 +2.1541e-01 +2.4164e-02 +8.1964e-01 +9.2152e-01 +7.4638e-01
25 +1.860019711e+03 +1.860019711e+03 +1.737699711e+03 +1.737699711e+03 +9.1008e-01 +1.3556e-01 +3.4850e-01 +8.6719e-01 +8.6229e-01 +4.2889e-01 +5.2707e-01 +4.6516e-01 +7.6978e-01 +2.9555e-01 +1.1312e-01 +7.8207e-01 +6.2791e-01 +2.2023e-01 +5.1052e-01 +3.6557e-03 +1.6568e-02 +8.4477e-01 +1.7790e-01 +6.9819e-01
70 +1.816366900e+03 +1.816366900e+03 +1.694046900e+03 +1.694046900e+03 +5.9278e-01 +2.3466e-01 +6.5788e-01 +8.8389e-01 +4.1403e-02 +5.1779e-01 +5.3578e-01 +2.5188e-01 +6.8899e-01 +4.7495e-02 +2.7639e-03 +8.2355e-01 +3.8331e-01 +8.8384e-01 +8.9442e-01 +7.5293e-01 +9.1563e-01 +6.9803e-01 +6.0466e-01 +2.7242e-01
607 +1.776985860e+03 +1.776985860e+03 +1.654665860e+03 +1.654665860e+03 +1.3972e-02 +4.8501e-02 +8.8210e-01 +7.9348e-01 +5.2905e-01 +2.3900e-01 +3.4090e-01 +1.1989e-01 +3.5774e-01 +3.2697e-02 +5.8522e-02 +7.3397e-01 +7.7900e-02 +3.0441e-01 +8.0431e-01 +8.3522e-01 +6.5111e-01 +6.8504e-01 +9.8971e-01 +9.6208e-01
7308 +1.717235072e+03 +1.717235072e+03 +1.594915072e+03 +1.594915072e+03 +1.3972e-02 +4.8501e-02 +8.8210e-01 +7.9348e-01 +9.8822e-01 +5.8899e-01 +4.2388e-01 +2.1622e-01 +5.7974e-01 +3.0672e-02 +2.3998e-02 +8.4017e-01 +1.1585e-01 +8.9676e-01 +4.9774e-01 +7.9491e-01 +6.3113e-01 +3.1259e-01 +4.7652e-03 +8.3201e-01
24912 +1.687063359e+03 +1.687063359e+03 +1.564743359e+03 +1.564743359e+03 +1.5430e-01 +3.5084e-02 +5.4381e-01 +7.9348e-01 +9.8822e-01 +5.8899e-01 +4.2388e-01 +2.1622e-01 +5.7974e-01 +3.0672e-02 +2.3998e-02 +8.4017e-01 +1.1585e-01 +8.9676e-01 +4.9774e-01 +7.9491e-01 +6.3113e-01 +7.9226e-01 +1.3869e-01 +9.2918e-01
% function evaluation | noise-free fitness - Fopt (1.556000000000e+01) | best noise-free fitness - Fopt | measured fitness | best measured fitness | x1 | x2...
1 +1.693623616e+03 +1.693623616e+03 +1.709183616e+03 +1.709183616e+03 +0.0000e+00 +0.0000e+00 +0.0000e+00 +0.0000e+00 +0.0000e+00 +0.0000e+00 +0.0000e+00 +0.0000e+00 +0.0000e+00 +0.0000e+00 +0.0000e+00 +0.0000e+00 +0.0000e+00 +0.0000e+00 +0.0000e+00 +0.0000e+00 +0.0000e+00 +0.0000e+00 +0.0000e+00 +0.0000e+00
3 +1.513047493e+03 +1.513047493e+03 +1.528607493e+03 +1.528607493e+03 +1.7864e-01 +1.7053e-01 +6.3693e-01 +1.7964e-02 +2.1860e-01 +3.0971e-01 +6.4046e-01 +8.9713e-01 +9.6568e-01 +9.2845e-01 +7.2083e-01 +2.4640e-02 +9.5043e-01 +7.6062e-01 +7.8951e-01 +1.5124e-01 +7.1440e-01 +8.8879e-01 +9.2378e-01 +2.2595e-01
14 +1.469557754e+03 +1.469557754e+03 +1.485117754e+03 +1.485117754e+03 +2.1895e-01 +6.5607e-01 +8.2384e-01 +3.1262e-02 +4.4689e-01 +5.1598e-01 +2.7625e-01 +9.0469e-02 +5.2879e-01 +6.0432e-01 +8.8278e-01 +3.5865e-01 +1.8926e-01 +8.5133e-01 +9.6414e-01 +3.6161e-01 +3.8978e-01 +1.5374e-01 +8.9797e-01 +4.8274e-01
37 +1.442140701e+03 +1.442140701e+03 +1.457700701e+03 +1.457700701e+03 +2.0167e-01 +1.6573e-01 +9.8705e-01 +7.5204e-01 +7.2457e-01 +3.3444e-01 +5.8793e-02 +8.2982e-01 +9.7116e-01 +2.5274e-01 +8.6952e-01 +8.8714e-01 +4.4008e-01 +6.8661e-01 +1.8841e-01 +1.0931e-02 +6.6719e-01 +4.8867e-01 +9.2346e-01 +5.1913e-01
120 +1.407210653e+03 +1.407210653e+03 +1.422770653e+03 +1.422770653e+03 +1.1000e-01 +1.2024e-01 +2.3863e-01 +1.3952e-01 +5.9396e-01 +6.1093e-01 +7.6983e-01 +8.2362e-01 +3.6909e-01 +4.1714e-02 +9.1661e-01 +1.2490e-01 +8.4339e-01 +5.1909e-01 +5.4783e-01 +9.7142e-01 +7.3791e-02 +5.3646e-01 +8.1155e-01 +4.2206e-02
2453 +1.365863087e+03 +1.365863087e+03 +1.381423087e+03 +1.381423087e+03 +7.7194e-02 +4.6909e-01 +7.8704e-01 +6.1952e-01 +6.9723e-01 +5.8545e-01 +2.0257e-02 +3.7444e-01 +4.5255e-02 +2.9188e-01 +9.4477e-01 +8.8743e-01 +9.1224e-01 +8.9931e-01 +6.4495e-01 +5.7729e-01 +3.6839e-01 +2.0854e-01 +9.4365e-01 +1.0400e-01
22551 +1.327916991e+03 +1.327916991e+03 +1.343476991e+03 +1.343476991e+03 +1.7705e-01 +2.3680e-02 +3.8080e-01 +3.1548e-01 +7.1678e-01 +6.8879e-01 +1.5077e-01 +5.4516e-01 +4.5255e-02 +1.7540e-01 +9.4477e-01 +8.8743e-01 +9.1224e-01 +8.9931e-01 +6.4495e-01 +5.7729e-01 +3.6839e-01 +2.0854e-01 +9.4365e-01 +1.0400e-01
52221 +1.312754499e+03 +1.312754499e+03 +1.328314499e+03 +1.328314499e+03 +4.6729e-02 +1.3351e-01 +7.6888e-01 +2.7298e-01 +9.3537e-01 +9.1596e-01 +5.3752e-01 +1.9356e-01 +9.2909e-01 +3.1862e-02 +9.4477e-01 +8.8743e-01 +9.1224e-01 +8.9931e-01 +6.4495e-01 +5.7729e-01 +7.8124e-01 +7.7892e-01 +6.2647e-01 +3.9223e-01
55084 +1.278517311e+03 +1.278517311e+03 +1.294077311e+03 +1.294077311e+03 +4.6729e-02 +1.3351e-01 +7.6888e-01 +2.7298e-01 +9.3537e-01 +9.1596e-01 +5.3752e-01 +1.9356e-01 +9.2909e-01 +3.1862e-02 +9.4477e-01 +8.8743e-01 +9.1224e-01 +8.9931e-01 +6.4495e-01 +5.7729e-01 +5.8028e-01 +8.6611e-01 +9.7589e-01 +9.2489e-02
% function evaluation | noise-free fitness - Fopt (1.000000000000e+03) | best noise-free fitness - Fopt | measured fitness | best measured fitness | x1 | x2...
1 +2.451409028e+03 +2.451409028e+03 +3.451409028e+03 +3.451409028e+03 +0.0000e+00 +0.0000e+00 +0.0000e+00 +0.0000e+00 +0.0000e+00 +0.0000e+00 +0.0000e+00 +0.0000e+00 +0.0000e+00 +0.0000e+00 +0.0000e+00 +0.0000e+00 +0.0000e+00 +0.0000e+00 +0.0000e+00 +0.0000e+00 +0.0000e+00 +0.0000e+00 +0.0000e+00 +0.0000e+00
34 +2.355246391e+03 +2.355246391e+03 +3.355246391e+03 +3.355246391e+03 +4.6816e-01 +2.3393e-02 +7.4696e-01 +1.4763e-02 +2.0555e-01 +4.5554e-01 +3.9319e-01 +9.8542e-01 +3.8136e-01 +1.8057e-01 +5.9560e-01 +6.6880e-01 +2.3361e-02 +2.9709e-01 +5.0097e-01 +4.3376e-01 +6.3335e-01 +5.9985e-01 +9.1819e-04 +5.9012e-01
117 +2.342742867e+03 +2.342742867e+03 +3.342742867e+03 +3.342742867e+03 +9.4154e-01 +4.4460e-01 +9.0773e-01 +6.3702e-01 +7.3054e-01 +5.4095e-01 +7.5428e-01 +8.2735e-01 +1.5201e-01 +6.5520e-01 +7.8243e-01 +5.4539e-02 +8.7643e-01 +8.8919e-01 +2.1199e-01 +4.1060e-02 +6.6761e-01 +1.0048e-01 +2.9662e-01 +1.3727e-02
694 +2.284442877e+03 +2.284442877e+03 +3.284442877e+03 +3.284442877e+03 +7.1001e-01 +3.5006e-01 +1.2058e-01 +8.0993e-01 +9.1888e-02 +2.4743e-02 +8.4429e-01 +4.4805e-01 +5.1743e-01 +3.9937e-01 +9.1066e-01 +2.4001e-01 +5.6105e-01 +8.6154e-01 +8.9416e-02 +5.7531e-01 +5.6022e-01 +1.9627e-01 +2.8095e-01 +8.2047e-01
2717 +2.227784691e+03 +2.227784691e+03 +3.227784691e+03 +3.227784691e+03 +1.3647e-01 +5.8597e-01 +4.5109e-01 +8.3224e-01 +4.7132e-01 +9.9761e-01 +5.6881e-01 +8.6554e-01 +2.8673e-01 +4.8739e-01 +6.2659e-01 +4.3985e-02 +6.5786e-03 +8.3734e-01 +3.7599e-02 +6.9702e-01 +4.6050e-01 +6.1716e-01 +2.5725e-01 +9.2992e-01
10362 +2.187629435e+03 +2.187629435e+03 +3.187629435e+03 +3.187629435e+03 +3.7291e-01 +6.0473e-02 +6.0772e-01 +8.3224e-01 +4.7132e-01 +9.9761e-01 +5.6881e-01 +8.6554e-01 +2.8673e-01 +4.8739e-01 +6.2659e-01 +4.3985e-02 +6.5786e-03 +8.3734e-01 +3.7599e-02 +6.9702e-01 +4.6050e-01 +6.1716e-01 +2.5725e-01 +9.2992e-01
71274 +2.137280971e+03 +2.137280971e+03 +3.137280971e+03 +3.137280971e+03 +2.1649e-02 +3.0844e-02 +1.8400e-02 +8.3224e-01 +8.9481e-01 +1.9789e-01 +9.8807e-01 +9.8068e-01 +3.6029e-01 +4.5777e-02 +5.7429e-01 +4.3985e-02 +6.5786e-03 +8.3734e-01 +3.5361e-03 +3.4541e-01 +7.9367e-01 +1.2495e-01 +7.8728e-01 +7.1742e-01
% function evaluation | noise-free fitness - Fopt (1.177400000000e+02) | best noise-free fitness - Fopt | measured fitness | best measured fitness | x1 | x2...
1 +1.962662543e+03 +1.962662543e+03 +2.080402543e+03 +2.080402543e+03 +0.0000e+00 +0.0000e+00 +0.0000e+00 +0.0000e+00 +0.0000e+00 +0.0000e+00 +0.0000e+00 +0.0000e+00 +0.0000e+00 +0.0000e+00 +0.0000e+00 +0.0000e+00 +0.0000e+00 +0.0000e+00 +0.0000e+00 +0.0000e+00 +0.0000e+00 +0.0000e+00 +0.0000e+00 +0.0000e+00
3 +1.921074936e+03 +1.921074936e+03 +2.038814936e+03 +2.038814936e+03 +1.3474e-01 +8.3455e-01 +8.5122e-01 +8.1081e-01 +8.9155e-02 +1.6499e-01 +4.3543e-01 +8.9056e-01 +6.1613e-01 +7.6416e-01 +5.1034e-02 +3.4387e-01 +9.6940e-01 +6.5905e-01 +1.5090e-01 +3.0051e-01 +2.2322e-01 +2.5422e-01 +6.6010e-01 +7.5687e-01
4 +1.886514298e+03 +1.886514298e+03 +2.004254298e+03 +2.004254298e+03 +6.3693e-01 +4.9884e-01 +3.7942e-01 +9.5856e-01 +1.2651e-02 +3.2088e-01 +7.3166e-01 +2.3812e-01 +6.9312e-01 +7.7164e-01 +6.4222e-01 +3.3235e-01 +6.6368e-01 +6.2358e-02 +2.7540e-01 +2.1009e-01 +4.2466e-01 +5.7927e-01 +1.1006e-01 +3.4092e-01
26 +1.858441941e+03 +1.858441941e+03 +1.976181941e+03 +1.976181941e+03 +6.9318e-01 +1.3811e-01 +6.0244e-01 +3.5827e-01 +7.7369e-01 +6.3877e-02 +3.6219e-01 +1.1828e-01 +7.4249e-01 +8.3926e-01 +1.1089e-01 +4.6313e-01 +5.3445e-01 +5.0722e-01 +4.8422e-01 +8.6422e-01 +8.9005e-01 +4.1727e-01 +8.2479e-01 +6.7812e-01
41 +1.800043003e+03 +1.800043003e+03 +1.917783003e+03 +1.917783003e+03 +5.5032e-01 +7.8630e-01 +1.6451e-01 +5.0726e-01 +1.4255e-01 +5.8516e-01 +9.9701e-02 +3.3282e-01 +8.1930e-01 +2.3288e-01 +4.6627e-01 +1.4167e-01 +6.4380e-01 +1.8359e-01 +7.7753e-01 +7.9296e-01 +5.6597e-01 +9.2091e-01 +6.7816e-01 +3.3165e-01
91 +1.759463979e+03 +1.759463979e+03 +1.877203979e+03 +1.877203979e+03 +9.1978e-01 +3.0659e-01 +6.0355e-02 +7.9531e-01 +6.0581e-01 +1.9733e-01 +1.1747e-01 +4.8252e-01 +8.7477e-02 +9.7887e-02 +7.7938e-02 +8.4793e-01 +9.0059e-01 +7.0939e-01 +7.8394e-01 +2.9180e-01 +5.8717e-01 +3.4967e-01 +9.0021e-01 +4.8067e-03
646 +1.735173479e+03 +1.735173479e+03 +1.852913479e+03 +1.852913479e+03 +7.4374e-02 +2.5564e-02 +3.8513e-02 +3.3963e-01 +2.2550e-01 +1.6452e-01 +2.9880e-01 +4.6252e-01 +4.5070e-01 +1.4255e-01 +2.7905e-01 +2.5311e-01 +9.8618e-01 +1.4441e-01 +6.6265e-01 +8.4037e-01 +9.0968e-01 +6.4617e-01 +8.3295e-01 +2.1978e-01
11997 +1.680343446e+03 +1.680343446e+03 +1.798083446e+03 +1.798083446e+03 +9.3784e-01 +5.8090e-01 +4.6979e-01 +7.7153e-01 +3.6456e-01 +3.1093e-01 +7.3351e-02 +5.0689e-01 +7.9655e-01 +1.3151e-02 +1.9084e-01 +9.8102e-01 +8.8195e-01 +2.2051e-01 +8.9516e-01 +9.3592e-01 +8.0818e-01 +1.6500e-01 +7.4760e-01 +6.0628e-03
39000 +1.650529688e+03 +1.650529688e+03 +1.768269688e+03 +1.768269688e+03 +6.5579e-01 +2.7285e-01 +4.2006e-01 +9.5140e-01 +2.4998e-01 +8.4818e-02 +7.3351e-02 +5.0689e-01 +7.9655e-01 +1.3151e-02 +1.9084e-01 +9.8102e-01 +8.8195e-01 +2.2051e-01 +8.9516e-01 +9.3592e-01 +9.7530e-01 +3.3746e-01 +7.6468e-01 +2.8870e-01
55301 +1.600312185e+03 +1.600312185e+03 +1.718052185e+03 +1.718052185e+03 +7.3330e-01 +2.1132e-01 +3.0447e-01 +9.5140e-01 +2.4998e-01 +1.9053e-03 +7.3351e-02 +5.0689e-01 +8.8639e-01 +1.3151e-02 +1.9084e-01 +6.8838e-01 +8.8195e-01 +1.6475e-01 +8.9516e-01 +9.9363e-01 +8.8703e-01 +2.8458e-02 +9.7960e-01 +1.8911e-01
94203 +1.577887611e+03 +1.577887611e+03 +1.695627611e+03 +1.695627611e+03 +9.0874e-01 +1.6208e-01 +1.3379e-01 +9.9139e-01 +2.4998e-01 +1.9053e-03 +7.3351e-02 +5.0689e-01 +8.8639e-01 +1.3151e-02 +1.9084e-01 +6.8838e-01 +8.8195e-01 +1.6475e-01 +8.9516e-01 +9.9363e-01 +8.8703e-01 +2.8458e-02 +9.9639e-01 +1.8911e-01
% function evaluation | noise-free fitness - Fopt (-4.670000000000e+01) | best noise-free fitness - Fopt | measured fitness | best measured fitness | x1 | x2...
1 +1.918927901e+03 +1.918927901e+03 +1.872227901e+03 +1.872227901e+03 +0.0000e+00 +0.0000e+00 +0.0000e+00 +0.0000e+00 +0.0000e+00 +0.0000e+00 +0.0000e+00 +0.0000e+00 +0.0000e+00 +0.0000e+00 +0.0000e+00 +0.0000e+00 +0.0000e+00 +0.0000e+00 +0.0000e+00 +0.0000e+00 +0.0000e+00 +0.0000e+00 +0.0000e+00 +0.0000e+00
3 +1.852577567e+03 +1.852577567e+03 +1.805877567e+03 +1.805877567e+03 +1.4333e-01 +7.8106e-01 +1.6348e-01 +6.4109e-01 +4.4696e-01 +2.0012e-01 +1.4229e-01 +5.1362e-01 +3.6444e-01 +6.6932e-01 +2.3059e-01 +7.9240e-01 +3.3965e-01 +7.0756e-01 +3.9367e-01 +9.4070e-01 +4.8983e-01 +8.0366e-01 +8.0788e-01 +9.8617e-01
16 +1.807000370e+03 +1.807000370e+03 +1.760300370e+03 +1.760300370e+03 +1.3129e-01 +5.2267e-01 +2.8243e-01 +3.1609e-01 +8.5961e-01 +9.6249e-01 +2.7870e-01 +6.7695e-01 +7.3693e-02 +9.0648e-01 +1.3135e-01 +7.0784e-01 +7.7865e-01 +1.7729e-01 +3.7463e-02 +1.0747e-01 +6.4721e-02 +5.9258e-01 +7.8934e-01 +6.0776e-01
23 +1.765998868e+03 +1.765998868e+03 +1.719298868e+03 +1.719298868e+03 +4.9948e-01 +6.2601e-01 +4.0687e-01 +1.3101e-01 +9.7512e-01 +5.1216e-01 +5.7175e-01 +3.6214e-01 +4.2355e-01 +6.3128e-01 +4.8894e-01 +2.2149e-01 +1.0866e-01 +6.8576e-01 +9.9796e-02 +5.0443e-01 +5.8149e-01 +6.4532e-01 +7.1065e-01 +5.1439e-01
160 +1.728054873e+03 +1.728054873e+03 +1.681354873e+03 +1.681354873e+03 +7.7901e-01 +8.8365e-01 +2.7139e-02 +2.4942e-01 +7.0033e-01 +6.3297e-01 +5.6175e-01 +3.4522e-01 +4.8286e-01 +2.4328e-02 +1.0829e-01 +2.1101e-01 +7.3529e-01 +7.5021e-01 +1.9043e-01 +6.8992e-01 +9.2119e-03 +8.9579e-01 +1.4265e-01 +4.3570e-01
5588 +1.679819653e+03 +1.679819653e+03 +1.633119653e+03 +1.633119653e+03 +4.1953e-01 +9.7341e-01 +2.7202e-01 +1.1729e-01 +9.3920e-01 +2.3600e-01 +8.8041e-01 +5.9279e-01 +4.3372e-01 +4.4165e-01 +9.9450e-03 +1.9707e-02 +1.1589e-01 +7.0756e-01 +7.8014e-01 +9.4070e-01 +4.8983e-01 +8.0366e-01 +8.0788e-01 +3.6434e-01
24612 +1.641545855e+03 +1.641545855e+03 +1.594845855e+03 +1.594845855e+03 +8.2144e-01 +9.9000e-01 +2.0597e-01 +1.1729e-01 +9.3920e-01 +2.3600e-01 +2.0435e-01 +5.8563e-03 +2.1939e-01 +2.9209e-01 +6.1993e-01 +4.4716e-02 +3.2537e-01 +9.3573e-01 +6.0277e-01 +9.7245e-01 +1.1853e-01 +7.3542e-01 +8.4234e-01 +7.5851e-02
59026 +1.612716090e+03 +1.612716090e+03 +1.566016090e+03 +1.566016090e+03 +8.2144e-01 +9.9000e-01 +2.0597e-01 +1.7323e-01 +9.3920e-01 +7.9282e-01 +7.1676e-01 +9.1419e-01 +4.4610e-01 +8.8639e-01 +3.3954e-01 +1.9707e-02 +6.8012e-01 +9.4878e-01 +6.0277e-01 +8.5564e-01 +1.0567e-01 +7.3298e-01 +9.3375e-01 +2.4062e-02
% function evaluation | noise-free fitness - Fopt (8.287000000000e+01) | best noise-free fitness - Fopt | measured fitness | best measured fitness | x1 | x2...
1 +2.212610498e+03 +2.212610498e+03 +2.295480498e+03 +2.295480498e+03 +0.0000e+00 +0.0000e+00 +0.0000e+00 +0.0000e+00 +0.0000e+00 +0.0000e+00 +0.0000e+00 +0.0000e+00 +0.0000e+00 +0.0000e+00 +0.0000e+00 +0.0000e+00 +0.0000e+00 +0.0000e+00 +0.0000e+00 +0.0000e+00 +0.0000e+00 +0.0000e+00 +0.0000e+00 +0.0000e+00
4 +2.121442641e+03 +2.121442641e+03 +2.204312641e+03 +2.204312641e+03 +6.0463e-01 +5.2823e-01 +8.1501e-01 +7.4591e-01 +4.6888e-01 +4.0305e-01 +4.3905e-01 +3.9887e-01 +5.1864e-01 +8.3419e-01 +1.8593e-01 +3.7441e-01 +4.7791e-01 +7.4921e-01 +6.6344e-01 +4.7160e-01 +9.3751e-01 +9.2066e-01 +3.8637e-01 +7.1073e-01
16 +2.065244225e+03 +2.065244225e+03 +2.148114225e+03 +2.148114225e+03 +5.9254e-01 +7.3931e-01 +5.9296e-01 +8.5547e-01 +1.2514e-01 +5.9952e-01 +8.8182e-02 +3.0819e-01 +6.0270e-01 +3.0937e-01 +1.0888e-01 +1.5987e-01 +7.5536e-01 +4.1015e-01 +9.3306e-01 +2.5135e-01 +5.2188e-01 +2.7861e-02 +2.9269e-01 +7.7333e-01
19 +2.016371185e+03 +2.016371185e+03 +2.099241185e+03 +2.099241185e+03 +9.9592e-01 +8.4889e-01 +5.2455e-01 +8.0999e-01 +7.1609e-01 +7.9451e-01 +2.2593e-01 +9.3743e-01 +3.8786e-01 +1.4956e-01 +4.2521e-01 +9.0105e-02 +8.3923e-01 +9.1701e-01 +1.2182e-01 +9.7500e-01 +6.1499e-01 +9.8539e-01 +9.4959e-01 +3.5498e-01
1611 +1.940429836e+03 +1.940429836e+03 +2.023299836e+03 +2.023299836e+03 +5.7961e-01 +1.8906e-01 +8.7915e-01 +8.7867e-01 +9.4955e-01 +6.1274e-01 +1.3590e-01 +5.3956e-01 +8.7253e-01 +2.9833e-01 +4.7113e-02 +3.4537e-02 +9.3512e-01 +2.6915e-01 +6.6415e-02 +9.2171e-01 +6.6398e-01 +7.5066e-01 +9.5024e-01 +9.5283e-01
7176 +1.900689020e+03 +1.900689020e+03 +1.983559020e+03 +1.983559020e+03 +8.9100e-01 +2.3844e-01 +6.1270e-01 +9.6819e-01 +7.6957e-01 +8.8902e-01 +6.5428e-02 +4.9445e-01 +3.5794e-01 +4.8777e-02 +2.4767e-01 +3.2651e-02 +9.3350e-01 +3.1558e-01 +1.0802e-02 +3.3705e-01 +3.9324e-01 +8.8074e-01 +6.1020e-01 +9.7629e-01
% function evaluation | noise-free fitness - Fopt (-1.839000000000e+01) | best noise-free fitness - Fopt | measured fitness | best measured fitness | x1 | x2...
1 +1.689652337e+03 +1.689652337e+03 +1.671262337e+03 +1.671262337e+03 +0.0000e+00 +0.0000e+00 +0.0000e+00 +0.0000e+00 +0.0000e+00 +0.0000e+00 +0.0000e+00 +0.0000e+00 +0.0000e+00 +0.0000e+00 +0.0000e+00 +0.0000e+00 +0.0000e+00 +0.0000e+00 +0.0000e+00 +0.0000e+00 +0.0000e+00 +0.0000e+00 +0.0000e+00 +0.0000e+00
17 +1.631727331e+03 +1.631727331e+03 +1.613337331e+03 +1.613337331e+03 +3.1963e-01 +4.9397e-01 +2.7404e-01 +1.8925e-01 +4.5800e-01 +3.2793e-01 +9.2814e-02 +2.7725e-02 +9.0981e-01 +3.6376e-01 +1.4277e-02 +7.8679e-01 +9.0998e-01 +7.4363e-01 +9.6670e-01 +6.3828e-01 +2.7200e-01 +4.9550e-01 +6.3546e-01 +1.2831e-01
2573 +1.619253285e+03 +1.619253285e+03 +1.600863285e+03 +1.600863285e+03 +1.0625e-01 +8.7169e-01 +8.7536e-01 +7.0057e-02 +6.5642e-01 +9.1174e-02 +8.1536e-01 +1.3108e-01 +1.5753e-01 +2.4145e-02 +1.7866e-01 +6.0629e-01 +9.9311e-01 +6.5035e-01 +1.9440e-01 +1.9463e-01 +4.9008e-01 +8.6159e-01 +6.2397e-01 +1.4689e-01
11067 +1.577316514e+03 +1.577316514e+03 +1.558926514e+03 +1.558926514e+03 +1.0677e-01 +9.1906e-01 +4.2431e-01 +9.9110e-02 +1.8329e-01 +7.2208e-03 +4.3256e-01 +7.2824e-02 +7.1527e-01 +1.6858e-01 +2.2767e-02 +6.2348e-01 +7.3369e-01 +4.6730e-01 +6.3541e-01 +6.8487e-01 +7.4108e-01 +6.9083e-01 +3.9504e-01 +1.5740e-01
43722 +1.546543216e+03 +1.546543216e+03 +1.528153216e+03 +1.528153216e+03 +1.0625e-01 +8.4977e-01 +6.3077e-01 +9.9110e-02 +1.8329e-01 +7.2208e-03 +4.3256e-01 +7.2824e-02 +7.1527e-01 +1.6858e-01 +3.6643e-01 +9.4795e-01 +8.8601e-01 +9.6226e-01 +8.1774e-01 +8.8613e-01 +4.8542e-02 +9.2051e-02 +1.0856e-01 +2.8289e-01
% function evaluation | noise-free fitness - Fopt (1.426600000000e+02) | best noise-free fitness - Fopt | measured fitness | best measured fitness | x1 | x2...
1 +2.078368068e+03 +2.078368068e+03 +2.221028068e+03 +2.221028068e+03 +0.0000e+00 +0.0000e+00 +0.0000e+00 +0.0000e+00 +0.0000e+00 +0.0000e+00 +0.0000e+00 +0.0000e+00 +0.0000e+00 +0.0000e+00 +0.0000e+00 +0.0000e+00 +0.0000e+00 +0.0000e+00 +0.0000e+00 +0.0000e+00 +0.0000e+00 +0.0000e+00 +0.0000e+00 +0.0000e+00
2 +1.997612238e+03 +1.997612238e+03 +2.140272238e+03 +2.140272238e+03 +6.1504e-01 +9.2349e-01 +4.8872e-01 +5.5401e-01 +6.7544e-01 +7.4187e-01 +2.4525e-01 +7.6489e-01 +7.5220e-01 +2.8688e-01 +6.3666e-02 +7.2347e-01 +3.3869e-01 +3.2908e-01 +7.5638e-01 +1.3487e-01 +8.3789e-01 +6.8262e-01 +8.5884e-01 +4.1222e-01
16 +1.991597113e+03 +1.991597113e+03 +2.134257113e+03 +2.134257113e+03 +3.1236e-01 +8.3046e-01 +7.0871e-01 +5.8302e-01 +7.4816e-01 +7.3580e-02 +3.5118e-02 +7.3453e-01 +9.7635e-02 +7.2287e-01 +3.3910e-01 +5.2020e-01 +8.7576e-01 +2.5917e-01 +5.7979e-02 +4.8733e-01 +7.0244e-01 +6.1131e-01 +8.0968e-01 +3.3932e-01
34 +1.936743608e+03 +1.936743608e+03 +2.079403608e+03 +2.079403608e+03 +3.9040e-01 +9.9979e-01 +1.6672e-01 +1.6433e-01 +7.3396e-01 +6.9477e-02 +4.9499e-01 +6.1841e-01 +9.8414e-01 +3.5784e-02 +4.0909e-01 +9.0068e-01 +4.2292e-01 +7.1567e-01 +9.4055e-01 +6.3062e-01 +8.6589e-01 +9.9348e-01 +3.1002e-01 +2.9402e-02
2461 +1.897249351e+03 +1.897249351e+03 +2.039909351e+03 +2.039909351e+03 +3.1529e-01 +9.5537e-01 +6.2189e-02 +7.6336e-02 +5.8884e-01 +9.4324e-01 +2.8716e-01 +1.8069e-01 +9.3507e-01 +4.0985e-01 +8.5778e-01 +3.8816e-01 +6.4101e-01 +3.4575e-01 +4.2084e-01 +1.4882e-01 +9.8685e-01 +7.7062e-01 +9.6193e-01 +2.9803e-01
15002 +1.861085234e+03 +1.861085234e+03 +2.003745234e+03 +2.003745234e+03 +5.7661e-01 +7.2223e-01 +1.3057e-01 +2.2225e-01 +9.7016e-01 +5.8670e-02 +2.0736e-01 +7.3292e-01 +4.4744e-02 +1.4729e-01 +9.4409e-01 +3.1422e-01 +7.9387e-01 +1.3307e-02 +3.8266e-01 +9.6796e-01 +7.8727e-01 +1.7636e-01 +8.5869e-01 +3.0721e-01
51420 +1.818779393e+03 +1.818779393e+03 +1.961439393e+03 +1.961439393e+03 +3.1102e-01 +4.1765e-01 +5.7446e-01 +3.1567e-01 +9.7016e-01 +5.8670e-02 +2.1318e-02 +4.0819e-01 +8.4825e-01 +7.4152e-02 +9.3105e-01 +4.6053e-01 +7.9387e-01 +1.3307e-02 +7.0242e-01 +7.3227e-03 +8.0533e-01 +3.0189e-01 +8.3109e-01 +1.7145e-01
% function evaluation | noise-free fitness - Fopt (2.190000000000e+01) | best noise-free fitness - Fopt | measured fitness | best measured fitness | x1 | x2...
1 +1.773754113e+03 +1.773754113e+03 +1.795654113e+03 +1.795654113e+03 +0.0000e+00 +0.0000e+00 +0.0000e+00 +0.0000e+00 +0.0000e+00 +0.0000e+00 +0.0000e+00 +0.0000e+00 +0.0000e+00 +0.0000e+00 +0.0000e+00 +0.0000e+00 +0.0000e+00 +0.0000e+00 +0.0000e+00 +0.0000e+00 +0.0000e+00 +0.0000e+00 +0.0000e+00 +0.0000e+00
5 +1.651215279e+03 +1.651215279e+03 +1.673115279e+03 +1.673115279e+03 +4.3187e-01 +2.2547e-01 +7.9368e-01 +4.5006e-02 +3.0273e-01 +5.3183e-01 +4.8765e-01 +9.0109e-01 +1.4508e-01 +3.0774e-01 +3.8074e-01 +9.2662e-02 +3.7790e-01 +4.0422e-02 +6.7641e-01 +2.5560e-01 +1.5291e-01 +6.7368e-01 +9.2118e-01 +7.0716e-01
26 +1.589651918e+03 +1.589651918e+03 +1.611551918e+03 +1.611551918e+03 +9.7587e-01 +4.7398e-01 +7.9233e-01 +7.6064e-01 +8.9130e-01 +7.5318e-01 +2.2532e-01 +7.1672e-01 +6.9364e-01 +8.9974e-01 +1.0037e-02 +2.5741e-01 +4.3021e-01 +2.0611e-01 +4.0554e-01 +4.4189e-01 +2.9214e-01 +7.6253e-01 +5.9714e-01 +7.3828e-01
239 +1.566511792e+03 +1.566511792e+03 +1.588411792e+03 +1.588411792e+03 +8.9922e-01 +9.2356e-02 +5.8991e-01 +4.2694e-01 +9.5823e-01 +3.6030e-01 +6.0420e-01 +4.1860e-01 +1.4251e-01 +4.8685e-01 +8.1155e-01 +1.4721e-02 +5.3661e-02 +2.3181e-01 +5.6506e-01 +9.3706e-01 +6.6732e-01 +7.3077e-01 +5.6786e-01 +3.8793e-01
2851 +1.533438408e+03 +1.533438408e+03 +1.555338408e+03 +1.555338408e+03 +8.9922e-01 +9.2356e-02 +5.8991e-01 +4.2694e-01 +9.5823e-01 +3.6030e-01 +6.0420e-01 +4.1860e-01 +1.4251e-01 +4.8685e-01 +8.1155e-01 +1.4721e-02 +5.3661e-02 +2.3181e-01 +5.6506e-01 +9.3706e-01 +7.5141e-02 +6.9593e-01 +5.6008e-01 +3.3810e-01
11077 +1.505635249e+03 +1.505635249e+03 +1.527535249e+03 +1.527535249e+03 +8.5554e-01 +6.0047e-01 +9.0796e-01 +5.4702e-01 +8.8364e-01 +7.9606e-01 +2.7016e-02 +8.5777e-01 +3.5282e-01 +9.8528e-01 +9.8081e-01 +4.2854e-01 +5.3661e-02 +2.3181e-01 +2.7834e-02 +8.9329e-01 +6.5403e-02 +5.6104e-01 +9.1923e-01 +3.1180e-01
35390 +1.466446910e+03 +1.466446910e+03 +1.488346910e+03 +1.488346910e+03 +9.4806e-01 +9.9992e-02 +6.8095e-01 +1.3052e-02 +9.0048e-01 +7.0843e-01 +6.9586e-01 +8.8620e-01 +3.5282e-01 +9.8528e-01 +9.8081e-01 +4.2854e-01 +5.3661e-02 +2.3181e-01 +2.7834e-02 +8.9329e-01 +1.3532e-02 +2.4983e-01 +3.0756e-01 +9.1474e-01
% function evaluation | noise-free fitness - Fopt (-3.787000000000e+01) | best noise-free fitness - Fopt | measured fitness | best measured fitness | x1 | x2...
1 +1.920965977e+03 +1.920965977e+03 +1.883095977e+03 +1.883095977e+03 +0.0000e+00 +0.0000e+00 +0.0000e+00 +0.0000e+00 +0.0000e+00 +0.0000e+00 +0.0000e+00 +0.0000e+00 +0.0000e+00 +0.0000e+00 +0.0000e+00 +0.0000e+00 +0.0000e+00 +0.0000e+00 +0.0000e+00 +0.0000e+00 +0.0000e+00 +0.0000e+00 +0.0000e+00 +0.0000e+00
9 +1.852544198e+03 +1.852544198e+03 +1.814674198e+03 +1.814674198e+03 +5.8226e-01 +4.5065e-01 +5.4229e-01 +2.2290e-01 +9.0468e-01 +4.6272e-01 +4.8675e-01 +6.7050e-01 +8.1895e-01 +8.6496e-01 +8.2647e-01 +9.6634e-01 +2.4118e-01 +8.2857e-01 +7.4134e-01 +8.1144e-02 +7.4652e-01 +5.0785e-01 +6.6463e-01 +1.0101e-01
65 +1.803296465e+03 +1.803296465e+03 +1.765426465e+03 +1.765426465e+03 +6.2084e-01 +4.9675e-02 +7.7861e-01 +5.7897e-01 +9.0875e-01 +6.9083e-01 +1.9834e-01 +7.9276e-01 +8.3706e-01 +4.7258e-01 +3.7322e-02 +1.6791e-01 +1.3093e-01 +4.1087e-01 +7.1765e-02 +7.8120e-01 +4.7714e-01 +1.5220e-01 +7.5881e-01 +1.1533e-02
195 +1.718194972e+03 +1.718194972e+03 +1.680324972e+03 +1.680324972e+03 +9.5812e-01 +9.6765e-01 +7.5028e-01 +6.4697e-01 +1.8001e-01 +2.8432e-01 +1.1277e-01 +7.0881e-01 +1.5640e-01 +1.3627e-01 +8.4449e-01 +1.2826e-01 +4.5592e-01 +9.8692e-01 +6.2506e-01 +7.0298e-01 +5.8802e-02 +2.9577e-01 +9.9879e-01 +1.1399e-02
8189 +1.662353848e+03 +1.662353848e+03 +1.624483848e+03 +1.624483848e+03 +6.1778e-01 +7.3412e-02 +8.7173e-01 +2.2558e-01 +8.9363e-02 +1.1579e-01 +1.0990e-01 +9.9608e-01 +8.7202e-01 +6.4248e-01 +3.4003e-01 +1.2966e-01 +1.7373e-02 +8.2343e-01 +2.9009e-01 +1.2344e-02 +3.1660e-01 +9.1959e-02 +4.4810e-01 +5.5984e-02
12217 +1.629808459e+03 +1.629808459e+03 +1.591938459e+03 +1.591938459e+03 +9.8192e-01 +7.3412e-02 +8.7173e-01 +2.2558e-01 +8.9363e-02 +1.1579e-01 +1.0990e-01 +9.9608e-01 +8.7202e-01 +6.4248e-01 +3.4003e-01 +1.2966e-01 +1.7373e-02 +8.2343e-01 +2.9009e-01 +1.2344e-02 +3.1660e-01 +9.1959e-02 +4.4810e-01 +5.5984e-02
70577 +1.611042068e+03 +1.611042068e+03 +1.573172068e+03 +1.573172068e+03 +9.8192e-01 +7.3412e-02 +8.7173e-01 +2.2558e-01 +8.9363e-02 +1.1579e-01 +1.0990e-01 +9.9608e-01 +8.7202e-01 +6.4248e-01 +3.4003e-01 +1.2966e-01 +1.7373e-02 +8.2343e-01 +2.9009e-01 +1.2344e-02 +3.1660e-01 +9.1959e-02 +9.6400e-01 +1.1947e-01
