% function evaluation | noise-free fitness - Fopt (-1.694000000000e+01) | best noise-free fitness - Fopt | measured fitness | best measured fitness | x1 | x2...
1 +3.707168231e+01 +3.707168231e+01 +2.013168231e+01 +2.013168231e+01 +0.0000e+00 +0.0000e+00 +0.0000e+00 +0.0000e+00 +0.0000e+00 +0.0000e+00 +0.0000e+00 +0.0000e+00 +0.0000e+00 +0.0000e+00 +0.0000e+00 +0.0000e+00 +0.0000e+00 +0.0000e+00 +0.0000e+00 +0.0000e+00 +0.0000e+00 +0.0000e+00 +0.0000e+00 +0.0000e+00
5 +3.360181980e+01 +3.360181980e+01 +1.666181980e+01 +1.666181980e+01 +9.4987e-01 +4.8595e-01 +4.7709e-02 +6.0855e-01 +1.5781e-01 +8.0351e-01 +9.4889e-01 +7.8219e-01 +6.6931e-01 +6.9927e-01 +8.3863e-02 +9.4678e-01 +6.4089e-01 +1.8116e-01 +6.2833e-01 +1.1802e-01 +4.5074e-01 +1.6539e-02 +6.0913e-01 +4.4465e-01
6 +3.182327780e+01 +3.182327780e+01 +1.488327780e+01 +1.488327780e+01 +9.9403e-01 +4.4311e-01 +3.8842e-01 +3.4733e-03 +9.5259e-01 +9.6688e-03 +6.7554e-01 +9.4972e-01 +8.9896e-02 +1.1471e-01 +1.9664e-01 +5.7223e-01 +7.9517e-01 +1.4975e-01 +4.5582e-01 +6.7660e-01 +1.3419e-01 +3.8801e-01 +2.1207e-01 +3.9777e-01
18 +2.913189148e+01 +2.913189148e+01 +1.219189148e+01 +1.219189148e+01 +1.6551e-01 +6.8245e-01 +2.0436e-02 +3.1817e-01 +9.8783e-01 +6.5412e-01 +4.3025e-01 +9.8921e-01 +9.4529e-01 +5.2871e-01 +4.8413e-01 +6.1954e-01 +1.4970e-01 +6.1748e-01 +7.4988e-02 +8.1343e-01 +4.0758e-01 +8.8869e-01 +4.1598e-01 +2.2755e-01
57 +2.635559386e+01 +2.635559386e+01 +9.415593858e+00 +9.415593858e+00 +1.9827e-01 +1.6691e-01 +2.1602e-01 +5.8647e-01 +8.2983e-01 +6.7546e-01 +7.5021e-03 +8.9158e-01 +8.8733e-01 +1.8337e-01 +8.7456e-01 +8.4653e-01 +3.8397e-01 +1.3446e-01 +2.4095e-01 +1.6977e-01 +5.1695e-01 +1.9297e-01 +6.6993e-01 +7.4193e-01
72 +2.524994834e+01 +2.524994834e+01 +8.309948340e+00 +8.309948340e+00 +5.4016e-01 +6.6333e-01 +3.1112e-02 +3.4321e-01 +4.7804e-01 +4.6617e-01 +9.5338e-01 +1.2376e-01 +3.0446e-01 +3.3608e-02 +7.2274e-01 +4.0371e-01 +5.5709e-01 +5.9486e-02 +2.7826e-01 +6.6042e-01 +3.6383e-01 +7.4082e-01 +2.7455e-02 +7.4492e-01
123 +2.464782350e+01 +2.464782350e+01 +7.707823505e+00 +7.707823505e+00 +5.2632e-01 +3.1597e-01 +4.4084e-01 +1.5974e-01 +8.6015e-01 +9.4442e-01 +9.4045e-01 +8.0533e-01 +5.9105e-01 +8.8269e-01 +9.1537e-01 +4.3898e-01 +1.0032e-01 +1.2001e-01 +6.2042e-01 +7.1920e-02 +1.5217e-01 +9.4447e-01 +4.7685e-01 +3.2274e-01
315 +2.241404135e+01 +2.241404135e+01 +5.474041350e+00 +5.474041350e+00 +5.4600e-01 +2.8009e-01 +3.0162e-01 +5.6465e-01 +6.1844e-01 +9.7245e-01 +2.8640e-01 +8.9536e-01 +4.9096e-01 +1.4553e-01 +8.1330e-01 +8.0935e-01 +5.2996e-02 +9.0437e-01 +9.7469e-01 +5.9251e-01 +9.2040e-01 +9.7919e-01 +5.9308e-03 +7.9489e-01
485 +2.180039772e+01 +2.180039772e+01 +4.860397717e+00 +4.860397717e+00 +4.4312e-01 +2.3453e-01 +4.4057e-01 +6.5501e-02 +5.8578e-01 +4.0284e-01 +7.7721e-01 +5.3305e-01 +9.7146e-02 +3.7938e-01 +6.6721e-01 +6.8341e-01 +5.4432e-01 +2.5373e-01 +9.8320e-01 +5.2959e-01 +3.8386e-01 +9.4036e-01 +8.2061e-02 +6.5980e-01
782 +1.999924722e+01 +1.999924722e+01 +3.059247223e+00 +3.059247223e+00 +7.0991e-01 +1.0469e-01 +9.9297e-02 +1.4433e-01 +9.9071e-01 +3.9782e-01 +8.5737e-01 +8.9536e-01 +4.9096e-01 +1.4553e-01 +8.1330e-01 +8.0935e-01 +5.2996e-02 +9.0437e-01 +9.7469e-01 +5.9251e-01 +9.2040e-01 +9.7919e-01 +5.9308e-03 +7.9489e-01
1614 +1.938262714e+01 +1.938262714e+01 +2.442627136e+00 +2.442627136e+00 +4.4233e-01 +3.2750e-01 +5.3747e-01 +6.8929e-01 +4.2224e-01 +9.0708e-01 +2.8699e-01 +1.2466e-01 +9.2720e-01 +1.0809e-01 +9.9776e-01 +8.4869e-02 +4.8325e-01 +2.1281e-02 +8.6205e-01 +7.0516e-01 +7.4778e-01 +8.8481e-01 +2.3308e-01 +7.3965e-01
9293 +1.884961929e+01 +1.884961929e+01 +1.909619292e+00 +1.909619292e+00 +1.6551e-01 +6.8245e-01 +2.0436e-02 +3.1817e-01 +9.8783e-01 +6.5412e-01 +4.3025e-01 +9.9002e-01 +9.4529e-01 +5.2871e-01 +8.9625e-01 +3.2682e-01 +1.9105e-01 +3.3078e-03 +8.4012e-01 +2.1007e-01 +9.3605e-01 +8.7947e-01 +6.1657e-01 +3.5270e-01
18748 +1.740212478e+01 +1.740212478e+01 +4.621247776e-01 +4.621247776e-01 +6.4018e-01 +8.9641e-01 +5.6391e-02 +7.3252e-01 +5.1711e-01 +9.8383e-01 +4.9647e-01 +1.2957e-01 +3.8805e-01 +3.3407e-01 +4.0925e-01 +4.6534e-01 +4.2793e-01 +2.1281e-02 +8.6205e-01 +7.2715e-01 +8.4048e-01 +5.6992e-01 +1.5823e-01 +4.3056e-01
41462 +1.698995180e+01 +1.698995180e+01 +4.995179869e-02 +4.995179869e-02 +6.4018e-01 +8.9641e-01 +5.6391e-02 +7.3252e-01 +5.1711e-01 +9.8383e-01 +4.9647e-01 +1.2957e-01 +3.8805e-01 +3.3407e-01 +4.0925e-01 +4.6534e-01 +4.2793e-01 +2.1281e-02 +8.6205e-01 +7.2715e-01 +8.4048e-01 +6.2432e-01 +3.0299e-01 +4.0432e-01
45364 +1.690771040e+01 +1.690771040e+01 -3.228960024e-02 -3.228960024e-02 +6.4018e-01 +8.9641e-01 +5.6391e-02 +7.3252e-01 +5.1711e-01 +9.8383e-01 +4.9647e-01 +1.2957e-01 +3.8805e-01 +3.3407e-01 +4.0925e-01 +4.6534e-01 +4.2793e-01 +2.1281e-02 +8.6205e-01 +7.2715e-01 +8.4048e-01 +6.2432e-01 +3.0299e-01 +7.4401e-01
% function evaluation | noise-free fitness - Fopt (1.881000000000e+01) | best noise-free fitness - Fopt | measured fitness | best measured fitness | x1 | x2...
1 +1.544776293e+01 +1.544776293e+01 +3.425776293e+01 +3.425776293e+01 +0.0000e+00 +0.0000e+00 +0.0000e+00 +0.0000e+00 +0.0000e+00 +0.0000e+00 +0.0000e+00 +0.0000e+00 +0.0000e+00 +0.0000e+00 +0.0000e+00 +0.0000e+00 +0.0000e+00 +0.0000e+00 +0.0000e+00 +0.0000e+00 +0.0000e+00 +0.0000e+00 +0.0000e+00 +0.0000e+00
2 +1.009839629e+01 +1.009839629e+01 +2.890839629e+01 +2.890839629e+01 +2.9147e-01 +1.2425e-01 +7.2573e-01 +5.6697e-02 +8.8028e-01 +4.3679e-01 +8.0847e-01 +2.8733e-01 +1.1713e-01 +6.6501e-01 +7.0649e-01 +3.0358e-01 +1.4478e-01 +5.8346e-02 +3.9926e-01 +1.1811e-01 +5.6890e-01 +9.6788e-01 +4.6013e-01 +6.7953e-01
15 +7.862509003e+00 +7.862509003e+00 +2.667250900e+01 +2.667250900e+01 +5.0642e-01 +2.4816e-01 +7.9528e-01 +2.0286e-01 +1.3012e-01 +4.1945e-01 +6.2146e-01 +9.7139e-01 +1.5587e-01 +2.3471e-02 +3.4511e-01 +8.2470e-01 +9.8736e-01 +1.0540e-01 +4.4076e-01 +2.7281e-01 +2.5458e-02 +2.8441e-02 +7.4948e-01 +3.4662e-01
83 +7.747017199e+00 +7.747017199e+00 +2.655701720e+01 +2.655701720e+01 +2.4454e-01 +9.6949e-01 +6.9476e-01 +4.8750e-01 +1.7523e-01 +3.8809e-01 +6.8158e-01 +8.7228e-01 +5.0360e-02 +1.2160e-02 +2.2068e-01 +3.5907e-01 +8.5877e-02 +3.8990e-01 +5.6130e-01 +8.7246e-01 +2.9488e-01 +3.8696e-01 +2.8018e-01 +9.3438e-01
463 +7.337082213e+00 +7.337082213e+00 +2.614708221e+01 +2.614708221e+01 +5.8892e-01 +3.0124e-01 +1.2728e-01 +1.4897e-01 +4.6351e-01 +9.2860e-01 +8.6110e-01 +7.2345e-01 +5.4207e-02 +3.1949e-01 +9.5757e-02 +4.3746e-01 +1.1507e-01 +7.2501e-01 +3.2202e-01 +4.8392e-02 +4.2153e-01 +8.2474e-01 +7.2973e-01 +8.1606e-01
1849 +6.967885072e+00 +6.967885072e+00 +2.577788507e+01 +2.577788507e+01 +1.1733e-01 +3.9804e-01 +5.6310e-01 +8.0126e-01 +7.3188e-01 +3.6022e-02 +9.3625e-01 +7.9789e-01 +2.2009e-01 +6.1452e-01 +6.1553e-02 +9.7919e-01 +9.3330e-01 +1.2910e-01 +2.6430e-01 +8.7471e-02 +3.0712e-01 +7.5697e-01 +6.7762e-01 +4.5516e-01
3780 +6.724391323e+00 +6.724391323e+00 +2.553439132e+01 +2.553439132e+01 +2.6116e-01 +2.2473e-01 +5.6310e-01 +8.0126e-01 +7.3188e-01 +3.6022e-02 +9.3625e-01 +7.9789e-01 +2.2009e-01 +6.1452e-01 +6.1553e-02 +9.7919e-01 +9.3330e-01 +1.2910e-01 +2.6430e-01 +8.7471e-02 +3.0712e-01 +7.5697e-01 +6.7762e-01 +4.5516e-01
5346 +6.466857458e+00 +6.466857458e+00 +2.527685746e+01 +2.527685746e+01 +8.4551e-01 +5.8930e-02 +7.5802e-01 +6.5760e-01 +9.6019e-01 +4.7328e-01 +6.6418e-01 +7.5725e-01 +6.7918e-01 +3.1069e-02 +9.8092e-01 +2.0000e-01 +1.7602e-01 +4.9058e-01 +1.1478e-01 +2.1811e-01 +6.3280e-01 +7.2540e-01 +7.9056e-01 +5.2081e-01
20960 +6.301929763e+00 +6.301929763e+00 +2.511192976e+01 +2.511192976e+01 +6.0509e-01 +4.7681e-01 +6.8207e-01 +2.0230e-01 +9.6019e-01 +4.3148e-01 +8.3782e-01 +2.8912e-01 +6.1167e-01 +9.4672e-01 +8.6926e-01 +8.3159e-01 +8.0058e-01 +4.7836e-01 +1.7513e-01 +7.2712e-01 +2.6428e-01 +9.7600e-01 +1.3691e-02 +9.8205e-01
% function evaluation | noise-free fitness - Fopt (2.731500000000e+02) | best noise-free fitness - Fopt | measured fitness | best measured fitness | x1 | x2...
1 +3.571434203e+01 +3.571434203e+01 +3.088643420e+02 +3.088643420e+02 +0.0000e+00 +0.0000e+00 +0.0000e+00 +0.0000e+00 +0.0000e+00 +0.0000e+00 +0.0000e+00 +0.0000e+00 +0.0000e+00 +0.0000e+00 +0.0000e+00 +0.0000e+00 +0.0000e+00 +0.0000e+00 +0.0000e+00 +0.0000e+00 +0.0000e+00 +0.0000e+00 +0.0000e+00 +0.0000e+00
115 +3.425575409e+01 +3.425575409e+01 +3.074057541e+02 +3.074057541e+02 +7.0414e-01 +4.8876e-01 +8.7405e-01 +7.4549e-01 +6.7373e-01 +1.9470e-01 +7.4008e-02 +7.5021e-02 +4.1059e-01 +8.2193e-01 +2.1702e-01 +7.6622e-01 +3.4202e-01 +8.0895e-02 +4.1701e-01 +6.1295e-01 +9.7875e-01 +3.2370e-02 +2.2880e-01 +5.3797e-01
598 +3.373739039e+01 +3.373739039e+01 +3.068873904e+02 +3.068873904e+02 +2.6167e-01 +5.2267e-01 +4.5510e-01 +7.9256e-01 +8.7849e-01 +2.0600e-01 +4.0651e-01 +5.4221e-01 +7.0656e-01 +8.3431e-01 +9.2809e-01 +6.0415e-01 +5.1174e-01 +5.5858e-01 +3.6415e-01 +1.6710e-01 +7.7721e-01 +7.3818e-01 +4.3972e-01 +1.2200e-01
5332 +3.096845218e+01 +3.096845218e+01 +3.041184522e+02 +3.041184522e+02 +4.2353e-01 +6.0358e-02 +7.7717e-01 +1.9850e-01 +2.1559e-02 +8.8653e-01 +3.2664e-01 +3.6724e-02 +6.6479e-01 +9.8959e-01 +8.9182e-01 +9.4951e-01 +3.1010e-01 +8.2051e-01 +6.6492e-01 +2.8811e-01 +7.6951e-01 +4.0996e-01 +1.2271e-01 +1.0147e-01
24394 +3.085123611e+01 +3.085123611e+01 +3.040012361e+02 +3.040012361e+02 +1.2286e-01 +7.7106e-01 +8.6369e-01 +8.9435e-01 +1.7291e-01 +3.4217e-01 +5.3972e-01 +6.8602e-01 +2.1545e-01 +8.0853e-01 +9.1878e-01 +6.7445e-01 +3.1010e-01 +8.2051e-01 +6.6492e-01 +3.2660e-03 +6.0224e-01 +1.3800e-01 +5.0948e-01 +2.1428e-01
61642 +2.962553189e+01 +2.962553189e+01 +3.027755319e+02 +3.027755319e+02 +6.2762e-01 +9.7632e-01 +8.2548e-02 +4.4754e-01 +3.2429e-01 +7.2183e-01 +2.2912e-02 +6.7215e-02 +2.2438e-01 +9.3200e-01 +4.2521e-01 +8.9425e-01 +3.1010e-01 +5.6019e-01 +9.3718e-01 +1.2243e-01 +7.7721e-01 +5.0350e-01 +5.1877e-01 +1.0147e-01
67693 +2.715736201e+01 +2.715736201e+01 +3.003073620e+02 +3.003073620e+02 +2.8456e-01 +9.7989e-01 +8.9641e-01 +7.7691e-01 +3.9836e-01 +2.7189e-01 +8.3316e-01 +1.1923e-01 +8.1732e-01 +3.2219e-01 +3.9345e-01 +9.4118e-01 +2.3443e-03 +6.1672e-01 +5.1946e-01 +3.3712e-04 +8.8560e-01 +6.7293e-02 +7.6148e-01 +1.5304e-01
% function evaluation | noise-free fitness - Fopt (3.718000000000e+01) | best noise-free fitness - Fopt | measured fitness | best measured fitness | x1 | x2...
1 +1.574854264e+01 +1.574854264e+01 +5.292854264e+01 +5.292854264e+01 +0.0000e+00 +0.0000e+00 +0.0000e+00 +0.0000e+00 +0.0000e+00 +0.0000e+00 +0.0000e+00 +0.0000e+00 +0.0000e+00 +0.0000e+00 +0.0000e+00 +0.0000e+00 +0.0000e+00 +0.0000e+00 +0.0000e+00 +0.0000e+00 +0.0000e+00 +0.0000e+00 +0.0000e+00 +0.0000e+00
2 +1.309410182e+01 +1.309410182e+01 +5.027410182e+01 +5.027410182e+01 +1.9304e-01 +3.9654e-02 +6.7604e-01 +4.4162e-01 +6.1988e-01 +2.7053e-01 +5.2173e-01 +2.3002e-01 +3.0203e-01 +6.7538e-01 +6.8483e-01 +2.4581e-01 +8.3352e-01 +8.2270e-01 +5.2263e-01 +3.4523e-01 +8.4469e-01 +9.8066e-01 +7.3250e-01 +2.4905e-01
4 +1.149803259e+01 +1.149803259e+01 +4.867803259e+01 +4.867803259e+01 +1.4195e-01 +8.2899e-01 +5.7071e-01 +2.8895e-01 +2.1081e-01 +8.6769e-01 +7.3528e-01 +2.7018e-01 +6.1712e-01 +1.2830e-01 +8.2972e-01 +1.2640e-01 +4.2394e-02 +9.2062e-01 +4.6346e-01 +9.8671e-01 +4.0745e-02 +4.1406e-01 +9.3404e-01 +6.1260e-02
11 +1.111793928e+01 +1.111793928e+01 +4.829793928e+01 +4.829793928e+01 +1.3826e-01 +1.4080e-01 +3.3388e-01 +8.0008e-01 +7.9522e-01 +5.9588e-01 +7.7420e-01 +4.2362e-01 +6.1952e-02 +7.5914e-01 +5.7774e-01 +5.7397e-01 +8.9156e-01 +9.3893e-01 +5.9219e-01 +7.8933e-01 +7.6225e-01 +5.5947e-01 +9.3563e-01 +8.9585e-01
47 +1.070257780e+01 +1.070257780e+01 +4.788257780e+01 +4.788257780e+01 +7.6516e-01 +7.4284e-01 +3.9418e-01 +6.9815e-01 +3.4385e-01 +5.8815e-02 +1.2427e-01 +3.2902e-01 +2.8251e-01 +2.6518e-01 +3.1209e-01 +2.6492e-01 +3.2634e-01 +5.3719e-01 +5.5606e-01 +1.7654e-01 +3.9859e-01 +9.9044e-01 +1.0682e-01 +5.8137e-01
56 +1.004943263e+01 +1.004943263e+01 +4.722943263e+01 +4.722943263e+01 +6.4777e-01 +5.3542e-01 +8.0823e-01 +4.5018e-01 +7.8218e-01 +1.9960e-01 +8.6020e-01 +8.4663e-01 +8.0554e-01 +4.6944e-01 +8.6444e-01 +6.2859e-02 +5.5699e-01 +8.1279e-01 +6.4530e-01 +6.0964e-01 +4.9595e-01 +4.4842e-02 +1.3409e-01 +6.4913e-01
139 +9.979497709e+00 +9.979497709e+00 +4.715949771e+01 +4.715949771e+01 +3.1377e-01 +8.9181e-01 +9.1446e-01 +8.8212e-02 +4.6409e-01 +9.1127e-01 +3.3869e-01 +3.9953e-01 +6.7350e-02 +9.9154e-01 +8.7705e-01 +2.4388e-02 +5.2384e-01 +6.7425e-01 +9.8914e-02 +5.8007e-01 +8.6200e-01 +1.4194e-02 +4.4142e-01 +1.5206e-01
155 +9.692103932e+00 +9.692103932e+00 +4.687210393e+01 +4.687210393e+01 +4.1632e-01 +6.8877e-01 +5.1865e-01 +7.8318e-01 +1.3429e-01 +4.2082e-01 +2.8840e-01 +4.9779e-01 +3.2208e-01 +4.3791e-01 +6.4688e-01 +9.5496e-01 +3.8802e-01 +1.6134e-02 +1.7643e-01 +7.1521e-01 +8.1170e-01 +5.4409e-01 +1.8709e-01 +6.6448e-01
159 +9.499257885e+00 +9.499257885e+00 +4.667925788e+01 +4.667925788e+01 +2.9060e-01 +7.1437e-01 +4.8502e-01 +4.4206e-01 +6.1878e-01 +9.8820e-01 +9.0959e-01 +2.1156e-01 +3.7115e-01 +7.5852e-01 +1.1261e-02 +2.7971e-01 +1.8928e-01 +6.8308e-01 +9.1898e-01 +8.6762e-01 +7.7813e-01 +5.6934e-01 +4.3079e-03 +6.9262e-01
164 +9.108951411e+00 +9.108951411e+00 +4.628895141e+01 +4.628895141e+01 +8.0610e-02 +4.2151e-01 +5.1609e-01 +5.7237e-01 +5.6150e-01 +6.9479e-01 +6.8766e-01 +4.8390e-01 +1.4466e-01 +2.4277e-01 +1.5830e-01 +2.5520e-01 +1.8528e-01 +6.2755e-02 +6.3765e-01 +6.1241e-01 +3.9123e-01 +6.0699e-01 +2.6210e-01 +9.3188e-02
650 +8.878581473e+00 +8.878581473e+00 +4.605858147e+01 +4.605858147e+01 +3.3883e-01 +9.1798e-01 +3.5386e-01 +5.0996e-01 +6.4616e-02 +5.2236e-01 +1.2369e-01 +9.4437e-02 +8.8133e-01 +9.5316e-01 +7.8688e-01 +7.5961e-01 +4.7281e-01 +4.8521e-01 +2.8369e-01 +7.2022e-01 +3.9603e-02 +6.2132e-01 +3.5419e-03 +4.2487e-01
1648 +8.185875732e+00 +8.185875732e+00 +4.536587573e+01 +4.536587573e+01 +9.1574e-02 +7.8217e-01 +6.1704e-01 +9.6682e-01 +7.1677e-01 +1.3750e-01 +2.6585e-01 +4.3364e-02 +8.5797e-01 +6.7231e-01 +4.7758e-01 +3.8290e-01 +3.9309e-02 +7.3917e-01 +9.2085e-01 +8.4901e-01 +5.6773e-01 +5.5179e-01 +4.3046e-01 +5.1254e-01
12987 +8.126614606e+00 +8.126614606e+00 +4.530661461e+01 +4.530661461e+01 +9.1574e-02 +7.8217e-01 +6.1704e-01 +9.6682e-01 +7.1677e-01 +1.3750e-01 +2.6585e-01 +4.3364e-02 +8.5797e-01 +6.7231e-01 +4.7758e-01 +3.8290e-01 +3.9309e-02 +7.3917e-01 +9.2085e-01 +8.4901e-01 +6.3318e-01 +5.5179e-01 +4.3046e-01 +5.1254e-01
51267 +7.843758162e+00 +7.843758162e+00 +4.502375816e+01 +4.502375816e+01 +1.6539e-01 +7.8217e-01 +6.1704e-01 +8.1862e-01 +7.6373e-01 +1.6331e-02 +5.0782e-01 +7.3550e-01 +5.9717e-02 +9.7516e-01 +8.1747e-01 +6.3926e-01 +1.4223e-01 +9.7705e-01 +5.7951e-01 +4.7259e-01 +1.6699e-01 +1.9312e-02 +3.8942e-02 +4.6996e-01
% function evaluation | noise-free fitness - Fopt (-1.479000000000e+02) | best noise-free fitness - Fopt | measured fitness | best measured fitness | x1 | x2...
1 +1.445935349e+01 +1.445935349e+01 -1.334406465e+02 -1.334406465e+02 +0.0000e+00 +0.0000e+00 +0.0000e+00 +0.0000e+00 +0.0000e+00 +0.0000e+00 +0.0000e+00 +0.0000e+00 +0.0000e+00 +0.0000e+00 +0.0000e+00 +0.0000e+00 +0.0000e+00 +0.0000e+00 +0.0000e+00 +0.0000e+00 +0.0000e+00 +0.0000e+00 +0.0000e+00 +0.0000e+00
2 +1.420380382e+01 +1.420380382e+01 -1.336961962e+02 -1.336961962e+02 +7.8727e-01 +1.0685e-01 +7.6574e-01 +1.6280e-02 +1.1521e-01 +3.6884e-01 +8.8963e-01 +5.2410e-01 +7.3939e-01 +4.5145e-01 +9.9962e-01 +4.2915e-01 +1.1150e-01 +4.3463e-01 +3.8390e-02 +8.8831e-01 +6.3423e-01 +9.9329e-01 +1.7801e-01 +4.8210e-01
6 +1.321578401e+01 +1.321578401e+01 -1.346842160e+02 -1.346842160e+02 +1.5907e-01 +4.7068e-01 +2.6696e-01 +5.3904e-01 +8.1000e-01 +5.3799e-03 +8.5368e-04 +6.6715e-01 +8.4555e-01 +8.2780e-01 +3.6455e-02 +8.5076e-01 +9.7659e-02 +8.8058e-01 +9.4923e-01 +1.1725e-01 +9.7354e-05 +1.5134e-01 +3.1472e-01 +5.7072e-01
9 +1.312470368e+01 +1.312470368e+01 -1.347752963e+02 -1.347752963e+02 +4.7771e-01 +5.9870e-01 +4.6628e-01 +9.5962e-01 +7.4962e-01 +9.7351e-02 +1.8312e-02 +5.1460e-01 +3.4642e-01 +8.5201e-01 +9.5450e-01 +9.0182e-01 +2.6158e-01 +2.3767e-01 +5.5082e-01 +2.1489e-02 +7.7184e-01 +3.0260e-01 +1.8867e-01 +4.5951e-01
16 +1.229445497e+01 +1.229445497e+01 -1.356055450e+02 -1.356055450e+02 +7.3775e-01 +9.1485e-01 +6.6941e-01 +3.6781e-01 +3.2490e-01 +1.2155e-01 +9.8397e-02 +8.5649e-01 +6.7646e-01 +6.6229e-02 +5.7576e-01 +8.6066e-01 +3.1148e-01 +2.5411e-01 +7.0166e-01 +8.7544e-01 +5.1139e-01 +2.7196e-01 +4.6689e-02 +8.4231e-01
22 +9.532242260e+00 +9.532242260e+00 -1.383677577e+02 -1.383677577e+02 +9.1224e-01 +8.3600e-01 +3.5089e-01 +3.0722e-01 +4.7337e-01 +3.3296e-01 +2.1143e-01 +5.3305e-02 +1.7078e-01 +4.1384e-01 +9.6782e-01 +7.5970e-01 +8.8687e-03 +4.5913e-01 +3.6611e-01 +9.8956e-01 +5.7692e-01 +1.9730e-01 +3.8886e-01 +3.4653e-01
43493 +9.285817775e+00 +9.285817775e+00 -1.386141822e+02 -1.386141822e+02 +4.4836e-01 +3.4360e-01 +2.0944e-01 +8.9303e-01 +7.6774e-01 +3.3296e-01 +3.9259e-01 +1.9365e-01 +9.2104e-01 +7.5706e-02 +1.4375e-01 +6.3145e-02 +8.4548e-01 +2.3346e-01 +2.6858e-01 +6.4024e-01 +3.1115e-01 +8.0916e-01 +6.8154e-01 +3.1128e-01
% function evaluation | noise-free fitness - Fopt (2.173800000000e+02) | best noise-free fitness - Fopt | measured fitness | best measured fitness | x1 | x2...
1 +1.360453292e+01 +1.360453292e+01 +2.309845329e+02 +2.309845329e+02 +0.0000e+00 +0.0000e+00 +0.0000e+00 +0.0000e+00 +0.0000e+00 +0.0000e+00 +0.0000e+00 +0.0000e+00 +0.0000e+00 +0.0000e+00 +0.0000e+00 +0.0000e+00 +0.0000e+00 +0.0000e+00 +0.0000e+00 +0.0000e+00 +0.0000e+00 +0.0000e+00 +0.0000e+00 +0.0000e+00
9 +1.096862811e+01 +1.096862811e+01 +2.283486281e+02 +2.283486281e+02 +9.5153e-03 +8.3974e-01 +9.2752e-01 +4.0112e-02 +8.6050e-01 +2.6101e-01 +9.5094e-01 +3.7480e-01 +3.4681e-01 +9.7095e-01 +3.7952e-01 +2.3812e-01 +6.6942e-01 +1.2383e-01 +4.6698e-01 +2.9745e-01 +9.8934e-01 +3.7985e-01 +9.3578e-01 +4.5272e-01
383 +1.062267163e+01 +1.062267163e+01 +2.280026716e+02 +2.280026716e+02 +9.8509e-01 +5.9594e-01 +5.2462e-01 +5.2046e-01 +3.9422e-02 +6.0421e-01 +6.1466e-01 +7.0389e-01 +5.0833e-01 +4.4318e-01 +9.4510e-01 +1.6765e-01 +2.5159e-01 +2.9641e-01 +1.9746e-02 +2.6790e-01 +6.6437e-01 +5.8684e-01 +6.9300e-01 +8.0274e-01
503 +9.950212686e+00 +9.950212686e+00 +2.273302127e+02 +2.273302127e+02 +8.5306e-01 +6.5334e-01 +2.5936e-01 +7.9983e-01 +2.2009e-02 +4.6264e-01 +1.0422e-01 +3.4606e-01 +4.8672e-01 +2.8622e-01 +3.4257e-02 +1.3754e-01 +1.7750e-01 +1.1122e-01 +2.9289e-01 +6.8274e-01 +5.5601e-01 +9.3046e-01 +9.3101e-01 +3.0498e-01
627 +9.564660258e+00 +9.564660258e+00 +2.269446603e+02 +2.269446603e+02 +1.4922e-01 +8.4763e-01 +3.2056e-01 +2.7870e-01 +5.2828e-01 +6.0252e-01 +8.6209e-02 +8.6537e-01 +8.2823e-01 +6.3639e-01 +9.0398e-01 +3.3854e-01 +4.6500e-03 +1.1538e-01 +7.2441e-01 +9.1500e-01 +2.2164e-01 +1.7531e-01 +5.7508e-01 +3.3564e-01
692 +9.405241064e+00 +9.405241064e+00 +2.267852411e+02 +2.267852411e+02 +2.2314e-01 +7.5603e-01 +4.9856e-01 +1.3889e-01 +1.0584e-01 +9.0260e-01 +1.6087e-01 +6.2269e-01 +5.0862e-01 +8.4759e-01 +4.3633e-01 +4.7527e-03 +1.9874e-01 +1.4959e-01 +4.1279e-01 +1.4164e-01 +7.7269e-01 +1.6963e-01 +1.6273e-01 +7.6010e-01
6606 +8.649597763e+00 +8.649597763e+00 +2.260295978e+02 +2.260295978e+02 +1.9543e-01 +3.0179e-01 +3.0815e-01 +3.1636e-01 +1.0457e-01 +6.2308e-01 +2.1352e-01 +2.5831e-01 +9.3866e-01 +9.8664e-01 +4.8777e-01 +4.3010e-01 +9.1676e-01 +2.8113e-01 +8.9039e-01 +3.4979e-01 +9.8668e-01 +7.6430e-01 +8.4509e-01 +9.8686e-01
50562 +8.264243525e+00 +8.264243525e+00 +2.256442435e+02 +2.256442435e+02 +2.2452e-01 +6.2939e-01 +6.7998e-02 +4.8669e-01 +3.3967e-02 +2.9440e-01 +2.1352e-01 +2.5831e-01 +2.6299e-01 +1.0076e-01 +9.3016e-01 +6.5853e-01 +1.1284e-01 +8.7249e-01 +3.6865e-01 +3.4979e-01 +3.9890e-01 +7.5811e-01 +9.0166e-01 +6.8700e-01
71200 +7.703068963e+00 +7.703068963e+00 +2.250830690e+02 +2.250830690e+02 +2.2452e-01 +6.2939e-01 +6.7998e-02 +4.8669e-01 +3.3967e-02 +2.9440e-01 +2.1352e-01 +2.5831e-01 +2.6299e-01 +1.0076e-01 +9.3016e-01 +6.5853e-01 +1.1284e-01 +8.7249e-01 +3.6865e-01 +3.4979e-01 +3.9890e-01 +7.5811e-01 +9.0166e-01 +8.0274e-01
% function evaluation | noise-free fitness - Fopt (1.946900000000e+02) | best noise-free fitness - Fopt | measured fitness | best measured fitness | x1 | x2...
1 +1.199099839e+01 +1.199099839e+01 +2.066809984e+02 +2.066809984e+02 +0.0000e+00 +0.0000e+00 +0.0000e+00 +0.0000e+00 +0.0000e+00 +0.0000e+00 +0.0000e+00 +0.0000e+00 +0.0000e+00 +0.0000e+00 +0.0000e+00 +0.0000e+00 +0.0000e+00 +0.0000e+00 +0.0000e+00 +0.0000e+00 +0.0000e+00 +0.0000e+00 +0.0000e+00 +0.0000e+00
2 +1.170602539e+01 +1.170602539e+01 +2.063960254e+02 +2.063960254e+02 +5.6145e-01 +4.6154e-01 +9.8998e-01 +9.9537e-01 +8.5006e-01 +1.0650e-01 +4.9633e-01 +6.1379e-01 +4.0876e-01 +6.2572e-02 +6.8260e-01 +2.6608e-01 +5.5121e-01 +6.1782e-01 +4.2285e-01 +8.6153e-01 +8.9138e-01 +7.0229e-01 +5.8852e-01 +6.2761e-01
3 +1.060146923e+01 +1.060146923e+01 +2.052914692e+02 +2.052914692e+02 +3.5483e-01 +7.0212e-01 +4.0441e-01 +7.6503e-01 +6.9129e-01 +6.9528e-02 +7.4420e-01 +9.5215e-01 +1.9274e-01 +2.6956e-01 +6.2711e-01 +8.7224e-01 +8.1633e-01 +9.4401e-01 +7.3833e-01 +4.9003e-02 +4.6709e-01 +1.7812e-01 +5.4779e-01 +5.6836e-01
4 +9.918373710e+00 +9.918373710e+00 +2.046083737e+02 +2.046083737e+02 +7.8638e-01 +6.0580e-01 +4.2403e-01 +7.6510e-01 +4.3172e-01 +5.7700e-01 +3.6574e-01 +6.7440e-01 +3.2513e-01 +5.0477e-01 +3.1555e-01 +3.9788e-01 +3.3657e-01 +9.4543e-01 +6.2490e-01 +9.4025e-02 +2.1631e-01 +3.5309e-01 +2.1178e-01 +7.1035e-01
28 +9.603340547e+00 +9.603340547e+00 +2.042933405e+02 +2.042933405e+02 +1.6674e-03 +1.4982e-01 +7.7214e-01 +6.2240e-01 +4.4905e-01 +8.0104e-01 +5.0083e-01 +9.0320e-01 +3.9915e-01 +4.6630e-01 +8.1956e-01 +2.3023e-01 +9.4075e-01 +1.0795e-01 +7.9763e-01 +3.0339e-01 +3.2797e-01 +1.1858e-01 +3.2823e-01 +9.1359e-01
65 +9.300877739e+00 +9.300877739e+00 +2.039908777e+02 +2.039908777e+02 +1.5591e-01 +2.8362e-01 +4.7495e-01 +6.7019e-01 +5.7103e-01 +1.8247e-01 +4.9269e-01 +7.5032e-01 +7.0488e-01 +6.9739e-01 +6.5721e-02 +1.0740e-01 +6.3426e-01 +3.0155e-01 +4.1706e-01 +5.8387e-01 +7.0031e-02 +4.9499e-02 +7.8762e-01 +6.0213e-01
68 +7.634998011e+00 +7.634998011e+00 +2.023249980e+02 +2.023249980e+02 +9.2513e-01 +3.9850e-01 +7.9148e-01 +7.4356e-02 +2.1431e-01 +9.5244e-01 +8.2370e-01 +9.7534e-01 +2.2564e-01 +7.6604e-01 +4.6311e-01 +4.3550e-01 +5.9006e-01 +8.4192e-01 +8.6460e-01 +5.6664e-01 +5.8591e-01 +8.8390e-01 +9.0577e-02 +5.9825e-01
2739 +7.545079389e+00 +7.545079389e+00 +2.022350794e+02 +2.022350794e+02 +6.4272e-01 +9.7149e-02 +9.4589e-01 +3.4181e-01 +6.5200e-01 +8.7815e-02 +1.5623e-01 +6.2778e-01 +2.7755e-02 +6.2628e-01 +5.9452e-01 +3.3351e-01 +6.6428e-01 +8.3489e-01 +2.7453e-01 +4.6321e-01 +2.6196e-02 +7.9018e-01 +3.8142e-01 +7.0863e-01
8411 +7.283149813e+00 +7.283149813e+00 +2.019731498e+02 +2.019731498e+02 +3.2385e-01 +4.3716e-01 +5.8516e-01 +3.3235e-01 +6.6396e-01 +2.3389e-01 +5.8367e-01 +6.3269e-01 +8.4937e-02 +6.6629e-01 +2.0966e-01 +3.2785e-01 +8.4235e-01 +5.7482e-01 +3.8448e-01 +4.3572e-01 +5.3476e-01 +1.1326e-01 +7.5957e-01 +4.7592e-01
12228 +7.017473926e+00 +7.017473926e+00 +2.017074739e+02 +2.017074739e+02 +4.4053e-01 +4.3716e-01 +5.8516e-01 +3.3235e-01 +6.6396e-01 +2.3389e-01 +5.8367e-01 +6.3269e-01 +8.4937e-02 +6.6629e-01 +2.0966e-01 +3.2785e-01 +8.4235e-01 +5.7482e-01 +3.8448e-01 +4.3572e-01 +5.3476e-01 +1.1326e-01 +7.5957e-01 +4.7592e-01
79722 +6.369359661e+00 +6.369359661e+00 +2.010593597e+02 +2.010593597e+02 +1.4843e-01 +9.9920e-01 +7.2391e-01 +3.3235e-01 +9.7951e-02 +6.7958e-01 +5.8367e-01 +7.6842e-01 +6.4360e-02 +2.2592e-01 +2.3111e-01 +8.7224e-01 +1.3284e-01 +8.3489e-01 +4.3955e-01 +5.7940e-01 +1.0728e-01 +6.7428e-01 +7.5626e-01 +3.1599e-01
% function evaluation | noise-free fitness - Fopt (-9.443000000000e+01) | best noise-free fitness - Fopt | measured fitness | best measured fitness | x1 | x2...
1 +1.165247987e+01 +1.165247987e+01 -8.277752013e+01 -8.277752013e+01 +0.0000e+00 +0.0000e+00 +0.0000e+00 +0.0000e+00 +0.0000e+00 +0.0000e+00 +0.0000e+00 +0.0000e+00 +0.0000e+00 +0.0000e+00 +0.0000e+00 +0.0000e+00 +0.0000e+00 +0.0000e+00 +0.0000e+00 +0.0000e+00 +0.0000e+00 +0.0000e+00 +0.0000e+00 +0.0000e+00
41 +1.140430540e+01 +1.140430540e+01 -8.302569460e+01 -8.302569460e+01 +2.9115e-01 +9.0052e-01 +5.2802e-01 +6.2872e-01 +4.4093e-01 +1.1548e-01 +2.9202e-01 +7.1055e-01 +6.8996e-01 +3.0831e-02 +7.9890e-01 +9.4182e-01 +3.6040e-01 +4.7351e-01 +8.2821e-01 +7.4071e-01 +1.5870e-02 +1.9689e-01 +8.6561e-01 +4.5942e-02
71 +1.100457303e+01 +1.100457303e+01 -8.342542697e+01 -8.342542697e+01 +5.6484e-01 +2.7161e-01 +7.8485e-01 +9.7142e-01 +2.3169e-01 +5.6755e-01 +2.5498e-01 +7.8751e-01 +8.9685e-01 +7.6739e-02 +8.5924e-01 +9.6870e-01 +2.2642e-01 +3.9275e-01 +4.6774e-01 +1.2123e-01 +4.2713e-02 +1.2742e-01 +6.5346e-01 +5.8589e-01
235 +1.066760485e+01 +1.066760485e+01 -8.376239515e+01 -8.376239515e+01 +5.7572e-01 +1.4242e-01 +8.8340e-01 +8.5047e-01 +9.0133e-02 +6.8696e-01 +9.0853e-01 +2.5130e-01 +2.1171e-01 +3.4147e-01 +2.6398e-01 +8.4488e-01 +7.3738e-01 +5.3765e-01 +2.4032e-02 +4.9056e-01 +1.9439e-01 +3.7607e-01 +5.8032e-01 +4.5558e-01
372 +1.043750187e+01 +1.043750187e+01 -8.399249813e+01 -8.399249813e+01 +2.8080e-01 +2.4377e-03 +9.3215e-01 +8.8252e-01 +1.5910e-01 +4.3599e-02 +9.7316e-01 +1.6800e-01 +7.9557e-01 +7.1951e-01 +6.4398e-01 +4.0313e-01 +6.1863e-01 +1.5690e-01 +4.2995e-01 +1.1658e-01 +4.5983e-01 +5.6759e-01 +7.4769e-02 +3.7463e-01
2495 +9.897425109e+00 +9.897425109e+00 -8.453257489e+01 -8.453257489e+01 +5.0592e-01 +1.4460e-01 +5.3682e-01 +2.2345e-01 +2.3720e-01 +3.0350e-01 +9.8999e-01 +1.5221e-01 +7.0119e-01 +6.7988e-02 +3.4444e-01 +6.3000e-01 +8.5270e-01 +5.7651e-02 +2.7051e-01 +1.6705e-01 +5.0941e-01 +2.2681e-01 +4.9894e-02 +7.8040e-01
3672 +9.602640640e+00 +9.602640640e+00 -8.482735936e+01 -8.482735936e+01 +9.7268e-01 +3.0485e-01 +8.6026e-01 +6.2134e-01 +2.7728e-01 +1.6553e-02 +2.3225e-01 +4.7194e-01 +9.4220e-01 +9.2920e-01 +3.4444e-01 +6.3000e-01 +8.5270e-01 +5.7651e-02 +2.7051e-01 +1.6705e-01 +5.0941e-01 +2.2681e-01 +4.9894e-02 +7.8040e-01
5382 +9.240817260e+00 +9.240817260e+00 -8.518918274e+01 -8.518918274e+01 +4.8498e-01 +9.0889e-01 +9.9610e-01 +9.3785e-01 +4.7234e-01 +2.7537e-01 +8.1591e-01 +2.0220e-01 +5.8392e-01 +1.3664e-02 +2.6935e-01 +5.9011e-01 +1.0376e-01 +4.6520e-02 +1.8221e-01 +7.4146e-02 +2.6070e-02 +8.3933e-02 +8.6958e-01 +3.3812e-01
17197 +9.019216766e+00 +9.019216766e+00 -8.541078323e+01 -8.541078323e+01 +4.1449e-01 +7.4449e-02 +2.3125e-01 +4.4271e-01 +3.2787e-02 +1.3873e-01 +9.5484e-01 +3.9435e-01 +5.7636e-01 +2.5398e-01 +7.0640e-01 +4.7187e-01 +7.2823e-01 +4.7703e-01 +1.6411e-01 +1.9418e-01 +1.5587e-01 +1.8647e-01 +4.4803e-03 +4.3381e-01
21539 +8.816011291e+00 +8.816011291e+00 -8.561398871e+01 -8.561398871e+01 +1.3276e-01 +3.6465e-01 +8.9252e-01 +7.1640e-01 +2.7934e-02 +1.3305e-01 +9.2743e-01 +9.4968e-01 +7.7066e-01 +5.1468e-01 +7.8061e-01 +8.4490e-01 +9.9460e-01 +1.2760e-01 +2.4305e-01 +1.0481e-02 +6.8735e-01 +2.5422e-01 +5.8539e-01 +1.5850e-01
42891 +8.237938316e+00 +8.237938316e+00 -8.619206168e+01 -8.619206168e+01 +1.3276e-01 +9.1890e-02 +8.9322e-01 +9.1024e-01 +3.2787e-02 +5.4721e-03 +7.3577e-01 +4.8242e-01 +4.0810e-01 +1.1436e-01 +8.5485e-01 +8.3653e-01 +6.6184e-01 +2.2061e-01 +4.3251e-01 +1.9565e-01 +1.6839e-02 +2.6520e-01 +9.6715e-01 +7.0553e-01
81087 +8.057482511e+00 +8.057482511e+00 -8.637251749e+01 -8.637251749e+01 +1.3276e-01 +3.3572e-01 +9.8434e-01 +8.2467e-01 +7.8087e-02 +1.3873e-01 +9.5484e-01 +6.0551e-01 +6.5833e-01 +1.1436e-01 +9.4234e-01 +6.9443e-01 +4.5340e-01 +5.0830e-02 +7.7781e-01 +7.8687e-01 +1.9339e-01 +1.0540e-01 +5.9298e-01 +2.7631e-01
% function evaluation | noise-free fitness - Fopt (-1.213000000000e+02) | best noise-free fitness - Fopt | measured fitness | best measured fitness | x1 | x2...
1 +1.585594362e+01 +1.585594362e+01 -1.054440564e+02 -1.054440564e+02 +0.0000e+00 +0.0000e+00 +0.0000e+00 +0.0000e+00 +0.0000e+00 +0.0000e+00 +0.0000e+00 +0.0000e+00 +0.0000e+00 +0.0000e+00 +0.0000e+00 +0.0000e+00 +0.0000e+00 +0.0000e+00 +0.0000e+00 +0.0000e+00 +0.0000e+00 +0.0000e+00 +0.0000e+00 +0.0000e+00
4 +1.119431669e+01 +1.119431669e+01 -1.101056833e+02 -1.101056833e+02 +7.3138e-01 +7.2509e-01 +5.9283e-01 +2.0627e-01 +9.5235e-02 +1.1147e-01 +1.6056e-01 +7.3768e-02 +3.6482e-01 +5.6734e-01 +6.0348e-02 +7.8228e-01 +9.0715e-01 +2.4323e-01 +1.3153e-01 +7.6580e-01 +3.7986e-01 +6.3219e-01 +4.2190e-01 +6.6766e-02
130 +1.035650346e+01 +1.035650346e+01 -1.109434965e+02 -1.109434965e+02 +7.1888e-02 +8.8832e-01 +4.9119e-01 +5.0116e-01 +7.2758e-01 +1.2277e-01 +5.9361e-01 +4.0026e-01 +7.6193e-01 +5.1719e-01 +5.9912e-01 +9.6729e-01 +6.5583e-01 +4.0716e-01 +3.6496e-01 +9.7917e-02 +5.4668e-01 +9.1167e-01 +6.0832e-02 +2.6991e-01
6263 +1.016741699e+01 +1.016741699e+01 -1.111325830e+02 -1.111325830e+02 +3.4293e-01 +9.1405e-01 +7.8709e-01 +6.7548e-01 +5.5507e-01 +9.6947e-01 +1.8592e-01 +9.7414e-01 +8.5518e-01 +4.9502e-01 +6.5168e-02 +4.6595e-01 +1.6528e-01 +4.2539e-01 +7.4655e-01 +3.5034e-01 +4.3596e-01 +1.4504e-01 +3.9540e-01 +7.3235e-01
10269 +9.960588807e+00 +9.960588807e+00 -1.113394112e+02 -1.113394112e+02 +2.9342e-01 +6.8349e-01 +8.8400e-01 +9.6173e-01 +4.9928e-01 +6.1445e-01 +9.0533e-01 +4.0249e-01 +5.9518e-01 +2.1361e-01 +1.4544e-01 +1.7753e-01 +8.4753e-01 +2.0373e-01 +3.2952e-01 +6.3867e-01 +2.5925e-01 +4.6257e-01 +8.7817e-01 +4.5560e-02
21693 +9.711548384e+00 +9.711548384e+00 -1.115884516e+02 -1.115884516e+02 +2.8945e-01 +3.2185e-01 +6.2512e-01 +8.3505e-01 +8.7567e-01 +4.9797e-01 +3.4787e-01 +4.2009e-01 +5.2464e-01 +2.7807e-01 +1.4544e-01 +6.9569e-01 +4.2135e-01 +3.8517e-01 +3.1263e-01 +2.3732e-01 +7.5072e-01 +4.6257e-01 +6.1000e-01 +7.4472e-03
27704 +9.397057351e+00 +9.397057351e+00 -1.119029426e+02 -1.119029426e+02 +6.9763e-01 +7.3130e-01 +1.3086e-01 +9.9687e-01 +3.4640e-01 +5.6382e-01 +8.9240e-01 +1.5116e-02 +5.7680e-01 +5.2940e-02 +1.2386e-01 +8.1410e-01 +9.0844e-01 +1.4327e-01 +2.9017e-01 +3.7281e-01 +5.9063e-01 +5.9146e-01 +7.2069e-01 +8.3988e-01
28440 +8.956875505e+00 +8.956875505e+00 -1.123431245e+02 -1.123431245e+02 +1.0007e-01 +7.1854e-01 +5.4874e-01 +9.1687e-02 +2.4323e-04 +2.0927e-01 +9.6669e-01 +2.3698e-01 +9.0274e-01 +1.7496e-01 +1.2505e-01 +2.5524e-01 +9.1091e-01 +5.2997e-01 +2.9236e-01 +9.7100e-01 +2.1404e-01 +7.2810e-01 +9.7776e-02 +7.9599e-01
50624 +8.773210679e+00 +8.773210679e+00 -1.125267893e+02 -1.125267893e+02 +1.0007e-01 +7.1854e-01 +5.4874e-01 +9.1687e-02 +2.4323e-04 +2.0927e-01 +9.6669e-01 +2.3698e-01 +9.0274e-01 +1.7496e-01 +1.2505e-01 +2.5524e-01 +9.1091e-01 +5.2997e-01 +2.9236e-01 +9.7100e-01 +2.1404e-01 +7.2810e-01 +9.7776e-02 +4.9178e-01
% function evaluation | noise-free fitness - Fopt (-1.000000000000e+03) | best noise-free fitness - Fopt | measured fitness | best measured fitness | x1 | x2...
1 +1.443348374e+01 +1.443348374e+01 -9.855665163e+02 -9.855665163e+02 +0.0000e+00 +0.0000e+00 +0.0000e+00 +0.0000e+00 +0.0000e+00 +0.0000e+00 +0.0000e+00 +0.0000e+00 +0.0000e+00 +0.0000e+00 +0.0000e+00 +0.0000e+00 +0.0000e+00 +0.0000e+00 +0.0000e+00 +0.0000e+00 +0.0000e+00 +0.0000e+00 +0.0000e+00 +0.0000e+00
9 +1.347918119e+01 +1.347918119e+01 -9.865208188e+02 -9.865208188e+02 +7.2968e-01 +6.2485e-01 +2.8073e-01 +6.3008e-01 +7.3287e-01 +7.2161e-01 +9.1646e-01 +6.0482e-01 +2.6093e-01 +2.0515e-01 +3.5271e-01 +1.5081e-01 +8.2859e-01 +4.5136e-01 +8.2457e-01 +4.6758e-01 +9.9548e-01 +8.0588e-01 +3.5075e-01 +1.1465e-01
17 +1.025162766e+01 +1.025162766e+01 -9.897483723e+02 -9.897483723e+02 +9.7105e-01 +8.2441e-01 +4.9290e-01 +9.2928e-01 +3.2363e-01 +1.0072e-01 +6.6271e-01 +3.1501e-01 +2.8816e-02 +1.2152e-01 +1.9266e-01 +1.6291e-01 +3.9015e-01 +6.4519e-01 +3.0864e-01 +9.9216e-01 +7.8737e-01 +1.4951e-01 +4.5601e-01 +2.8854e-01
513 +9.802971313e+00 +9.802971313e+00 -9.901970287e+02 -9.901970287e+02 +9.7105e-01 +8.2441e-01 +4.9290e-01 +9.2928e-01 +3.2363e-01 +1.0072e-01 +6.6271e-01 +3.1501e-01 +2.8816e-02 +1.2152e-01 +1.9266e-01 +1.6291e-01 +3.9015e-01 +6.4519e-01 +3.0864e-01 +9.9216e-01 +1.3846e-02 +8.8086e-01 +7.4559e-02 +8.7606e-01
4302 +9.253988505e+00 +9.253988505e+00 -9.907460115e+02 -9.907460115e+02 +9.8406e-01 +9.6657e-01 +4.9290e-01 +9.2928e-01 +3.2363e-01 +1.0072e-01 +6.6271e-01 +3.1501e-01 +2.8816e-02 +1.2152e-01 +1.9266e-01 +1.6291e-01 +3.9015e-01 +6.4519e-01 +3.0864e-01 +9.9216e-01 +1.3846e-02 +8.8086e-01 +7.4559e-02 +8.7606e-01
18941 +9.068859232e+00 +9.068859232e+00 -9.909311408e+02 -9.909311408e+02 +9.8406e-01 +9.6657e-01 +4.9979e-01 +3.2413e-01 +2.9089e-01 +9.2923e-01 +6.2751e-01 +4.9637e-02 +4.3789e-01 +6.9444e-01 +1.6415e-01 +1.9489e-01 +2.1465e-01 +1.0795e-02 +7.4715e-01 +2.0158e-02 +5.0756e-01 +8.8086e-01 +7.4559e-02 +8.7606e-01
% function evaluation | noise-free fitness - Fopt (-2.787500000000e+02) | best noise-free fitness - Fopt | measured fitness | best measured fitness | x1 | x2...
1 +1.934293110e+01 +1.934293110e+01 -2.594070689e+02 -2.594070689e+02 +0.0000e+00 +0.0000e+00 +0.0000e+00 +0.0000e+00 +0.0000e+00 +0.0000e+00 +0.0000e+00 +0.0000e+00 +0.0000e+00 +0.0000e+00 +0.0000e+00 +0.0000e+00 +0.0000e+00 +0.0000e+00 +0.0000e+00 +0.0000e+00 +0.0000e+00 +0.0000e+00 +0.0000e+00 +0.0000e+00
2 +1.583908104e+01 +1.583908104e+01 -2.629109190e+02 -2.629109190e+02 +6.5519e-01 +2.5027e-01 +9.7819e-01 +3.6167e-01 +7.8586e-01 +1.5540e-01 +8.0731e-01 +4.6020e-01 +5.6584e-01 +3.1115e-02 +1.5399e-01 +6.1839e-01 +5.2190e-01 +7.3635e-02 +6.7929e-01 +5.5562e-01 +4.5579e-01 +6.1756e-01 +7.9731e-01 +9.7181e-01
5 +1.405013309e+01 +1.405013309e+01 -2.646998669e+02 -2.646998669e+02 +5.3941e-01 +7.2369e-01 +6.9318e-01 +9.1838e-01 +1.9482e-01 +5.5906e-03 +8.0847e-01 +9.4426e-01 +4.8519e-01 +5.9325e-01 +3.8128e-01 +1.7987e-01 +7.2119e-02 +7.9222e-01 +6.9250e-02 +5.4073e-01 +2.2600e-01 +6.8286e-01 +3.0215e-01 +1.0862e-01
7 +1.348487368e+01 +1.348487368e+01 -2.652651263e+02 -2.652651263e+02 +2.4354e-01 +2.4383e-01 +8.4971e-01 +8.8305e-02 +9.0215e-01 +9.9960e-01 +7.7575e-01 +8.4232e-01 +1.8995e-01 +5.5222e-01 +6.1637e-01 +1.1205e-01 +9.1808e-01 +8.6588e-01 +2.0177e-01 +9.3212e-01 +5.7021e-01 +5.1760e-01 +3.0237e-01 +4.6721e-01
28 +1.204498241e+01 +1.204498241e+01 -2.667050176e+02 -2.667050176e+02 +6.6634e-01 +7.8674e-01 +8.8041e-01 +9.3892e-01 +5.9636e-01 +7.3063e-01 +8.3451e-01 +5.5488e-01 +9.5253e-01 +4.8629e-01 +4.5003e-01 +6.5154e-01 +9.0554e-01 +3.6332e-01 +1.4132e-01 +9.2659e-01 +7.3299e-01 +2.6420e-01 +1.6609e-01 +1.6541e-01
83 +1.200418161e+01 +1.200418161e+01 -2.667458184e+02 -2.667458184e+02 +6.5044e-01 +3.5438e-01 +8.1542e-01 +9.2199e-03 +9.9699e-01 +5.9532e-01 +9.8642e-01 +7.7207e-01 +8.5498e-01 +9.1649e-02 +1.4714e-01 +9.4544e-02 +3.4860e-01 +3.4934e-01 +5.1062e-02 +9.8998e-01 +6.0027e-01 +8.1935e-01 +8.6601e-02 +8.1697e-01
216 +1.146920568e+01 +1.146920568e+01 -2.672807943e+02 -2.672807943e+02 +1.2944e-01 +9.9078e-01 +6.3658e-01 +5.6572e-01 +9.0311e-02 +6.6003e-01 +6.3305e-01 +3.4540e-01 +9.7646e-01 +3.4841e-01 +7.3603e-01 +4.6193e-01 +9.9698e-01 +7.6263e-01 +2.9614e-01 +8.2507e-01 +6.7673e-01 +3.1635e-01 +5.9551e-01 +1.0642e-01
286 +1.119400243e+01 +1.119400243e+01 -2.675559976e+02 -2.675559976e+02 +2.7062e-01 +2.0071e-01 +4.6707e-01 +8.3075e-02 +7.9837e-01 +7.5977e-02 +6.2594e-01 +6.5420e-01 +4.6136e-01 +2.2451e-01 +7.2857e-01 +1.5459e-01 +5.3736e-01 +9.1333e-01 +5.4037e-01 +4.0384e-01 +1.4811e-01 +7.2559e-01 +1.3801e-01 +4.7540e-01
6504 +1.061181067e+01 +1.061181067e+01 -2.681381893e+02 -2.681381893e+02 +1.0024e-01 +7.1577e-01 +8.4392e-01 +8.9987e-01 +6.6129e-01 +7.3920e-01 +5.0901e-01 +9.4404e-03 +1.9464e-01 +5.9520e-01 +5.0615e-01 +2.7730e-01 +6.8336e-01 +7.0543e-02 +7.1305e-01 +3.3565e-01 +9.2450e-01 +7.0483e-01 +8.7872e-01 +9.4970e-01
8267 +1.020299647e+01 +1.020299647e+01 -2.685470035e+02 -2.685470035e+02 +1.2352e-01 +4.6898e-02 +2.6725e-01 +9.4298e-01 +7.3659e-01 +9.8360e-01 +6.7135e-01 +6.6989e-01 +6.4966e-01 +1.8916e-01 +1.5399e-01 +3.8298e-01 +9.5236e-01 +9.7154e-02 +8.4193e-01 +8.2922e-01 +8.6666e-01 +8.8079e-01 +9.4428e-01 +8.8287e-01
19582 +9.593963547e+00 +9.593963547e+00 -2.691560365e+02 -2.691560365e+02 +3.7716e-01 +9.5473e-01 +9.5341e-01 +9.7991e-01 +2.0584e-01 +7.5673e-01 +9.7543e-01 +8.0353e-01 +8.8085e-01 +7.9207e-01 +7.2107e-02 +1.5053e-01 +4.8689e-01 +5.5575e-01 +1.2065e-01 +5.8529e-02 +5.1667e-01 +6.5901e-01 +8.8430e-01 +3.7983e-02
70337 +9.432571307e+00 +9.432571307e+00 -2.693174287e+02 -2.693174287e+02 +1.2352e-01 +1.6384e-01 +7.9877e-01 +7.6744e-01 +7.2511e-01 +9.9892e-01 +9.7543e-01 +3.8886e-01 +3.5562e-01 +9.8488e-01 +1.9853e-02 +3.2748e-01 +8.6509e-01 +8.7193e-01 +7.8982e-02 +4.2468e-01 +5.4302e-01 +6.5901e-01 +8.8430e-01 +3.7983e-02
% function evaluation | noise-free fitness - Fopt (-1.677000000000e+01) | best noise-free fitness - Fopt | measured fitness | best measured fitness | x1 | x2...
1 +1.274209308e+01 +1.274209308e+01 -4.027906917e+00 -4.027906917e+00 +0.0000e+00 +0.0000e+00 +0.0000e+00 +0.0000e+00 +0.0000e+00 +0.0000e+00 +0.0000e+00 +0.0000e+00 +0.0000e+00 +0.0000e+00 +0.0000e+00 +0.0000e+00 +0.0000e+00 +0.0000e+00 +0.0000e+00 +0.0000e+00 +0.0000e+00 +0.0000e+00 +0.0000e+00 +0.0000e+00
2 +1.180019931e+01 +1.180019931e+01 -4.969800686e+00 -4.969800686e+00 +8.6351e-01 +8.3314e-01 +7.7852e-01 +9.0416e-01 +7.0353e-02 +7.7424e-01 +9.7704e-01 +8.9915e-01 +6.2944e-01 +7.9471e-01 +5.0462e-01 +2.6779e-02 +7.2898e-01 +5.7851e-01 +3.6592e-01 +5.5041e-01 +5.6578e-03 +9.8554e-02 +9.0766e-01 +7.2420e-01
155 +1.161692242e+01 +1.161692242e+01 -5.153077579e+00 -5.153077579e+00 +8.9357e-01 +7.5955e-01 +9.4466e-01 +2.8881e-01 +6.2263e-02 +1.5844e-01 +3.2189e-01 +7.1033e-02 +4.0959e-01 +3.5186e-01 +4.9328e-01 +6.4141e-01 +6.7716e-01 +7.4069e-01 +9.9824e-02 +1.5227e-02 +9.7817e-01 +7.0954e-01 +2.0246e-01 +9.3356e-01
173 +1.127639894e+01 +1.127639894e+01 -5.493601060e+00 -5.493601060e+00 +6.3692e-01 +6.3472e-01 +7.0407e-01 +4.5889e-01 +7.4642e-01 +7.9418e-01 +3.3617e-01 +6.1924e-01 +8.1114e-02 +2.4680e-01 +2.1039e-01 +4.0725e-01 +9.2878e-01 +9.0247e-01 +7.6716e-01 +2.8520e-01 +2.5975e-01 +5.8168e-01 +5.5656e-01 +7.7531e-01
219 +1.115016080e+01 +1.115016080e+01 -5.619839204e+00 -5.619839204e+00 +2.5653e-01 +6.8169e-01 +6.5209e-01 +7.3515e-01 +1.2836e-01 +7.5796e-01 +4.2863e-01 +7.1194e-01 +2.7131e-01 +2.0694e-02 +3.3128e-01 +1.0633e-01 +8.9103e-01 +2.4434e-01 +9.9604e-01 +4.9081e-01 +2.2298e-01 +7.3418e-01 +1.7489e-01 +7.0376e-01
594 +1.070333845e+01 +1.070333845e+01 -6.066661546e+00 -6.066661546e+00 +1.4381e-01 +9.1760e-01 +2.9565e-01 +6.6102e-01 +3.6505e-01 +1.4588e-01 +3.3610e-01 +6.0019e-01 +1.1746e-01 +6.9954e-01 +6.0090e-01 +8.4083e-01 +3.6718e-02 +2.8095e-02 +9.0716e-01 +7.3351e-01 +2.0500e-01 +8.7664e-01 +5.9643e-01 +5.7814e-01
1882 +8.945891546e+00 +8.945891546e+00 -7.824108454e+00 -7.824108454e+00 +2.1690e-01 +8.7690e-01 +9.4832e-01 +5.2780e-01 +1.2124e-01 +8.2882e-01 +8.1915e-01 +2.6180e-01 +1.9149e-01 +8.4316e-01 +4.4805e-02 +9.2200e-01 +9.9861e-01 +2.7150e-01 +9.8117e-01 +3.2545e-01 +7.3863e-01 +5.8980e-01 +1.6941e-01 +1.6778e-01
22550 +8.378485948e+00 +8.378485948e+00 -8.391514052e+00 -8.391514052e+00 +2.1690e-01 +8.7690e-01 +9.5923e-01 +5.2780e-01 +2.7539e-01 +8.2882e-01 +8.1915e-01 +2.6180e-01 +1.9149e-01 +8.4316e-01 +4.4805e-02 +9.2200e-01 +9.9861e-01 +2.7150e-01 +9.8117e-01 +3.2545e-01 +7.3863e-01 +5.8980e-01 +1.6941e-01 +1.6778e-01
47641 +7.791619684e+00 +7.791619684e+00 -8.978380316e+00 -8.978380316e+00 +3.7937e-01 +8.7690e-01 +9.5923e-01 +5.2780e-01 +2.7539e-01 +8.2882e-01 +8.1915e-01 +2.6180e-01 +1.9149e-01 +8.4316e-01 +4.4805e-02 +9.2200e-01 +9.9861e-01 +2.7150e-01 +9.8117e-01 +3.2545e-01 +7.3863e-01 +5.8980e-01 +1.6941e-01 +1.6778e-01
% function evaluation | noise-free fitness - Fopt (-8.593000000000e+01) | best noise-free fitness - Fopt | measured fitness | best measured fitness | x1 | x2...
1 +1.322369379e+01 +1.322369379e+01 -7.270630621e+01 -7.270630621e+01 +0.0000e+00 +0.0000e+00 +0.0000e+00 +0.0000e+00 +0.0000e+00 +0.0000e+00 +0.0000e+00 +0.0000e+00 +0.0000e+00 +0.0000e+00 +0.0000e+00 +0.0000e+00 +0.0000e+00 +0.0000e+00 +0.0000e+00 +0.0000e+00 +0.0000e+00 +0.0000e+00 +0.0000e+00 +0.0000e+00
4 +1.188781031e+01 +1.188781031e+01 -7.404218969e+01 -7.404218969e+01 +1.3749e-01 +8.6089e-01 +1.8113e-01 +7.9478e-01 +4.4196e-01 +9.9691e-02 +7.4328e-01 +9.9764e-01 +3.2074e-01 +6.3897e-01 +8.5561e-01 +9.9203e-01 +8.8217e-01 +1.1535e-02 +3.7155e-01 +6.2295e-01 +7.1304e-01 +8.8984e-02 +1.3881e-01 +2.0887e-02
213 +1.160443023e+01 +1.160443023e+01 -7.432556977e+01 -7.432556977e+01 +7.8164e-01 +6.5171e-01 +1.9351e-01 +9.4173e-01 +3.8704e-01 +2.4934e-01 +9.4830e-02 +8.9112e-01 +9.7800e-01 +4.4305e-01 +6.6804e-01 +4.4195e-02 +3.9736e-01 +7.9126e-01 +2.9680e-01 +4.9482e-01 +8.7625e-01 +8.3460e-01 +1.4359e-01 +2.6192e-01
306 +1.136168887e+01 +1.136168887e+01 -7.456831113e+01 -7.456831113e+01 +8.0126e-01 +5.6880e-01 +6.2667e-01 +1.2021e-01 +5.2403e-01 +1.1832e-01 +4.4004e-01 +6.8413e-01 +9.4620e-01 +9.5040e-02 +9.2905e-01 +6.0201e-01 +4.7706e-01 +9.1650e-01 +7.7170e-01 +8.1192e-01 +7.2516e-01 +9.2651e-01 +3.0574e-01 +4.6705e-01
429 +1.006170196e+01 +1.006170196e+01 -7.586829804e+01 -7.586829804e+01 +2.5156e-01 +9.7349e-01 +4.6706e-01 +8.1608e-01 +5.8906e-01 +5.1709e-01 +4.1658e-01 +9.6022e-01 +6.2176e-01 +7.4683e-01 +5.1863e-01 +5.2117e-02 +9.0349e-01 +5.4656e-01 +5.6964e-01 +8.9840e-01 +8.7159e-01 +6.9835e-02 +6.9624e-01 +7.1049e-01
7623 +9.932632099e+00 +9.932632099e+00 -7.599736790e+01 -7.599736790e+01 +5.9220e-01 +5.6080e-02 +2.4314e-01 +6.8052e-01 +6.5521e-01 +1.2277e-01 +1.4480e-01 +8.1776e-01 +3.5097e-01 +5.5818e-02 +5.2543e-01 +7.3601e-01 +7.4409e-01 +9.4841e-01 +9.6899e-01 +5.4281e-01 +8.3201e-01 +8.6135e-01 +1.5797e-01 +1.2462e-01
35969 +8.883564104e+00 +8.883564104e+00 -7.704643590e+01 -7.704643590e+01 +9.7879e-01 +8.1715e-01 +2.4314e-01 +7.1184e-01 +5.8906e-01 +2.1218e-01 +4.2463e-01 +7.3703e-01 +3.3314e-01 +2.7586e-01 +1.9033e-01 +6.9755e-01 +3.2179e-01 +6.6986e-01 +6.4868e-01 +6.3206e-01 +9.6990e-01 +8.9461e-01 +7.5852e-01 +3.7320e-02
% function evaluation | noise-free fitness - Fopt (4.966000000000e+01) | best noise-free fitness - Fopt | measured fitness | best measured fitness | x1 | x2...
1 +2.339872577e+01 +2.339872577e+01 +7.305872577e+01 +7.305872577e+01 +0.0000e+00 +0.0000e+00 +0.0000e+00 +0.0000e+00 +0.0000e+00 +0.0000e+00 +0.0000e+00 +0.0000e+00 +0.0000e+00 +0.0000e+00 +0.0000e+00 +0.0000e+00 +0.0000e+00 +0.0000e+00 +0.0000e+00 +0.0000e+00 +0.0000e+00 +0.0000e+00 +0.0000e+00 +0.0000e+00
5 +1.962279473e+01 +1.962279473e+01 +6.928279473e+01 +6.928279473e+01 +8.3657e-01 +1.5252e-01 +5.9064e-01 +8.1028e-01 +5.3560e-01 +4.1118e-01 +3.5514e-01 +9.6923e-01 +1.4030e-01 +7.7140e-01 +2.4954e-01 +1.3109e-01 +1.6920e-02 +4.2362e-01 +2.1682e-01 +7.3115e-01 +9.7606e-01 +1.7383e-01 +7.3675e-01 +6.3854e-01
20 +1.916889914e+01 +1.916889914e+01 +6.882889914e+01 +6.882889914e+01 +2.1056e-01 +1.6391e-02 +9.9695e-01 +9.0969e-01 +2.1259e-01 +5.4567e-01 +5.9092e-01 +7.4211e-01 +9.7206e-01 +3.6801e-01 +4.4719e-02 +4.9132e-01 +5.2455e-01 +1.0257e-01 +8.3209e-01 +3.6794e-01 +5.7836e-01 +2.4953e-01 +3.5901e-01 +4.0229e-01
84 +1.745159243e+01 +1.745159243e+01 +6.711159243e+01 +6.711159243e+01 +9.2399e-01 +8.2779e-01 +7.6152e-01 +5.3969e-01 +5.4811e-01 +8.2199e-01 +2.0853e-01 +7.3896e-01 +2.7715e-01 +3.4788e-01 +8.9916e-01 +6.1530e-01 +3.1632e-01 +1.5695e-02 +4.1019e-01 +9.1100e-01 +7.9706e-01 +3.8601e-01 +7.7686e-01 +3.9055e-01
179 +1.661520159e+01 +1.661520159e+01 +6.627520159e+01 +6.627520159e+01 +4.8613e-01 +8.8280e-02 +8.3923e-01 +9.0023e-01 +7.9801e-01 +3.3360e-03 +3.2194e-01 +2.3702e-01 +4.8095e-01 +1.6991e-01 +5.2241e-01 +1.3285e-01 +8.3883e-01 +8.8841e-02 +8.2891e-01 +9.7745e-01 +1.7945e-01 +3.5153e-01 +1.9205e-01 +3.1469e-01
895 +1.567347187e+01 +1.567347187e+01 +6.533347187e+01 +6.533347187e+01 +3.7398e-01 +7.5721e-02 +1.9649e-01 +5.8439e-01 +9.3556e-01 +8.3572e-01 +1.4521e-01 +6.7078e-01 +7.2276e-01 +1.2920e-01 +1.1360e-01 +3.4053e-01 +5.1485e-01 +5.5062e-02 +9.7759e-01 +9.8830e-01 +6.3329e-01 +8.0300e-01 +5.8000e-01 +5.2657e-01
1548 +1.515801860e+01 +1.515801860e+01 +6.481801860e+01 +6.481801860e+01 +6.4902e-01 +1.8958e-01 +9.3101e-01 +3.9307e-01 +2.5002e-01 +7.5140e-01 +2.7367e-01 +7.2391e-01 +4.8095e-01 +1.6991e-01 +5.2241e-01 +1.3285e-01 +8.3883e-01 +8.8841e-02 +8.2891e-01 +9.7745e-01 +1.7945e-01 +3.5153e-01 +1.9205e-01 +3.1469e-01
3534 +1.494788618e+01 +1.494788618e+01 +6.460788618e+01 +6.460788618e+01 +3.5217e-01 +3.5301e-01 +9.3101e-01 +3.9307e-01 +2.5002e-01 +7.5140e-01 +2.7367e-01 +7.2391e-01 +4.8095e-01 +1.6991e-01 +5.2241e-01 +1.3285e-01 +8.3883e-01 +8.8841e-02 +8.2891e-01 +9.7745e-01 +1.7945e-01 +3.5153e-01 +1.9205e-01 +3.1469e-01
12031 +1.476243731e+01 +1.476243731e+01 +6.442243731e+01 +6.442243731e+01 +7.6744e-01 +4.4815e-01 +7.8609e-01 +7.3926e-01 +3.3151e-01 +7.5140e-01 +2.7367e-01 +7.2391e-01 +4.8095e-01 +1.6991e-01 +3.6158e-01 +6.6754e-01 +9.8434e-01 +2.2969e-01 +3.1338e-01 +7.5441e-01 +7.6619e-01 +9.0380e-02 +5.1725e-01 +5.4898e-01
20674 +1.400950329e+01 +1.400950329e+01 +6.366950329e+01 +6.366950329e+01 +2.2780e-01 +3.1215e-01 +6.8585e-01 +8.1716e-01 +5.2260e-01 +2.6594e-01 +5.3439e-01 +8.0335e-01 +4.5198e-01 +6.6609e-01 +8.7953e-01 +6.1393e-01 +1.3376e-01 +1.6494e-02 +9.5175e-01 +9.0747e-01 +2.9787e-01 +2.7752e-01 +7.7536e-01 +1.1303e-02
36957 +1.362510940e+01 +1.362510940e+01 +6.328510940e+01 +6.328510940e+01 +9.1949e-01 +1.1591e-01 +5.5456e-01 +4.5866e-01 +8.2902e-01 +1.6374e-01 +7.5133e-02 +7.2043e-01 +7.7432e-01 +4.9463e-01 +6.6248e-01 +7.9996e-01 +9.6358e-01 +2.2711e-01 +6.3155e-01 +7.8209e-01 +1.0683e-01 +8.3240e-02 +5.6968e-01 +8.1781e-02
49492 +1.306255139e+01 +1.306255139e+01 +6.272255139e+01 +6.272255139e+01 +5.5853e-01 +8.7763e-01 +3.9682e-01 +6.4239e-02 +3.5145e-01 +7.5140e-01 +3.5318e-01 +8.0140e-01 +8.6265e-01 +9.2393e-01 +7.8801e-01 +5.3356e-02 +3.4218e-01 +2.6100e-02 +6.3155e-01 +7.8209e-01 +6.5309e-01 +8.3240e-02 +9.3321e-01 +1.2760e-01
50336 +1.238941562e+01 +1.238941562e+01 +6.204941562e+01 +6.204941562e+01 +8.5810e-01 +8.2811e-01 +1.5449e-01 +9.6700e-01 +8.9018e-01 +5.2825e-01 +9.5970e-01 +7.4216e-01 +7.6239e-01 +6.4080e-01 +3.1068e-01 +4.8380e-01 +1.3376e-01 +1.6494e-02 +9.5175e-01 +7.0930e-01 +2.9787e-01 +2.7752e-01 +3.3206e-01 +8.6965e-01
85657 +1.221334847e+01 +1.221334847e+01 +6.187334847e+01 +6.187334847e+01 +6.9745e-01 +2.5042e-01 +6.6133e-01 +2.8342e-02 +4.8069e-02 +8.7695e-01 +9.4904e-01 +7.9367e-01 +9.6097e-01 +2.4360e-01 +5.8138e-01 +6.2257e-01 +5.7843e-01 +1.6494e-02 +9.5175e-01 +8.9816e-01 +9.2246e-01 +1.3424e-01 +9.7460e-01 +8.7661e-02
94198 +1.201568500e+01 +1.201568500e+01 +6.167568500e+01 +6.167568500e+01 +7.3429e-01 +2.5042e-01 +6.6133e-01 +2.8342e-02 +4.8069e-02 +8.7695e-01 +9.4904e-01 +7.9367e-01 +9.6097e-01 +2.4360e-01 +5.8138e-01 +6.2257e-01 +5.7843e-01 +1.6494e-02 +9.5175e-01 +8.9816e-01 +9.2246e-01 +1.3424e-01 +9.7460e-01 +8.7661e-02
% function evaluation | noise-free fitness - Fopt (2.652800000000e+02) | best noise-free fitness - Fopt | measured fitness | best measured fitness | x1 | x2...
1 +3.440069758e+01 +3.440069758e+01 +2.996806976e+02 +2.996806976e+02 +0.0000e+00 +0.0000e+00 +0.0000e+00 +0.0000e+00 +0.0000e+00 +0.0000e+00 +0.0000e+00 +0.0000e+00 +0.0000e+00 +0.0000e+00 +0.0000e+00 +0.0000e+00 +0.0000e+00 +0.0000e+00 +0.0000e+00 +0.0000e+00 +0.0000e+00 +0.0000e+00 +0.0000e+00 +0.0000e+00
30 +2.829090701e+01 +2.829090701e+01 +2.935709070e+02 +2.935709070e+02 +4.9438e-01 +8.7825e-02 +2.5956e-01 +2.2462e-01 +4.3042e-01 +1.1377e-01 +1.4273e-01 +7.6568e-02 +8.8716e-01 +8.0294e-01 +8.5260e-01 +2.5948e-03 +4.6209e-01 +1.9301e-01 +5.9113e-01 +4.3482e-01 +1.2824e-01 +5.8880e-04 +1.9794e-01 +4.1979e-02
1810 +2.784332307e+01 +2.784332307e+01 +2.931233231e+02 +2.931233231e+02 +2.6426e-01 +8.1752e-01 +2.5956e-01 +2.2462e-01 +4.3042e-01 +1.1377e-01 +1.4273e-01 +7.6568e-02 +8.8716e-01 +8.0294e-01 +8.5260e-01 +2.5948e-03 +4.6209e-01 +1.9301e-01 +5.9113e-01 +4.3482e-01 +1.2824e-01 +5.8880e-04 +1.9794e-01 +4.1979e-02
5550 +2.557124609e+01 +2.557124609e+01 +2.908512461e+02 +2.908512461e+02 +1.9181e-01 +1.1728e-01 +6.2486e-01 +5.8779e-02 +3.7683e-01 +2.1360e-02 +2.9374e-01 +1.7989e-01 +9.0857e-01 +2.0137e-01 +9.8940e-01 +4.6492e-01 +8.7143e-01 +5.2120e-02 +4.9402e-02 +9.3856e-02 +6.0833e-02 +5.5282e-02 +6.2323e-01 +3.9677e-01
10239 +2.367078567e+01 +2.367078567e+01 +2.889507857e+02 +2.889507857e+02 +1.9181e-01 +1.1728e-01 +6.2486e-01 +5.8779e-02 +3.7683e-01 +2.1360e-02 +2.9374e-01 +1.7989e-01 +9.0857e-01 +2.0137e-01 +9.8940e-01 +4.6492e-01 +8.7143e-01 +5.2120e-02 +4.9402e-02 +9.3856e-02 +6.0833e-02 +5.5282e-02 +3.6597e-01 +1.9851e-01
