gen	depth	min     	avg     	max     	std    
0  	100  	-1501.52	-1338.39	-1156   	56.2741
1  	100  	-1463.77	-1312.06	-1156   	61.1446
2  	100  	-1533.78	-1294.07	-1130.65	57.0335
3  	100  	-1486.63	-1286.9 	-1130.65	66.7616
4  	100  	-1502.2 	-1308.31	-1092.12	60.0716
5  	100  	-1552.29	-1333.13	-1092.12	75.2771
6  	100  	-1543.05	-1313.03	-1092.12	66.621 
7  	100  	-1527.57	-1336.25	-1092.12	72.9248
8  	100  	-1555.8 	-1349.82	-1092.12	75.8674
9  	100  	-1508.11	-1352.6 	-1092.12	62.3   
10 	100  	-1500   	-1354.77	-1092.12	66.9485
11 	100  	-1565.82	-1359.77	-1092.12	72.5039
12 	100  	-1549.22	-1361.56	-1092.12	64.0484
13 	100  	-1590.62	-1369.85	-1092.12	67.771 
14 	100  	-1544.87	-1373.66	-1092.12	68.6212
15 	100  	-1512.45	-1373.24	-1092.12	64.2467
16 	100  	-1608.82	-1377.05	-1092.12	73.7184
17 	100  	-1548.58	-1380.52	-1092.12	74.9809
18 	100  	-1557.32	-1385.11	-1092.12	62.8953
19 	100  	-1529.89	-1374.41	-1092.12	64.3519
20 	100  	-1552.08	-1351.47	-1092.12	86.6245
21 	100  	-1533.66	-1368.36	-1092.12	82.1807
22 	100  	-1573.13	-1365.48	-1092.12	60.8331
23 	100  	-1574.05	-1438.57	-1092.12	64.9658
24 	100  	-1594.07	-1387.34	-1092.12	64.4431
25 	100  	-1611.3 	-1412.99	-1092.12	74.3247
26 	100  	-1632.09	-1393.39	-1092.12	67.8591
27 	100  	-1642.76	-1417.15	-1092.12	85.3118
28 	100  	-1578.46	-1415.39	-1092.12	70.517 
29 	100  	-1611.33	-1407.03	-1092.12	62.0314
30 	100  	-1567.13	-1384.98	-1092.12	51.2772
31 	100  	-1579.59	-1389.61	-1092.12	85.2506
32 	100  	-1610.01	-1397.41	-1092.12	67.313 
33 	100  	-1563.42	-1355.12	-1092.12	69.8774
34 	100  	-1509.94	-1328.67	-1092.12	61.0827
35 	100  	-1571.44	-1425.56	-1092.12	68.1926
36 	100  	-1583.89	-1383.18	-1092.12	52.7259
37 	100  	-1687.99	-1442.25	-1092.12	75.9966
38 	100  	-1572.55	-1431.97	-1092.12	65.3593
39 	100  	-1569.94	-1364.61	-1092.12	53.626 
40 	100  	-1463.85	-1321.29	-1092.12	69.1738
41 	100  	-1582.02	-1421.13	-1092.12	71.5018
42 	100  	-1549.49	-1380.32	-1092.12	55.5182
43 	100  	-1566.71	-1353.2 	-1092.12	54.6561
44 	100  	-1553.5 	-1395.9 	-1092.12	68.6979
45 	100  	-1553.98	-1410.29	-1092.12	55.9661
46 	100  	-1571.84	-1417.29	-1092.12	49.9286
47 	100  	-1663.77	-1445.21	-1092.12	69.1261
48 	100  	-1539.16	-1400.72	-1092.12	56.4472
49 	100  	-1596.7 	-1417.34	-1092.12	63.5202
50 	100  	-1631.47	-1432.53	-1092.12	43.5467
51 	100  	-1536.12	-1400.2 	-1092.12	46.2924
52 	100  	-1575.97	-1431.24	-1092.12	52.1739
53 	100  	-1542.07	-1385.74	-1092.12	50.9138
54 	100  	-1549.01	-1377.28	-1092.12	47.6239
55 	100  	-1645.85	-1461.99	-1092.12	50.2094
56 	100  	-1592.57	-1453.17	-1092.12	49.3708
57 	100  	-1547.79	-1418.34	-1092.12	43.3449
58 	100  	-1500.61	-1371.05	-1092.12	49.2789
59 	100  	-1554.02	-1442.87	-1092.12	52.0685
60 	100  	-1600.91	-1366.78	-1092.12	63.3558
61 	100  	-1560.97	-1263.15	-1092.12	46.078 
62 	100  	-1467.91	-1349.27	-1092.12	49.5702
63 	100  	-1580.64	-1396.75	-1092.12	42.3243
64 	100  	-1557.96	-1369.13	-1092.12	32.7867
65 	100  	-1511.54	-1427.44	-1092.12	40.941 
66 	100  	-1631.52	-1493.62	-1092.12	64.1767
67 	100  	-1567.35	-1488.23	-1092.12	38.6458
68 	100  	-1504.28	-1277.34	-1092.12	67.7732
69 	100  	-1460.97	-1320.43	-1092.12	51.4755
70 	100  	-1476.57	-1322.19	-1092.12	43.5254
71 	100  	-1389.22	-1330.1 	-1092.12	25.8718
72 	100  	-1491.34	-1399.05	-1092.12	45.4093
73 	100  	-1436.41	-1314.27	-1092.12	36.3663
74 	100  	-1516.72	-1343.02	-1092.12	33.5609
75 	100  	-1458.96	-1400.72	-1092.12	33.2296
76 	100  	-1519.15	-1427.38	-1092.12	37.4332
77 	100  	-1553.03	-1480.12	-1092.12	44.2617
78 	100  	-1488.8 	-1358.24	-1092.12	46.6969
79 	100  	-1477.69	-1269.24	-1092.12	45.7673
80 	100  	-1421.32	-1317.39	-1092.12	52.5481
81 	100  	-1584.46	-1469.77	-1092.12	77.9625
82 	100  	-1506.9 	-1409.78	-1092.12	39.7949
83 	100  	-1410.19	-1313.23	-1092.12	35.0391
84 	100  	-1442.77	-1361.19	-1092.12	34.6745
85 	100  	-1480.4 	-1425.8 	-1092.12	46.438 
86 	100  	-1467.83	-1407.22	-1092.12	29.0657
87 	100  	-1443.97	-1349.23	-1092.12	24.5876
88 	100  	-1543.48	-1369.09	-1092.12	48.9345
89 	100  	-1595.82	-1463.39	-1092.12	50.0659
90 	100  	-1555.8 	-1388.32	-1092.12	55.2582
91 	100  	-1505.32	-1410.05	-1092.12	32.017 
92 	100  	-1474.03	-1361.71	-1092.12	25.2383
93 	100  	-1459.97	-1371.31	-1092.12	30.573 
94 	100  	-1536.18	-1342.45	-1092.12	26.7672
95 	100  	-1473.79	-1384.09	-1092.12	25.8149
96 	100  	-1511.51	-1448.64	-1092.12	43.7814
97 	100  	-1505.05	-1433.89	-1092.12	32.408 
98 	100  	-1609.96	-1505.86	-1092.12	53.2609
99 	100  	-1548.01	-1499.39	-1092.12	37.0185
gen	depth	min     	avg     	max     	std    
0  	100  	-1516.21	-1344.18	-1184.87	58.8839
1  	100  	-1468.51	-1310.13	-1155.94	51.5634
2  	100  	-1460.89	-1299.72	-1155.94	55.6134
3  	100  	-1459.94	-1309.5 	-1155.94	57.843 
4  	100  	-1475.88	-1315.5 	-1114.2 	61.9577
5  	100  	-1552.69	-1326.2 	-1114.2 	59.9532
6  	100  	-1496.26	-1335.3 	-1114.2 	65.3553
7  	100  	-1505.75	-1347.18	-1114.2 	60.0935
8  	100  	-1536.1 	-1338.67	-1114.2 	76.3995
9  	100  	-1526.33	-1323.64	-1114.2 	62.2004
10 	100  	-1615.93	-1394.17	-1114.2 	89.7936
11 	100  	-1561.15	-1346.66	-1114.2 	81.0646
12 	100  	-1519.62	-1337.18	-1114.2 	67.5779
13 	100  	-1639.82	-1389.16	-1114.2 	100.342
14 	100  	-1609.08	-1368.62	-1114.2 	82.1878
15 	100  	-1538.31	-1347.29	-1114.2 	78.9956
16 	100  	-1535.57	-1337.05	-1114.2 	78.8219
17 	100  	-1548.83	-1376.38	-1114.2 	65.8917
18 	100  	-1668.19	-1428.48	-1114.2 	80.8716
19 	100  	-1649.82	-1423.83	-1114.2 	99.0196
20 	100  	-1645.57	-1453.47	-1114.2 	81.2113
21 	100  	-1648.12	-1451.59	-1114.2 	76.9677
22 	100  	-1621.88	-1399.61	-1114.2 	71.482 
23 	100  	-1597.53	-1421.44	-1114.2 	67.4204
24 	100  	-1522.2 	-1346.64	-1114.2 	59.5036
25 	100  	-1569.84	-1349.51	-1114.2 	71.1076
26 	100  	-1577.79	-1369.8 	-1114.2 	65.6242
27 	100  	-1576.87	-1392.12	-1114.2 	68.1416
28 	100  	-1539.43	-1387.01	-1114.2 	60.9447
29 	100  	-1531.65	-1388.4 	-1114.2 	60.4339
30 	100  	-1510.5 	-1369.64	-1114.2 	61.0431
31 	100  	-1530.74	-1370.92	-1114.2 	51.6114
32 	100  	-1598.37	-1381.45	-1114.2 	70.484 
33 	100  	-1641.02	-1448.42	-1114.2 	86.6725
34 	100  	-1596.07	-1437.47	-1114.2 	64.5214
35 	100  	-1519.42	-1391.67	-1114.2 	58.2255
36 	100  	-1578.84	-1426.28	-1114.2 	61.9047
37 	100  	-1577.99	-1404.25	-1114.2 	71.7047
38 	100  	-1604.52	-1395.95	-1114.2 	69.8617
39 	100  	-1558.14	-1392.74	-1114.2 	71.3818
40 	100  	-1594.01	-1398.99	-1114.2 	69.8252
41 	100  	-1605.97	-1422.84	-1114.2 	75.9443
42 	100  	-1596.19	-1397.74	-1114.2 	80.5557
43 	100  	-1576.63	-1376.43	-1114.2 	55.2151
44 	100  	-1734.53	-1436.27	-1114.2 	88.9202
45 	100  	-1537.21	-1410.67	-1114.2 	48.8242
46 	100  	-1514.6 	-1373.2 	-1114.2 	60.3271
47 	100  	-1549.23	-1385.71	-1114.2 	53.2799
48 	100  	-1572.69	-1369.33	-1114.2 	67.3457
49 	100  	-1536.96	-1374.07	-1114.2 	74.3497
50 	100  	-1508.87	-1351.9 	-1114.2 	52.0162
51 	100  	-1602.19	-1404.39	-1114.2 	70.9687
52 	100  	-1561.72	-1412.98	-1114.2 	64.6967
53 	100  	-1532.96	-1372.49	-1114.2 	40.1768
54 	100  	-1505.2 	-1363.3 	-1114.2 	48.7278
55 	100  	-1457.14	-1304.59	-1114.2 	57.5731
56 	100  	-1497.01	-1331.72	-1114.2 	54.3146
57 	100  	-1547.68	-1329.62	-1114.2 	51.0339
58 	100  	-1470.87	-1360.87	-1114.2 	50.1071
59 	100  	-1496.87	-1381.22	-1114.2 	47.0318
60 	100  	-1450.38	-1338.12	-1114.2 	32.4863
61 	100  	-1502.39	-1380.43	-1114.2 	46.8935
62 	100  	-1537.82	-1387.41	-1114.2 	46.179 
63 	100  	-1559.74	-1383.26	-1114.2 	49.9975
64 	100  	-1554.17	-1439.87	-1114.2 	54.5833
65 	100  	-1476.14	-1243.54	-1114.2 	68.295 
66 	100  	-1504.79	-1350.43	-1114.2 	56.0461
67 	100  	-1467.05	-1386.44	-1114.2 	44.103 
68 	100  	-1496.82	-1404.93	-1114.2 	41.2601
69 	100  	-1556.04	-1475.43	-1114.2 	50.0347
70 	100  	-1500.82	-1353.68	-1114.2 	57.0188
71 	100  	-1432.82	-1304.24	-1114.2 	41.8271
72 	100  	-1504.51	-1380.26	-1114.2 	59.923 
73 	100  	-1612.81	-1506.86	-1114.2 	70.3943
74 	100  	-1548.74	-1470.23	-1114.2 	43.4303
75 	100  	-1554.54	-1447.17	-1114.2 	41.0128
76 	100  	-1469.32	-1337.82	-1114.2 	48.638 
77 	100  	-1568.48	-1364.46	-1114.2 	57.381 
78 	100  	-1616.09	-1454.81	-1114.2 	68.8416
79 	100  	-1535.54	-1404.81	-1114.2 	52.4771
80 	100  	-1507.02	-1388.27	-1114.2 	45.0136
81 	100  	-1539.79	-1396.34	-1114.2 	60.6379
82 	100  	-1458.78	-1334.62	-1114.2 	39.8102
83 	100  	-1439.27	-1328.5 	-1114.2 	45.745 
84 	100  	-1499.12	-1355.13	-1114.2 	47.1263
85 	100  	-1497.89	-1338.51	-1114.2 	45.6722
86 	100  	-1419.26	-1300.27	-1114.2 	33.1937
87 	100  	-1525.82	-1410.17	-1114.2 	70.8371
88 	100  	-1574.44	-1505.82	-1114.2 	64.3848
89 	100  	-1550.05	-1450.08	-1114.2 	42.4423
90 	100  	-1657.73	-1419.85	-1114.2 	41.5241
91 	100  	-1590.39	-1447.58	-1114.2 	67.5887
92 	100  	-1565.78	-1423.18	-1114.2 	35.5296
93 	100  	-1544.08	-1443.05	-1114.2 	45.3873
94 	100  	-1483.78	-1384.16	-1114.2 	45.3025
95 	100  	-1515.67	-1353.17	-1114.2 	40.5603
96 	100  	-1543.02	-1398.34	-1114.2 	53.1572
97 	100  	-1591.95	-1460.84	-1114.2 	57.2743
98 	100  	-1668.28	-1442.7 	-1114.2 	72.1244
99 	100  	-1523   	-1404.84	-1114.2 	32.5419
gen	depth	min     	avg     	max     	std    
0  	100  	-1502.17	-1337.96	-1174.18	58.6718
1  	100  	-1462.73	-1306.26	-1115.24	52.0165
2  	100  	-1477.24	-1290.11	-1115.24	61.9659
3  	100  	-1463.98	-1290.68	-1115.24	55.3255
4  	100  	-1446.14	-1291.44	-1112.52	60.9164
5  	100  	-1480.77	-1310.84	-1112.52	60.9567
6  	100  	-1519.04	-1308.85	-1112.52	68.116 
7  	100  	-1550.48	-1320.56	-1112.52	71.2745
8  	100  	-1492.09	-1322.53	-1112.52	63.3953
9  	100  	-1511.72	-1348.92	-1112.52	58.9792
10 	100  	-1564.11	-1351.86	-1112.52	72.1036
11 	100  	-1556.12	-1372.34	-1112.52	79.2559
12 	100  	-1576.15	-1376.52	-1112.52	63.3533
13 	100  	-1540.68	-1364.21	-1112.52	61.9144
14 	100  	-1618.77	-1403.18	-1112.52	61.0143
15 	100  	-1564.46	-1398.6 	-1112.52	60.2826
16 	100  	-1556.17	-1367.57	-1112.52	60.5613
17 	100  	-1572.13	-1405.44	-1112.52	68.6182
18 	100  	-1595.91	-1381.06	-1112.52	77.7041
19 	100  	-1630.46	-1396.39	-1112.52	88.9685
20 	100  	-1691.93	-1425.15	-1112.52	75.0669
21 	100  	-1544.07	-1362.83	-1112.52	64.5452
22 	100  	-1533.23	-1406.63	-1112.52	68.1848
23 	100  	-1586.12	-1408.11	-1112.52	64.0266
24 	100  	-1547.36	-1387.75	-1112.52	58.7522
25 	100  	-1569.44	-1393.89	-1112.52	60.5727
26 	100  	-1527.9 	-1368.34	-1112.52	61.5595
27 	100  	-1583.72	-1373.78	-1112.52	99.9191
28 	100  	-1535.85	-1345.4 	-1112.52	59.484 
29 	100  	-1530.02	-1377.8 	-1112.52	70.288 
30 	100  	-1524.41	-1339.62	-1112.52	68.9203
31 	100  	-1571.51	-1370.09	-1112.52	71.1471
32 	100  	-1572.16	-1389.52	-1112.52	75.0896
33 	100  	-1564.27	-1400.49	-1112.52	56.2243
34 	100  	-1568.94	-1401.9 	-1112.52	56.4519
35 	100  	-1572.03	-1402.96	-1112.52	57.5828
36 	100  	-1584.69	-1469.87	-1112.52	66.4178
37 	100  	-1527.84	-1359.57	-1112.52	66.3591
38 	100  	-1558.58	-1423.49	-1112.52	56.021 
39 	100  	-1520.56	-1419.36	-1112.52	46.0656
40 	100  	-1573.92	-1411.29	-1112.52	58.7664
41 	100  	-1580.52	-1436.38	-1112.52	55.108 
42 	100  	-1480.14	-1364.55	-1112.52	51.3344
43 	100  	-1530.35	-1376.61	-1112.52	71.2602
44 	100  	-1562.8 	-1437.5 	-1112.52	65.2136
45 	100  	-1560.75	-1405.05	-1112.52	57.2723
46 	100  	-1528.25	-1417.66	-1112.52	49.9   
47 	100  	-1530.77	-1379.09	-1112.52	42.6979
48 	100  	-1536.23	-1400.74	-1112.52	55.8005
49 	100  	-1477.29	-1372.25	-1112.52	40.4759
50 	100  	-1530.6 	-1404.52	-1112.52	57.6325
51 	100  	-1561.18	-1443.11	-1112.52	55.2616
52 	100  	-1602.09	-1478.77	-1112.52	56.1715
53 	100  	-1517.06	-1388.96	-1112.52	53.0921
54 	100  	-1634.05	-1415.84	-1112.52	56.769 
55 	100  	-1576.3 	-1310.92	-1112.52	85.0497
56 	100  	-1464.66	-1292.29	-1112.52	49.0812
57 	100  	-1519.46	-1422.01	-1112.52	68.1544
58 	100  	-1532.4 	-1412.79	-1112.52	52.3962
59 	100  	-1522.61	-1400.7 	-1112.52	40.3571
60 	100  	-1567.72	-1420.24	-1112.52	44.9447
61 	100  	-1547.68	-1330.95	-1112.52	52.9986
62 	100  	-1464.89	-1329.62	-1112.52	44.8062
63 	100  	-1483.28	-1378   	-1112.52	43.2109
64 	100  	-1571.91	-1476.67	-1112.52	58.421 
65 	100  	-1504.35	-1377.23	-1112.52	49.532 
66 	100  	-1541.03	-1440.6 	-1112.52	47.846 
67 	100  	-1613.09	-1514.72	-1112.52	57.0404
68 	100  	-1542.93	-1285.5 	-1112.52	57.5148
69 	100  	-1525.65	-1412.63	-1112.52	66.1812
70 	100  	-1544.34	-1429.03	-1112.52	51.7455
71 	100  	-1549.3 	-1459.87	-1112.52	44.3616
72 	100  	-1592.21	-1434.73	-1112.52	41.5416
73 	100  	-1560.82	-1401.04	-1112.52	64.1837
74 	100  	-1482.01	-1418.23	-1112.52	38.0705
75 	100  	-1491.39	-1282.41	-1112.52	53.544 
76 	100  	-1423.15	-1271.03	-1112.52	43.8668
77 	100  	-1542.92	-1428.94	-1112.52	76.2276
78 	100  	-1492.22	-1308.62	-1112.52	49.052 
79 	100  	-1372   	-1304.86	-1112.52	31.1267
80 	100  	-1432.42	-1366.9 	-1112.52	35.8664
81 	100  	-1469.48	-1327.04	-1112.52	42.8784
82 	100  	-1474.07	-1326.93	-1112.52	25.6285
83 	100  	-1540.41	-1454.71	-1112.52	60.9446
84 	100  	-1487.75	-1432.97	-1112.52	31.7549
85 	100  	-1551.43	-1344.39	-1112.52	42.4768
86 	100  	-1511.86	-1430.76	-1112.52	49.3129
87 	100  	-1450.27	-1353.11	-1112.52	31.3894
88 	100  	-1579.23	-1439.19	-1112.52	45.3683
89 	100  	-1535.83	-1469.63	-1112.52	40.7964
90 	100  	-1484.76	-1342.94	-1112.52	60.5848
91 	100  	-1556.27	-1363.71	-1112.52	41.4568
92 	100  	-1377.74	-1295.65	-1112.52	25.5181
93 	100  	-1365.26	-1293.86	-1112.52	17.3179
94 	100  	-1527.38	-1448.35	-1112.52	67.1892
95 	100  	-1488.6 	-1351.6 	-1112.52	36.9941
96 	100  	-1405.01	-1357.46	-1112.52	23.2824
97 	100  	-1532.97	-1435.35	-1112.52	42.8113
98 	100  	-1479.33	-1304.58	-1112.52	36.5798
99 	100  	-1541.04	-1431.99	-1112.52	58.8733
gen	depth	min     	avg     	max     	std    
0  	100  	-1527.64	-1338.62	-1170.79	56.3737
1  	100  	-1461.25	-1313.51	-1152.17	54.5228
2  	100  	-1441.38	-1294.51	-1137.22	50.8049
3  	100  	-1488.42	-1288.3 	-1137.22	58.1899
4  	100  	-1495.16	-1304.99	-1137.22	65.779 
5  	100  	-1466.51	-1315.19	-1137.22	63.4578
6  	100  	-1497.57	-1319.23	-1137.22	62.3788
7  	100  	-1508.32	-1329.61	-1137.22	64.5785
8  	100  	-1539.66	-1317.17	-1137.22	66.3822
9  	100  	-1479.09	-1309.67	-1137.22	59.2501
10 	100  	-1501.01	-1326.62	-1137.22	66.4497
11 	100  	-1531.46	-1355.44	-1137.22	63.3027
12 	100  	-1542.84	-1369.16	-1137.22	59.3392
13 	100  	-1563.57	-1371.19	-1137.22	62.2523
14 	100  	-1528.2 	-1359.59	-1137.22	63.1136
15 	100  	-1571.14	-1373.15	-1137.22	67.2292
16 	100  	-1564.26	-1380.26	-1137.22	69.282 
17 	100  	-1585.68	-1394.56	-1137.22	72.7148
18 	100  	-1580.56	-1373.58	-1137.22	68.1443
19 	100  	-1509.82	-1343.76	-1137.22	53.6966
20 	100  	-1622.78	-1370.78	-1137.22	65.8091
21 	100  	-1597.41	-1382.89	-1137.22	84.7836
22 	100  	-1581.58	-1398.24	-1137.22	90.2771
23 	100  	-1590.16	-1380.88	-1137.22	81.436 
24 	100  	-1545.6 	-1365.73	-1137.22	69.7444
25 	100  	-1645.79	-1416.15	-1137.22	63.6014
26 	100  	-1547.17	-1389.59	-1137.22	50.7773
27 	100  	-1565   	-1383.32	-1137.22	60.1276
28 	100  	-1525.11	-1383.3 	-1137.22	53.8217
29 	100  	-1596.61	-1422.92	-1137.22	66.128 
30 	100  	-1629.26	-1496.55	-1137.22	69.1725
31 	100  	-1588.45	-1385.32	-1137.22	61.3811
32 	100  	-1556.55	-1356.67	-1137.22	58.3775
33 	100  	-1431.76	-1349.56	-1137.22	51.2686
34 	100  	-1575.45	-1390.02	-1137.22	67.1916
35 	100  	-1482.87	-1386.82	-1137.22	42.9683
36 	100  	-1495.42	-1317.99	-1137.22	49.9694
37 	100  	-1526.52	-1364.68	-1137.22	56.0477
38 	100  	-1589.58	-1454.97	-1137.22	63.648 
39 	100  	-1515.84	-1344.71	-1137.22	57.8553
40 	100  	-1488.03	-1355.91	-1137.22	44.6872
41 	100  	-1390.62	-1285.85	-1137.22	36.1129
42 	100  	-1425.75	-1353.07	-1137.22	41.8135
43 	100  	-1420.08	-1311.1 	-1137.22	31.8426
44 	100  	-1526.39	-1427.39	-1137.22	54.7843
45 	100  	-1491.42	-1388.21	-1137.22	34.8693
46 	100  	-1474.6 	-1346.97	-1137.22	43.6855
47 	100  	-1544.86	-1459.48	-1137.22	63.2239
48 	100  	-1546.93	-1446.08	-1137.22	43.6044
49 	100  	-1605.5 	-1473.15	-1137.22	56.973 
50 	100  	-1530.6 	-1375.72	-1137.22	51.8089
51 	100  	-1493.63	-1369.1 	-1137.22	39.7349
52 	100  	-1531.83	-1390.16	-1137.22	54.511 
53 	100  	-1502.12	-1381.53	-1137.22	40.8399
54 	100  	-1471.78	-1366.78	-1137.22	45.0294
55 	100  	-1496.93	-1333.43	-1137.22	49.9523
56 	100  	-1459.11	-1344.63	-1137.22	50.2508
57 	100  	-1529.32	-1404.48	-1137.22	66.3744
58 	100  	-1601.86	-1450.91	-1137.22	68.0479
59 	100  	-1520.49	-1344.22	-1137.22	54.2219
60 	100  	-1492.51	-1358.09	-1137.22	55.7036
61 	100  	-1424.57	-1319.58	-1137.22	47.45  
62 	100  	-1465.1 	-1356.84	-1137.22	46.6634
63 	100  	-1663.28	-1508.96	-1137.22	89.3454
64 	100  	-1579.29	-1385.45	-1137.22	78.0651
65 	100  	-1490.85	-1376.22	-1137.22	54.6246
66 	100  	-1501.71	-1364.63	-1137.22	57.0975
67 	100  	-1497.88	-1404.32	-1137.22	45.1745
68 	100  	-1525.17	-1426.57	-1137.22	64.7241
69 	100  	-1497.27	-1281.06	-1136.56	53.51  
70 	100  	-1481.81	-1289.88	-1136.56	46.9545
71 	100  	-1524.24	-1403.06	-1136.56	61.174 
72 	100  	-1483.66	-1361.54	-1136.56	42.8153
73 	100  	-1447.61	-1331.85	-1136.56	32.8353
74 	100  	-1585.9 	-1455.16	-1136.56	71.4202
75 	100  	-1521.59	-1385.02	-1136.56	56.0878
76 	100  	-1514.23	-1385.27	-1136.56	53.4956
77 	100  	-1482.13	-1399.77	-1136.56	41.0753
78 	100  	-1511.67	-1424.03	-1136.56	41.1319
79 	100  	-1445.52	-1357.43	-1136.56	35.3154
80 	100  	-1382.73	-1260.35	-1132.58	54.0423
81 	100  	-1462.83	-1357.27	-1132.58	58.1937
82 	100  	-1504.83	-1372.8 	-1132.58	60.6689
83 	100  	-1557.45	-1410.76	-1132.58	52.4179
84 	100  	-1484.9 	-1383.82	-1132.58	39.2842
85 	100  	-1450.02	-1367.26	-1132.58	34.7621
86 	100  	-1468.68	-1323.99	-1132.58	56.052 
87 	100  	-1505.25	-1367.06	-1132.58	56.9839
88 	100  	-1526.73	-1359.43	-1132.58	56.5733
89 	100  	-1473.83	-1344.15	-1132.58	56.6757
90 	100  	-1540.09	-1455.55	-1132.58	60.5994
91 	100  	-1491.78	-1376.76	-1132.58	39.978 
92 	100  	-1531.09	-1397.8 	-1132.58	44.6022
93 	100  	-1564.9 	-1424.83	-1132.58	56.8145
94 	100  	-1516.38	-1318.1 	-1132.58	40.4861
95 	100  	-1475.87	-1392.1 	-1132.58	45.6838
96 	100  	-1429.66	-1334.33	-1132.58	30.3994
97 	100  	-1427.8 	-1359.41	-1132.58	33.0586
98 	100  	-1436.62	-1310.55	-1132.58	47.315 
99 	100  	-1428.29	-1346.1 	-1132.58	33.6525
gen	depth	min     	avg     	max     	std    
0  	100  	-1537.76	-1341.05	-1151.11	56.1336
1  	100  	-1523.31	-1321.92	-1138.98	61.5764
2  	100  	-1461.57	-1296.18	-1138.98	61.0055
3  	100  	-1477.4 	-1301.83	-1138.98	61.3021
4  	100  	-1501.86	-1307.26	-1138.98	70.5248
5  	100  	-1499.11	-1331.07	-1138.98	66.9631
6  	100  	-1502.66	-1322.44	-1138.98	62.6906
7  	100  	-1510.25	-1319.2 	-1138.98	68.6928
8  	100  	-1517   	-1318.31	-1138.98	67.9443
9  	100  	-1500.04	-1335.74	-1138.98	62.5567
10 	100  	-1534.73	-1318.73	-1138.98	66.2249
11 	100  	-1514.74	-1320.68	-1138.98	57.4153
12 	100  	-1544.51	-1369.31	-1138.98	72.4994
13 	100  	-1501.3 	-1359.64	-1138.98	60.72  
14 	100  	-1509.63	-1340.26	-1138.98	60.4227
15 	100  	-1495.68	-1330.54	-1138.98	70.8679
16 	100  	-1503.09	-1339.48	-1138.98	74.8193
17 	100  	-1560.76	-1390.09	-1138.98	56.7153
18 	100  	-1547.6 	-1383.56	-1138.98	86.887 
19 	100  	-1562.73	-1364.33	-1138.98	67.9751
20 	100  	-1576.34	-1371.79	-1138.98	65.1429
21 	100  	-1541.02	-1353.91	-1138.98	73.9608
22 	100  	-1523.26	-1382.9 	-1138.98	59.8099
23 	100  	-1638.4 	-1398.41	-1138.98	73.1926
24 	100  	-1596.89	-1410.07	-1138.98	85.6855
25 	100  	-1555.98	-1379.14	-1138.98	72.9923
26 	100  	-1542.97	-1380.82	-1138.98	70.3245
27 	100  	-1602.28	-1416.23	-1138.98	88.6097
28 	100  	-1608.13	-1434.93	-1138.98	70.457 
29 	100  	-1564.8 	-1404.06	-1138.98	57.9485
30 	100  	-1623.84	-1434.25	-1138.98	73.5326
31 	100  	-1659.08	-1378.51	-1138.98	62.9381
32 	100  	-1570.42	-1372.78	-1138.98	77.5751
33 	100  	-1507.16	-1343.52	-1138.98	63.0672
34 	100  	-1540.96	-1370.33	-1138.98	56.6961
35 	100  	-1564.45	-1354.05	-1138.98	69.994 
36 	100  	-1431.22	-1301.83	-1138.98	54.2998
37 	100  	-1624.39	-1454.52	-1138.98	80.4873
38 	100  	-1565.48	-1413.02	-1138.98	60.4902
39 	100  	-1534.75	-1351.92	-1138.98	57.6625
40 	100  	-1559.06	-1369.07	-1138.98	70.5956
41 	100  	-1609.55	-1415.74	-1138.98	92.9674
42 	100  	-1526.55	-1338.44	-1138.98	54.1787
43 	100  	-1536.23	-1343.27	-1138.98	59.3316
44 	100  	-1577.76	-1436.21	-1138.98	76.8169
45 	100  	-1540.88	-1346.36	-1138.98	61.0394
46 	100  	-1518.62	-1349.56	-1138.98	58.4429
47 	100  	-1504.87	-1343.47	-1138.98	61.7598
48 	100  	-1563.09	-1415.87	-1138.98	70.3695
49 	100  	-1575.41	-1442.39	-1138.98	57.2438
50 	100  	-1462.94	-1352.57	-1138.98	50.3352
51 	100  	-1630.65	-1422.43	-1138.98	74.3452
52 	100  	-1573.7 	-1378.26	-1138.98	64.2748
53 	100  	-1456.57	-1337.57	-1138.98	41.9071
54 	100  	-1554.86	-1355.58	-1138.98	62.5667
55 	100  	-1501.49	-1273.82	-1138.98	45.7446
56 	100  	-1566.32	-1393.93	-1138.98	56.5963
57 	100  	-1453.62	-1345.08	-1138.98	36.636 
58 	100  	-1623.13	-1427.28	-1138.98	62.1518
59 	100  	-1536.48	-1375.2 	-1138.98	47.2104
60 	100  	-1627.19	-1452.54	-1138.98	66.1625
61 	100  	-1505.33	-1363.93	-1138.98	45.1781
62 	100  	-1539.35	-1312.87	-1138.98	50.1419
63 	100  	-1549.72	-1351.3 	-1138.98	64.1646
64 	100  	-1540.27	-1439.22	-1138.98	63.1581
65 	100  	-1612.19	-1440.46	-1138.98	63.5162
66 	100  	-1477.76	-1324.97	-1138.98	54.3573
67 	100  	-1530.3 	-1395.02	-1138.98	52.4013
68 	100  	-1497.37	-1350.93	-1138.98	55.3154
69 	100  	-1545.02	-1358.61	-1138.98	66.5595
70 	100  	-1536.56	-1414.8 	-1138.98	55.1019
71 	100  	-1500.51	-1348.62	-1138.98	52.3177
72 	100  	-1577.2 	-1468.9 	-1138.98	61.8393
73 	100  	-1496.76	-1298.11	-1138.98	56.9749
74 	100  	-1529.72	-1331.97	-1138.98	47.8372
75 	100  	-1497.15	-1398.55	-1138.98	55.0814
76 	100  	-1614.27	-1371.38	-1138.98	71.6492
77 	100  	-1549.59	-1464.49	-1138.98	59.6406
78 	100  	-1538.48	-1418.37	-1138.98	53.8712
79 	100  	-1561.69	-1457.38	-1138.98	52.0839
80 	100  	-1479.42	-1357.06	-1138.98	49.9314
81 	100  	-1486.65	-1406.85	-1138.98	39.7039
82 	100  	-1556.35	-1401.14	-1138.98	60.607 
83 	100  	-1508.74	-1382.94	-1138.98	40.4979
84 	100  	-1538.09	-1436.57	-1138.98	49.1294
85 	100  	-1490.46	-1305.36	-1138.98	63.0405
86 	100  	-1537.24	-1387.44	-1138.98	59.1459
87 	100  	-1438.09	-1328.55	-1138.98	33.3653
88 	100  	-1465.24	-1347.42	-1138.98	38.663 
89 	100  	-1498.3 	-1410.56	-1138.98	51.0677
90 	100  	-1465.54	-1363.96	-1138.98	33.6829
91 	100  	-1376.4 	-1304.15	-1138.98	27.6192
92 	100  	-1542.63	-1418.44	-1138.98	57.1894
93 	100  	-1495.96	-1371.85	-1138.98	55.7598
94 	100  	-1579.82	-1472.08	-1138.98	53.8567
95 	100  	-1525.41	-1423.24	-1138.98	44.1428
96 	100  	-1456.56	-1269.6 	-1138.98	45.2894
97 	100  	-1447.66	-1332.88	-1138.98	48.3776
98 	100  	-1550.03	-1398.28	-1138.98	55.308 
99 	100  	-1519.03	-1404.54	-1138.98	55.5637
gen	depth	min     	avg     	max     	std    
0  	100  	-1515.43	-1340.24	-1160.69	61.3747
1  	100  	-1476.23	-1309.91	-1160.69	58.961 
2  	100  	-1505.21	-1307.03	-1120.79	63.2801
3  	100  	-1514.56	-1306.54	-1120.79	56.9599
4  	100  	-1494.31	-1318.61	-1120.79	62.2381
5  	100  	-1495.48	-1339.38	-1120.79	66.7702
6  	100  	-1614.18	-1330.24	-1120.79	73.8218
7  	100  	-1495.11	-1325.37	-1120.79	68.4462
8  	100  	-1487.71	-1315.1 	-1120.79	62.8047
9  	100  	-1476.6 	-1310.37	-1120.79	68.3582
10 	100  	-1555.26	-1364.51	-1120.79	76.5713
11 	100  	-1533.96	-1334.03	-1120.79	68.8675
12 	100  	-1515.48	-1314.35	-1120.79	66.0292
13 	100  	-1514.74	-1336.88	-1120.79	71.2021
14 	100  	-1542.86	-1356.8 	-1120.79	66.0322
15 	100  	-1566.99	-1391.78	-1120.79	67.402 
16 	100  	-1593.67	-1363.61	-1120.79	70.3493
17 	100  	-1602.76	-1428.07	-1120.79	82.6247
18 	100  	-1555.18	-1363.26	-1120.79	60.1821
19 	100  	-1516.78	-1367.2 	-1120.79	56.031 
20 	100  	-1586.3 	-1393.22	-1120.79	71.9327
21 	100  	-1556.33	-1388.22	-1120.79	62.7226
22 	100  	-1610.42	-1380.7 	-1120.79	73.9811
23 	100  	-1577.56	-1375.4 	-1120.79	66.3032
24 	100  	-1563.95	-1394.31	-1120.79	59.1386
25 	100  	-1534.4 	-1362.24	-1120.79	55.08  
26 	100  	-1617.81	-1415.04	-1120.79	80.7718
27 	100  	-1619.97	-1353.31	-1120.79	85.1752
28 	100  	-1470.91	-1335.63	-1120.79	51.2952
29 	100  	-1492.48	-1346.64	-1120.79	52.8507
30 	100  	-1550.3 	-1419.5 	-1120.79	59.0504
31 	100  	-1515.95	-1384.75	-1120.79	57.6498
32 	100  	-1524.05	-1372.67	-1120.79	61.6851
33 	100  	-1577.39	-1421.79	-1120.79	61.0087
34 	100  	-1557.28	-1433.17	-1120.79	60.0491
35 	100  	-1583.46	-1406.89	-1120.79	60.2499
36 	100  	-1509.96	-1351.87	-1120.79	54.1427
37 	100  	-1548.55	-1381.74	-1120.79	62.0437
38 	100  	-1554.42	-1372.99	-1120.79	59.1692
39 	100  	-1572.82	-1391.62	-1120.79	60.2264
40 	100  	-1556.1 	-1393.9 	-1120.79	58.8187
41 	100  	-1676.75	-1457.91	-1120.79	81.1164
42 	100  	-1573.66	-1411.58	-1120.79	48.4597
43 	100  	-1623.61	-1430.7 	-1120.79	70.1512
44 	100  	-1593.16	-1433.64	-1120.79	56.2921
45 	100  	-1595.47	-1432.08	-1120.79	56.3328
46 	100  	-1558.14	-1403.33	-1120.79	55.3309
47 	100  	-1741.06	-1446.83	-1120.79	81.5911
48 	100  	-1623.47	-1417   	-1120.79	68.6525
49 	100  	-1601.84	-1382.27	-1120.79	76.4647
50 	100  	-1531.07	-1375.04	-1120.79	61.9764
51 	100  	-1562.94	-1413.17	-1120.79	61.1826
52 	100  	-1607.06	-1454.86	-1120.79	72.9337
53 	100  	-1507.74	-1396.45	-1120.79	53.2083
54 	100  	-1547.78	-1395.91	-1120.79	50.5696
55 	100  	-1490.48	-1361.58	-1120.79	45.3522
56 	100  	-1530.13	-1378.91	-1120.79	55.5808
57 	100  	-1595.98	-1348.01	-1120.79	54.0524
58 	100  	-1552.87	-1403.18	-1120.79	58.6303
59 	100  	-1638.52	-1472.57	-1120.79	70.7265
60 	100  	-1536   	-1333.98	-1120.79	50.719 
61 	100  	-1551.73	-1386.89	-1120.79	68.6197
62 	100  	-1524.34	-1395.87	-1120.79	49.1996
63 	100  	-1488.71	-1362.07	-1120.79	47.3788
64 	100  	-1463.37	-1372.37	-1120.79	41.4266
65 	100  	-1466.46	-1379.13	-1120.79	38.6729
66 	100  	-1523.42	-1375.44	-1120.79	46.9692
67 	100  	-1443.5 	-1289.77	-1120.79	47.2963
68 	100  	-1646.82	-1461.6 	-1120.79	79.6627
69 	100  	-1577.78	-1416.68	-1120.79	50.9184
70 	100  	-1526.37	-1412.7 	-1120.79	42.8736
71 	100  	-1509.04	-1378.58	-1120.79	38.4914
72 	100  	-1489.25	-1384.46	-1120.79	32.4154
73 	100  	-1410.07	-1321.89	-1120.79	33.3472
74 	100  	-1502.52	-1403.93	-1120.79	48.2436
75 	100  	-1606.06	-1389.16	-1120.79	32.1835
76 	100  	-1561.69	-1455.33	-1120.79	46.4439
77 	100  	-1477.04	-1410.2 	-1120.79	22.6022
78 	100  	-1502.11	-1356.17	-1120.79	33.6356
79 	100  	-1536.48	-1423.96	-1120.79	42.323 
80 	100  	-1464.73	-1322.29	-1120.79	44.2937
81 	100  	-1484.92	-1396.68	-1120.79	41.3883
82 	100  	-1414.98	-1361.03	-1120.79	26.458 
83 	100  	-1548.34	-1473.85	-1120.79	48.9181
84 	100  	-1498.35	-1344.59	-1120.79	34.7217
85 	100  	-1434.53	-1318.72	-1120.79	45.8309
86 	100  	-1481.62	-1381.8 	-1120.79	36.1881
87 	100  	-1452.15	-1350.41	-1120.79	21.3666
88 	100  	-1395.35	-1324.24	-1120.79	21.3222
89 	100  	-1386.99	-1314.96	-1120.79	21.219 
90 	100  	-1523.73	-1474.54	-1120.79	58.2438
91 	100  	-1481.75	-1321.89	-1120.79	56.2452
92 	100  	-1524.94	-1468.78	-1120.79	69.8557
93 	100  	-1517.3 	-1449.38	-1120.79	40.5468
94 	100  	-1455.52	-1358.31	-1120.79	46.1934
95 	100  	-1554.53	-1433.69	-1120.79	43.0707
96 	100  	-1503.28	-1457.9 	-1120.79	30.2976
97 	100  	-1466.79	-1361.91	-1120.79	42.4481
98 	100  	-1382.27	-1298.35	-1120.79	25.715 
99 	100  	-1495.97	-1408.77	-1120.79	44.2619
gen	depth	min     	avg     	max     	std    
0  	100  	-1491.31	-1340.67	-1137.82	55.9791
1  	100  	-1503.27	-1311.97	-1137.82	51.6834
2  	100  	-1469.77	-1295.45	-1137.82	60.2683
3  	100  	-1446   	-1281.99	-1064.73	59.6554
4  	100  	-1466.41	-1300.52	-1064.73	62.9232
5  	100  	-1465.6 	-1301.67	-1064.73	62.0624
6  	100  	-1497.45	-1314.64	-1064.73	74.1964
7  	100  	-1501.44	-1331.7 	-1064.73	63.6363
8  	100  	-1497.23	-1320.91	-1064.73	68.169 
9  	100  	-1497.45	-1321.19	-1064.73	59.9463
10 	100  	-1534.53	-1345   	-1064.73	68.3445
11 	100  	-1551.49	-1335.77	-1064.73	62.1872
12 	100  	-1685.84	-1377.58	-1064.73	93.7561
13 	100  	-1584.62	-1363.8 	-1064.73	78.4605
14 	100  	-1599.21	-1375.45	-1064.73	70.2492
15 	100  	-1593.38	-1377.86	-1064.73	70.8729
16 	100  	-1558.47	-1368.12	-1064.73	65.5874
17 	100  	-1562.9 	-1400.15	-1064.73	70.7976
18 	100  	-1566.29	-1398.92	-1064.73	74.2035
19 	100  	-1620.3 	-1372.36	-1064.73	81.2626
20 	100  	-1529.4 	-1377.4 	-1064.73	62.3327
21 	100  	-1587.96	-1403.24	-1064.73	67.6761
22 	100  	-1561.71	-1373.29	-1064.73	71.0939
23 	100  	-1573.24	-1412.64	-1064.73	71.414 
24 	100  	-1573.62	-1364.69	-1064.73	70.6039
25 	100  	-1534.91	-1352.41	-1064.73	62.5886
26 	100  	-1514.96	-1330.37	-1064.73	71.5334
27 	100  	-1507.51	-1351.59	-1064.73	66.1008
28 	100  	-1545.37	-1352.86	-1064.73	66.8084
29 	100  	-1468.24	-1313.6 	-1064.73	49.3542
30 	100  	-1520.6 	-1375.14	-1064.73	67.8345
31 	100  	-1510.16	-1360.2 	-1064.73	59.2774
32 	100  	-1504.26	-1362.81	-1064.73	56.9988
33 	100  	-1595.04	-1418.31	-1064.73	66.0821
34 	100  	-1561.07	-1336.23	-1064.73	78.9893
35 	100  	-1533.83	-1343.35	-1064.73	70.5426
36 	100  	-1628.65	-1424.02	-1064.73	75.7442
37 	100  	-1576.53	-1399.26	-1064.73	59.561 
38 	100  	-1624.81	-1429.48	-1064.73	72.833 
39 	100  	-1612.92	-1439.21	-1064.73	61.792 
40 	100  	-1591.78	-1373.79	-1064.73	72.7933
41 	100  	-1593.71	-1347.98	-1064.73	58.5481
42 	100  	-1476.5 	-1339.87	-1064.73	54.0372
43 	100  	-1601.55	-1392.48	-1064.73	79.4268
44 	100  	-1547.72	-1382.79	-1064.73	65.9221
45 	100  	-1542.8 	-1383.99	-1064.73	63.0443
46 	100  	-1604.84	-1420.73	-1064.73	75.6243
47 	100  	-1582.51	-1394.87	-1064.73	70.6471
48 	100  	-1536.34	-1369.51	-1064.73	56.8248
49 	100  	-1665.76	-1478.18	-1064.73	77.151 
50 	100  	-1507.77	-1345.88	-1064.73	63.0315
51 	100  	-1599.53	-1400.19	-1064.73	76.46  
52 	100  	-1572   	-1358.27	-1064.73	58.1614
53 	100  	-1501.78	-1354.68	-1064.73	49.763 
54 	100  	-1587.85	-1399.51	-1064.73	71.428 
55 	100  	-1572.94	-1422.36	-1064.73	60.5135
56 	100  	-1589.77	-1413.63	-1064.73	52.6695
57 	100  	-1568.31	-1377.11	-1064.73	65.3378
58 	100  	-1503.85	-1350.78	-1064.73	62.3548
59 	100  	-1600.68	-1429.58	-1064.73	69.2284
60 	100  	-1512.27	-1385.36	-1064.73	58.1827
61 	100  	-1610.49	-1393.68	-1064.73	79.3218
62 	100  	-1600.29	-1416.44	-1064.73	66.587 
63 	100  	-1588.41	-1390.98	-1064.73	64.1157
64 	100  	-1586.73	-1440.88	-1064.73	71.3519
65 	100  	-1606.36	-1428.97	-1064.73	60.8715
66 	100  	-1517.13	-1364.59	-1064.73	51.4118
67 	100  	-1603.53	-1444.63	-1064.73	75.8318
68 	100  	-1506.17	-1351.31	-1064.73	59.3271
69 	100  	-1503.96	-1372.33	-1064.73	51.3091
70 	100  	-1537.15	-1405.88	-1064.73	56.2308
71 	100  	-1468.4 	-1330.63	-1064.73	53.1468
72 	100  	-1541.07	-1403.93	-1064.73	61.4272
73 	100  	-1509.49	-1370.31	-1064.73	65.1227
74 	100  	-1508.08	-1347.97	-1064.73	56.898 
75 	100  	-1457.03	-1319.8 	-1064.73	41.9322
76 	100  	-1543.4 	-1404.92	-1064.73	55.5065
77 	100  	-1712.59	-1495.72	-1064.73	88.5583
78 	100  	-1588.2 	-1442.09	-1064.73	54.4035
79 	100  	-1709.85	-1474.69	-1064.73	74.2505
80 	100  	-1582.13	-1441.09	-1064.73	57.9813
81 	100  	-1643.7 	-1493.61	-1064.73	60.1231
82 	100  	-1524.69	-1405.22	-1064.73	50.6745
83 	100  	-1538.03	-1385.88	-1064.73	50.4888
84 	100  	-1635.22	-1472.44	-1064.73	73.0475
85 	100  	-1544.23	-1403.86	-1064.73	42.5924
86 	100  	-1474.23	-1362.19	-1064.73	33.5488
87 	100  	-1467.18	-1347.88	-1064.73	40.463 
88 	100  	-1520.46	-1377.09	-1064.73	60.3387
89 	100  	-1590.26	-1332.24	-1064.73	45.0331
90 	100  	-1547.84	-1435.05	-1064.73	57.6908
91 	100  	-1526.85	-1381.63	-1064.73	44.3109
92 	100  	-1462.35	-1346.38	-1064.73	30.3605
93 	100  	-1509.71	-1389.6 	-1064.73	44.6629
94 	100  	-1460.41	-1320.51	-1064.73	52.8028
95 	100  	-1432.89	-1335.06	-1064.73	43.1855
96 	100  	-1476.64	-1342   	-1064.73	42.5203
97 	100  	-1513.01	-1354.81	-1064.73	59.5439
98 	100  	-1414.2 	-1338.07	-1064.73	28.4715
99 	100  	-1568.46	-1313.97	-1064.73	48.5083
gen	depth	min     	avg     	max     	std    
0  	100  	-1536.14	-1341.98	-1155.58	59.0796
1  	100  	-1498.24	-1322.64	-1116.42	57.3406
2  	100  	-1521.01	-1303.74	-1116.42	61.7804
3  	100  	-1524.19	-1303.38	-1116.42	61.1766
4  	100  	-1461.83	-1299.17	-1116.42	57.6231
5  	100  	-1487.56	-1302.23	-1116.42	59.5466
6  	100  	-1525.99	-1324.26	-1116.42	71.7139
7  	100  	-1493.75	-1315.64	-1116.42	71.7937
8  	100  	-1492.09	-1322.99	-1116.42	55.5044
9  	100  	-1519.12	-1342.69	-1116.42	62.4311
10 	100  	-1537.54	-1330.57	-1116.42	66.1903
11 	100  	-1528.75	-1331.8 	-1116.42	62.7692
12 	100  	-1613.44	-1363.84	-1116.42	76.5318
13 	100  	-1574.26	-1380.97	-1116.42	79.8752
14 	100  	-1581.62	-1401.38	-1116.42	69.6993
15 	100  	-1583.63	-1370.64	-1116.42	72.0055
16 	100  	-1567.03	-1335.89	-1116.42	70.2542
17 	100  	-1530.29	-1354.66	-1116.42	68.9377
18 	100  	-1547.45	-1346.95	-1116.42	67.1802
19 	100  	-1550.01	-1374.24	-1116.42	60.8782
20 	100  	-1558.05	-1340.34	-1116.42	74.2601
21 	100  	-1543.31	-1387.49	-1116.42	71.2231
22 	100  	-1484.15	-1345.79	-1116.42	51.2882
23 	100  	-1638.82	-1377.64	-1116.42	70.6551
24 	100  	-1563.7 	-1376.08	-1116.42	64.5169
25 	100  	-1560.98	-1356.89	-1116.42	63.944 
26 	100  	-1464.89	-1333.67	-1116.42	60.9671
27 	100  	-1627.89	-1368.76	-1116.42	95.8997
28 	100  	-1592.69	-1334.23	-1116.42	69.4939
29 	100  	-1527.15	-1363.35	-1116.42	67.9285
30 	100  	-1520.39	-1328.63	-1116.42	69.5564
31 	100  	-1560.19	-1357.23	-1116.42	74.448 
32 	100  	-1585.16	-1444.01	-1116.42	69.2471
33 	100  	-1514.41	-1390.36	-1116.42	57.2569
34 	100  	-1522.18	-1376.66	-1116.42	65.7824
35 	100  	-1527.28	-1343   	-1116.42	57.3022
36 	100  	-1635.37	-1423.66	-1116.42	81.2123
37 	100  	-1519.21	-1359.43	-1116.42	50.5142
38 	100  	-1562.28	-1399.34	-1116.42	67.7204
39 	100  	-1525.66	-1367.09	-1116.42	54.9735
40 	100  	-1564.54	-1388.61	-1116.42	53.7808
41 	100  	-1633.33	-1508.67	-1116.42	67.4333
42 	100  	-1541.73	-1379.86	-1116.42	70.3151
43 	100  	-1562.05	-1400.01	-1116.42	53.1783
44 	100  	-1516.38	-1343.93	-1116.42	69.0377
45 	100  	-1498.12	-1358.66	-1116.42	53.2397
46 	100  	-1549.07	-1358.57	-1116.42	60.6077
47 	100  	-1508.83	-1397.66	-1116.42	52.7228
48 	100  	-1429.69	-1303.79	-1116.42	49.7117
49 	100  	-1485.82	-1354.18	-1116.42	48.8044
50 	100  	-1675.96	-1561.31	-1116.42	93.7158
51 	100  	-1624.21	-1402.34	-1116.42	62.0982
52 	100  	-1577.87	-1413.6 	-1116.42	70.0353
53 	100  	-1527.47	-1388.66	-1116.42	54.0539
54 	100  	-1415.47	-1317.45	-1116.42	36.7157
55 	100  	-1485.67	-1290.41	-1116.42	34.593 
56 	100  	-1474.69	-1379.82	-1116.42	64.8515
57 	100  	-1633.87	-1478.25	-1116.42	68.854 
58 	100  	-1513.62	-1364.32	-1116.42	50.8578
59 	100  	-1490.02	-1341.37	-1116.42	31.2754
60 	100  	-1500.52	-1407.33	-1116.42	44.1775
61 	100  	-1460.45	-1334.14	-1116.42	42.4194
62 	100  	-1383.05	-1321.63	-1116.42	23.1619
63 	100  	-1441.93	-1369.43	-1116.42	38.8942
64 	100  	-1473.52	-1399   	-1116.42	48.3895
65 	100  	-1426.81	-1311.85	-1116.42	47.6802
66 	100  	-1411.38	-1303.45	-1116.42	54.414 
67 	100  	-1465.86	-1280.13	-1116.42	52.0646
68 	100  	-1568.32	-1449.08	-1116.42	70.4249
69 	100  	-1477.85	-1400.88	-1116.42	30.2002
70 	100  	-1403.8 	-1297.6 	-1116.42	40.4948
71 	100  	-1433.47	-1392.69	-1116.42	42.3849
72 	100  	-1563.52	-1487.21	-1116.42	56.6541
73 	100  	-1503.28	-1414.14	-1116.42	31.8277
74 	100  	-1476.72	-1425.43	-1116.42	40.1764
75 	100  	-1524.33	-1366.87	-1116.42	28.6974
76 	100  	-1424.83	-1406.2 	-1116.42	25.5358
77 	100  	-1505.94	-1469.14	-1116.42	39.9364
78 	100  	-1477.71	-1386.43	-1116.42	36.4505
79 	100  	-1401.61	-1360.64	-1116.42	25.7784
80 	100  	-1512.8 	-1385.02	-1116.42	36.7735
81 	100  	-1563.22	-1447.52	-1116.42	49.0908
82 	100  	-1550.15	-1435.28	-1116.42	38.2086
83 	100  	-1497.03	-1405.95	-1116.42	36.7041
84 	100  	-1459.27	-1337.13	-1116.42	32.3691
85 	100  	-1530.87	-1463.34	-1116.42	48.5427
86 	100  	-1481.87	-1262.69	-1116.42	61.6224
87 	100  	-1487.37	-1434.63	-1116.42	62.8357
88 	100  	-1513.04	-1459.74	-1116.42	43.615 
89 	100  	-1494.82	-1310.02	-1116.42	40.8151
90 	100  	-1513.38	-1441.48	-1116.42	72.7674
91 	100  	-1528.99	-1392.4 	-1116.42	59.1303
92 	100  	-1518.15	-1451.97	-1116.42	55.3833
93 	100  	-1514.45	-1364.64	-1116.42	47.9551
94 	100  	-1454.14	-1375.36	-1116.42	37.3292
95 	100  	-1479.56	-1390.81	-1116.42	46.2861
96 	100  	-1526.28	-1441.62	-1116.42	50.6906
97 	100  	-1466.81	-1306.53	-1116.42	44.0526
98 	100  	-1509.04	-1407.85	-1116.42	57.2511
99 	100  	-1563.89	-1405.59	-1116.42	45.7436
gen	depth	min     	avg     	max     	std    
0  	100  	-1520.63	-1339.76	-1199.05	55.1322
1  	100  	-1541.7 	-1315.27	-1183.29	52.6421
2  	100  	-1543.6 	-1318.28	-1163.99	59.1735
3  	100  	-1514.64	-1321.55	-1163.99	62.0729
4  	100  	-1499.99	-1322.26	-1130.09	66.5134
5  	100  	-1478.37	-1310.96	-1125.1 	60.0055
6  	100  	-1479.3 	-1320.88	-1125.1 	62.8815
7  	100  	-1533.53	-1344.94	-1125.1 	64.7348
8  	100  	-1547.07	-1364.72	-1125.1 	65.05  
9  	100  	-1542.84	-1356.24	-1125.1 	61.7382
10 	100  	-1576.98	-1363.7 	-1125.1 	69.2624
11 	100  	-1561.94	-1362.95	-1125.1 	72.6582
12 	100  	-1589.72	-1372.74	-1125.1 	76.5432
13 	100  	-1549.77	-1344.49	-1125.1 	61.5473
14 	100  	-1548.9 	-1361.04	-1125.1 	72.8053
15 	100  	-1565.75	-1377.04	-1125.1 	67.1202
16 	100  	-1620.35	-1392.81	-1125.1 	64.2612
17 	100  	-1630.21	-1430.41	-1125.1 	70.8661
18 	100  	-1520.74	-1368.28	-1125.1 	58.6552
19 	100  	-1580.95	-1396.14	-1125.1 	62.1408
20 	100  	-1554.34	-1369.34	-1125.1 	76.0124
21 	100  	-1600.52	-1430.4 	-1125.1 	83.7688
22 	100  	-1563.07	-1394   	-1125.1 	65.6969
23 	100  	-1513.29	-1348.46	-1125.1 	54.4241
24 	100  	-1562.68	-1389.92	-1125.1 	71.3241
25 	100  	-1500.85	-1339.43	-1125.1 	56.5892
26 	100  	-1492.76	-1320.68	-1125.1 	56.9041
27 	100  	-1616.45	-1430.31	-1125.1 	68.1687
28 	100  	-1506.32	-1365.44	-1125.1 	64.3697
29 	100  	-1523.74	-1345.43	-1125.1 	68.8704
30 	100  	-1527.39	-1370.05	-1125.1 	65.8008
31 	100  	-1590.76	-1429.71	-1125.1 	74.0852
32 	100  	-1511.38	-1358.04	-1125.1 	55.9899
33 	100  	-1482.85	-1321.6 	-1125.1 	56.544 
34 	100  	-1586.34	-1431.45	-1125.1 	79.4302
35 	100  	-1522.15	-1361.56	-1125.1 	70.2682
36 	100  	-1546.98	-1338.9 	-1125.1 	71.1179
37 	100  	-1609.75	-1457.24	-1125.1 	96.3208
38 	100  	-1534.48	-1382.28	-1125.1 	53.7162
39 	100  	-1560.91	-1365.2 	-1125.1 	44.7431
40 	100  	-1477.31	-1354.81	-1125.1 	42.681 
41 	100  	-1520.48	-1357   	-1125.1 	49.7755
42 	100  	-1583.87	-1409.48	-1125.1 	61.3551
43 	100  	-1616.7 	-1411.76	-1125.1 	65.2081
44 	100  	-1478.11	-1328.91	-1125.1 	51.5051
45 	100  	-1488.3 	-1381.41	-1125.1 	53.5044
46 	100  	-1563.44	-1387.97	-1125.1 	52.7225
47 	100  	-1470.73	-1359.95	-1125.1 	43.3318
48 	100  	-1597.26	-1458.98	-1125.1 	64.4156
49 	100  	-1615.05	-1450.95	-1125.1 	53.5634
50 	100  	-1502.66	-1332.86	-1125.1 	68.4523
51 	100  	-1467.43	-1344.25	-1125.1 	43.1842
52 	100  	-1414.74	-1323.3 	-1125.1 	37.3468
53 	100  	-1488.08	-1409.11	-1125.1 	51.9968
54 	100  	-1504.52	-1362   	-1125.1 	35.4541
55 	100  	-1541.57	-1414.12	-1125.1 	49.8836
56 	100  	-1545.97	-1434.29	-1125.1 	47.9219
57 	100  	-1515.21	-1414.51	-1125.1 	34.8571
58 	100  	-1544.59	-1419.04	-1125.1 	46.3489
59 	100  	-1534.15	-1405.91	-1125.1 	49.2198
60 	100  	-1431.39	-1311.37	-1125.1 	45.3324
61 	100  	-1584.4 	-1411.88	-1125.1 	83.0073
62 	100  	-1519.84	-1391.64	-1125.1 	48.4399
63 	100  	-1490.61	-1405.57	-1125.1 	39.463 
64 	100  	-1514.13	-1399.92	-1125.1 	43.4812
65 	100  	-1581.01	-1407.1 	-1125.1 	52.4526
66 	100  	-1578.29	-1436.79	-1125.1 	74.0031
67 	100  	-1489.06	-1352.39	-1125.1 	44.9927
68 	100  	-1511.32	-1412.16	-1125.1 	48.2933
69 	100  	-1520.8 	-1387.75	-1125.1 	57.3677
70 	100  	-1463.36	-1350.44	-1125.1 	37.9754
71 	100  	-1541.27	-1367.5 	-1125.1 	66.1876
72 	100  	-1385.72	-1325.38	-1125.1 	26.6681
73 	100  	-1565.82	-1399.67	-1125.1 	66.965 
74 	100  	-1460.29	-1357.18	-1125.1 	36.8663
75 	100  	-1553.04	-1390.38	-1125.1 	60.2332
76 	100  	-1479.33	-1395.94	-1125.1 	39.1216
77 	100  	-1524.26	-1392.5 	-1125.1 	58.8711
78 	100  	-1459.62	-1339.36	-1125.1 	36.2985
79 	100  	-1451.68	-1361.25	-1125.1 	43.9651
80 	100  	-1522.38	-1413.49	-1125.1 	44.5796
81 	100  	-1470.51	-1373.09	-1125.1 	38.2245
82 	100  	-1474.92	-1386.91	-1125.1 	34.0069
83 	100  	-1478.23	-1377.25	-1125.1 	40.6425
84 	100  	-1502.65	-1396.22	-1125.1 	41.9359
85 	100  	-1511.15	-1396.6 	-1125.1 	62.9101
86 	100  	-1517.88	-1405.37	-1125.1 	44.1793
87 	100  	-1437.09	-1324.99	-1125.1 	36.0275
88 	100  	-1423.14	-1336.45	-1125.1 	28.0965
89 	100  	-1406.69	-1327.94	-1125.1 	25.3945
90 	100  	-1393.7 	-1329.59	-1125.1 	21.803 
91 	100  	-1469.09	-1346.56	-1125.1 	45.1313
92 	100  	-1374.29	-1277.83	-1125.1 	39.871 
93 	100  	-1579.24	-1453.91	-1125.1 	79.8236
94 	100  	-1484.25	-1399.65	-1125.1 	41.7487
95 	100  	-1516.51	-1427.95	-1125.1 	37.1942
96 	100  	-1510.87	-1435.7 	-1125.1 	31.1291
97 	100  	-1536   	-1450.68	-1125.1 	32.1904
98 	100  	-1478.44	-1337.08	-1125.1 	40.0092
99 	100  	-1558.07	-1442.6 	-1125.1 	57.2827
gen	depth	min     	avg     	max     	std    
0  	100  	-1537.91	-1341.23	-1159.18	63.4083
1  	100  	-1486.93	-1303.81	-1145.34	53.9026
2  	100  	-1488.19	-1286.67	-1141.91	54.1475
3  	100  	-1465.27	-1302.28	-1114.6 	65.4823
4  	100  	-1525.22	-1317.81	-1114.6 	64.3769
5  	100  	-1508.25	-1311.56	-1114.6 	61.8871
6  	100  	-1557.26	-1344.46	-1114.6 	78.4039
7  	100  	-1525.54	-1310.74	-1114.6 	66.0207
8  	100  	-1547.54	-1331.6 	-1114.6 	73.6061
9  	100  	-1508.98	-1328.41	-1114.6 	65.6387
10 	100  	-1502.47	-1333.58	-1114.6 	71.5011
11 	100  	-1547.56	-1374.9 	-1114.6 	73.9771
12 	100  	-1522.11	-1376.21	-1114.6 	62.7847
13 	100  	-1571.26	-1393.29	-1114.6 	66.2661
14 	100  	-1592.51	-1369.96	-1114.6 	78.437 
15 	100  	-1603   	-1391.03	-1114.6 	76.7486
16 	100  	-1530.82	-1343.06	-1114.6 	66.581 
17 	100  	-1541.32	-1409.5 	-1114.6 	67.3914
18 	100  	-1521.23	-1346.59	-1114.6 	55.7414
19 	100  	-1505.48	-1360.44	-1114.6 	58.266 
20 	100  	-1544.45	-1351.72	-1114.6 	63.0337
21 	100  	-1562.8 	-1391.82	-1114.6 	74.9196
22 	100  	-1589.34	-1410.94	-1114.6 	73.0982
23 	100  	-1582.8 	-1370.24	-1114.6 	67.4452
24 	100  	-1579.02	-1399.72	-1114.6 	73.5245
25 	100  	-1622.21	-1449.02	-1114.6 	78.4915
26 	100  	-1589.16	-1402.57	-1114.6 	60.7961
27 	100  	-1597.41	-1431.47	-1114.6 	72.6197
28 	100  	-1607.1 	-1355.11	-1114.6 	68.468 
29 	100  	-1545.94	-1352.18	-1114.6 	65.5291
30 	100  	-1602.32	-1441.07	-1114.6 	80.8592
31 	100  	-1596.11	-1414.58	-1114.6 	75.8622
32 	100  	-1650.57	-1404.47	-1114.6 	62.9277
33 	100  	-1565.48	-1400.25	-1114.6 	56.9458
34 	100  	-1585.78	-1371.11	-1114.6 	68.813 
35 	100  	-1551.57	-1381.92	-1114.6 	75.7268
36 	100  	-1478.49	-1345.44	-1114.6 	59.1208
37 	100  	-1542.58	-1367.27	-1114.6 	69.3854
38 	100  	-1550.13	-1385.38	-1114.6 	60.8345
39 	100  	-1530.41	-1382.27	-1114.6 	62.1989
40 	100  	-1488.14	-1341.9 	-1114.6 	53.17  
41 	100  	-1545.62	-1400.07	-1114.6 	62.171 
42 	100  	-1499.56	-1371.89	-1114.6 	49.6364
43 	100  	-1554.7 	-1422.12	-1114.6 	51.2744
44 	100  	-1534.76	-1379.77	-1114.6 	54.6415
45 	100  	-1544.88	-1404.2 	-1114.6 	54.5823
46 	100  	-1594.97	-1446.57	-1114.6 	76.3459
47 	100  	-1496.2 	-1370.54	-1114.6 	49.9864
48 	100  	-1488.59	-1385.47	-1114.6 	48.2346
49 	100  	-1492.49	-1350.01	-1114.6 	52.2171
50 	100  	-1519.35	-1384.66	-1114.6 	56.2269
51 	100  	-1493.85	-1385.78	-1114.6 	46.0501
52 	100  	-1464.9 	-1362.47	-1114.6 	39.537 
53 	100  	-1588.6 	-1444.29	-1114.6 	62.7975
54 	100  	-1571.31	-1453.53	-1114.6 	60.5664
55 	100  	-1510.95	-1333.84	-1114.6 	70.0349
56 	100  	-1560.47	-1348.88	-1114.6 	67.6204
57 	100  	-1543.95	-1378.65	-1114.6 	56.6906
58 	100  	-1461.53	-1321   	-1114.6 	52.8488
59 	100  	-1508.55	-1395.2 	-1114.6 	50.665 
60 	100  	-1447.85	-1340.06	-1114.6 	48.7991
61 	100  	-1551.19	-1388.9 	-1114.6 	65.1332
62 	100  	-1517.35	-1342.53	-1114.6 	36.5093
63 	100  	-1422.35	-1276.58	-1114.6 	47.5213
64 	100  	-1465.45	-1319.69	-1114.6 	49.3667
65 	100  	-1495.43	-1395.58	-1114.6 	56.5525
66 	100  	-1444.76	-1313.7 	-1114.6 	36.6106
67 	100  	-1596.85	-1475.13	-1114.6 	81.0991
68 	100  	-1587.04	-1492.85	-1114.6 	57.5482
69 	100  	-1553.2 	-1416.14	-1114.6 	65.0859
70 	100  	-1604.75	-1426.61	-1114.6 	60.1945
71 	100  	-1473.44	-1337.24	-1114.6 	51.024 
72 	100  	-1507.33	-1424.61	-1114.6 	59.1935
73 	100  	-1537.29	-1372.16	-1114.6 	63.9727
74 	100  	-1605.99	-1298.73	-1114.6 	93.0404
75 	100  	-1499.33	-1393.07	-1114.6 	63.6148
76 	100  	-1462.14	-1377.82	-1114.6 	44.3911
77 	100  	-1522.79	-1443.99	-1114.6 	52.7816
78 	100  	-1563.7 	-1389.72	-1114.6 	48.4571
79 	100  	-1491.87	-1353.12	-1114.6 	40.447 
80 	100  	-1538.04	-1428.84	-1114.6 	48.8541
81 	100  	-1461.65	-1330.61	-1114.6 	47.5513
82 	100  	-1582.55	-1453.89	-1114.6 	77.9986
83 	100  	-1604.89	-1423.97	-1114.6 	49.6673
84 	100  	-1501.23	-1397.9 	-1114.6 	38.7463
85 	100  	-1505.85	-1391.93	-1114.6 	41.5805
86 	100  	-1570.7 	-1460.56	-1114.6 	49.1697
87 	100  	-1565.16	-1395.07	-1114.6 	52.5604
88 	100  	-1470.54	-1326.39	-1114.6 	51.7457
89 	100  	-1558.42	-1400.18	-1114.6 	54.4071
90 	100  	-1456.89	-1366.32	-1114.6 	29.3996
91 	100  	-1421.59	-1288.75	-1114.6 	39.8751
92 	100  	-1468.14	-1301.77	-1114.6 	42.1975
93 	100  	-1438.78	-1307.35	-1114.6 	27.2168
94 	100  	-1625.76	-1441.85	-1114.6 	72.7046
95 	100  	-1551.31	-1415.15	-1114.6 	37.5536
96 	100  	-1500.52	-1422.23	-1114.6 	33.5151
97 	100  	-1526.69	-1397.85	-1114.6 	44.3125
98 	100  	-1538.66	-1410.98	-1114.6 	41.3984
99 	100  	-1491.8 	-1341.81	-1114.6 	28.468 
