gen	depth	min     	avg     	max     	std    
0  	25   	-803.958	-717.755	-646.597	27.3783
1  	25   	-788.285	-704.1  	-634.934	27.3256
2  	25   	-797.534	-699.554	-634.934	29.5448
3  	25   	-801.753	-698.026	-634.934	33.4431
4  	25   	-792.926	-704.66 	-633.157	35.1081
5  	25   	-821.415	-715.147	-633.157	34.4176
6  	25   	-828.824	-704.471	-624.624	36.2556
7  	25   	-841.255	-710.59 	-618.91 	41.9379
8  	25   	-788.601	-702.237	-618.91 	32.1697
9  	25   	-808.583	-711.644	-618.91 	31.2188
10 	25   	-849.309	-719.52 	-618.91 	34.0265
11 	25   	-828.358	-728.774	-618.91 	35.4239
12 	25   	-831.377	-717.457	-618.91 	30.1617
13 	25   	-841.872	-726.482	-618.91 	31.8891
14 	25   	-833.738	-732.823	-618.91 	32.313 
15 	25   	-820.026	-735.254	-618.91 	35.0823
16 	25   	-805.373	-711.961	-618.91 	34.7293
17 	25   	-830.189	-734.819	-618.91 	31.4153
18 	25   	-798.586	-706.778	-618.91 	30.2175
19 	25   	-799.188	-702.772	-618.91 	26.4673
20 	25   	-848.102	-748.337	-618.91 	40.0567
21 	25   	-829.287	-737.401	-618.91 	30.2073
22 	25   	-810.19 	-731.149	-618.91 	24.5667
23 	25   	-791.016	-705.802	-618.91 	28.8665
24 	25   	-840.038	-738.469	-618.91 	37.0564
25 	25   	-830.384	-731.15 	-618.91 	29.3438
26 	25   	-811.723	-735.952	-618.91 	29.7935
27 	25   	-792.875	-716.631	-618.91 	28.9756
28 	25   	-844.234	-760.942	-618.91 	38.7184
29 	25   	-839.781	-740.2  	-618.91 	32.1005
30 	25   	-873.688	-787.146	-618.91 	35.8682
31 	25   	-833.506	-765.326	-618.91 	30.1918
32 	25   	-812.764	-745.502	-618.91 	24.8104
33 	25   	-826.415	-748.175	-618.91 	29.5309
34 	25   	-779.905	-702.217	-618.91 	24.4426
35 	25   	-779.396	-714.913	-618.91 	27.456 
36 	25   	-799.853	-741.719	-618.91 	33.7163
37 	25   	-811.61 	-733.56 	-618.91 	33.9252
38 	25   	-828.054	-729.225	-618.91 	34.6587
39 	25   	-858.835	-743.598	-618.91 	34.5238
40 	25   	-806.254	-734.473	-618.91 	23.6959
41 	25   	-780.862	-714.881	-618.91 	22.3594
42 	25   	-834.73 	-735.165	-618.91 	38.031 
43 	25   	-794.222	-724.588	-618.91 	30.8201
44 	25   	-805.388	-711.161	-618.91 	34.8616
45 	25   	-794.461	-723.302	-618.91 	24.9045
46 	25   	-839.028	-757.292	-618.91 	31.799 
47 	25   	-847.729	-774.214	-618.91 	29.5223
48 	25   	-806.585	-740.876	-618.91 	23.8995
49 	25   	-794.972	-711.169	-618.91 	32.5339
50 	25   	-834.696	-755.979	-618.91 	36.0015
51 	25   	-856.374	-747.506	-618.91 	34.1519
52 	25   	-806.267	-732.367	-618.91 	24.8156
53 	25   	-807.93 	-731.392	-618.91 	22.5314
54 	25   	-783.082	-721.644	-618.91 	30.9893
55 	25   	-750.686	-708.977	-618.91 	16.189 
56 	25   	-794.256	-746.876	-618.91 	22.693 
57 	25   	-813.707	-768.325	-618.91 	26.2522
58 	25   	-790.844	-742.124	-618.91 	25.9759
59 	25   	-792.319	-721.32 	-618.91 	22.0891
60 	25   	-830.238	-750.979	-618.91 	31.174 
61 	25   	-787.435	-726.943	-618.91 	24.3733
62 	25   	-780.735	-723.731	-618.91 	19.3921
63 	25   	-746.913	-704.429	-618.91 	18.2923
64 	25   	-739.573	-691.689	-618.91 	14.0032
65 	25   	-797.273	-716.978	-618.91 	23.5843
66 	25   	-788.081	-706.827	-618.91 	30.9861
67 	25   	-761.401	-694.685	-618.91 	21.8045
68 	25   	-790.481	-715.311	-618.91 	22.1873
69 	25   	-808.802	-747.387	-618.91 	27.9493
70 	25   	-831.786	-765.445	-618.91 	28.28  
71 	25   	-839.181	-784.249	-618.91 	24.2288
72 	25   	-791.775	-753.213	-618.91 	13.3735
73 	25   	-763.334	-720.523	-618.91 	15.3437
74 	25   	-721.753	-672.186	-618.91 	15.4565
75 	25   	-783.439	-744.293	-618.91 	27.9047
76 	25   	-780.228	-743.319	-618.91 	18.1295
77 	25   	-760.138	-681.325	-618.91 	22.2213
78 	25   	-786.965	-700.854	-618.91 	14.8533
79 	25   	-829.127	-751.198	-618.91 	24.3719
80 	25   	-769.096	-738.451	-618.91 	14.8335
81 	25   	-743.337	-716.765	-618.91 	7.85016
82 	25   	-809.221	-769.536	-618.91 	27.9424
83 	25   	-814.745	-754.296	-618.91 	29.9607
84 	25   	-841.421	-796.636	-618.91 	24.4496
85 	25   	-807.389	-714.575	-618.91 	28.4362
86 	25   	-781.197	-707.42 	-618.91 	24.2253
87 	25   	-815.895	-782.123	-618.91 	31.4528
88 	25   	-802.49 	-751.51 	-618.91 	18.8893
89 	25   	-783.098	-734.003	-618.91 	19.2467
90 	25   	-820.716	-787.112	-618.91 	30.7282
91 	25   	-798.688	-766.513	-618.91 	13.7648
92 	25   	-778.239	-709.365	-618.91 	19.6043
93 	25   	-812.731	-766.509	-618.91 	28.2255
94 	25   	-810.03 	-741.674	-618.91 	27.0041
95 	25   	-833.789	-705.438	-618.91 	30.1482
96 	25   	-766.919	-729.238	-618.91 	23.4378
97 	25   	-816.959	-743.858	-618.91 	24.3159
98 	25   	-802.495	-758.464	-618.91 	24.1352
99 	25   	-776.877	-716.695	-618.91 	20.8253
gen	depth	min     	avg     	max     	std    
0  	25   	-792.389	-714.278	-643.522	26.8468
1  	25   	-788.098	-699.313	-605.935	25.6974
2  	25   	-774.673	-697.463	-605.935	27.0113
3  	25   	-795.906	-697.592	-605.935	28.9754
4  	25   	-772.146	-693.845	-605.935	28.1351
5  	25   	-813.65 	-705.074	-605.935	34.7527
6  	25   	-808.736	-701.924	-605.935	32.4159
7  	25   	-806.849	-705.184	-605.935	30.2951
8  	25   	-798.789	-706.262	-605.935	28.9884
9  	25   	-817.412	-707.703	-605.935	29.3647
10 	25   	-822.06 	-729.467	-605.935	35.4974
11 	25   	-820.653	-724.067	-605.935	33.7093
12 	25   	-811.86 	-727.52 	-605.935	29.42  
13 	25   	-817.984	-735.084	-605.935	31.516 
14 	25   	-825.488	-731.56 	-605.935	33.6786
15 	25   	-817.11 	-724.212	-605.935	28.6859
16 	25   	-834.972	-733.706	-605.935	39.9768
17 	25   	-820.877	-720.309	-605.935	36.8198
18 	25   	-856.594	-729.112	-605.935	31.1619
19 	25   	-851.076	-718.859	-605.935	36.1611
20 	25   	-828.853	-739.139	-605.935	31.6093
21 	25   	-847.928	-751.259	-605.935	41.2991
22 	25   	-836.175	-739.575	-605.935	38.0537
23 	25   	-819.872	-732.567	-605.935	30.9348
24 	25   	-816.158	-714.787	-605.935	30.8992
25 	25   	-813.012	-716.147	-605.935	29.058 
26 	25   	-817.856	-727.773	-605.935	31.832 
27 	25   	-824.323	-728.049	-605.935	26.0565
28 	25   	-814.306	-732.142	-605.935	30.1616
29 	25   	-822.636	-733.411	-605.935	27.1956
30 	25   	-805.136	-701.91 	-605.935	31.116 
31 	25   	-820.171	-742.36 	-605.935	33.9773
32 	25   	-800.156	-741.873	-605.935	25.0162
33 	25   	-854.69 	-759.476	-605.935	41.1216
34 	25   	-831.928	-730.068	-605.935	36.2277
35 	25   	-807.143	-736.943	-605.935	33.1661
36 	25   	-830.193	-742.223	-605.935	30.4534
37 	25   	-808.549	-734.785	-605.935	24.767 
38 	25   	-801.907	-720.911	-605.935	25.4485
39 	25   	-831.827	-733.617	-605.935	27.5591
40 	25   	-808.368	-713.83 	-605.935	31.403 
41 	25   	-834.972	-732.97 	-605.935	29.9931
42 	25   	-795.771	-733.195	-605.935	21.1104
43 	25   	-819.011	-742.475	-605.935	29.8054
44 	25   	-771.097	-720.947	-605.935	22.0456
45 	25   	-799.919	-720.465	-605.935	25.0023
46 	25   	-830.963	-750.296	-605.935	34.158 
47 	25   	-798.434	-739.183	-605.935	21.6415
48 	25   	-785.89 	-742.217	-605.935	20.5564
49 	25   	-758.709	-698.75 	-605.935	22.1717
50 	25   	-838.961	-759.702	-605.935	40.2996
51 	25   	-776.545	-700.273	-605.935	24.3863
52 	25   	-793.376	-717.947	-605.935	22.6007
53 	25   	-754.18 	-689.709	-605.935	16.4429
54 	25   	-760.008	-709.34 	-605.935	14.986 
55 	25   	-748.512	-699.451	-605.935	13.6224
56 	25   	-737.338	-690.416	-605.935	18.7455
57 	25   	-785.796	-712.477	-605.935	19.7408
58 	25   	-813.955	-759.082	-605.935	33.6315
59 	25   	-807.712	-755.387	-605.935	19.7112
60 	25   	-787.042	-709.133	-605.935	16.5173
61 	25   	-799.286	-755.574	-605.935	24.2278
62 	25   	-782.398	-745.795	-605.935	19.2367
63 	25   	-775.711	-732.048	-605.935	14.7735
64 	25   	-777.798	-739.033	-605.935	11.5372
65 	25   	-776.903	-715.135	-605.935	17.3404
66 	25   	-784.361	-701.297	-605.935	13.1431
67 	25   	-775.786	-743.085	-605.935	23.4163
68 	25   	-768.785	-691.889	-605.935	18.967 
69 	25   	-815.807	-752.205	-605.935	37.2384
70 	25   	-786.046	-705.858	-605.935	16.9083
71 	25   	-795.659	-754.969	-605.935	22.5108
72 	25   	-778.507	-733.797	-605.935	19.0506
73 	25   	-773.715	-735.753	-605.935	28.9663
74 	25   	-767.409	-717.864	-605.935	19.9423
75 	25   	-822.91 	-751.861	-605.935	43.1   
76 	25   	-822.584	-742.42 	-605.935	25.604 
77 	25   	-880.508	-811.522	-605.935	35.8336
78 	25   	-829.254	-750.307	-605.935	26.5117
79 	25   	-821.436	-731.341	-605.935	19.9801
80 	25   	-804.305	-733.674	-605.935	25.0287
81 	25   	-765.69 	-700.485	-605.935	25.0503
82 	25   	-809.141	-727.729	-605.935	29.0221
83 	25   	-808.408	-720.288	-605.935	21.2087
84 	25   	-808.801	-756.93 	-605.935	30.8075
85 	25   	-779.341	-707.559	-605.935	29.1071
86 	25   	-789.267	-720.537	-605.935	26.5902
87 	25   	-798.683	-741.259	-605.935	22.7989
88 	25   	-808.925	-749.551	-605.935	19.1356
89 	25   	-772.909	-703.411	-605.935	19.1713
90 	25   	-787.349	-725.488	-605.935	16.4303
91 	25   	-812.325	-749.187	-605.935	19.2043
92 	25   	-786.72 	-762.867	-605.935	18.3737
93 	25   	-779.562	-712.093	-605.935	23.2933
94 	25   	-842.164	-782.455	-605.935	36.0071
95 	25   	-836.458	-785.187	-605.935	26.7743
96 	25   	-820.862	-761.648	-605.935	29.5806
97 	25   	-795.777	-734.821	-605.935	23.9903
98 	25   	-763.892	-694.375	-605.935	20.6306
99 	25   	-775.552	-735.724	-605.935	21.2425
gen	depth	min     	avg     	max     	std    
0  	25   	-795.037	-711.928	-645.171	29.2883
1  	25   	-790.707	-701.743	-617.014	28.4586
2  	25   	-772.453	-695.387	-617.014	24.2647
3  	25   	-794.59 	-686.738	-617.014	33.169 
4  	25   	-809.549	-707.086	-617.014	40.0947
5  	25   	-782.772	-707.414	-617.014	32.4165
6  	25   	-807.375	-705.469	-617.014	30.6413
7  	25   	-791.905	-707.911	-617.014	30.3952
8  	25   	-806.229	-712.421	-605.002	37.0065
9  	25   	-815.858	-711.879	-605.002	29.2306
10 	25   	-799.796	-723.438	-605.002	31.0633
11 	25   	-858.213	-722.249	-605.002	38.7232
12 	25   	-815.083	-721.835	-605.002	37.9273
13 	25   	-837.354	-736.638	-605.002	43.3474
14 	25   	-847.103	-746.984	-605.002	42.0782
15 	25   	-823.618	-716.312	-605.002	30.5418
16 	25   	-815.327	-724.514	-605.002	32.1527
17 	25   	-826.275	-741.476	-605.002	35.7247
18 	25   	-820.489	-728.769	-605.002	34.1014
19 	25   	-818.768	-731.577	-605.002	31.6123
20 	25   	-817.909	-723.112	-605.002	28.525 
21 	25   	-823.554	-718.569	-605.002	31.959 
22 	25   	-857.865	-740.7  	-605.002	34.8063
23 	25   	-856.148	-756.329	-605.002	39.2051
24 	25   	-829.768	-747.532	-605.002	32.9056
25 	25   	-837.113	-744.368	-605.002	32.9121
26 	25   	-885.001	-767.137	-605.002	36.3644
27 	25   	-815.946	-735.716	-605.002	29.7482
28 	25   	-888.488	-762.058	-605.002	40.8497
29 	25   	-849.901	-757.538	-605.002	33.1263
30 	25   	-840.982	-743.503	-605.002	31.5964
31 	25   	-801.062	-725.994	-605.002	25.6405
32 	25   	-866.263	-750.897	-605.002	41.7895
33 	25   	-823.194	-753.844	-605.002	30.6623
34 	25   	-890.619	-809.258	-605.002	44.2859
35 	25   	-887.167	-820.898	-605.002	33.4543
36 	25   	-838.039	-742.757	-605.002	37.7946
37 	25   	-802.17 	-709.937	-605.002	26.155 
38 	25   	-848.775	-767.975	-605.002	39.1343
39 	25   	-815.846	-735.506	-605.002	31.123 
40 	25   	-804.625	-744.921	-605.002	28.7747
41 	25   	-846.958	-750.245	-605.002	35.2283
42 	25   	-817.905	-720.479	-605.002	42.7152
43 	25   	-793.547	-720.298	-605.002	26.6691
44 	25   	-809.758	-742.681	-605.002	25.9679
45 	25   	-779.796	-721.467	-605.002	26.4075
46 	25   	-828.109	-757.804	-605.002	33.0349
47 	25   	-800.125	-731.703	-605.002	24.79  
48 	25   	-803.553	-756.209	-605.002	23.6152
49 	25   	-851.659	-716.764	-605.002	33.7201
50 	25   	-858.676	-790.861	-605.002	44.8372
51 	25   	-883.734	-781.028	-605.002	38.2183
52 	25   	-916.27 	-822.838	-605.002	43.1772
53 	25   	-840.664	-745.026	-605.002	32.348 
54 	25   	-770.792	-685.873	-605.002	24.5715
55 	25   	-828.756	-762.034	-605.002	38.1506
56 	25   	-826.341	-739.507	-605.002	35.9659
57 	25   	-814.63 	-742.021	-605.002	36.0458
58 	25   	-802.789	-730.993	-605.002	28.4995
59 	25   	-790.823	-736.428	-605.002	25.7848
60 	25   	-785.833	-719.357	-605.002	24.2819
61 	25   	-803.001	-685.405	-605.002	27.6601
62 	25   	-798.894	-710.985	-605.002	24.9476
63 	25   	-837.611	-760.667	-605.002	31.7614
64 	25   	-834.845	-776.522	-605.002	27.1864
65 	25   	-809.492	-737.227	-605.002	30.6631
66 	25   	-811.089	-759.6  	-605.002	25.3908
67 	25   	-802.238	-741.342	-605.002	16.0424
68 	25   	-807.228	-721.549	-605.002	24.6928
69 	25   	-770.19 	-701.932	-605.002	22.8946
70 	25   	-869.013	-807.59 	-605.002	42.4093
71 	25   	-826.802	-755.988	-605.002	21.0431
72 	25   	-815.248	-711.22 	-605.002	22.8713
73 	25   	-803.079	-705.611	-605.002	33.2121
74 	25   	-802.481	-755.219	-605.002	29.0968
75 	25   	-830.516	-748.991	-605.002	25.2697
76 	25   	-854.821	-772.873	-605.002	23.3041
77 	25   	-791.545	-688.495	-605.002	26.9203
78 	25   	-766.301	-688.495	-605.002	20.6881
79 	25   	-784.38 	-735.9  	-605.002	24.4853
80 	25   	-808.102	-745.976	-605.002	24.2389
81 	25   	-810.683	-727.498	-605.002	18.2553
82 	25   	-820.921	-748.498	-605.002	28.9522
83 	25   	-773.568	-698.894	-605.002	16.3314
84 	25   	-805.103	-756.209	-605.002	26.8287
85 	25   	-782.483	-737.727	-605.002	18.6062
86 	25   	-747.829	-698.802	-605.002	20.9416
87 	25   	-849.236	-803.998	-605.002	43.1934
88 	25   	-821.308	-725.601	-605.002	28.0712
89 	25   	-785.203	-756.434	-605.002	18.3749
90 	25   	-792.017	-755.873	-605.002	15.32  
91 	25   	-798.697	-737.249	-605.002	22.2129
92 	25   	-764.259	-724.682	-605.002	22.0964
93 	25   	-775.756	-717.313	-605.002	16.9469
94 	25   	-778.186	-681.182	-605.002	16.6067
95 	25   	-815.291	-758.943	-605.002	30.2464
96 	25   	-790.241	-753.745	-605.002	18.025 
97 	25   	-795.99 	-720.132	-605.002	15.9226
98 	25   	-822.311	-797.741	-605.002	28.5223
99 	25   	-807.655	-747.736	-605.002	20.3426
gen	depth	min     	avg     	max     	std    
0  	25   	-801.834	-713.827	-646.733	27.4194
1  	25   	-770.4  	-697.919	-632.731	23.3493
2  	25   	-774.18 	-694.281	-626.534	25.2091
3  	25   	-783.723	-693.996	-606.664	29.218 
4  	25   	-792.373	-694.823	-606.084	33.6441
5  	25   	-792.205	-690.231	-606.084	28.4474
6  	25   	-814.287	-697.656	-606.084	33.1558
7  	25   	-786.617	-704.046	-606.084	30.696 
8  	25   	-809.797	-713.011	-606.084	31.1308
9  	25   	-808.071	-711.78 	-606.084	30.3478
10 	25   	-815.037	-714.626	-606.084	31.9777
11 	25   	-818.395	-724.392	-606.084	34.8215
12 	25   	-808.329	-720.448	-606.084	32.0107
13 	25   	-830.914	-725.955	-606.084	36.7779
14 	25   	-795.759	-721.063	-606.084	29.7876
15 	25   	-806.084	-727.7  	-606.084	32.321 
16 	25   	-832.634	-736.069	-606.084	32.4168
17 	25   	-830.019	-731.153	-606.084	32.844 
18 	25   	-802.544	-724.164	-606.084	33.4928
19 	25   	-856.978	-736.555	-606.084	36.5953
20 	25   	-839.853	-741.788	-606.084	36.469 
21 	25   	-823.682	-724.188	-606.084	31.9876
22 	25   	-822.124	-727.156	-606.084	35.8005
23 	25   	-792.265	-725.859	-606.084	30.0571
24 	25   	-861.534	-759.354	-606.084	42.7477
25 	25   	-842.989	-767.183	-606.084	37.6571
26 	25   	-845.178	-754.551	-606.084	36.4797
27 	25   	-846.753	-746.701	-606.084	34.8982
28 	25   	-793.999	-713.98 	-606.084	31.3616
29 	25   	-828.957	-723.954	-606.084	33.4859
30 	25   	-857.7  	-755.127	-606.084	39.2918
31 	25   	-812.314	-742.843	-606.084	35.2533
32 	25   	-824.091	-755.843	-606.084	28.9442
33 	25   	-820.934	-750.585	-606.084	29.5413
34 	25   	-788.87 	-738.444	-606.084	22.4738
35 	25   	-823.321	-749.621	-606.084	26.1826
36 	25   	-803.118	-746.502	-606.084	27.15  
37 	25   	-846.68 	-755.329	-606.084	42.6501
38 	25   	-830.123	-713.638	-606.084	48.0038
39 	25   	-798.131	-725.48 	-606.084	27.1817
40 	25   	-802.425	-717.789	-606.084	29.1894
41 	25   	-777.953	-704.515	-606.084	20.9675
42 	25   	-802.419	-721.9  	-606.084	28.25  
43 	25   	-794.242	-687.994	-606.084	28.0688
44 	25   	-766.276	-702.141	-606.084	21.3844
45 	25   	-839.454	-787.384	-606.084	35.2457
46 	25   	-844.816	-786.384	-606.084	23.5592
47 	25   	-825.157	-763.432	-606.084	17.3799
48 	25   	-817.39 	-770.769	-606.084	27.6114
49 	25   	-810.534	-767.142	-606.084	27.7939
50 	25   	-794.587	-720.381	-606.084	19.9685
51 	25   	-785.652	-721.469	-606.084	26.4027
52 	25   	-790.006	-708.424	-606.084	28.5985
53 	25   	-839.822	-764.342	-606.084	43.9053
54 	25   	-822.984	-749.021	-606.084	21.7024
55 	25   	-802.351	-752.267	-606.084	18.483 
56 	25   	-808.576	-719.981	-606.084	17.8575
57 	25   	-814.756	-759.447	-606.084	24.2308
58 	25   	-832.606	-745.523	-606.084	27.8394
59 	25   	-801.138	-746.17 	-606.084	21.2872
60 	25   	-784.045	-737.575	-606.084	16.6364
61 	25   	-789.446	-749.389	-606.084	21.8003
62 	25   	-783.552	-725.594	-606.084	16.4539
63 	25   	-768.96 	-737.175	-606.084	14.7806
64 	25   	-776.702	-714.584	-606.084	20.0114
65 	25   	-753.304	-701.957	-606.084	20.8662
66 	25   	-759.88 	-731.257	-606.084	17.5443
67 	25   	-855.863	-776.169	-606.084	35.3345
68 	25   	-826.275	-793.512	-606.084	19.8022
69 	25   	-801.578	-754.542	-606.084	18.7123
70 	25   	-768.586	-693.829	-606.084	21.8825
71 	25   	-735.359	-709.499	-606.084	15.0895
72 	25   	-793.997	-726.093	-606.084	23.9296
73 	25   	-771.767	-706.158	-606.084	14.7577
74 	25   	-804.669	-768.723	-606.084	24.7409
75 	25   	-847.728	-791.522	-606.084	27.0302
76 	25   	-802.346	-752.479	-606.084	13.0934
77 	25   	-774.06 	-728.592	-606.084	30.6153
78 	25   	-796.442	-757.531	-606.084	19.7268
79 	25   	-813.75 	-763.837	-606.084	17.4263
80 	25   	-814.716	-794.769	-606.084	18.0772
81 	25   	-800.347	-719.165	-606.084	29.0467
82 	25   	-740.363	-703.339	-606.084	9.19676
83 	25   	-759.199	-716.983	-606.084	14.7547
84 	25   	-753.914	-718.338	-606.084	14.412 
85 	25   	-793.388	-730.481	-606.084	21.8901
86 	25   	-776.386	-719.37 	-606.084	16.7752
87 	25   	-809.139	-739.275	-606.084	32.906 
88 	25   	-773.517	-725.704	-606.084	18.1694
89 	25   	-831.854	-740.267	-606.084	24.3042
90 	25   	-790.372	-742.304	-606.084	21.9274
91 	25   	-750.985	-699.609	-606.084	21.8448
92 	25   	-830.036	-754.394	-606.084	32.8174
93 	25   	-763.114	-712.014	-606.084	19.8616
94 	25   	-821.338	-757.054	-606.084	25.145 
95 	25   	-770.005	-719.801	-606.084	29.9058
96 	25   	-757.955	-729.896	-606.084	16.5558
97 	25   	-834.501	-797.552	-606.084	38.9001
98 	25   	-819.428	-727.325	-606.084	26.5553
99 	25   	-820.201	-767.312	-606.084	22.2258
gen	depth	min     	avg     	max     	std    
0  	25   	-809.269	-715.873	-645.319	28.1367
1  	25   	-768.759	-700.239	-639.379	23.344 
2  	25   	-810.145	-698.134	-629.645	26.9868
3  	25   	-809.075	-701.617	-629.645	34.1964
4  	25   	-801.388	-704.79 	-629.645	29.3158
5  	25   	-794.292	-708.358	-628.758	30.8849
6  	25   	-789.889	-716.481	-628.758	33.1863
7  	25   	-826.139	-711.535	-617.334	37.5562
8  	25   	-836.992	-713.522	-617.334	38.1334
9  	25   	-786.383	-705.943	-617.334	31.4106
10 	25   	-814.469	-722.524	-617.334	31.2425
11 	25   	-866.273	-757.289	-617.334	57.0764
12 	25   	-869.141	-757.71 	-617.334	42.2013
13 	25   	-819.725	-733.015	-617.334	31.6627
14 	25   	-819.65 	-728.2  	-617.334	33.8495
15 	25   	-795.166	-709.407	-617.334	30.3009
16 	25   	-818.122	-714.525	-617.334	32.9118
17 	25   	-823.663	-737.872	-617.334	34.3624
18 	25   	-845.15 	-740.378	-617.334	34.4896
19 	25   	-838.545	-728.014	-617.334	34.0748
20 	25   	-814.815	-729.809	-617.334	32.7742
21 	25   	-835.275	-744.832	-617.334	40.9108
22 	25   	-801.926	-720.124	-617.334	31.6531
23 	25   	-811.865	-729.111	-617.334	28.332 
24 	25   	-812.313	-726.201	-617.334	29.2043
25 	25   	-845.684	-745.349	-617.334	34.1041
26 	25   	-859.74 	-752.967	-617.334	33.2451
27 	25   	-850.47 	-740.739	-617.334	50.6318
28 	25   	-855.161	-763.812	-617.334	38.2112
29 	25   	-791.675	-681.316	-603.229	34.0786
30 	25   	-783.562	-712.605	-603.229	31.3719
31 	25   	-802.849	-705.364	-603.229	29.5398
32 	25   	-808.136	-743.227	-603.229	27.375 
33 	25   	-817.58 	-714.723	-603.229	30.3792
34 	25   	-819.019	-747.481	-603.229	32.7872
35 	25   	-812.376	-732.761	-603.229	26.7931
36 	25   	-793.696	-713.236	-603.229	26.4687
37 	25   	-778.119	-728.345	-603.229	22.4369
38 	25   	-800.982	-728.984	-603.229	24.8133
39 	25   	-860.436	-805.056	-603.229	38.5145
40 	25   	-818.099	-736.072	-603.229	26.9084
41 	25   	-829.991	-753.086	-603.229	33.3223
42 	25   	-806.228	-731.481	-603.229	20.0733
43 	25   	-846.286	-756.585	-603.229	28.2316
44 	25   	-831.143	-773.956	-603.229	31.038 
45 	25   	-828.153	-784.833	-603.229	22.1234
46 	25   	-788.84 	-701.613	-603.229	27.0143
47 	25   	-863.779	-801.392	-603.229	44.1909
48 	25   	-817.618	-758.738	-603.229	26.66  
49 	25   	-856.96 	-780.288	-603.229	33.0604
50 	25   	-791.92 	-738.77 	-603.229	22.5988
51 	25   	-767.507	-727.104	-603.229	19.1135
52 	25   	-774.049	-734.034	-603.229	20.9147
53 	25   	-810.873	-728.635	-603.229	25.2253
54 	25   	-771.296	-729.599	-603.229	20.8892
55 	25   	-821.826	-732.17 	-603.229	30.6905
56 	25   	-774.463	-733.331	-603.229	17.4443
57 	25   	-778.556	-747.667	-603.229	18.005 
58 	25   	-759.726	-715.238	-603.229	23.0369
59 	25   	-755.75 	-690.278	-603.229	23.6246
60 	25   	-791.982	-723.645	-603.229	27.8863
61 	25   	-820.557	-742.19 	-603.229	30.6513
62 	25   	-798.967	-759.093	-603.229	21.2896
63 	25   	-806.926	-772.749	-603.229	17.5671
64 	25   	-846.394	-804.549	-603.229	21.7289
65 	25   	-822.216	-737.52 	-603.229	21.1278
66 	25   	-762.919	-748.244	-603.229	15.1467
67 	25   	-769.692	-743.124	-603.229	19.8736
68 	25   	-760.168	-731.179	-603.229	14.1917
69 	25   	-770.22 	-739.06 	-603.229	15.2245
70 	25   	-827.719	-769.613	-603.229	29.0143
71 	25   	-828.888	-772.767	-603.229	28.8634
72 	25   	-773.519	-707.474	-603.229	19.4907
73 	25   	-767.681	-727.959	-603.229	18.5461
74 	25   	-809.654	-754.738	-603.229	16.5003
75 	25   	-852.026	-827.179	-603.229	23.2021
76 	25   	-838.593	-739.575	-603.229	33.1455
77 	25   	-750.098	-700.256	-603.229	16.2106
78 	25   	-755.964	-703.195	-603.229	17.2747
79 	25   	-743.053	-703.96 	-603.229	13.571 
80 	25   	-745.545	-706.324	-603.229	17.9803
81 	25   	-760.822	-718.087	-603.229	19.6361
82 	25   	-791.809	-741.554	-603.229	20.0887
83 	25   	-766.422	-722.37 	-603.229	14.9632
84 	25   	-770.78 	-714.115	-603.229	10.9407
85 	25   	-817.834	-779.523	-603.229	26.0876
86 	25   	-806.77 	-725.117	-603.229	17.2799
87 	25   	-821.351	-788.079	-603.229	28.9663
88 	25   	-808.728	-764.443	-603.229	25.8761
89 	25   	-852.3  	-787.621	-603.229	24.4094
90 	25   	-795.533	-731.178	-603.229	18.7482
91 	25   	-780.682	-718.087	-603.229	17.2638
92 	25   	-774.36 	-753.23 	-603.229	17.8131
93 	25   	-775.108	-707.695	-603.229	15.9011
94 	25   	-719.055	-709.113	-603.229	5.74406
95 	25   	-810.678	-771.657	-603.229	23.0748
96 	25   	-780.105	-756.123	-603.229	12.0616
97 	25   	-771.564	-746.2  	-603.229	13.044 
98 	25   	-753.115	-737.139	-603.229	13.3898
99 	25   	-774.425	-730.519	-603.229	18.5562
gen	depth	min     	avg     	max     	std    
0  	25   	-824.192	-716.187	-635.593	27.9294
1  	25   	-779.162	-700.277	-634.549	24.1267
2  	25   	-783.001	-696.313	-622.722	24.7972
3  	25   	-790.296	-695.263	-622.025	28.1953
4  	25   	-784.566	-697.321	-610.046	30.1313
5  	25   	-782.089	-697.88 	-610.046	29.5079
6  	25   	-769.046	-686.455	-610.046	27.4987
7  	25   	-790.724	-691.476	-609.678	30.0974
8  	25   	-789.506	-703.306	-609.678	30.1003
9  	25   	-782.418	-704.264	-609.678	27.8422
10 	25   	-822.785	-716.454	-609.678	33.1833
11 	25   	-822.353	-727.932	-609.678	37.3748
12 	25   	-809.346	-713.089	-609.678	34.6278
13 	25   	-841.167	-715.627	-609.678	35.6927
14 	25   	-777.543	-709.975	-609.678	28.7478
15 	25   	-831.731	-724.45 	-609.678	37.2764
16 	25   	-852.088	-731.247	-609.678	37.4297
17 	25   	-840.751	-722.073	-609.678	36.1514
18 	25   	-813.687	-735.38 	-609.678	33.6063
19 	25   	-843.453	-735.704	-609.678	30.1951
20 	25   	-862.741	-760.689	-609.678	46.9423
21 	25   	-852.981	-741.508	-609.678	35.4635
22 	25   	-824.891	-730.627	-609.678	36.9968
23 	25   	-849.731	-754.973	-609.678	37.0732
24 	25   	-836.729	-759.537	-609.678	30.6508
25 	25   	-841.18 	-757.174	-609.678	31.0973
26 	25   	-830.819	-741.41 	-609.678	27.4464
27 	25   	-856    	-742.333	-609.678	39.2467
28 	25   	-861.291	-755.349	-609.678	49.2893
29 	25   	-862.092	-771.961	-609.678	45.8667
30 	25   	-857.291	-738.189	-609.678	33.2845
31 	25   	-834.047	-745.562	-609.678	36.5507
32 	25   	-809.541	-720.052	-609.678	35.1081
33 	25   	-867.481	-777.251	-609.678	45.1125
34 	25   	-850.818	-747.411	-609.678	29.4908
35 	25   	-823.264	-734.665	-609.678	32.1381
36 	25   	-777.542	-706.423	-609.678	27.2307
37 	25   	-833.605	-728.993	-609.678	33.6394
38 	25   	-864.955	-766.513	-609.678	47.7066
39 	25   	-824.778	-731.564	-609.678	30.2646
40 	25   	-862.918	-755.907	-609.678	45.4455
41 	25   	-861.557	-754.514	-609.678	43.2145
42 	25   	-813.98 	-724.365	-609.678	31.7064
43 	25   	-832.748	-750.187	-609.678	35.794 
44 	25   	-793.389	-719.566	-609.678	28.9541
45 	25   	-821.515	-733.778	-609.678	31.8321
46 	25   	-832.927	-752.082	-609.678	32.6872
47 	25   	-812.033	-745.405	-609.678	24.1796
48 	25   	-809.276	-740.024	-609.678	28.0818
49 	25   	-826.954	-751.336	-609.678	29.6495
50 	25   	-827.81 	-753.349	-609.678	30.055 
51 	25   	-795.749	-715.64 	-609.678	27.0416
52 	25   	-842.656	-767.312	-609.678	40.0439
53 	25   	-823.229	-741.944	-609.678	33.0504
54 	25   	-797.75 	-721.668	-609.678	25.6974
55 	25   	-828.311	-754.596	-609.678	34.6629
56 	25   	-783.463	-714.045	-609.678	22.4766
57 	25   	-773.998	-701.206	-609.678	27.8212
58 	25   	-757.683	-705.944	-609.678	21.8885
59 	25   	-817.553	-726.754	-609.678	33.7151
60 	25   	-786.658	-706.598	-609.678	24.663 
61 	25   	-816.757	-737.831	-609.678	33.3784
62 	25   	-788.889	-740.243	-609.678	25.4413
63 	25   	-794.26 	-747.725	-609.678	25.7283
64 	25   	-782.693	-730.326	-609.678	18.6572
65 	25   	-829.347	-726.6  	-609.678	31.6312
66 	25   	-794.05 	-731.945	-609.678	24.3148
67 	25   	-853.127	-774.263	-609.678	36.5566
68 	25   	-813.041	-736.355	-609.678	25.7055
69 	25   	-837.84 	-764.858	-609.678	26.9471
70 	25   	-781.024	-685.846	-609.678	24.3442
71 	25   	-796.466	-736.749	-609.678	28.7565
72 	25   	-835.228	-746.697	-609.678	34.5511
73 	25   	-820.505	-760.167	-609.678	29.5674
74 	25   	-801.854	-732.341	-609.678	23.746 
75 	25   	-833.918	-753.98 	-609.678	37.7067
76 	25   	-775.462	-708.737	-609.678	25.2095
77 	25   	-779.746	-710.609	-609.678	21.0866
78 	25   	-809.686	-745.279	-609.678	28.4012
79 	25   	-782.122	-722.557	-609.678	20.3197
80 	25   	-807.768	-743.244	-609.678	22.542 
81 	25   	-791.829	-746.994	-609.678	23.4367
82 	25   	-790.191	-729.628	-609.678	22.1337
83 	25   	-822.874	-736.639	-609.678	27.3852
84 	25   	-792.473	-739.722	-609.678	23.4064
85 	25   	-845.112	-730.704	-609.678	33.1258
86 	25   	-886.919	-820.569	-609.678	40.5059
87 	25   	-842.031	-728.52 	-609.678	33.7768
88 	25   	-797.3  	-741.323	-609.678	21.2436
89 	25   	-826.285	-767.21 	-609.678	22.6047
90 	25   	-800.083	-733.439	-609.678	26.0384
91 	25   	-797.711	-726.593	-609.678	21.8232
92 	25   	-798.175	-690.737	-609.678	20.3434
93 	25   	-857.878	-800.98 	-609.678	46.3049
94 	25   	-843.595	-729.264	-609.678	41.1691
95 	25   	-836.911	-772.628	-609.678	26.633 
96 	25   	-792.391	-755.71 	-609.678	19.3892
97 	25   	-770.766	-681.946	-609.678	23.9547
98 	25   	-800.561	-693.76 	-609.678	20.194 
99 	25   	-758.413	-726.072	-609.678	19.8216
gen	depth	min     	avg     	max     	std    
0  	25   	-801.719	-718.298	-643.527	27.866 
1  	25   	-798.773	-706.137	-625.287	27.4934
2  	25   	-774.96 	-696.35 	-619.138	28.0204
3  	25   	-782.691	-691.484	-619.138	30.8743
4  	25   	-787.988	-701.404	-619.138	30.3383
5  	25   	-798.724	-713.06 	-619.138	29.6505
6  	25   	-854.434	-720.837	-619.138	37.7806
7  	25   	-819.41 	-717.913	-619.138	33.7505
8  	25   	-846.852	-723.639	-619.138	37.6706
9  	25   	-799.339	-717.981	-619.138	31.404 
10 	25   	-819.364	-720.384	-619.138	34.2265
11 	25   	-815.627	-714.668	-619.138	29.4512
12 	25   	-812.507	-714.976	-619.138	36.326 
13 	25   	-803.691	-718.192	-619.138	28.4649
14 	25   	-840.239	-710.88 	-603.571	38.479 
15 	25   	-826.352	-726.445	-603.571	37.8637
16 	25   	-842.776	-757.938	-603.571	37.957 
17 	25   	-850.578	-748.635	-603.571	31.3185
18 	25   	-842.979	-750.682	-603.571	31.6626
19 	25   	-817.816	-734.601	-603.571	31.1442
20 	25   	-803.432	-730.087	-603.571	31.6763
21 	25   	-827.606	-746.565	-603.571	35.3855
22 	25   	-878.43 	-755.652	-603.571	41.4397
23 	25   	-797.99 	-727.227	-603.571	25.8854
24 	25   	-814.046	-726.341	-603.571	31.7067
25 	25   	-816.518	-743.934	-603.571	32.6135
26 	25   	-822.304	-730.463	-603.571	33.3088
27 	25   	-849.967	-746.441	-603.571	38.1873
28 	25   	-836.482	-720.21 	-603.571	33.3563
29 	25   	-810.919	-726.757	-603.571	31.2301
30 	25   	-812.211	-720.662	-603.571	27.9828
31 	25   	-815.362	-719.492	-603.571	28.3396
32 	25   	-811.018	-715.168	-603.571	29.5279
33 	25   	-803.342	-730.86 	-603.571	26.5265
34 	25   	-846.233	-766.474	-603.571	41.4414
35 	25   	-832.101	-749.307	-603.571	33.555 
36 	25   	-832.467	-749.659	-603.571	29.98  
37 	25   	-802.949	-725.079	-603.571	25.1602
38 	25   	-809.334	-719.652	-603.571	34.5324
39 	25   	-815.207	-733.587	-603.571	32.8459
40 	25   	-770.644	-708.877	-603.571	26.9476
41 	25   	-807.445	-724.59 	-603.571	36.2061
42 	25   	-824.525	-745.634	-603.571	37.0926
43 	25   	-843.794	-737.956	-603.571	33.7011
44 	25   	-826.947	-757.578	-603.571	34.6238
45 	25   	-807.107	-736.012	-603.571	27.1363
46 	25   	-838.431	-767.762	-603.571	27.764 
47 	25   	-857.077	-767.749	-603.571	35.3323
48 	25   	-865.044	-775.929	-603.571	36.0752
49 	25   	-841.312	-758.179	-603.571	29.9888
50 	25   	-860.74 	-764.341	-603.571	32.5188
51 	25   	-833.365	-736.49 	-603.571	33.8986
52 	25   	-830.507	-756.341	-603.571	26.8338
53 	25   	-802.578	-739.252	-603.571	26.9326
54 	25   	-802.531	-716.628	-603.571	33.367 
55 	25   	-825.775	-709.127	-603.571	32.4587
56 	25   	-793.1  	-720.075	-603.571	25.2901
57 	25   	-808.014	-730.915	-603.571	32.4992
58 	25   	-821.517	-745.976	-603.571	29.3622
59 	25   	-852.455	-752.526	-603.571	31.5148
60 	25   	-881.714	-775.663	-603.571	38.4379
61 	25   	-826.943	-767.503	-603.571	29.3124
62 	25   	-877.095	-780.599	-603.571	44.7112
63 	25   	-842.7  	-742.116	-603.571	29.2513
64 	25   	-833.126	-731.104	-603.571	35.7593
65 	25   	-793.092	-731.59 	-603.571	19.6847
66 	25   	-839.614	-750.268	-603.571	34.7967
67 	25   	-834.954	-724.711	-603.571	29.3681
68 	25   	-778.803	-725.689	-603.571	18.6741
69 	25   	-881.974	-817.191	-603.571	50.1028
70 	25   	-857.735	-756.302	-603.571	32.1468
71 	25   	-809.869	-729.713	-603.571	23.0288
72 	25   	-841.939	-791.338	-603.571	28.0405
73 	25   	-801.367	-760.341	-603.571	22.8065
74 	25   	-802.874	-759.83 	-603.571	17.0965
75 	25   	-864.154	-779.844	-603.571	31.3092
76 	25   	-801.66 	-713.215	-603.571	29.9565
77 	25   	-827.05 	-778.044	-603.571	39.6081
78 	25   	-843.166	-785.629	-603.571	30.767 
79 	25   	-816.048	-767.296	-603.571	20.4368
80 	25   	-847.82 	-740.189	-603.571	25.9389
81 	25   	-752.181	-710.1  	-603.571	19.2882
82 	25   	-766.011	-720.277	-603.571	20.8218
83 	25   	-749.781	-711.325	-603.571	18.9422
84 	25   	-746.061	-681.908	-603.571	18.5702
85 	25   	-773.43 	-695.808	-603.571	21.7161
86 	25   	-825.663	-765.979	-603.571	32.6038
87 	25   	-787.213	-736.599	-603.571	16.855 
88 	25   	-791.657	-732.564	-603.571	17.1456
89 	25   	-862.377	-811.851	-603.571	32.1061
90 	25   	-835.034	-743.668	-603.571	29.2187
91 	25   	-807.307	-772.086	-603.571	20.9878
92 	25   	-792.625	-769.064	-603.571	17.1543
93 	25   	-780.129	-723.631	-603.571	22.0595
94 	25   	-802.33 	-724.174	-603.571	16.9331
95 	25   	-752.812	-711.236	-603.571	13.1038
96 	25   	-782.778	-753.043	-603.571	26.1157
97 	25   	-813.743	-758.956	-603.571	19.3395
98 	25   	-785.125	-752.974	-603.571	12.5239
99 	25   	-819.372	-775.548	-603.571	17.7577
gen	depth	min     	avg     	max     	std    
0  	25   	-802.892	-714.961	-643.559	27.923 
1  	25   	-784.792	-704.475	-643.559	25.509 
2  	25   	-772.917	-694.394	-627.044	26.7812
3  	25   	-766.559	-692.64 	-627.044	27.2517
4  	25   	-773.331	-687.771	-627.044	24.6725
5  	25   	-817.969	-701.639	-616.922	31.0326
6  	25   	-826.713	-705.295	-616.922	36.3082
7  	25   	-817.796	-701.811	-615.277	31.975 
8  	25   	-774.76 	-694.614	-615.277	28.3812
9  	25   	-790.648	-709.992	-612.495	35.0363
10 	25   	-845.511	-718.942	-612.495	39.4621
11 	25   	-831.831	-731.579	-612.495	39.4359
12 	25   	-817.591	-731.119	-612.495	37.2861
13 	25   	-816.237	-721.631	-612.495	32.0454
14 	25   	-808.647	-725.576	-612.495	31.99  
15 	25   	-833.134	-732.422	-612.495	34.8884
16 	25   	-834.964	-731.502	-612.495	35.6012
17 	25   	-822.409	-753.111	-612.495	36.1667
18 	25   	-827.634	-726.836	-612.495	34.5986
19 	25   	-816.106	-749.245	-612.495	33.8149
20 	25   	-822.988	-739.624	-612.495	25.3155
21 	25   	-821.643	-735.283	-612.495	31.3588
22 	25   	-805.702	-727.387	-612.495	28.955 
23 	25   	-827.165	-748.54 	-612.495	31.6869
24 	25   	-813.944	-742.013	-612.495	30.6129
25 	25   	-831.657	-747.868	-612.495	30.3525
26 	25   	-835.279	-731.259	-612.495	35.6851
27 	25   	-800.866	-736.152	-612.495	25.1678
28 	25   	-825.672	-740.558	-612.495	27.9102
29 	25   	-839.839	-738.692	-612.495	30.7716
30 	25   	-849.949	-768.181	-612.495	40.4615
31 	25   	-826.46 	-737.886	-612.495	25.6448
32 	25   	-858.006	-783.329	-612.495	36.1541
33 	25   	-812.656	-741.141	-612.495	26.1674
34 	25   	-795.241	-703.562	-612.495	30.718 
35 	25   	-817.293	-737.002	-612.495	34.2634
36 	25   	-867.976	-768.228	-612.495	40.2997
37 	25   	-837.041	-739.22 	-612.495	31.5621
38 	25   	-800.013	-705.579	-612.495	34.0953
39 	25   	-836.705	-753.753	-612.495	39.1524
40 	25   	-876.929	-791.258	-612.495	48.0292
41 	25   	-866.4  	-759.698	-612.495	36.7687
42 	25   	-858.171	-784.705	-612.495	31.7854
43 	25   	-799.968	-720.146	-612.495	29.1829
44 	25   	-841.888	-754.08 	-612.495	36.4314
45 	25   	-838.667	-748.41 	-612.495	34.1643
46 	25   	-795.928	-714.611	-612.495	27.8825
47 	25   	-820.421	-750.925	-612.495	28.2199
48 	25   	-831.255	-728.893	-612.495	36.0199
49 	25   	-801.377	-725.655	-612.495	25.9116
50 	25   	-788.839	-729.101	-612.495	25.7925
51 	25   	-832.401	-754.926	-612.495	36.1263
52 	25   	-849.914	-776.422	-612.495	34.3218
53 	25   	-811.221	-741.608	-612.495	32.1808
54 	25   	-820.879	-731.332	-612.495	27.8535
55 	25   	-805.008	-725.338	-612.495	23.059 
56 	25   	-841.599	-758.269	-612.495	34.7153
57 	25   	-847.217	-768.448	-612.495	36.4372
58 	25   	-876.317	-760.469	-612.495	35.2575
59 	25   	-838.535	-740.681	-612.495	25.8756
60 	25   	-848.202	-727.82 	-612.495	36.4432
61 	25   	-832.288	-739.846	-612.495	28.6655
62 	25   	-841.236	-773.692	-612.495	30.5217
63 	25   	-868.484	-782.537	-612.495	40.7284
64 	25   	-863.974	-754.101	-612.495	40.0842
65 	25   	-834.849	-733.694	-612.495	37.4823
66 	25   	-812.512	-750.187	-612.495	28.9157
67 	25   	-816.771	-744.595	-612.495	26.2829
68 	25   	-833.98 	-747.757	-612.495	26.7524
69 	25   	-801.116	-737.499	-612.495	23.4007
70 	25   	-816.27 	-761.02 	-612.495	26.3628
71 	25   	-788.263	-687.762	-612.495	26.7196
72 	25   	-822.087	-760.7  	-612.495	37.9663
73 	25   	-783.397	-721.741	-612.495	19.9393
74 	25   	-798.302	-749.815	-612.495	25.359 
75 	25   	-815.257	-720.375	-612.495	28.3073
76 	25   	-846.34 	-787.37 	-612.495	38.8616
77 	25   	-831.446	-709.253	-612.495	26.842 
78 	25   	-847.642	-802.421	-612.495	38.3131
79 	25   	-834.339	-745.169	-612.495	24.9737
80 	25   	-800.156	-759.285	-612.495	19.6458
81 	25   	-824.236	-776.159	-612.495	24.209 
82 	25   	-837.25 	-783.018	-612.495	22.9769
83 	25   	-793.158	-723.063	-612.495	24.0601
84 	25   	-763.849	-693.085	-612.495	22.0812
85 	25   	-771.711	-722.074	-612.495	22.573 
86 	25   	-783.473	-744.386	-612.495	22.2298
87 	25   	-797.166	-724.876	-612.495	22.354 
88 	25   	-788.079	-724.264	-612.495	23.4903
89 	25   	-801.528	-746.59 	-612.495	23.1126
90 	25   	-837.246	-743.423	-612.495	24.1852
91 	25   	-809.122	-768.215	-612.495	21.5132
92 	25   	-794.849	-738.326	-612.495	23.0173
93 	25   	-795.691	-746.326	-612.495	20.5881
94 	25   	-801.493	-729.752	-612.495	19.7736
95 	25   	-848.274	-765.818	-612.495	28.0784
96 	25   	-819.165	-737.521	-612.495	19.4932
97 	25   	-838.267	-776.269	-612.495	31.9302
98 	25   	-807.183	-742.369	-612.495	30.8472
99 	25   	-808.578	-698.842	-612.495	33.3912
gen	depth	min     	avg     	max     	std    
0  	25   	-812.916	-714.363	-639.905	27.6254
1  	25   	-783.651	-701.392	-632.292	25.4123
2  	25   	-789.581	-700.907	-632.292	30.0159
3  	25   	-783.946	-692.73 	-629.321	25.8096
4  	25   	-774.163	-697.819	-628.959	28.217 
5  	25   	-806.85 	-703.035	-628.622	30.1445
6  	25   	-822.175	-714.923	-628.622	34.8128
7  	25   	-808.925	-706.412	-628.622	28.2524
8  	25   	-810.312	-719.21 	-628.622	28.4856
9  	25   	-825.285	-719.313	-628.622	32.6896
10 	25   	-820.422	-724.562	-628.622	34.9852
11 	25   	-817.562	-725.396	-628.622	33.162 
12 	25   	-804.218	-717.706	-628.622	30.4377
13 	25   	-817.208	-712.836	-624.843	28.9406
14 	25   	-798.25 	-715.37 	-624.843	25.8735
15 	25   	-812.422	-719.604	-624.843	28.8542
16 	25   	-819.009	-728.138	-624.843	32.0429
17 	25   	-821.056	-723.97 	-624.843	37.9151
18 	25   	-796.689	-700.704	-622.651	27.471 
19 	25   	-802.097	-717.384	-622.651	38.8184
20 	25   	-809.785	-694.793	-622.181	32.5831
21 	25   	-815.782	-741.75 	-622.181	31.8754
22 	25   	-836.774	-772.133	-622.181	31.7783
23 	25   	-800.967	-741.304	-622.181	23.8378
24 	25   	-854.583	-765.763	-622.181	34.6482
25 	25   	-861.756	-737.782	-622.181	31.9625
26 	25   	-847.689	-745.336	-622.181	34.3202
27 	25   	-832.812	-731.307	-622.181	26.398 
28 	25   	-856.056	-742.798	-622.181	40.1596
29 	25   	-817.748	-710.152	-622.181	31.4072
30 	25   	-809.399	-722.762	-622.181	35.0245
31 	25   	-792.719	-721.848	-622.181	30.5538
32 	25   	-813.257	-723.054	-622.181	27.9486
33 	25   	-775.574	-697.651	-622.181	29.4425
34 	25   	-794.512	-713.288	-622.181	27.9041
35 	25   	-822.77 	-748.937	-622.181	34.9977
36 	25   	-855.07 	-752.117	-622.181	35.8908
37 	25   	-821.038	-706.77 	-622.181	36.6239
38 	25   	-793.329	-702.947	-622.181	26.2095
39 	25   	-850.053	-722.243	-622.181	29.1209
40 	25   	-871.504	-741.389	-622.181	35.2777
41 	25   	-822.175	-751.38 	-622.181	26.1454
42 	25   	-765.998	-716.399	-622.181	19.6734
43 	25   	-770.495	-720.781	-622.181	22.8885
44 	25   	-807.524	-749.2  	-622.181	22.1654
45 	25   	-779.178	-719.726	-622.181	19.5986
46 	25   	-803.898	-732.948	-622.181	22.7972
47 	25   	-735.358	-671.847	-622.181	19.1115
48 	25   	-832.281	-776.16 	-622.181	44.9587
49 	25   	-792.056	-742.748	-622.181	20.7901
50 	25   	-828.681	-789.232	-622.181	35.4784
51 	25   	-807.296	-724.771	-622.181	34.8377
52 	25   	-803.168	-743.083	-622.181	26.6836
53 	25   	-770.909	-725.554	-622.181	17.86  
54 	25   	-903.806	-863.97 	-622.181	51.4498
55 	25   	-881.899	-759.231	-622.181	32.9314
56 	25   	-821.855	-764.948	-622.181	18.9355
57 	25   	-828.64 	-799.652	-622.181	19.9945
58 	25   	-811.084	-721.426	-622.181	23.4161
59 	25   	-781.812	-744.694	-622.181	21.0817
60 	25   	-780.789	-750.025	-622.181	15.6803
61 	25   	-842.18 	-798.066	-622.181	33.3023
62 	25   	-847.511	-798.359	-622.181	23.3401
63 	25   	-811.016	-728.335	-622.181	32.5821
64 	25   	-758.996	-712.281	-622.181	17.6439
65 	25   	-799.568	-768.139	-622.181	27.3126
66 	25   	-793.358	-710.638	-622.181	25.3987
67 	25   	-782.364	-732.717	-622.181	23.3872
68 	25   	-785.961	-726.909	-622.181	19.4177
69 	25   	-804.276	-774.038	-622.181	23.4343
70 	25   	-783.026	-711.871	-622.181	25.666 
71 	25   	-724.686	-682.945	-622.181	15.1841
72 	25   	-794.19 	-757.581	-622.181	31.2955
73 	25   	-775.66 	-718.089	-622.181	16.6059
74 	25   	-811.747	-775.5  	-622.181	25.7039
75 	25   	-784.342	-702.464	-622.181	23.051 
76 	25   	-759.771	-726.43 	-622.181	15.6269
77 	25   	-781.751	-760.076	-622.181	14.2471
78 	25   	-763.669	-706.69 	-622.181	17.2258
79 	25   	-743.399	-734.763	-622.181	13.432 
80 	25   	-787.845	-766.63 	-622.181	20.9096
81 	25   	-779.589	-701.975	-622.181	20.9595
82 	25   	-776.963	-740.833	-622.181	21.0124
83 	25   	-781.88 	-762.019	-622.181	17.6948
84 	25   	-869.236	-827.751	-622.181	30.607 
85 	25   	-841.145	-803.442	-622.181	13.7713
86 	25   	-805.888	-767.993	-622.181	13.0691
87 	25   	-818.988	-793.802	-622.181	14.194 
88 	25   	-845.983	-792.542	-622.181	23.579 
89 	25   	-788.276	-714.28 	-622.181	25.4845
90 	25   	-739.842	-732.819	-622.181	11.7679
91 	25   	-806.586	-762.862	-622.181	20.3891
92 	25   	-772.834	-692.415	-622.181	20.963 
93 	25   	-768.968	-730.696	-622.181	14.9227
94 	25   	-739.517	-715.66 	-622.181	10.9511
95 	25   	-846.518	-808.631	-622.181	32.8249
96 	25   	-820.672	-759.872	-622.181	16.7018
97 	25   	-763.87 	-701.817	-622.181	18.7282
98 	25   	-745.857	-724.349	-622.181	17.0678
99 	25   	-743.195	-685.263	-622.181	13.8245
gen	depth	min     	avg     	max     	std    
0  	25   	-809.928	-715.246	-655.407	27.6189
1  	25   	-803.88 	-703.577	-630.339	26.9054
2  	25   	-784.963	-697.571	-630.339	27.9949
3  	25   	-775.005	-696.676	-620.726	31.6227
4  	25   	-795.546	-694.812	-620.726	28.9623
5  	25   	-831.641	-701.253	-617.083	37.5909
6  	25   	-815.571	-709.858	-617.083	46.8239
7  	25   	-815.329	-704.515	-617.083	36.1865
8  	25   	-828.686	-731.534	-617.083	42.3276
9  	25   	-825.166	-725.955	-617.083	31.5373
10 	25   	-833.043	-742.185	-617.083	39.7042
11 	25   	-813.149	-724.72 	-617.083	36.2565
12 	25   	-861.639	-735.532	-617.083	37.0962
13 	25   	-852.445	-754.376	-617.083	43.6509
14 	25   	-828.756	-736.345	-617.083	32.3222
15 	25   	-797.362	-711.531	-617.083	28.8617
16 	25   	-822.868	-730.374	-617.083	34.6648
17 	25   	-818.708	-714.03 	-617.083	30.4088
18 	25   	-823.176	-732.123	-617.083	30.5817
19 	25   	-844    	-743.702	-617.083	37.5729
20 	25   	-800.674	-728.657	-617.083	30.0582
21 	25   	-835.948	-720.805	-617.083	31.4726
22 	25   	-823.919	-727.88 	-617.083	34.1826
23 	25   	-802.205	-714.284	-617.083	28.559 
24 	25   	-810.213	-723.506	-617.083	35.7317
25 	25   	-815.276	-707.825	-617.083	34.4861
26 	25   	-827.407	-730.89 	-617.083	33.8785
27 	25   	-834.149	-763.272	-617.083	33.8426
28 	25   	-868.888	-777.773	-617.083	34.6953
29 	25   	-867.134	-779.008	-617.083	30.8003
30 	25   	-824.366	-735.185	-617.083	30.2364
31 	25   	-892.018	-781.262	-617.083	43.7202
32 	25   	-847.158	-758.993	-617.083	34.8392
33 	25   	-828.929	-737.163	-617.083	31.0983
34 	25   	-794.02 	-717.757	-617.083	27.6371
35 	25   	-841.06 	-745.525	-617.083	41.4948
36 	25   	-836.453	-746.084	-617.083	36.9454
37 	25   	-803.254	-731.055	-617.083	29.5698
38 	25   	-792.595	-713.656	-617.083	25.8594
39 	25   	-889.175	-798.106	-617.083	53.8194
40 	25   	-849.402	-756.704	-617.083	46.2202
41 	25   	-824.928	-737.995	-617.083	29.71  
42 	25   	-815.686	-723.786	-617.083	24.4214
43 	25   	-823.935	-744.556	-617.083	25.4035
44 	25   	-836.352	-789.343	-617.083	30.0285
45 	25   	-812.096	-689.056	-617.083	34.8468
46 	25   	-774.477	-716.064	-617.083	25.2867
47 	25   	-821.033	-747.141	-617.083	30.1482
48 	25   	-768.55 	-717.209	-617.083	14.8718
49 	25   	-814.624	-780.52 	-617.083	31.1841
50 	25   	-798.927	-706.66 	-617.083	28.6524
51 	25   	-809.528	-723.531	-617.083	30.0542
52 	25   	-780.176	-694.429	-617.083	21.1579
53 	25   	-787.615	-719.737	-617.083	23.9627
54 	25   	-817.835	-754.418	-617.083	28.7546
55 	25   	-819.09 	-770.575	-617.083	25.0815
56 	25   	-818.569	-723.015	-617.083	39.9389
57 	25   	-774.03 	-689.554	-617.083	14.4286
58 	25   	-824.77 	-745.069	-617.083	28.2866
59 	25   	-761.243	-701.661	-617.083	22.0827
60 	25   	-714.7  	-654.151	-617.083	17.0199
61 	25   	-795.231	-741.006	-617.083	35.0481
62 	25   	-776.221	-705.517	-617.083	17.698 
63 	25   	-783.585	-743.056	-617.083	18.9241
64 	25   	-794.327	-756.392	-617.083	22.5115
65 	25   	-796.077	-753.125	-617.083	15.3615
66 	25   	-777.959	-737.609	-617.083	22.0091
67 	25   	-824.123	-760.812	-617.083	19.1191
68 	25   	-787.498	-686.568	-617.083	24.8016
69 	25   	-807.164	-774.489	-617.083	36.3918
70 	25   	-820.22 	-771.768	-617.083	18.3895
71 	25   	-790.44 	-766.862	-617.083	11.8211
72 	25   	-803.199	-779.242	-617.083	16.7785
73 	25   	-782.198	-741.445	-617.083	15.3047
74 	25   	-798.125	-763.236	-617.083	17.9986
75 	25   	-785.762	-717.347	-617.083	14.8298
76 	25   	-802.498	-757.622	-617.083	22.0907
77 	25   	-780.639	-729.236	-617.083	14.5906
78 	25   	-834.811	-778.25 	-617.083	29.6977
79 	25   	-801.655	-729.893	-617.083	18.5115
80 	25   	-825.678	-771.582	-617.083	26.423 
81 	25   	-778.906	-689.406	-617.083	25.472 
82 	25   	-782.63 	-743.248	-617.083	25.6836
83 	25   	-784.103	-720.384	-617.083	20.0978
84 	25   	-773.672	-687.019	-617.083	18.0995
85 	25   	-707.715	-640.104	-617.083	13.8861
86 	25   	-768.179	-731.425	-617.083	36.1168
87 	25   	-791.84 	-754.465	-617.083	28.937 
88 	25   	-761.202	-750.671	-617.083	14.9385
89 	25   	-791.881	-762.496	-617.083	17.9518
90 	25   	-778.542	-736.15 	-617.083	10.661 
91 	25   	-794.981	-740.074	-617.083	16.5717
92 	25   	-805.553	-778.761	-617.083	19.242 
93 	25   	-791.226	-689.34 	-617.083	29.7302
94 	25   	-799.277	-735.186	-617.083	33.0348
95 	25   	-786.304	-735.286	-617.083	25.5849
96 	25   	-756.644	-720.909	-617.083	19.0232
97 	25   	-761.932	-720.382	-617.083	27.901 
98 	25   	-821.501	-735.091	-617.083	42.8898
99 	25   	-761.235	-726.009	-617.083	19.6482
