gen	depth	min     	avg     	max     	std    
0  	25   	-688.781	-630.62 	-580.461	18.2202
1  	25   	-701.808	-621.545	-567.584	17.9801
2  	25   	-671.945	-614.578	-567.584	18.0995
3  	25   	-662.278	-611.158	-567.584	17.8511
4  	25   	-677.664	-627.561	-567.584	24.6   
5  	25   	-684.58 	-625.565	-567.584	22.2832
6  	25   	-689.897	-627.689	-567.584	19.9449
7  	25   	-705.438	-632.805	-563.387	25.6176
8  	25   	-686.693	-633.909	-563.387	22.6065
9  	25   	-704.479	-630.231	-563.387	23.1975
10 	25   	-716.365	-638.163	-563.387	26.0447
11 	25   	-715.699	-632.186	-563.387	20.2569
12 	25   	-695.719	-629.478	-558.694	19.859 
13 	25   	-704.994	-640.721	-558.694	24.2177
14 	25   	-696.246	-633.967	-558.694	21.2337
15 	25   	-702.814	-649.927	-558.694	24.6539
16 	25   	-722.255	-636.025	-558.694	23.603 
17 	25   	-691.905	-639.99 	-558.694	18.3838
18 	25   	-735.106	-646.452	-558.694	23.6184
19 	25   	-696.266	-644.462	-558.694	20.1379
20 	25   	-718.371	-650.892	-558.694	20.5377
21 	25   	-703.654	-641.148	-558.694	20.8331
22 	25   	-699.557	-634.003	-558.694	19.5887
23 	25   	-678.417	-616.159	-558.694	18.2708
24 	25   	-692.487	-631.214	-558.694	21.2585
25 	25   	-683.834	-635.473	-558.694	19.3378
26 	25   	-697.192	-653.375	-558.694	22.7256
27 	25   	-707.346	-641.721	-558.694	27.7748
28 	25   	-700.293	-642.095	-558.694	22.9922
29 	25   	-697.529	-629.399	-558.694	17.0786
30 	25   	-716.478	-651.218	-558.694	26.3733
31 	25   	-712.771	-659.999	-558.694	23.0371
32 	25   	-687.233	-628.304	-558.694	21.1485
33 	25   	-696.401	-644.62 	-558.694	22.5089
34 	25   	-683.202	-642.65 	-558.694	18.3282
35 	25   	-698.921	-652.354	-558.694	18.0475
36 	25   	-679.52 	-633.545	-558.694	18.0799
37 	25   	-668.806	-632.546	-552.051	22.5674
38 	25   	-691.311	-642.341	-552.051	19.7016
39 	25   	-720.171	-673.116	-552.051	22.6749
40 	25   	-688.427	-645.415	-552.051	15.9574
41 	25   	-688.077	-636.5  	-552.051	17.7081
42 	25   	-705.258	-656.431	-552.051	20.7407
43 	25   	-697.809	-655.433	-552.051	18.1178
44 	25   	-701.281	-656.561	-552.051	16.961 
45 	25   	-695.564	-661.899	-552.051	15.5444
46 	25   	-668.017	-616    	-552.051	19.7644
47 	25   	-667.529	-620.625	-552.051	17.5918
48 	25   	-688.763	-647.316	-552.051	21.8522
49 	25   	-666.768	-615.79 	-552.051	16.7387
50 	25   	-676.829	-630.484	-552.051	18.6795
51 	25   	-688.939	-635.861	-552.051	16.8737
52 	25   	-687.319	-639.126	-552.051	14.8404
53 	25   	-715.331	-650.992	-552.051	14.7666
54 	25   	-670.49 	-650.153	-552.051	14.0011
55 	25   	-689.092	-656.098	-552.051	11.8843
56 	25   	-690.7  	-666.85 	-552.051	11.7301
57 	25   	-673.606	-606.54 	-552.051	20.781 
58 	25   	-667.277	-629.124	-552.051	17.5243
59 	25   	-654.342	-619.98 	-552.051	20.4932
60 	25   	-711.179	-673.107	-552.051	30.804 
61 	25   	-698.44 	-667.997	-552.051	16.8384
62 	25   	-671.902	-623.578	-552.051	18.8992
63 	25   	-660.037	-631.465	-552.051	14.4403
64 	25   	-696.009	-667.463	-552.051	21.2355
65 	25   	-676.638	-645.623	-552.051	16.1498
66 	25   	-694.798	-651.284	-552.051	18.7337
67 	25   	-696.879	-654.894	-552.051	19.3083
68 	25   	-674.726	-632.67 	-552.051	15.9244
69 	25   	-689.251	-657.443	-552.051	18.4439
70 	25   	-682.427	-643.038	-552.051	16.653 
71 	25   	-728.821	-667.297	-552.051	23.163 
72 	25   	-692.626	-657.989	-552.051	13.6067
73 	25   	-674.843	-643.132	-552.051	12.9646
74 	25   	-649.728	-624.029	-552.051	9.49868
75 	25   	-677.39 	-636.936	-552.051	14.0278
76 	25   	-666.607	-624.177	-552.051	13.1684
77 	25   	-651.761	-634.25 	-552.051	10.0502
78 	25   	-676.085	-630.553	-552.051	13.9766
79 	25   	-669.973	-643.019	-552.051	10.8355
80 	25   	-646.848	-617.682	-552.051	10.1385
81 	25   	-645.668	-625.2  	-552.051	8.60059
82 	25   	-686.509	-664.223	-552.051	19.6556
83 	25   	-675.677	-644.856	-552.051	11.1782
84 	25   	-653.42 	-631.813	-552.051	8.54769
85 	25   	-706.786	-665.185	-552.051	15.4273
86 	25   	-670.274	-645.237	-552.051	16.0441
87 	25   	-668.367	-641.501	-552.051	11.6201
88 	25   	-668.778	-644.859	-552.051	10.2592
89 	25   	-680.757	-656.339	-552.051	13.7804
90 	25   	-665.231	-635.841	-552.051	9.05378
91 	25   	-679.94 	-655.214	-552.051	11.5947
92 	25   	-660.992	-619.414	-552.051	9.71229
93 	25   	-662.059	-626.748	-552.051	10.2239
94 	25   	-677.216	-627.328	-552.051	14.1808
95 	25   	-688.586	-663.37 	-552.051	15.1469
96 	25   	-666.916	-648.221	-552.051	9.27675
97 	25   	-673.718	-643.674	-552.051	10.0217
98 	25   	-645.21 	-605.941	-552.051	13.0587
99 	25   	-650.838	-629.929	-552.051	12.257 
gen	depth	min     	avg     	max     	std    
0  	25   	-689.773	-628.876	-573.613	18.635 
1  	25   	-681.416	-619.229	-566.927	19.1069
2  	25   	-669.811	-613.64 	-566.927	17.9173
3  	25   	-667.104	-612.176	-565.693	17.9958
4  	25   	-665.346	-612.814	-565.693	20.331 
5  	25   	-693.117	-612.851	-563.3  	22.5258
6  	25   	-683.395	-613.178	-563.3  	19.3944
7  	25   	-692.161	-623.018	-563.3  	24.3231
8  	25   	-690.436	-626.819	-563.3  	20.5855
9  	25   	-690.97 	-629.588	-563.3  	21.3142
10 	25   	-699.894	-626.079	-563.3  	23.6923
11 	25   	-696.105	-620.847	-561.053	26.0054
12 	25   	-706.223	-632.678	-561.053	25.9635
13 	25   	-689.157	-628.98 	-561.053	21.924 
14 	25   	-685.813	-633.786	-561.053	22.0166
15 	25   	-692.454	-619.159	-561.053	19.2797
16 	25   	-687.615	-637.5  	-561.053	21.6488
17 	25   	-687.748	-640.661	-561.053	23.687 
18 	25   	-729.04 	-647.184	-561.053	25.5497
19 	25   	-688.921	-638.776	-561.053	20.1903
20 	25   	-704.514	-645.473	-561.053	18.8919
21 	25   	-742.94 	-657.412	-561.053	29.2422
22 	25   	-707.369	-641.438	-561.053	22.2277
23 	25   	-732.389	-675.545	-561.053	26.2594
24 	25   	-712.411	-651.467	-561.053	21.5931
25 	25   	-692.856	-628.474	-549.914	23.9184
26 	25   	-712.46 	-649.942	-549.914	27.4848
27 	25   	-696.595	-642.684	-549.914	19.4552
28 	25   	-699.42 	-647.398	-549.914	18.8029
29 	25   	-711.091	-661.154	-549.914	20.5942
30 	25   	-689.219	-632.736	-549.914	20.4085
31 	25   	-721.002	-651.526	-549.914	27.7755
32 	25   	-704.51 	-645.862	-549.914	23.1105
33 	25   	-701.443	-644.85 	-549.914	25.4811
34 	25   	-708.542	-653.948	-549.914	30.0887
35 	25   	-723.081	-650.899	-549.914	24.9745
36 	25   	-692.186	-631.831	-549.914	21.8037
37 	25   	-691.668	-637.322	-549.914	22.4698
38 	25   	-697.094	-633.602	-549.914	23.3782
39 	25   	-701.554	-652.195	-549.914	24.9782
40 	25   	-702.791	-643.928	-549.914	20.6771
41 	25   	-686.405	-638.995	-549.914	15.845 
42 	25   	-680.736	-631.979	-549.914	18.0796
43 	25   	-707.211	-653.076	-549.914	20.0641
44 	25   	-710.69 	-639.522	-549.914	24.96  
45 	25   	-671.411	-626.12 	-549.914	16.6034
46 	25   	-686.179	-631.029	-549.914	20.7531
47 	25   	-706.121	-650.36 	-549.914	22.5538
48 	25   	-701.779	-658.49 	-549.914	21.974 
49 	25   	-698.057	-644.064	-549.914	17.4233
50 	25   	-714.518	-659.658	-549.914	22.2537
51 	25   	-703.119	-651.359	-549.914	20.0369
52 	25   	-721.566	-643.461	-549.914	21.1331
53 	25   	-720.806	-651.247	-549.914	24.6803
54 	25   	-695.373	-625.792	-549.914	17.0235
55 	25   	-702.214	-655.478	-549.914	23.9793
56 	25   	-691.645	-650.714	-549.914	16.7139
57 	25   	-696.409	-649.955	-549.914	19.7241
58 	25   	-694.163	-657.465	-549.914	16.5415
59 	25   	-679.856	-628.28 	-549.914	16.111 
60 	25   	-708.221	-659.802	-549.914	21.9577
61 	25   	-703.755	-655.28 	-549.914	17.3182
62 	25   	-674.756	-619.617	-549.914	22.7615
63 	25   	-676.619	-634.256	-549.914	15.358 
64 	25   	-706.331	-658.429	-549.914	20.666 
65 	25   	-666.046	-629.899	-549.914	12.4165
66 	25   	-669.508	-629.359	-549.914	15.3822
67 	25   	-710.933	-663.573	-549.914	20.8988
68 	25   	-707.124	-675.414	-549.914	15.7743
69 	25   	-680.79 	-635.878	-549.914	13.3787
70 	25   	-648.133	-616.291	-549.914	11.7472
71 	25   	-725.484	-659.097	-549.914	19.3827
72 	25   	-665.225	-632.527	-549.914	16.5553
73 	25   	-700.773	-635.985	-549.914	13.2356
74 	25   	-649.827	-630.693	-549.914	7.77801
75 	25   	-703.075	-658.076	-549.914	17.3232
76 	25   	-703.748	-662.466	-549.914	15.4365
77 	25   	-687.158	-656.035	-549.914	12.5297
78 	25   	-681.696	-666.84 	-549.914	10.7933
79 	25   	-703.25 	-652.176	-549.914	13.78  
80 	25   	-667.645	-636.507	-549.914	8.88941
81 	25   	-721.882	-690.806	-549.914	22.3056
82 	25   	-721.94 	-686.76 	-549.914	11.6363
83 	25   	-689.09 	-628.528	-549.914	18.7294
84 	25   	-703.283	-646.867	-549.914	13.4002
85 	25   	-694.387	-670.529	-549.914	15.5085
86 	25   	-695.792	-669.606	-549.914	15.5925
87 	25   	-676.309	-626.845	-549.914	16.5482
88 	25   	-717.318	-646.489	-549.914	12.7835
89 	25   	-655.829	-611.806	-549.914	13.9638
90 	25   	-673.078	-639.132	-549.914	16.64  
91 	25   	-687.004	-663.379	-549.914	17.6354
92 	25   	-695.877	-682.95 	-549.914	15.7122
93 	25   	-710.475	-650.837	-549.914	21.3542
94 	25   	-709.249	-658.31 	-549.914	15.6112
95 	25   	-698.539	-666.685	-549.914	20.232 
96 	25   	-706.527	-658.457	-549.914	15.2734
97 	25   	-696.068	-653.17 	-549.914	17.6277
98 	25   	-683.522	-643.865	-549.914	10.5779
99 	25   	-675.239	-643.057	-549.914	11.6519
gen	depth	min     	avg     	max     	std    
0  	25   	-686.195	-629.267	-576.725	20.864 
1  	25   	-681.006	-621.683	-569.755	18.9486
2  	25   	-683.617	-615.32 	-569.755	19.1586
3  	25   	-675.679	-612.409	-560.299	18.7989
4  	25   	-688.089	-617.536	-560.299	22.9081
5  	25   	-678.475	-619.893	-560.299	21.3676
6  	25   	-680.283	-621.426	-560.299	20.3775
7  	25   	-682.471	-623.738	-560.299	20.3723
8  	25   	-712.033	-630.12 	-560.299	22.7212
9  	25   	-692.553	-629.862	-560.299	21.0953
10 	25   	-680.226	-621.204	-560.299	19.4041
11 	25   	-709.323	-621.65 	-560.299	21.6535
12 	25   	-681.097	-627.411	-560.299	22.9183
13 	25   	-720.282	-634.679	-560.299	26.0959
14 	25   	-707.805	-637.95 	-560.299	24.2413
15 	25   	-727.719	-643.521	-560.299	27.3682
16 	25   	-697.232	-639.765	-560.299	21.0732
17 	25   	-690.151	-628.737	-560.299	23.5813
18 	25   	-702.213	-638.881	-560.299	23.3698
19 	25   	-709.098	-642.565	-560.299	23.1953
20 	25   	-721.957	-647.794	-560.299	26.1365
21 	25   	-700.448	-625.507	-560.299	22.5377
22 	25   	-699.579	-635.949	-560.299	24.8893
23 	25   	-698.515	-633.151	-560.299	25.1637
24 	25   	-701.765	-635.452	-560.299	21.0079
25 	25   	-700.76 	-642.692	-560.299	20.3954
26 	25   	-679.255	-633.102	-560.299	15.8193
27 	25   	-708.725	-651.673	-560.299	25.0009
28 	25   	-684.56 	-625.11 	-560.299	19.6694
29 	25   	-703.193	-641.563	-560.299	22.3757
30 	25   	-711.696	-636.125	-560.299	24.4935
31 	25   	-730.022	-660.339	-560.299	25.3462
32 	25   	-709.706	-658.433	-560.299	21.8665
33 	25   	-737.077	-667.364	-560.299	28.1929
34 	25   	-693.066	-641.096	-560.299	18.9928
35 	25   	-713.198	-656.186	-560.299	20.7063
36 	25   	-712.417	-651.951	-560.299	24.3865
37 	25   	-696.311	-629.2  	-560.299	17.3767
38 	25   	-720.708	-637.81 	-560.299	23.6963
39 	25   	-698.755	-641.683	-560.299	22.808 
40 	25   	-705.741	-657.701	-560.299	20.0951
41 	25   	-692.455	-638.903	-560.299	18.7327
42 	25   	-700.291	-638.329	-560.299	18.1018
43 	25   	-688.789	-622.479	-560.299	19.9547
44 	25   	-677.752	-624.315	-560.299	15.3079
45 	25   	-708.444	-637.616	-560.299	22.6431
46 	25   	-698.921	-623.609	-560.299	22.1451
47 	25   	-689.868	-633.837	-560.299	20.3902
48 	25   	-699.973	-652.811	-560.299	18.4726
49 	25   	-692.703	-645.613	-560.299	16.8535
50 	25   	-698.533	-641.082	-560.299	15.7503
51 	25   	-674.637	-639.053	-560.299	14.1299
52 	25   	-712.763	-665.789	-560.299	19.7754
53 	25   	-691.503	-633.506	-560.299	18.4994
54 	25   	-682.369	-639.759	-560.299	18.4897
55 	25   	-709.139	-640.96 	-560.299	23.6461
56 	25   	-704.83 	-660.381	-560.299	23.3135
57 	25   	-676.922	-618.788	-560.299	16.1153
58 	25   	-677.829	-632.309	-560.299	21.8822
59 	25   	-678.592	-633.229	-560.299	17.4882
60 	25   	-688.762	-638.907	-560.299	17.867 
61 	25   	-694.296	-628.773	-560.299	25.7001
62 	25   	-719.454	-669.435	-560.299	30.0753
63 	25   	-687.382	-632.578	-560.299	15.7042
64 	25   	-687.196	-614.551	-560.299	18.7104
65 	25   	-685.993	-641.636	-560.299	17.9182
66 	25   	-698.311	-660.016	-560.299	19.4995
67 	25   	-691.272	-644.401	-560.299	21.2702
68 	25   	-689.231	-631.442	-560.299	22.8068
69 	25   	-714.022	-672.744	-560.299	24.5549
70 	25   	-685.375	-630.814	-560.299	19.9709
71 	25   	-665.204	-629.855	-560.299	12.7333
72 	25   	-683.423	-644.028	-560.299	18.6533
73 	25   	-690.797	-640.284	-560.299	14.4757
74 	25   	-681.352	-647.151	-560.299	14.648 
75 	25   	-687.521	-641.369	-560.299	19.377 
76 	25   	-679.878	-639.585	-560.299	10.3634
77 	25   	-656.515	-628.997	-560.299	9.0224 
78 	25   	-666.362	-623.761	-560.299	14.599 
79 	25   	-667.255	-628.671	-560.299	13.2136
80 	25   	-693.269	-653.244	-560.299	22.4964
81 	25   	-688.634	-637.054	-560.299	22.8418
82 	25   	-682.566	-643.978	-560.299	16.0525
83 	25   	-672.345	-636.642	-560.299	17.0351
84 	25   	-658.253	-625.783	-560.299	13.2207
85 	25   	-724.429	-650.541	-560.299	25.9158
86 	25   	-661.974	-627.4  	-560.299	16.1242
87 	25   	-725.987	-661.842	-560.299	27.0488
88 	25   	-677.848	-620.495	-560.299	24.7523
89 	25   	-687.689	-647.303	-560.299	21.4132
90 	25   	-696.101	-649.825	-560.299	17.3799
91 	25   	-676.288	-628.22 	-560.299	14.9464
92 	25   	-707.633	-650.783	-560.299	22.1818
93 	25   	-699.328	-657.076	-560.299	16.3236
94 	25   	-685.57 	-637.543	-560.299	19.0481
95 	25   	-665.08 	-632.88 	-560.299	15.3764
96 	25   	-664.388	-625.674	-560.299	11.1616
97 	25   	-676.362	-632.935	-560.299	11.944 
98 	25   	-667.468	-633.886	-560.299	9.34145
99 	25   	-704.991	-669.397	-560.299	19.0921
gen	depth	min     	avg     	max     	std    
0  	25   	-688.031	-628.148	-571.407	19.6057
1  	25   	-686.574	-620.723	-566.536	20.6551
2  	25   	-667.387	-612.846	-563.362	18.9752
3  	25   	-682.065	-610.128	-563.362	20.0389
4  	25   	-678.331	-618.525	-563.362	23.4706
5  	25   	-691.412	-617.933	-563.362	21.0852
6  	25   	-682.506	-622.751	-563.362	22.2274
7  	25   	-684.625	-622.321	-563.362	22.7968
8  	25   	-685.734	-628.355	-553.623	23.6621
9  	25   	-695.626	-624.607	-553.623	22.3834
10 	25   	-679.294	-623.655	-553.623	20.8435
11 	25   	-695.034	-634.463	-553.623	22.4875
12 	25   	-716.989	-637.832	-553.623	24.3663
13 	25   	-706.908	-632.001	-553.623	26.5129
14 	25   	-738.175	-660.976	-553.623	33.4667
15 	25   	-716.36 	-645.555	-553.623	27.7401
16 	25   	-699.655	-632.717	-553.623	24.883 
17 	25   	-698.212	-632.618	-553.623	22.1449
18 	25   	-712.139	-641.363	-553.623	24.7938
19 	25   	-686.398	-626.708	-553.623	23.6014
20 	25   	-688.39 	-631.278	-553.623	18.1909
21 	25   	-715.343	-656.123	-553.623	22.7511
22 	25   	-705.744	-639.168	-553.623	20.2174
23 	25   	-722.627	-666.848	-553.623	28.3113
24 	25   	-705.696	-646.651	-553.623	22.0451
25 	25   	-697.227	-648.582	-553.623	19.3833
26 	25   	-719.305	-654.095	-553.623	25.7223
27 	25   	-722.493	-653.708	-553.623	23.5437
28 	25   	-692.71 	-635.561	-553.623	20.1837
29 	25   	-700.122	-625.27 	-553.623	22.472 
30 	25   	-700.107	-638.406	-553.623	20.4598
31 	25   	-671.699	-620.906	-553.623	17.1968
32 	25   	-693.17 	-616.373	-553.623	17.7452
33 	25   	-651.266	-594.671	-553.623	15.3751
34 	25   	-702.569	-613.884	-553.623	14.289 
35 	25   	-684.923	-630.448	-553.623	13.8599
36 	25   	-671.052	-630.732	-553.623	8.68438
37 	25   	-685.458	-658.139	-553.623	15.0513
38 	25   	-700.335	-674.556	-553.623	17.0302
39 	25   	-686.959	-642.417	-553.623	15.7183
40 	25   	-657.252	-602.472	-553.623	15.8335
41 	25   	-683.716	-639.264	-553.623	18.8938
42 	25   	-687.898	-642.687	-553.623	19.1848
43 	25   	-686.416	-645.58 	-553.623	14.0134
44 	25   	-693.171	-621.941	-553.623	17.3942
45 	25   	-687.039	-641.811	-553.623	14.4793
46 	25   	-678.745	-655.067	-553.623	16.6517
47 	25   	-686.223	-641.963	-553.623	11.5118
48 	25   	-693.145	-661.156	-553.623	15.6989
49 	25   	-683.266	-630.358	-553.623	20.5871
50 	25   	-703.571	-665.998	-553.623	19.6458
51 	25   	-686.631	-653.56 	-553.623	14.4257
52 	25   	-672.967	-618.929	-553.623	16.5687
53 	25   	-665.204	-639.233	-553.623	16.9599
54 	25   	-688.597	-660.336	-553.623	12.5758
55 	25   	-680.617	-654.06 	-553.623	13.2901
56 	25   	-701.436	-648.701	-553.623	14.9191
57 	25   	-676.927	-600.012	-553.623	15.2951
58 	25   	-709.542	-659.05 	-553.623	28.9279
59 	25   	-706.952	-607.111	-553.623	23.4917
60 	25   	-717.293	-681.181	-553.623	32.7422
61 	25   	-704.115	-650.448	-553.623	14.6283
62 	25   	-692.223	-669.583	-553.623	15.2779
63 	25   	-695.803	-662.188	-553.623	21.3983
64 	25   	-691.318	-664.777	-553.623	17.753 
65 	25   	-684.846	-632.881	-553.623	17.3669
66 	25   	-656.72 	-627.631	-553.623	10.6565
67 	25   	-683.935	-641.578	-553.623	18.028 
68 	25   	-652.786	-615.231	-553.623	12.279 
69 	25   	-687.697	-651.053	-553.623	19.4451
70 	25   	-737.252	-662.441	-553.623	16.6162
71 	25   	-693.929	-664.881	-553.623	11.4754
72 	25   	-667.206	-629.631	-553.623	14.0571
73 	25   	-665.107	-639.003	-553.623	10.0286
74 	25   	-668.197	-637.819	-553.623	9.85009
75 	25   	-716.135	-683.799	-553.623	23.8937
76 	25   	-717.362	-671.597	-553.623	15.0322
77 	25   	-683.535	-650.093	-553.623	14.4001
78 	25   	-694.842	-647.579	-553.623	18.9527
79 	25   	-706.204	-649.921	-553.623	16.721 
80 	25   	-717.775	-633.806	-553.623	14.5139
81 	25   	-645.895	-626.08 	-553.623	11.7993
82 	25   	-698.954	-654.447	-553.623	20.4868
83 	25   	-683.27 	-620.804	-553.623	17.7469
84 	25   	-640.3  	-604.042	-553.623	12.8961
85 	25   	-654.494	-630.088	-553.623	17.8264
86 	25   	-703.659	-659.218	-553.623	22.4829
87 	25   	-679.664	-615.544	-553.623	14.8878
88 	25   	-681.921	-610.609	-553.623	20.1312
89 	25   	-680.035	-640.304	-553.623	19.1389
90 	25   	-675.391	-648.081	-553.623	18.552 
91 	25   	-698.717	-655.089	-553.623	12.9212
92 	25   	-696.033	-670.533	-553.623	16.1907
93 	25   	-701.886	-657.548	-553.623	21.0523
94 	25   	-681.881	-635.211	-553.623	19.86  
95 	25   	-697.937	-649.588	-553.623	24.2513
96 	25   	-719.329	-655.333	-553.623	22.2319
97 	25   	-665.756	-609.291	-553.623	17.8834
98 	25   	-672.767	-651.736	-553.623	21.5441
99 	25   	-666.926	-639.29 	-553.623	11.0293
gen	depth	min     	avg     	max     	std    
0  	25   	-695.697	-628.997	-579.304	19.2862
1  	25   	-669.255	-617.436	-573.795	17.8996
2  	25   	-673.155	-616.537	-572.424	19.8654
3  	25   	-681.414	-618.488	-565.202	20.3301
4  	25   	-682.298	-617.983	-565.202	18.448 
5  	25   	-687.212	-620.533	-565.202	20.2346
6  	25   	-675.178	-618.916	-565.202	19.4674
7  	25   	-681.487	-622.801	-565.202	17.8   
8  	25   	-703.341	-636.74 	-556.858	26.9309
9  	25   	-701.703	-632.494	-556.858	24.1163
10 	25   	-717.059	-646.251	-556.858	24.9699
11 	25   	-710.805	-644.639	-556.858	26.2217
12 	25   	-684.697	-632.16 	-556.858	20.8758
13 	25   	-706.606	-639.953	-556.858	25.8658
14 	25   	-712.324	-642.314	-556.858	25.5487
15 	25   	-704.858	-638.653	-556.858	27.4545
16 	25   	-705.377	-640.347	-556.858	23.4589
17 	25   	-729.25 	-637.265	-556.858	22.6235
18 	25   	-702.549	-642.989	-556.858	23.576 
19 	25   	-711.933	-647.553	-556.858	20.7412
20 	25   	-729.063	-652.646	-556.858	22.888 
21 	25   	-738.699	-657.558	-556.858	30.441 
22 	25   	-706.027	-644.239	-556.858	22.8495
23 	25   	-705.473	-637.998	-556.858	19.1849
24 	25   	-682.489	-627.43 	-556.858	17.6158
25 	25   	-688.598	-634.588	-556.858	19.8202
26 	25   	-696.761	-639.799	-556.858	20.8367
27 	25   	-700.691	-643.271	-556.858	18.8044
28 	25   	-700.994	-641.733	-556.858	22.833 
29 	25   	-693.892	-628.395	-556.858	20.4293
30 	25   	-673.316	-632.083	-556.858	17.106 
31 	25   	-690.895	-644.45 	-556.858	19.969 
32 	25   	-707.7  	-656.938	-556.858	18.0433
33 	25   	-684.317	-643.827	-556.858	18.2785
34 	25   	-730.719	-640.841	-556.858	22.2272
35 	25   	-716.705	-658.025	-556.858	22.279 
36 	25   	-724.811	-634.066	-556.858	22.6472
37 	25   	-693.476	-642.052	-556.858	19.6709
38 	25   	-714.411	-667.008	-556.858	22.4516
39 	25   	-696.068	-643.907	-556.858	21.8841
40 	25   	-707.899	-646.716	-556.858	15.763 
41 	25   	-689.947	-643.787	-556.858	21.2102
42 	25   	-708.143	-644.021	-556.858	23.3214
43 	25   	-705.224	-656.449	-556.858	20.8714
44 	25   	-685.722	-628.075	-556.858	18.6241
45 	25   	-676.814	-633.549	-556.858	23.0276
46 	25   	-694.532	-642.445	-556.858	20.4358
47 	25   	-707.885	-663.658	-556.858	20.2485
48 	25   	-680.905	-636.682	-556.858	16.3472
49 	25   	-699.539	-634.082	-556.858	21.8311
50 	25   	-678.858	-624.806	-556.858	19.9731
51 	25   	-684.217	-636.691	-556.858	20.0724
52 	25   	-699.372	-652.725	-556.858	24.8122
53 	25   	-712.757	-658.724	-556.858	21.9162
54 	25   	-674.221	-643.143	-556.858	18.5388
55 	25   	-678.603	-639.67 	-556.858	15.5214
56 	25   	-688.662	-635.362	-556.858	18.7916
57 	25   	-682.186	-640.647	-556.858	16.8166
58 	25   	-705.598	-651.789	-556.858	22.4339
59 	25   	-666.344	-637.524	-556.858	13.2668
60 	25   	-728.538	-669.899	-556.858	27.9462
61 	25   	-683.839	-643.498	-556.858	11.8401
62 	25   	-683.136	-641.042	-556.858	15.6775
63 	25   	-697.715	-658.109	-556.858	19.0722
64 	25   	-732.513	-662.311	-556.858	19.8839
65 	25   	-673.431	-622.581	-556.858	18.9789
66 	25   	-667.598	-628.1  	-556.858	16.8641
67 	25   	-687.153	-653.969	-556.858	25.6224
68 	25   	-690.129	-650.965	-556.858	19.4463
69 	25   	-722.245	-658.177	-556.858	19.2297
70 	25   	-709.947	-635.826	-556.858	16.1304
71 	25   	-700.703	-648.573	-556.858	17.316 
72 	25   	-686.041	-646.003	-556.858	14.6621
73 	25   	-734.99 	-692.669	-556.858	24.6635
74 	25   	-693.058	-660.563	-556.858	14.1146
75 	25   	-699.611	-657.237	-556.858	16.5489
76 	25   	-683.667	-649.194	-556.858	15.583 
77 	25   	-724.146	-669.413	-556.858	22.8293
78 	25   	-685.059	-650.429	-556.858	16.8305
79 	25   	-691.224	-653.062	-556.858	20.5671
80 	25   	-682.691	-651.316	-556.858	10.9336
81 	25   	-687.259	-648.012	-556.858	20.8733
82 	25   	-696.954	-658.952	-556.858	18.6492
83 	25   	-664.587	-610.318	-556.858	17.0204
84 	25   	-701.754	-656.567	-556.858	25.8843
85 	25   	-666.908	-617.51 	-556.858	15.6115
86 	25   	-663.703	-632.407	-556.858	14.0677
87 	25   	-678.654	-624.592	-556.858	20.351 
88 	25   	-682.804	-624.88 	-556.858	18.7284
89 	25   	-685.778	-641.567	-556.858	14.6586
90 	25   	-663.773	-632.138	-556.858	13.2537
91 	25   	-700.445	-646.394	-556.858	18.1244
92 	25   	-662.617	-633.978	-556.858	10.2995
93 	25   	-726.867	-672.297	-556.858	21.4698
94 	25   	-721.445	-698.637	-556.858	20.729 
95 	25   	-712.215	-655.016	-556.858	13.7607
96 	25   	-689.506	-672.483	-556.858	13.2648
97 	25   	-677.955	-628.026	-556.858	20.3725
98 	25   	-717.704	-680.875	-556.858	24.2361
99 	25   	-693.506	-642.182	-556.858	13.7301
gen	depth	min     	avg     	max     	std    
0  	25   	-680.978	-627.752	-572.466	18.4278
1  	25   	-683.462	-620.086	-572.466	18.965 
2  	25   	-681.574	-615.699	-572.026	20.5538
3  	25   	-678.591	-617.799	-572.026	19.9889
4  	25   	-676.792	-614.386	-572.026	18.313 
5  	25   	-660.748	-612.801	-560.944	18.7049
6  	25   	-690.631	-625.581	-560.944	24.3757
7  	25   	-693.301	-625.64 	-560.944	21.8279
8  	25   	-687.619	-622.214	-560.944	21.6263
9  	25   	-708.872	-628.49 	-560.944	22.9401
10 	25   	-703.265	-633.698	-560.944	23.8555
11 	25   	-693.062	-639.803	-560.944	22.1666
12 	25   	-709.598	-639.696	-560.944	26.1954
13 	25   	-695.012	-638.992	-560.944	21.264 
14 	25   	-688.357	-633.247	-560.944	21.9028
15 	25   	-700.72 	-640.572	-560.944	23.0668
16 	25   	-707.429	-635.214	-560.944	26.6823
17 	25   	-705.966	-646.292	-560.944	25.8897
18 	25   	-711.634	-646.845	-560.944	27.593 
19 	25   	-739.331	-631.565	-560.944	26.2404
20 	25   	-706.95 	-646.895	-560.944	25.6868
21 	25   	-709.001	-642.635	-560.944	23.4397
22 	25   	-712.01 	-652.928	-560.944	23.8358
23 	25   	-697.433	-633.702	-560.944	19.8529
24 	25   	-700.21 	-641.242	-560.944	20.2962
25 	25   	-744.741	-651.065	-560.944	31.2494
26 	25   	-722.911	-649    	-560.944	25.6829
27 	25   	-700.072	-637.121	-560.944	23.7245
28 	25   	-707.594	-651.62 	-560.944	24.4552
29 	25   	-679.829	-631.116	-560.944	20.5551
30 	25   	-750.742	-672.749	-560.944	32.7219
31 	25   	-700.657	-642.153	-560.944	21.2177
32 	25   	-683.097	-637.078	-560.944	16.9852
33 	25   	-713.917	-654.637	-560.944	24.5972
34 	25   	-749.418	-668.153	-560.944	24.673 
35 	25   	-713.565	-643.264	-560.944	27.4254
36 	25   	-722.444	-653.991	-560.944	26.2567
37 	25   	-712.869	-643.92 	-560.944	20.507 
38 	25   	-682.381	-639.423	-560.944	19.6649
39 	25   	-699.555	-636.898	-560.944	20.1907
40 	25   	-696.165	-632.059	-560.944	24.5735
41 	25   	-705.574	-648.474	-560.944	26.4716
42 	25   	-717.842	-649.741	-560.944	22.8127
43 	25   	-723.031	-663.11 	-560.944	19.1169
44 	25   	-709.536	-640.713	-560.944	24.1026
45 	25   	-725.411	-663.49 	-560.944	27.5655
46 	25   	-697.172	-640.622	-560.944	21.5567
47 	25   	-730.945	-660.842	-560.944	28.2789
48 	25   	-685.515	-624.222	-560.944	20.9398
49 	25   	-698.007	-653.29 	-560.944	22.5896
50 	25   	-679.708	-634.173	-560.944	14.8973
51 	25   	-679.056	-630.587	-560.944	19.5525
52 	25   	-719.296	-646.25 	-560.944	23.8232
53 	25   	-672.41 	-635.085	-560.944	16.2137
54 	25   	-709.047	-652.546	-560.944	23.8385
55 	25   	-700.452	-642.962	-560.944	19.1085
56 	25   	-673.166	-623.926	-560.944	16.1849
57 	25   	-688.128	-648.611	-560.944	19.3468
58 	25   	-680.229	-629.628	-560.944	19.783 
59 	25   	-722.313	-649.296	-560.944	23.2275
60 	25   	-727.828	-675.506	-560.944	24.9924
61 	25   	-714.461	-655.937	-560.944	17.458 
62 	25   	-731.533	-658.32 	-560.944	23.3043
63 	25   	-695.018	-650.423	-560.944	15.7633
64 	25   	-677.221	-612.936	-560.944	21.5159
65 	25   	-700.618	-656.873	-560.944	26.774 
66 	25   	-690.207	-652.874	-560.944	17.9753
67 	25   	-666.893	-606.012	-560.944	18.6904
68 	25   	-675.8  	-629.254	-560.944	15.3996
69 	25   	-725.773	-676.857	-560.944	25.8385
70 	25   	-703.18 	-675.575	-560.944	16.2986
71 	25   	-701.157	-653.157	-560.944	18.2909
72 	25   	-710.734	-666.61 	-560.944	21.0142
73 	25   	-675.599	-628.756	-560.944	20.1361
74 	25   	-682.949	-635.468	-560.944	17.3505
75 	25   	-699.491	-642.514	-560.944	14.416 
76 	25   	-659.518	-610.11 	-560.944	14.2037
77 	25   	-744.128	-721.819	-560.944	36.5022
78 	25   	-739.722	-651.532	-560.944	29.672 
79 	25   	-681.592	-638.644	-560.944	12.8334
80 	25   	-746.139	-702.768	-560.944	32.8071
81 	25   	-729.769	-648.537	-560.944	14.4948
82 	25   	-675.663	-652.468	-560.944	10.1795
83 	25   	-659.597	-628.682	-560.944	14.1699
84 	25   	-716.898	-670.776	-560.944	25.798 
85 	25   	-679.718	-611.733	-560.944	16.56  
86 	25   	-721.983	-688.723	-560.944	32.1923
87 	25   	-701.24 	-639.8  	-560.944	16.2439
88 	25   	-711.78 	-657.599	-560.944	16.6645
89 	25   	-670.505	-654.092	-560.944	10.4248
90 	25   	-701.331	-673.908	-560.944	15.3115
91 	25   	-683.392	-653.257	-560.944	14.33  
92 	25   	-692.637	-643.935	-560.944	15.3429
93 	25   	-703.768	-656.246	-560.944	16.6898
94 	25   	-709.073	-663.039	-560.944	14.8252
95 	25   	-686.458	-635.018	-560.944	17.3557
96 	25   	-655.373	-631.202	-560.944	10.5115
97 	25   	-678.899	-641.778	-560.944	11.5726
98 	25   	-663.955	-648.77 	-560.944	8.80152
99 	25   	-675.077	-645.279	-560.944	9.80632
gen	depth	min     	avg     	max     	std    
0  	25   	-684.916	-629.16 	-583.389	18.7345
1  	25   	-681.716	-620.903	-578.395	17.5528
2  	25   	-668.056	-617.178	-565.23 	17.1784
3  	25   	-682.539	-620.426	-565.23 	18.7588
4  	25   	-687.276	-615.488	-565.23 	18.8413
5  	25   	-663.747	-614.101	-564.952	18.4473
6  	25   	-667.071	-618.633	-564.952	18.6542
7  	25   	-702.659	-632.997	-564.952	26.4654
8  	25   	-712.761	-626.716	-564.952	22.6398
9  	25   	-754.935	-638.753	-564.952	25.7056
10 	25   	-703.299	-636.56 	-564.952	21.8946
11 	25   	-696.529	-632.859	-564.952	23.0342
12 	25   	-700.447	-631.158	-564.952	21.4366
13 	25   	-708.097	-644.334	-564.952	22.0053
14 	25   	-725.544	-637.601	-564.952	20.8139
15 	25   	-697.137	-640.104	-564.952	20.6681
16 	25   	-713.744	-647.088	-564.952	26.4503
17 	25   	-694.161	-638.961	-564.952	20.3664
18 	25   	-700.238	-642.953	-564.952	23.2086
19 	25   	-714.319	-653.667	-564.952	23.9513
20 	25   	-715.635	-656.426	-564.952	24.8108
21 	25   	-694.608	-644.714	-564.952	20.1154
22 	25   	-723.072	-652.417	-564.952	23.7678
23 	25   	-710.914	-646.108	-564.952	23.2964
24 	25   	-696.793	-637.559	-564.952	17.5184
25 	25   	-714.04 	-646.566	-564.952	29.3742
26 	25   	-714.149	-653.051	-564.952	22.7118
27 	25   	-671.835	-635.176	-564.952	14.7185
28 	25   	-708.483	-655.8  	-564.952	22.2426
29 	25   	-705.106	-656.455	-564.952	21.1472
30 	25   	-701.28 	-633.14 	-564.952	22.636 
31 	25   	-704.456	-646.924	-564.952	26.9403
32 	25   	-693.985	-641.93 	-564.952	17.2598
33 	25   	-691.656	-648.785	-564.952	18.1984
34 	25   	-699.017	-647.96 	-564.952	20.7754
35 	25   	-687.233	-636.738	-564.952	20.9525
36 	25   	-694.208	-638.341	-564.952	20.2908
37 	25   	-719.211	-665.91 	-564.952	23.2592
38 	25   	-677.041	-629.551	-564.952	14.5483
39 	25   	-681.523	-630.935	-564.952	14.3599
40 	25   	-680.005	-626.417	-564.952	13.9186
41 	25   	-745.82 	-667.523	-564.952	28.1235
42 	25   	-691.629	-625.361	-564.952	28.8214
43 	25   	-677.443	-627.878	-564.952	18.5174
44 	25   	-662.893	-626.419	-564.952	17.1557
45 	25   	-680.3  	-649.749	-564.952	16.1934
46 	25   	-691.044	-638.314	-564.952	20.3256
47 	25   	-697.539	-643.911	-564.952	15.7533
48 	25   	-702.621	-648.028	-564.952	20.2157
49 	25   	-698.699	-647.481	-564.952	17.5404
50 	25   	-681.437	-634.792	-564.952	17.6201
51 	25   	-656.752	-619.71 	-564.952	13.0533
52 	25   	-685.032	-644.306	-564.952	16.5662
53 	25   	-694.935	-643.673	-564.952	20.909 
54 	25   	-690.491	-636.1  	-564.952	17.0694
55 	25   	-689.035	-653.591	-564.952	17.5079
56 	25   	-714.321	-662.843	-564.952	28.2348
57 	25   	-705.819	-657.056	-564.952	18.1049
58 	25   	-700.143	-631.92 	-564.952	19.2621
59 	25   	-703.46 	-661.901	-564.952	26.4423
60 	25   	-688.348	-620.778	-564.952	18.7549
61 	25   	-671.359	-615.969	-564.952	15.9608
62 	25   	-681.685	-638.698	-564.952	19.8826
63 	25   	-699.307	-633.415	-564.952	18.9145
64 	25   	-718.556	-643.679	-564.952	14.9302
65 	25   	-694.254	-646.932	-564.952	18.4241
66 	25   	-677.06 	-643.572	-564.952	15.8514
67 	25   	-684.41 	-642.463	-564.952	12.8179
68 	25   	-693.258	-631.716	-564.952	15.9942
69 	25   	-687.692	-625.587	-564.952	16.0154
70 	25   	-712.035	-653.181	-564.952	28.5521
71 	25   	-706.964	-658.649	-564.952	17.0506
72 	25   	-677.246	-640.319	-564.952	13.6355
73 	25   	-701.953	-671.786	-564.952	18.3347
74 	25   	-682.88 	-645.344	-564.952	15.2645
75 	25   	-644.725	-614.805	-564.952	11.0174
76 	25   	-708.362	-665.838	-564.952	24.772 
77 	25   	-685.337	-631.24 	-564.952	13.7029
78 	25   	-717.204	-672.661	-564.952	25.0084
79 	25   	-686.986	-656.793	-564.952	18.1851
80 	25   	-663.226	-620.319	-564.952	14.9344
81 	25   	-687.559	-654.435	-564.952	18.69  
82 	25   	-671.19 	-627.305	-564.952	18.0798
83 	25   	-695.051	-651.149	-564.952	19.4033
84 	25   	-697.888	-649.239	-564.952	20.2617
85 	25   	-667.211	-620.39 	-564.952	12.994 
86 	25   	-691.078	-651.701	-564.952	16.9349
87 	25   	-714.033	-685.473	-564.952	22.5519
88 	25   	-707.979	-632.414	-564.952	18.1792
89 	25   	-708.281	-656.532	-564.952	18.4579
90 	25   	-726.571	-638.579	-564.952	19.9429
91 	25   	-686.224	-668.62 	-564.952	15.565 
92 	25   	-678.173	-621.636	-564.952	13.8093
93 	25   	-728.51 	-700.178	-564.952	29.1367
94 	25   	-715.123	-645.244	-564.952	20.6276
95 	25   	-713.808	-652.989	-564.952	12.2511
96 	25   	-693.503	-644.407	-564.952	12.1512
97 	25   	-676.349	-638.585	-564.952	7.74334
98 	25   	-704.435	-671.238	-564.952	17.1793
99 	25   	-686.215	-649.763	-564.952	10.8753
gen	depth	min     	avg     	max     	std    
0  	25   	-704.337	-630.211	-578.225	19.2959
1  	25   	-685.185	-624.279	-568.177	20.6042
2  	25   	-688.403	-616.509	-566.427	20.4712
3  	25   	-670.223	-613.551	-566.427	20.7805
4  	25   	-680.372	-609.752	-560.58 	20.7366
5  	25   	-687.93 	-621.851	-560.58 	22.3684
6  	25   	-684.062	-628.905	-560.58 	23.6072
7  	25   	-701.967	-622.035	-560.58 	22.8829
8  	25   	-701.438	-626.015	-560.58 	24.2844
9  	25   	-689.353	-623.278	-560.58 	21.4242
10 	25   	-703.742	-635.86 	-557.584	24.7723
11 	25   	-701.719	-631.965	-557.584	24.7449
12 	25   	-729.94 	-637.16 	-557.584	23.5011
13 	25   	-683.201	-634.542	-557.584	18.6121
14 	25   	-728.92 	-645.824	-557.584	24.1954
15 	25   	-711.277	-640.746	-557.584	22.102 
16 	25   	-735.071	-645.186	-557.584	26.3932
17 	25   	-729.335	-650.341	-557.584	32.8373
18 	25   	-710.52 	-638.54 	-557.584	21.9306
19 	25   	-717.194	-651.281	-557.584	27.7527
20 	25   	-718.039	-653.669	-557.584	25.0866
21 	25   	-706.796	-653.518	-557.584	23.0263
22 	25   	-721.945	-658.004	-557.584	22.3246
23 	25   	-687.051	-632.447	-557.584	19.5352
24 	25   	-724.545	-646.223	-557.584	21.2337
25 	25   	-703.208	-629.273	-557.584	25.8385
26 	25   	-686.646	-618.554	-557.584	22.106 
27 	25   	-694.883	-642.142	-557.584	22.8733
28 	25   	-693.685	-647.889	-557.584	19.2999
29 	25   	-709.198	-642.345	-557.584	18.4604
30 	25   	-700.823	-638.249	-557.584	21.7648
31 	25   	-695.621	-634.818	-557.584	16.1035
32 	25   	-671.56 	-620.207	-557.584	16.2691
33 	25   	-682.225	-625.133	-557.584	23.2396
34 	25   	-701.562	-642.811	-557.584	23.9809
35 	25   	-723.77 	-656.886	-557.584	20.4801
36 	25   	-698.419	-628.711	-557.584	22.8868
37 	25   	-721.376	-646.542	-557.584	30.1225
38 	25   	-675.332	-625.736	-557.584	18.6329
39 	25   	-713.445	-648.481	-557.584	21.8581
40 	25   	-691.826	-648.411	-557.584	17.2636
41 	25   	-718.48 	-657.43 	-557.584	18.2715
42 	25   	-701.662	-656.75 	-557.584	18.0461
43 	25   	-686.23 	-630.17 	-557.584	16.9692
44 	25   	-705.074	-616.955	-557.584	19.733 
45 	25   	-697.447	-645.569	-557.584	24.9759
46 	25   	-695.482	-653.589	-557.584	21.1354
47 	25   	-722.247	-657.891	-557.584	22.438 
48 	25   	-712.223	-634.567	-557.584	21.2651
49 	25   	-721.936	-654.684	-557.584	21.0633
50 	25   	-698.437	-629.026	-557.584	22.9248
51 	25   	-722.688	-653.032	-557.584	25.5416
52 	25   	-691.41 	-633.179	-557.584	21.0471
53 	25   	-688.263	-627.944	-557.584	15.4936
54 	25   	-679.19 	-638.986	-557.584	16.2309
55 	25   	-704.379	-634.566	-557.584	19.6499
56 	25   	-689.43 	-638.126	-557.584	21.4406
57 	25   	-698.706	-647.123	-557.584	23.8356
58 	25   	-735.262	-677.914	-557.584	26.9502
59 	25   	-701.605	-634.136	-557.584	16.3779
60 	25   	-690.246	-614.535	-557.584	13.0447
61 	25   	-689.318	-636.85 	-557.584	15.7486
62 	25   	-710.321	-662.902	-557.584	21.8661
63 	25   	-690.73 	-661.489	-557.584	15.3799
64 	25   	-684.403	-639.54 	-557.584	16.7406
65 	25   	-693.333	-638.806	-557.584	12.9543
66 	25   	-702.245	-658.034	-557.584	16.4314
67 	25   	-699.161	-668.369	-557.584	14.4732
68 	25   	-678.015	-637.98 	-557.584	12.9984
69 	25   	-701.27 	-660.756	-557.584	15.3336
70 	25   	-691.589	-662.515	-557.584	13.2129
71 	25   	-685.613	-624.407	-557.584	15.1464
72 	25   	-713.909	-658.622	-557.584	21.4708
73 	25   	-668.397	-635.616	-557.584	11.2171
74 	25   	-666.531	-624.351	-557.584	12.2399
75 	25   	-709.403	-638.028	-557.584	16.6811
76 	25   	-657.928	-634.606	-557.584	9.20432
77 	25   	-701.406	-667.942	-557.584	17.3081
78 	25   	-683.151	-640.92 	-557.584	14.0914
79 	25   	-695.696	-637.021	-557.584	12.2725
80 	25   	-670.473	-646.197	-557.584	14.4844
81 	25   	-700.771	-606.285	-557.584	16.3301
82 	25   	-683.456	-628.009	-557.584	12.2331
83 	25   	-696.448	-670.57 	-557.584	18.2346
84 	25   	-686.512	-627.798	-557.584	12.4794
85 	25   	-667.491	-649.556	-557.584	12.2985
86 	25   	-656.097	-641.223	-557.584	6.35934
87 	25   	-646.538	-606.79 	-557.584	12.1511
88 	25   	-653.499	-618.717	-557.584	7.53481
89 	25   	-668.751	-648.414	-557.584	12.6368
90 	25   	-705.706	-612.036	-557.584	19.4632
91 	25   	-682.335	-642.561	-557.584	12.4855
92 	25   	-678.194	-635.116	-557.584	7.88328
93 	25   	-641.02 	-625.279	-557.584	6.3853 
94 	25   	-700.844	-653.697	-557.584	13.545 
95 	25   	-667.28 	-637.389	-557.584	8.4862 
96 	25   	-673.15 	-631.041	-557.584	6.67557
97 	25   	-687.531	-636.113	-557.584	9.26375
98 	25   	-684.591	-615.388	-557.584	15.1758
99 	25   	-637.176	-617.468	-557.584	4.509  
gen	depth	min     	avg     	max     	std    
0  	25   	-694.535	-629.982	-571.866	19.0647
1  	25   	-682.013	-621.42 	-571.866	18.7463
2  	25   	-683.207	-616.615	-571.866	17.7281
3  	25   	-691.702	-619.643	-570.824	20.0001
4  	25   	-679.984	-617.972	-545.416	21.6844
5  	25   	-678.999	-620.395	-545.416	21.7602
6  	25   	-677.09 	-622.621	-545.416	20.306 
7  	25   	-692.965	-622.076	-545.416	22.4814
8  	25   	-691.94 	-625.93 	-545.416	24.3725
9  	25   	-695.302	-626.802	-545.416	23.1562
10 	25   	-701.564	-627.674	-545.416	23.3453
11 	25   	-685.911	-620.889	-545.416	19.018 
12 	25   	-693.546	-638.615	-545.416	23.1253
13 	25   	-689.493	-629.112	-545.416	18.864 
14 	25   	-711.375	-657.892	-545.416	21.1778
15 	25   	-710.141	-654.061	-545.416	23.0052
16 	25   	-717.692	-653.022	-545.416	22.6384
17 	25   	-697.611	-631.833	-545.416	23.1509
18 	25   	-738.05 	-655.319	-545.416	29.8039
19 	25   	-714.439	-639.023	-545.416	20.2759
20 	25   	-703.13 	-644.94 	-545.416	24.2916
21 	25   	-701.601	-653.525	-545.416	19.9586
22 	25   	-716.093	-659.596	-545.416	23.1861
23 	25   	-708.809	-652.844	-545.416	24.314 
24 	25   	-730.71 	-658.847	-545.416	25.1293
25 	25   	-733.324	-642.022	-545.416	24.1666
26 	25   	-677.053	-629.081	-545.416	17.1084
27 	25   	-689.841	-633.394	-545.416	24.9695
28 	25   	-678.852	-623.168	-545.416	19.4504
29 	25   	-683.033	-625.349	-545.416	19.9348
30 	25   	-695.477	-625.154	-545.416	17.9358
31 	25   	-698.769	-646.029	-545.416	20.8171
32 	25   	-690.752	-651.362	-545.416	17.2739
33 	25   	-689.911	-648.177	-545.416	16.229 
34 	25   	-675.072	-628.203	-545.416	12.7659
35 	25   	-692.492	-641.408	-545.416	18.7455
36 	25   	-681.389	-622.248	-545.416	17.6017
37 	25   	-698.065	-653.459	-545.416	20.4043
38 	25   	-718.558	-674.753	-545.416	17.6589
39 	25   	-684.489	-619.437	-545.416	25.8586
40 	25   	-674.518	-613.47 	-545.416	17.7507
41 	25   	-671.754	-628.666	-545.416	16.0722
42 	25   	-684.972	-619.948	-545.416	13.9369
43 	25   	-681.402	-650.963	-545.416	17.3688
44 	25   	-674.998	-642.089	-545.416	12.5164
45 	25   	-686.651	-651.044	-545.416	16.6054
46 	25   	-708.776	-682.679	-545.416	20.336 
47 	25   	-703.323	-662.977	-545.416	17.2979
48 	25   	-696.801	-670.468	-545.416	18.7369
49 	25   	-684.173	-622.67 	-545.416	18.089 
50 	25   	-667.517	-646.267	-545.416	15.1426
51 	25   	-736.214	-680.215	-545.416	24.8593
52 	25   	-693.829	-625.054	-545.416	15.7304
53 	25   	-703.309	-648.449	-545.416	17.3866
54 	25   	-649.457	-631.198	-545.416	10.6918
55 	25   	-681.306	-639.357	-545.416	21.2182
56 	25   	-675.388	-649.863	-545.416	17.0268
57 	25   	-675.675	-632.921	-545.416	15.2652
58 	25   	-713.5  	-687.829	-545.416	24.1443
59 	25   	-697.448	-652.661	-545.416	16.1711
60 	25   	-697.328	-638.961	-545.416	18.0666
61 	25   	-725.932	-683.498	-545.416	22.616 
62 	25   	-693.885	-644.601	-545.416	17.1673
63 	25   	-685.473	-664.369	-545.416	15.2236
64 	25   	-688.383	-649.337	-545.416	14.4873
65 	25   	-682.189	-652.971	-545.416	13.4198
66 	25   	-678.212	-649.385	-545.416	12.2005
67 	25   	-663.638	-634.007	-545.416	11.0597
68 	25   	-702.683	-673.676	-545.416	22.5189
69 	25   	-694.427	-653.611	-545.416	13.218 
70 	25   	-662.705	-604.713	-545.416	17.3526
71 	25   	-693.002	-668.624	-545.416	28.504 
72 	25   	-684.739	-642.373	-545.416	16.2295
73 	25   	-689.974	-664.449	-545.416	18.7097
74 	25   	-672.015	-627.982	-545.416	13.7218
75 	25   	-678.567	-655.461	-545.416	17.2558
76 	25   	-667.754	-616.06 	-545.416	14.3176
77 	25   	-697.436	-662.224	-545.416	24.876 
78 	25   	-690.02 	-636.234	-545.416	20.7426
79 	25   	-674.686	-651.302	-545.416	13.5231
80 	25   	-676.706	-646.446	-545.416	9.0988 
81 	25   	-678.09 	-647.394	-545.416	10.8611
82 	25   	-666.539	-635.42 	-545.416	11.7623
83 	25   	-704.013	-672.252	-545.416	22.4229
84 	25   	-680.744	-623.27 	-545.416	16.1789
85 	25   	-696.62 	-636.694	-545.416	19.1453
86 	25   	-677.623	-618.914	-545.416	18.6142
87 	25   	-675.8  	-626.499	-545.416	16.2357
88 	25   	-672.189	-625.3  	-545.416	19.5136
89 	25   	-662.846	-626.001	-545.416	12.4217
90 	25   	-681.046	-649.204	-545.416	17.3503
91 	25   	-697.627	-645.705	-545.416	16.1383
92 	25   	-683.631	-651.634	-545.416	13.7944
93 	25   	-666.031	-627.057	-545.416	12.8048
94 	25   	-674.599	-641.819	-545.416	15.7674
95 	25   	-692.277	-667.677	-545.416	20.28  
96 	25   	-688.136	-648.724	-545.416	15.0742
97 	25   	-682.866	-641.766	-545.416	15.7904
98 	25   	-661.721	-641.028	-545.416	12.4189
99 	25   	-673.044	-651.414	-545.416	14.9869
gen	depth	min     	avg     	max     	std    
0  	25   	-682.008	-628.706	-569.6  	19.2395
1  	25   	-684.257	-620.362	-568.796	18.3449
2  	25   	-672.719	-617.769	-568.796	17.8471
3  	25   	-699.524	-618.504	-568.796	20.3462
4  	25   	-694.341	-619.595	-568.796	19.9611
5  	25   	-678.065	-618.84 	-568.796	18.2687
6  	25   	-693.863	-620.302	-568.796	21.3554
7  	25   	-680.792	-620.952	-568.725	21.0646
8  	25   	-685.49 	-627.327	-568.725	23.1439
9  	25   	-682.688	-628.774	-568.725	20.2494
10 	25   	-699.512	-629.233	-568.725	20.8171
11 	25   	-700.945	-637.974	-568.725	23.5667
12 	25   	-701.568	-636.361	-568.725	22.3479
13 	25   	-709.038	-637.193	-568.725	25.9708
14 	25   	-699.032	-637.402	-568.725	23.8247
15 	25   	-698.191	-640.999	-568.725	21.9126
16 	25   	-700.042	-633.682	-568.725	20.2425
17 	25   	-712.278	-637.502	-568.725	21.471 
18 	25   	-697.714	-625.742	-558.898	24.4753
19 	25   	-699.075	-637.746	-558.898	21.88  
20 	25   	-714.443	-659.053	-558.898	22.0075
21 	25   	-683.996	-632.074	-558.898	17.8444
22 	25   	-688.892	-631.366	-558.898	23.8677
23 	25   	-678.208	-621.045	-558.898	19.5666
24 	25   	-705.03 	-639.269	-558.898	23.7163
25 	25   	-708.981	-637.87 	-558.898	22.5431
26 	25   	-686.821	-641.187	-558.898	18.251 
27 	25   	-730.222	-652.057	-558.898	32.5267
28 	25   	-706.341	-646.904	-558.898	20.1138
29 	25   	-699.651	-640.982	-558.898	19.6939
30 	25   	-709.192	-651.106	-558.898	18.2136
31 	25   	-694.19 	-654.548	-558.898	16.7511
32 	25   	-692.86 	-643.243	-558.898	17.1508
33 	25   	-690.317	-647.537	-558.898	20.2077
34 	25   	-721.743	-655.934	-558.898	23.6103
35 	25   	-686.168	-636.554	-558.898	16.8416
36 	25   	-697.032	-652.846	-558.898	23.5651
37 	25   	-701.066	-636.437	-558.898	24.3109
38 	25   	-730.399	-643.981	-558.898	20.7834
39 	25   	-684.041	-625.17 	-558.898	19.0235
40 	25   	-710.353	-662.222	-558.898	23.5897
41 	25   	-704.3  	-657.499	-558.898	16.7879
42 	25   	-723.431	-684.475	-558.898	18.7284
43 	25   	-706.189	-666.495	-558.898	18.195 
44 	25   	-672.473	-601.461	-549.642	23.0721
45 	25   	-696.293	-653.862	-549.642	27.0955
46 	25   	-678.346	-635.893	-549.642	21.0531
47 	25   	-693.925	-655.617	-549.642	19.057 
48 	25   	-683.173	-643.829	-549.642	15.7673
49 	25   	-699.709	-650.421	-549.642	19.2448
50 	25   	-669.869	-627.229	-549.642	17.6616
51 	25   	-667.114	-621.892	-549.642	15.8861
52 	25   	-710.781	-653.931	-549.642	26.1737
53 	25   	-679.7  	-633.45 	-549.642	24.7653
54 	25   	-695.056	-651.635	-549.642	18.4544
55 	25   	-674.616	-615.279	-549.642	18.0855
56 	25   	-665.673	-609.815	-549.642	20.2997
57 	25   	-667.746	-625.536	-549.642	15.6627
58 	25   	-713.447	-674.527	-549.642	25.4849
59 	25   	-693.149	-623.568	-549.642	16.632 
60 	25   	-700.404	-655.057	-549.642	20.3376
61 	25   	-672.533	-624.093	-549.642	14.7526
62 	25   	-700.54 	-664.759	-549.642	22.9168
63 	25   	-676.901	-617.213	-549.642	16.3767
64 	25   	-624.83 	-601.249	-549.642	7.55588
65 	25   	-668.171	-625.473	-549.642	19.2884
66 	25   	-679.478	-644.348	-549.642	14.3237
67 	25   	-653.945	-634.545	-549.642	7.86112
68 	25   	-684.762	-654.73 	-549.642	13.6174
69 	25   	-664.855	-641.242	-549.642	12.6115
70 	25   	-712.635	-676.563	-549.642	18.0841
71 	25   	-687.11 	-628.284	-549.642	21.1517
72 	25   	-638.948	-610.114	-549.642	11.2165
73 	25   	-684.906	-647.98 	-549.642	18.6278
74 	25   	-688.108	-652.654	-549.642	15.3358
75 	25   	-666.297	-637.457	-549.642	7.80633
76 	25   	-715.956	-694.73 	-549.642	18.4103
77 	25   	-702.224	-645.286	-549.642	14.526 
78 	25   	-670.547	-654.742	-549.642	9.8476 
79 	25   	-672.429	-645.714	-549.642	7.03594
80 	25   	-699.546	-683.246	-549.642	18.0831
81 	25   	-704.443	-675.055	-549.642	17.0664
82 	25   	-685.843	-624.458	-549.642	16.1575
83 	25   	-714.103	-671.216	-549.642	21.2231
84 	25   	-680.401	-645.798	-549.642	13.1704
85 	25   	-651.384	-639.129	-549.642	5.76596
86 	25   	-680.076	-661.985	-549.642	12.6918
87 	25   	-721.577	-704.692	-549.642	19.3561
88 	25   	-710.592	-643.94 	-549.642	19.6605
89 	25   	-691.263	-671.991	-549.642	15.0274
90 	25   	-678.47 	-660.558	-549.642	11.9965
91 	25   	-668.454	-623.542	-549.642	13.1558
92 	25   	-652.712	-635.174	-549.642	11.479 
93 	25   	-648.068	-627.69 	-549.642	6.04083
94 	25   	-651.027	-642.026	-549.642	6.65545
95 	25   	-675.038	-650.916	-549.642	11.5149
96 	25   	-658.826	-610.886	-549.642	12.6437
97 	25   	-623.955	-613.208	-549.642	4.48788
98 	25   	-644.966	-641.562	-549.642	9.70291
99 	25   	-704.525	-694.978	-549.642	20.9795
