gen	depth	min     	avg     	max     	std    
0  	100  	-303.795	-274.191	-245.127	9.99787
1  	100  	-303.969	-268.492	-241.426	9.61246
2  	100  	-306.094	-266.824	-235.6  	10.9447
3  	100  	-300.239	-269.476	-235.6  	11.3261
4  	100  	-302.353	-271.393	-235.6  	13.3038
5  	100  	-303.266	-266.9  	-235.6  	11.1081
6  	100  	-316.978	-273.358	-235.6  	12.9561
7  	100  	-325.788	-278.927	-235.6  	16.5481
8  	100  	-318.42 	-276.002	-235.6  	12.1804
9  	100  	-301.332	-273.292	-235.6  	10.5235
10 	100  	-301.184	-271.762	-235.6  	10.9284
11 	100  	-302.697	-271.614	-235.6  	10.6609
12 	100  	-307.63 	-274.504	-235.6  	12.7735
13 	100  	-323.551	-289.375	-235.6  	18.7076
14 	100  	-313.777	-279.884	-235.6  	12.6178
15 	100  	-311.232	-283.543	-235.6  	12.3072
16 	100  	-307.055	-275.445	-235.6  	11.1349
17 	100  	-322.421	-282.297	-235.6  	12.6784
18 	100  	-316.289	-281.678	-235.6  	14.358 
19 	100  	-315.887	-280.143	-235.6  	14.6603
20 	100  	-311.681	-279.744	-235.6  	14.3409
21 	100  	-312.523	-278.18 	-235.6  	11.8963
22 	100  	-306.638	-273.756	-235.6  	11.9646
23 	100  	-316.658	-282.499	-235.6  	15.2163
24 	100  	-320.049	-285.108	-235.6  	11.5272
25 	100  	-313.377	-286.126	-235.6  	10.9542
26 	100  	-312.593	-280.503	-235.6  	11.5179
27 	100  	-313.878	-278.753	-235.6  	10.5631
28 	100  	-318.663	-277.068	-235.6  	12.8934
29 	100  	-321.953	-283.307	-235.6  	12.7507
30 	100  	-313.595	-284.585	-235.6  	11.2112
31 	100  	-311.67 	-276.26 	-235.6  	12.5399
32 	100  	-312.792	-285.89 	-235.6  	11.3457
33 	100  	-307.648	-275.62 	-235.6  	11.9637
34 	100  	-324.585	-283.017	-235.6  	14.1828
35 	100  	-316.965	-283.689	-235.6  	14.9855
36 	100  	-310.696	-287.327	-235.6  	10.1835
37 	100  	-316.249	-287.455	-235.6  	13.6359
38 	100  	-318.067	-283.751	-235.6  	10.477 
39 	100  	-309.73 	-278.663	-235.6  	9.22442
40 	100  	-318.524	-285.221	-235.6  	13.6102
41 	100  	-311.232	-271.781	-235.6  	13.3235
42 	100  	-327.096	-285.464	-235.6  	18.1219
43 	100  	-307.435	-269.783	-235.6  	11.8179
44 	100  	-305.228	-279.262	-235.6  	9.94748
45 	100  	-314.774	-284.491	-235.6  	11.9246
46 	100  	-328.342	-277.761	-235.6  	12.2736
47 	100  	-316.565	-287.007	-235.6  	9.96613
48 	100  	-310.443	-275.304	-235.6  	10.9554
49 	100  	-316.221	-282.006	-235.6  	13.1583
50 	100  	-317.197	-277.315	-235.6  	9.6787 
51 	100  	-319.732	-270.718	-235.6  	9.59699
52 	100  	-305.35 	-284.154	-235.6  	10.1624
53 	100  	-297.732	-279.468	-235.6  	6.32786
54 	100  	-307.201	-287.02 	-235.6  	8.38836
55 	100  	-297.282	-264.753	-234.169	15.2267
56 	100  	-297.92 	-279.223	-234.169	11.364 
57 	100  	-317.237	-284.939	-234.169	13.2376
58 	100  	-297.678	-279.638	-234.169	8.79983
59 	100  	-305.845	-282.292	-234.169	9.56672
60 	100  	-304.383	-282.804	-234.169	9.19724
61 	100  	-288.596	-269.251	-234.169	7.33173
62 	100  	-305.813	-282.578	-234.169	10.6578
63 	100  	-323.129	-288.979	-234.169	13.31  
64 	100  	-302.934	-282.003	-234.169	9.1702 
65 	100  	-311.606	-290.312	-234.169	8.23933
66 	100  	-323.835	-302.492	-234.169	12.4787
67 	100  	-309.071	-284.353	-234.169	6.4151 
68 	100  	-290.023	-274.028	-234.169	6.87311
69 	100  	-304.957	-289.298	-234.169	12.0572
70 	100  	-297.543	-281.379	-234.169	7.01416
71 	100  	-301.4  	-278.867	-234.169	11.7327
72 	100  	-291.401	-277.005	-234.169	5.63237
73 	100  	-284.494	-270.142	-234.169	5.73444
74 	100  	-301.32 	-268.571	-234.169	6.18101
75 	100  	-295.892	-280.677	-234.169	7.97787
76 	100  	-302.227	-276.731	-234.169	8.03658
77 	100  	-316.576	-287.087	-234.169	11.614 
78 	100  	-295.113	-259.737	-234.169	9.35438
79 	100  	-299.386	-282.538	-234.169	10.4468
80 	100  	-316.946	-294.296	-234.169	12.2092
81 	100  	-297.74 	-275.585	-234.169	7.72577
82 	100  	-286.731	-275.155	-234.169	4.88529
83 	100  	-290.623	-278.797	-234.169	4.86543
84 	100  	-292.519	-281.063	-234.169	4.75408
85 	100  	-294.067	-271.221	-234.169	9.81897
86 	100  	-305.026	-295.474	-234.169	10.5147
87 	100  	-299.307	-276.515	-234.169	8.16244
88 	100  	-285.245	-271.45 	-234.169	4.41473
89 	100  	-296.585	-287.149	-234.169	7.44496
90 	100  	-291.631	-276.423	-234.169	4.24974
91 	100  	-291.05 	-276.243	-234.169	4.31545
92 	100  	-323.1  	-299.262	-234.169	13.9059
93 	100  	-311.081	-292.308	-234.169	7.09914
94 	100  	-299.083	-257.526	-234.169	11.9004
95 	100  	-279.139	-262.022	-234.169	5.85683
96 	100  	-302.752	-279.105	-234.169	11.6807
97 	100  	-301.009	-287.213	-234.169	8.34424
98 	100  	-291.614	-271.289	-234.169	6.15353
99 	100  	-286.132	-275.431	-234.169	5.68023
gen	depth	min     	avg     	max     	std    
0  	100  	-306.678	-274.419	-247.029	10.4486
1  	100  	-303.733	-269.826	-246.577	9.62237
2  	100  	-297.16 	-266.458	-246.295	9.13332
3  	100  	-298.878	-264.829	-245.715	8.78461
4  	100  	-302.655	-269.685	-244.982	10.5353
5  	100  	-308.076	-269.485	-241.029	10.3156
6  	100  	-311.426	-271.805	-241.029	11.613 
7  	100  	-312.718	-275.991	-241.029	13.7644
8  	100  	-316.946	-275.951	-239.23 	14.3608
9  	100  	-312.764	-275.765	-239.23 	12.3092
10 	100  	-312.135	-279.055	-239.23 	12.4609
11 	100  	-315.232	-279.168	-239.23 	11.6302
12 	100  	-313.557	-280.72 	-239.23 	11.6292
13 	100  	-307.538	-283.037	-239.23 	10.7532
14 	100  	-317.269	-282.139	-239.23 	12.9747
15 	100  	-320.325	-283.997	-239.23 	11.8533
16 	100  	-321.796	-293.44 	-239.23 	12.3282
17 	100  	-315.378	-285.704	-239.23 	11.975 
18 	100  	-311.64 	-279.767	-239.23 	10.4983
19 	100  	-308.939	-270.189	-239.23 	9.9687 
20 	100  	-304.78 	-274.044	-239.23 	11.2283
21 	100  	-303.57 	-279.085	-239.23 	10.6097
22 	100  	-319.635	-275.637	-239.23 	11.4301
23 	100  	-321.717	-282.768	-239.23 	13.4315
24 	100  	-320.469	-286.602	-239.23 	13.742 
25 	100  	-325.22 	-286.121	-239.23 	13.9183
26 	100  	-320.482	-290.473	-239.23 	13.061 
27 	100  	-320.817	-285.217	-239.23 	14.7869
28 	100  	-321.735	-284.611	-239.23 	12.8281
29 	100  	-314.946	-275.734	-239.23 	9.67153
30 	100  	-315.484	-282.054	-239.23 	14.716 
31 	100  	-310.085	-281.02 	-239.23 	10.4854
32 	100  	-312.627	-278.411	-239.23 	10.956 
33 	100  	-327.602	-289.642	-239.23 	12.7754
34 	100  	-324.369	-288.929	-239.23 	11.5233
35 	100  	-312.703	-284.014	-239.23 	11.5048
36 	100  	-304.794	-278.45 	-239.23 	11.1577
37 	100  	-316.133	-279.389	-239.23 	13.1019
38 	100  	-324.837	-281.802	-239.23 	12.8951
39 	100  	-326.054	-286.436	-239.23 	14.7002
40 	100  	-300.142	-274.652	-239.23 	8.00033
41 	100  	-326.796	-291.908	-239.23 	16.0724
42 	100  	-320.847	-281.662	-239.23 	15.6789
43 	100  	-306.476	-267.36 	-239.23 	10.3922
44 	100  	-291.327	-273.896	-239.23 	7.30103
45 	100  	-297.712	-272.358	-239.23 	6.58178
46 	100  	-302.144	-271.025	-239.23 	6.84315
47 	100  	-309.572	-285.79 	-239.23 	9.15335
48 	100  	-320.482	-297.526	-239.23 	13.0684
49 	100  	-325.137	-297.404	-239.23 	13.1371
50 	100  	-307.53 	-277.878	-239.23 	9.44845
51 	100  	-309.044	-283.722	-239.23 	11.8474
52 	100  	-304.965	-282.044	-239.23 	9.47671
53 	100  	-298.986	-277.638	-239.23 	8.96279
54 	100  	-311.031	-279.128	-239.23 	12.5779
55 	100  	-307.879	-278.237	-239.23 	11.7133
56 	100  	-319.711	-287.292	-239.23 	10.2179
57 	100  	-298.938	-278.691	-239.23 	8.22655
58 	100  	-301.078	-277.902	-239.23 	8.90455
59 	100  	-302.307	-276.237	-239.23 	10.367 
60 	100  	-319.464	-293.925	-239.23 	13.3526
61 	100  	-311.079	-282.216	-239.23 	8.83836
62 	100  	-317.724	-286.599	-239.23 	12.1035
63 	100  	-307.491	-270.887	-239.23 	11.0633
64 	100  	-305.239	-270.02 	-239.23 	11.1599
65 	100  	-321.254	-275.375	-239.23 	9.18818
66 	100  	-316.406	-268.87 	-239.23 	9.98868
67 	100  	-305.735	-277.062	-239.23 	9.40664
68 	100  	-290.589	-276.162	-239.23 	6.53726
69 	100  	-289.576	-265.544	-239.23 	12.363 
70 	100  	-291.196	-275.249	-239.23 	8.97056
71 	100  	-312.873	-289.183	-239.23 	10.5339
72 	100  	-306.179	-274.377	-239.23 	7.03868
73 	100  	-306.887	-293.149	-239.23 	9.07824
74 	100  	-307.861	-272.517	-239.23 	8.43326
75 	100  	-309.738	-294.558	-239.23 	11.249 
76 	100  	-304.98 	-277.988	-239.23 	8.04661
77 	100  	-314.415	-284.53 	-239.23 	6.4592 
78 	100  	-287.484	-263.15 	-239.23 	6.93448
79 	100  	-287.508	-277.747	-239.23 	7.45192
80 	100  	-312.067	-264.326	-239.23 	7.74655
81 	100  	-299.9  	-268.558	-239.23 	10.1124
82 	100  	-301.712	-275.886	-239.23 	6.21058
83 	100  	-316.789	-293.16 	-239.23 	8.82864
84 	100  	-307.273	-298.298	-239.23 	8.39682
85 	100  	-308.666	-288.203	-239.23 	9.79974
86 	100  	-307.283	-271.8  	-239.23 	8.25056
87 	100  	-304.598	-272.652	-239.23 	6.754  
88 	100  	-312.22 	-288.052	-239.23 	9.15827
89 	100  	-308.837	-281.456	-239.23 	7.07479
90 	100  	-315.475	-303.334	-239.23 	10.1096
91 	100  	-317.032	-293.019	-239.23 	5.74785
92 	100  	-295.56 	-271.559	-239.23 	7.96354
93 	100  	-278.324	-261.581	-239.23 	5.66146
94 	100  	-292.665	-279.816	-239.23 	8.43381
95 	100  	-294.164	-283.5  	-239.23 	6.14251
96 	100  	-299.308	-276.974	-239.23 	5.70882
97 	100  	-313.171	-277.774	-239.23 	7.05293
98 	100  	-304.685	-274.114	-239.23 	6.21783
99 	100  	-292.372	-276.612	-239.23 	6.3967 
gen	depth	min     	avg     	max     	std    
0  	100  	-307.182	-274.646	-242.573	10.1528
1  	100  	-310.532	-270.058	-242.573	9.97887
2  	100  	-312.514	-271.131	-242.573	12.3344
3  	100  	-308.902	-271.608	-239.995	15.6501
4  	100  	-304.066	-266.529	-239.995	11.6054
5  	100  	-306.723	-265.102	-239.995	11.5048
6  	100  	-306.836	-268.372	-239.995	10.1264
7  	100  	-301.963	-271.087	-239.995	11.2551
8  	100  	-304.118	-271.346	-239.995	13.3637
9  	100  	-299.829	-272.06 	-239.995	11.2748
10 	100  	-307.218	-274.01 	-239.995	10.2275
11 	100  	-307.777	-274.127	-239.995	12.4086
12 	100  	-322.305	-275.64 	-239.995	13.2921
13 	100  	-302.4  	-271.692	-239.995	11.7475
14 	100  	-301.902	-270.649	-239.995	11.7897
15 	100  	-310.845	-273.949	-239.995	11.8638
16 	100  	-310.917	-280.039	-239.995	13.3053
17 	100  	-304.644	-281.081	-239.995	11.0974
18 	100  	-315.192	-282.784	-239.995	9.64459
19 	100  	-310.367	-279.729	-239.995	9.08433
20 	100  	-315.334	-285.982	-239.995	13.3784
21 	100  	-326.864	-274.404	-239.995	14.0633
22 	100  	-301.357	-280.477	-239.995	12.2605
23 	100  	-316.382	-281.934	-239.995	11.5609
24 	100  	-336.159	-285.935	-239.995	16.2301
25 	100  	-313.309	-282.202	-239.995	11.3213
26 	100  	-317.117	-283.417	-239.995	12.6952
27 	100  	-321.582	-291.431	-239.995	13.9666
28 	100  	-312.597	-280.706	-239.995	11.0949
29 	100  	-311.434	-282.523	-239.995	10.9196
30 	100  	-318.501	-283.5  	-239.995	13.5617
31 	100  	-313.385	-280.958	-239.995	10.2252
32 	100  	-318.299	-284.561	-239.995	11.6334
33 	100  	-312.749	-280.737	-239.995	10.6234
34 	100  	-307.034	-280.663	-239.995	12.0691
35 	100  	-321.13 	-296.207	-239.995	13.3437
36 	100  	-320.191	-292.231	-239.995	11.0945
37 	100  	-309.607	-288.644	-239.995	9.95144
38 	100  	-312.868	-284.687	-239.995	11.5527
39 	100  	-319.903	-285.656	-239.995	12.9944
40 	100  	-313.551	-281.536	-239.995	10.1065
41 	100  	-302.493	-282.132	-239.995	8.72133
42 	100  	-317.646	-292.506	-239.995	10.7394
43 	100  	-308.577	-279.812	-239.995	11.5342
44 	100  	-315.431	-293.874	-239.995	11.4687
45 	100  	-308.747	-281.157	-239.995	10.0517
46 	100  	-313.268	-278.114	-239.995	12.5313
47 	100  	-313.958	-286.99 	-239.995	13.6929
48 	100  	-306.816	-268.576	-239.995	9.93319
49 	100  	-312.465	-284.985	-239.995	9.74164
50 	100  	-306.619	-279.999	-239.995	6.50971
51 	100  	-305.353	-290.603	-239.995	7.99705
52 	100  	-295.4  	-273.711	-239.995	9.10016
53 	100  	-313.245	-280.945	-239.995	13.132 
54 	100  	-319.321	-274.936	-239.995	8.12078
55 	100  	-311.735	-272.916	-239.995	9.13511
56 	100  	-303.724	-267.704	-239.995	8.83872
57 	100  	-316.03 	-259.858	-239.995	6.98733
58 	100  	-309.284	-279.647	-239.995	12.1948
59 	100  	-304.772	-255.182	-239.995	9.53902
60 	100  	-309.973	-283.135	-239.995	12.8081
61 	100  	-316.053	-284.251	-239.995	8.90046
62 	100  	-301.148	-286.215	-239.995	4.74415
63 	100  	-319.334	-290.496	-239.995	4.5955 
64 	100  	-290.558	-273.003	-239.995	7.12041
65 	100  	-310.051	-264.251	-239.995	7.18786
66 	100  	-289.104	-274.398	-239.995	6.43059
67 	100  	-325.516	-292.449	-239.995	9.79719
68 	100  	-313.232	-279.226	-239.995	6.12507
69 	100  	-280.747	-260.574	-239.995	7.02966
70 	100  	-300.95 	-270.02 	-239.995	7.49134
71 	100  	-308.155	-291.452	-239.995	9.91172
72 	100  	-296.896	-282.435	-239.995	6.7261 
73 	100  	-311.915	-287.09 	-239.995	11.7   
74 	100  	-329.827	-303.611	-239.995	16.2439
75 	100  	-312.94 	-280.824	-239.995	13.404 
76 	100  	-308.184	-270.745	-239.995	9.93937
77 	100  	-318.838	-283.212	-239.995	13.4502
78 	100  	-322.127	-297.889	-239.995	14.9575
79 	100  	-304.545	-285.029	-239.995	7.06881
80 	100  	-312.338	-288.842	-239.995	11.7068
81 	100  	-320.228	-296.512	-239.995	12.4432
82 	100  	-299.08 	-269.087	-239.995	8.62975
83 	100  	-314.68 	-281.057	-239.995	11.6789
84 	100  	-297.479	-274.159	-239.995	8.708  
85 	100  	-311.198	-289.097	-239.995	11.4015
86 	100  	-330.819	-291.055	-239.995	8.87353
87 	100  	-305.233	-281.089	-239.995	7.82389
88 	100  	-315.742	-291.573	-239.995	11.187 
89 	100  	-308.503	-277.231	-239.995	9.81089
90 	100  	-318.536	-297.463	-239.995	11.2968
91 	100  	-302.877	-278.738	-239.995	8.80022
92 	100  	-306.521	-274.377	-239.995	8.80508
93 	100  	-306.485	-290.497	-239.995	9.90242
94 	100  	-306.617	-291.475	-239.995	5.60505
95 	100  	-295.214	-270.216	-239.731	9.34328
96 	100  	-303.521	-274.157	-239.731	7.10151
97 	100  	-301.136	-283.456	-239.731	7.85276
98 	100  	-323.632	-293.645	-239.731	9.83995
99 	100  	-304.449	-273.873	-239.731	12.7542
gen	depth	min     	avg     	max     	std    
0  	100  	-311.647	-271.946	-241.66 	11.2726
1  	100  	-291.711	-267.052	-241.66 	9.07327
2  	100  	-294.507	-265.181	-236.393	9.89785
3  	100  	-307.415	-266.322	-236.393	11.4279
4  	100  	-300.828	-267.546	-236.393	10.7669
5  	100  	-298.343	-268.719	-236.393	10.0537
6  	100  	-313.787	-271.588	-236.393	12.6278
7  	100  	-308.5  	-275.881	-236.393	13.428 
8  	100  	-309.491	-271.827	-236.393	11.4404
9  	100  	-308.299	-273.487	-236.393	13.3197
10 	100  	-300.993	-273.362	-236.393	10.6422
11 	100  	-303.664	-270.524	-236.393	10.583 
12 	100  	-305.045	-270.201	-236.393	10.7   
13 	100  	-324.221	-283.419	-236.393	15.7369
14 	100  	-321.788	-280.463	-236.393	12.7396
15 	100  	-310.031	-278.405	-236.393	10.2485
16 	100  	-315.469	-285.132	-236.393	12.0743
17 	100  	-310.435	-283.381	-236.393	9.89619
18 	100  	-310.867	-278.724	-236.393	10.8134
19 	100  	-312.679	-282.155	-236.393	11.3177
20 	100  	-319.069	-287.971	-236.393	14.1936
21 	100  	-316.432	-286.875	-236.393	12.9683
22 	100  	-307.104	-276.566	-236.393	11.7452
23 	100  	-312.513	-277.29 	-236.393	10.1227
24 	100  	-301.031	-276.756	-236.393	10.2868
25 	100  	-307.144	-276.782	-236.393	11.7308
26 	100  	-303.885	-275.184	-236.393	10.0207
27 	100  	-323.856	-283.354	-236.393	14.4543
28 	100  	-316.443	-284.742	-236.393	13.8807
29 	100  	-316.576	-268.481	-236.393	12.0628
30 	100  	-305.781	-270.723	-236.393	9.74465
31 	100  	-307.348	-276.655	-236.393	10.6048
32 	100  	-310.726	-276.724	-236.393	13.5615
33 	100  	-307.633	-280.774	-236.393	9.41184
34 	100  	-305.549	-269.933	-236.393	8.7797 
35 	100  	-313.328	-277.661	-236.393	10.4784
36 	100  	-318.839	-286.78 	-236.393	14.9331
37 	100  	-316.652	-289.583	-236.393	12.3982
38 	100  	-309.315	-281.48 	-236.393	9.12949
39 	100  	-317.446	-281.074	-236.393	13.3115
40 	100  	-311.249	-275.045	-236.393	6.45194
41 	100  	-297.649	-278.895	-236.393	9.68156
42 	100  	-314.42 	-292.601	-236.393	10.5801
43 	100  	-300.258	-277.673	-236.393	6.77854
44 	100  	-309.156	-269.653	-236.393	9.44339
45 	100  	-308.175	-283.588	-236.393	9.91627
46 	100  	-308.175	-280.469	-236.393	7.58617
47 	100  	-302.822	-277.936	-236.393	8.18623
48 	100  	-294.063	-271.373	-236.393	9.03653
49 	100  	-307.831	-273.208	-236.393	13.0703
50 	100  	-307.831	-277.628	-236.393	8.41359
51 	100  	-311.155	-287.698	-236.393	11.5293
52 	100  	-316.444	-293.162	-236.393	11.7792
53 	100  	-317.903	-283.919	-236.393	10.1108
54 	100  	-318.972	-305.592	-236.393	9.18212
55 	100  	-311.625	-278.696	-236.393	11.9435
56 	100  	-312.528	-294.546	-236.393	9.36098
57 	100  	-309.877	-285.133	-236.393	6.31719
58 	100  	-302.581	-292.901	-236.393	6.7047 
59 	100  	-316.205	-290.943	-236.393	8.3891 
60 	100  	-306.9  	-288.895	-236.393	5.70712
61 	100  	-305.669	-284.792	-236.393	9.89365
62 	100  	-314.542	-298.586	-236.393	11.7904
63 	100  	-307.658	-276.436	-236.393	8.70071
64 	100  	-284.075	-272.964	-236.393	4.70809
65 	100  	-315.032	-301.444	-236.393	10.7963
66 	100  	-313.17 	-291.595	-236.393	8.08552
67 	100  	-303.609	-281.064	-236.393	9.16404
68 	100  	-331.275	-303.235	-236.393	11.7442
69 	100  	-306.898	-285.916	-236.393	8.06276
70 	100  	-297.335	-285.777	-236.393	6.54584
71 	100  	-305.558	-287.166	-236.393	8.12267
72 	100  	-312.633	-281.245	-236.393	8.67127
73 	100  	-306.368	-285.972	-236.393	9.0057 
74 	100  	-300.214	-279.936	-236.393	7.90123
75 	100  	-291.084	-277.454	-236.393	8.48102
76 	100  	-290.655	-270.749	-236.393	6.49549
77 	100  	-312.654	-285.394	-236.393	9.63072
78 	100  	-312.62 	-300.048	-236.393	8.78275
79 	100  	-305.948	-287.062	-236.393	13.8778
80 	100  	-299.069	-264.671	-236.393	10.8022
81 	100  	-313.091	-281.745	-236.393	10.2681
82 	100  	-309.594	-273.86 	-236.393	7.28   
83 	100  	-295.676	-263.666	-236.393	5.84277
84 	100  	-310.941	-298.186	-236.393	15.272 
85 	100  	-321.288	-294.507	-236.393	10.773 
86 	100  	-323.338	-297.173	-236.393	9.21521
87 	100  	-295.169	-270.795	-236.393	6.98186
88 	100  	-295.67 	-286.706	-236.393	7.20035
89 	100  	-308.765	-284.808	-236.393	4.74183
90 	100  	-293    	-258.059	-236.393	10.7192
91 	100  	-316.231	-255.45 	-236.393	5.60443
92 	100  	-314.242	-270.387	-236.393	6.57147
93 	100  	-322.589	-311.747	-236.393	15.4268
94 	100  	-320.486	-285.868	-236.393	8.67656
95 	100  	-310.958	-273.415	-236.393	5.06847
96 	100  	-310.892	-276.449	-236.393	5.15864
97 	100  	-311.426	-303.062	-236.393	9.84363
98 	100  	-306.769	-276.071	-236.393	7.89154
99 	100  	-283.433	-274.834	-236.393	5.52085
gen	depth	min     	avg     	max     	std    
0  	100  	-310.962	-273.4  	-246.671	10.9917
1  	100  	-301.897	-268.049	-243.872	10.5383
2  	100  	-294.17 	-263.467	-241.89 	9.88477
3  	100  	-303.616	-266.266	-240.584	11.2786
4  	100  	-317.02 	-271.229	-238.475	14.5668
5  	100  	-307.657	-268.86 	-238.475	12.6102
6  	100  	-301.227	-268.434	-238.475	11.4725
7  	100  	-306.293	-273.346	-238.475	12.2764
8  	100  	-303.45 	-271.723	-238.475	10.6271
9  	100  	-305.792	-267.374	-238.475	11.6037
10 	100  	-299.497	-275.206	-238.475	12.784 
11 	100  	-302.545	-269.4  	-237.689	11.7651
12 	100  	-313.474	-277.493	-237.689	13.3652
13 	100  	-314.322	-281.468	-237.689	16.2584
14 	100  	-315.266	-281.358	-237.689	14.7988
15 	100  	-315.631	-280.89 	-237.689	13.6464
16 	100  	-310.818	-272.513	-237.689	10.8615
17 	100  	-318.798	-280.787	-237.689	11.4825
18 	100  	-310.053	-277.795	-237.689	10.4406
19 	100  	-311.856	-282.634	-237.689	13.7457
20 	100  	-302.034	-277.289	-237.689	9.57837
21 	100  	-337.397	-290.682	-237.689	17.9034
22 	100  	-317.684	-282.484	-237.689	11.4265
23 	100  	-308.672	-278.602	-237.689	11.2745
24 	100  	-300.901	-279.232	-237.689	9.94873
25 	100  	-315.849	-280.369	-237.689	13.4547
26 	100  	-321.684	-286.036	-237.689	14.7779
27 	100  	-310.647	-283.771	-237.689	11.125 
28 	100  	-316.626	-283.199	-237.689	11.2522
29 	100  	-309.076	-270.547	-237.689	12.5257
30 	100  	-322.241	-284.49 	-237.689	14.2789
31 	100  	-322.008	-289.803	-237.689	12.9618
32 	100  	-318.083	-292.204	-237.689	10.8932
33 	100  	-314.639	-279.794	-237.689	10.0983
34 	100  	-320.222	-279.91 	-237.689	13.6991
35 	100  	-320.282	-276.469	-237.689	13.9385
36 	100  	-324.391	-279.661	-237.689	9.85368
37 	100  	-321.595	-278.765	-237.689	10.9607
38 	100  	-293.591	-275.9  	-237.689	8.78802
39 	100  	-316.749	-286.908	-237.689	10.3533
40 	100  	-316.117	-284.775	-237.689	8.74872
41 	100  	-311.912	-288.84 	-237.689	9.43509
42 	100  	-309.879	-285.938	-237.689	10.3612
43 	100  	-296.628	-273.226	-237.689	7.52328
44 	100  	-310.867	-282.652	-237.689	9.62098
45 	100  	-297.027	-277.061	-237.689	7.53501
46 	100  	-303.085	-278.982	-237.689	7.41151
47 	100  	-305.171	-281.985	-237.689	9.38318
48 	100  	-301.001	-283.775	-237.689	7.30618
49 	100  	-302.998	-274.816	-237.689	11.3967
50 	100  	-318.407	-290.086	-237.689	10.4397
51 	100  	-307.276	-292.497	-237.689	6.54894
52 	100  	-300.911	-283.334	-237.689	8.24009
53 	100  	-306.066	-285.185	-237.689	10.7734
54 	100  	-314.216	-284.944	-237.689	10.044 
55 	100  	-320.025	-286.508	-237.689	9.90684
56 	100  	-317.067	-276.166	-237.689	8.7391 
57 	100  	-330.493	-305.511	-237.689	17.1032
58 	100  	-321.553	-289.918	-237.689	9.04424
59 	100  	-300.542	-281.561	-237.689	5.78654
60 	100  	-310.659	-294.187	-237.689	7.95864
61 	100  	-308.446	-293.632	-237.689	10.3216
62 	100  	-311.252	-282.858	-237.689	8.23611
63 	100  	-304.851	-277.371	-237.689	12.1473
64 	100  	-320.875	-288.911	-237.689	10.0109
65 	100  	-307.77 	-277.605	-237.689	14.2035
66 	100  	-325.708	-295.106	-237.689	16.6512
67 	100  	-303.988	-288.482	-237.689	7.39517
68 	100  	-312.687	-278.907	-237.689	9.46473
69 	100  	-318.904	-300.286	-237.689	13.477 
70 	100  	-309.807	-283.436	-237.689	6.93386
71 	100  	-296.173	-279.292	-237.689	8.20976
72 	100  	-302.158	-283.571	-237.689	8.90198
73 	100  	-290.384	-274.311	-237.689	5.7076 
74 	100  	-312.055	-286.807	-237.689	12.6725
75 	100  	-296.888	-275.368	-237.689	7.70148
76 	100  	-317.415	-291.684	-237.689	13.6051
77 	100  	-310.149	-284.553	-237.689	9.51851
78 	100  	-310.903	-290.437	-237.689	11.0528
79 	100  	-309.881	-286.854	-237.689	8.88106
80 	100  	-301.838	-280.819	-237.689	8.8979 
81 	100  	-292.01 	-276.18 	-237.689	7.51964
82 	100  	-318.373	-284.936	-237.689	11.5884
83 	100  	-308.728	-279.747	-237.689	10.3971
84 	100  	-301.366	-275.351	-237.689	5.83896
85 	100  	-302.775	-276.476	-237.689	6.80405
86 	100  	-309.008	-282.449	-237.689	8.88463
87 	100  	-299.426	-279.827	-237.689	6.57385
88 	100  	-319.508	-277.772	-237.689	8.91346
89 	100  	-305.509	-275.181	-237.689	10.9983
90 	100  	-321.234	-291.159	-237.689	9.9046 
91 	100  	-315.293	-293.676	-237.689	7.69805
92 	100  	-308.686	-280.422	-237.689	11.921 
93 	100  	-303.8  	-276.903	-237.689	9.54434
94 	100  	-303.372	-274.542	-237.689	7.07607
95 	100  	-309.008	-278.835	-237.689	13.5934
96 	100  	-288.639	-259.64 	-237.689	5.85924
97 	100  	-307.975	-294.013	-237.689	14.1396
98 	100  	-300.915	-269.894	-237.689	10.2275
99 	100  	-298.184	-283.5  	-237.689	9.63859
gen	depth	min     	avg     	max     	std    
0  	100  	-310.381	-274.689	-237.704	11.0979
1  	100  	-298.157	-268.912	-237.704	10.0716
2  	100  	-298.8  	-266.892	-234.556	11.3668
3  	100  	-299.122	-266.425	-234.556	11.156 
4  	100  	-301.958	-267.305	-234.556	10.8624
5  	100  	-312.174	-273.773	-234.556	13.5426
6  	100  	-300.758	-271.77 	-234.556	10.4535
7  	100  	-321.771	-277.846	-234.556	14.967 
8  	100  	-312.454	-271.981	-234.556	12.7847
9  	100  	-317.615	-276.896	-234.556	13.6391
10 	100  	-310.175	-275.104	-234.556	11.28  
11 	100  	-308.402	-273.863	-234.556	13.8776
12 	100  	-305.608	-275.997	-234.556	10.6515
13 	100  	-306.04 	-274.505	-234.556	10.9858
14 	100  	-312.621	-277.628	-234.556	12.6139
15 	100  	-314.055	-276.397	-234.556	13.46  
16 	100  	-317.155	-272.119	-234.556	14.7364
17 	100  	-305.292	-267.867	-234.556	12.5658
18 	100  	-322.364	-268.166	-234.556	13.0599
19 	100  	-315.711	-285.511	-234.556	13.031 
20 	100  	-318.94 	-300.577	-234.556	12.5465
21 	100  	-309.69 	-276.459	-234.556	13.2395
22 	100  	-303.686	-285.31 	-234.556	8.69989
23 	100  	-307.674	-271.96 	-234.556	10.9098
24 	100  	-305.101	-281.191	-234.556	10.6126
25 	100  	-304.342	-280.885	-234.556	10.3342
26 	100  	-317.477	-282.262	-234.556	14.8096
27 	100  	-316.664	-285.027	-234.556	10.6843
28 	100  	-315.998	-268.221	-234.556	13.45  
29 	100  	-306.712	-278.124	-234.556	10.985 
30 	100  	-310.803	-284.748	-234.556	9.12136
31 	100  	-308.901	-284.372	-234.556	8.26246
32 	100  	-323.635	-308.315	-234.556	10.8379
33 	100  	-316.526	-281.631	-234.556	10.1366
34 	100  	-313.176	-298.798	-234.556	8.73089
35 	100  	-311.121	-276.419	-234.556	8.82003
36 	100  	-301.493	-280.446	-234.556	6.73793
37 	100  	-309.629	-298.777	-234.556	9.47419
38 	100  	-311.157	-287.225	-234.556	7.74428
39 	100  	-300.39 	-287.661	-234.556	4.65288
40 	100  	-298.213	-280.332	-234.556	4.8913 
41 	100  	-291.589	-265.479	-234.556	6.58046
42 	100  	-306.752	-285.222	-234.556	10.2932
43 	100  	-317.312	-304.85 	-234.556	11.3752
44 	100  	-316.819	-272.091	-234.556	9.0884 
45 	100  	-323.717	-314.587	-234.556	14.8382
46 	100  	-320.145	-276.216	-234.556	11.4994
47 	100  	-304.036	-276.85 	-234.556	3.69942
48 	100  	-314.41 	-294.985	-234.556	8.24995
49 	100  	-309.031	-276.661	-234.556	7.56132
50 	100  	-295.444	-283.021	-234.556	4.28267
51 	100  	-293.105	-290.963	-234.556	4.53271
52 	100  	-298.988	-265.789	-234.556	7.16919
53 	100  	-316.169	-283.731	-234.556	5.95187
54 	100  	-295.49 	-258.503	-234.556	6.38272
55 	100  	-316.503	-288.076	-234.556	10.7206
56 	100  	-300.877	-297.249	-234.556	8.78974
57 	100  	-303.618	-279.809	-234.556	7.38559
58 	100  	-290.046	-278.398	-234.556	2.43027
59 	100  	-305.286	-291.149	-234.556	5.27667
60 	100  	-294.206	-292.325	-234.556	3.47907
61 	100  	-313.169	-292.227	-234.556	5.17389
62 	100  	-294.499	-269.796	-234.556	6.83859
63 	100  	-303.192	-292.229	-234.556	7.88269
64 	100  	-320.819	-304.541	-234.556	8.00259
65 	100  	-306.622	-274.486	-234.556	10.5997
66 	100  	-299.024	-268.419	-234.556	3.3846 
67 	100  	-293.587	-276.204	-234.556	3.81428
68 	100  	-326.493	-318.742	-234.556	16.5188
69 	100  	-324.703	-285.262	-234.556	12.3496
70 	100  	-307.955	-293.181	-234.556	5.47655
71 	100  	-295.368	-290.965	-234.556	4.693  
72 	100  	-292.029	-284.789	-234.556	6.7204 
73 	100  	-288.31 	-267.256	-234.556	6.62421
74 	100  	-305.596	-267.195	-234.556	10.3048
75 	100  	-306.388	-275.79 	-234.556	5.93215
76 	100  	-295.77 	-289.632	-234.556	5.85732
77 	100  	-304.826	-278.48 	-234.556	5.20704
78 	100  	-307.054	-284.448	-234.556	4.83235
79 	100  	-317.704	-291.519	-234.556	5.23962
80 	100  	-292.725	-274.939	-234.556	5.68919
81 	100  	-289.582	-261.886	-234.556	4.23537
82 	100  	-283.35 	-271.518	-234.556	4.11606
83 	100  	-292.195	-281.791	-234.556	4.98223
84 	100  	-302.792	-282.625	-234.556	4.80497
85 	100  	-286.26 	-278.72 	-234.556	3.34875
86 	100  	-299.55 	-285.447	-234.556	4.64874
87 	100  	-288.763	-268.507	-234.556	6.77187
88 	100  	-325.638	-312.198	-234.556	19.3424
89 	100  	-322.953	-305.139	-234.556	9.88016
90 	100  	-308.095	-279.565	-234.556	9.25012
91 	100  	-313.135	-295.529	-234.556	7.4773 
92 	100  	-297.538	-292.904	-234.556	5.64635
93 	100  	-310.682	-297.478	-234.556	4.43178
94 	100  	-316.156	-288.578	-234.556	11.1718
95 	100  	-306.907	-287.689	-234.556	4.63316
96 	100  	-296.114	-287.402	-234.556	5.63326
97 	100  	-314.389	-301.342	-234.556	8.10713
98 	100  	-317.602	-287.845	-234.556	11.6108
99 	100  	-314.18 	-288.005	-234.556	13.0291
gen	depth	min     	avg     	max     	std    
0  	100  	-303.077	-275.63 	-241.704	10.3068
1  	100  	-309.696	-268.985	-241.704	10.4895
2  	100  	-297.29 	-266.293	-241.704	9.52618
3  	100  	-300.507	-264.94 	-240.593	10.1429
4  	100  	-298.923	-265.775	-240.593	9.30876
5  	100  	-294.99 	-267.782	-240.087	10.2595
6  	100  	-296.643	-269.823	-240.087	10.3906
7  	100  	-300.075	-269.155	-239.306	11.1163
8  	100  	-298.508	-269.871	-239.306	11.3316
9  	100  	-312.097	-273.278	-239.306	12.9805
10 	100  	-307.024	-276.544	-239.306	11.2099
11 	100  	-299.729	-272.225	-239.306	9.92958
12 	100  	-309.363	-273.908	-239.306	11.0403
13 	100  	-305.569	-276.726	-239.306	11.9744
14 	100  	-312.184	-281.067	-239.306	10.4847
15 	100  	-309.894	-277.398	-239.306	12.3193
16 	100  	-323.031	-277.571	-239.306	11.6645
17 	100  	-312.451	-284.438	-239.306	10.4021
18 	100  	-318.574	-284.634	-239.306	13.0911
19 	100  	-314.284	-274.717	-239.306	12.3851
20 	100  	-308.738	-277.026	-239.306	11.3729
21 	100  	-314.399	-268.511	-239.306	12.57  
22 	100  	-313.385	-281.215	-239.306	11.4346
23 	100  	-304.218	-277.467	-239.306	11.6199
24 	100  	-310.755	-278.869	-239.306	12.8834
25 	100  	-313.92 	-268.937	-239.306	10.181 
26 	100  	-300.066	-277.13 	-239.306	7.70668
27 	100  	-290.775	-260.755	-239.306	8.32559
28 	100  	-304.033	-284.073	-239.306	9.46187
29 	100  	-304.183	-280.059	-239.306	7.56276
30 	100  	-308.187	-293.318	-239.306	8.73865
31 	100  	-298.432	-278.744	-239.306	4.82042
32 	100  	-295.893	-276.816	-239.306	8.32013
33 	100  	-311.085	-290.369	-239.306	10.1223
34 	100  	-299.133	-278.058	-239.306	5.16601
35 	100  	-311.621	-283.997	-239.306	8.44442
36 	100  	-290.16 	-268.917	-239.306	6.04585
37 	100  	-313.525	-263.13 	-239.306	5.86395
38 	100  	-306.159	-281.255	-239.306	7.72794
39 	100  	-306.521	-275.145	-239.306	7.13763
40 	100  	-286.402	-276.681	-239.306	4.68994
41 	100  	-292.981	-272.331	-239.306	8.52841
42 	100  	-305.608	-283.415	-239.306	6.60726
43 	100  	-296.918	-286.723	-239.306	5.55381
44 	100  	-302.357	-278.656	-239.306	6.49314
45 	100  	-300.582	-291.021	-239.306	8.42904
46 	100  	-295.648	-284.264	-239.306	7.48155
47 	100  	-297.228	-276.756	-239.306	9.69883
48 	100  	-297.134	-283.315	-239.306	11.8544
49 	100  	-293.391	-278.34 	-239.306	7.05949
50 	100  	-301.02 	-271.966	-239.306	11.2611
51 	100  	-295.779	-272.698	-239.306	8.19792
52 	100  	-295.638	-280.113	-239.306	8.53321
53 	100  	-289.049	-267.152	-239.306	8.16311
54 	100  	-292.748	-268.186	-239.306	8.19847
55 	100  	-310.638	-279.56 	-239.306	8.91806
56 	100  	-299.306	-280.186	-239.306	6.83926
57 	100  	-296.94 	-282.001	-239.306	5.35619
58 	100  	-307.771	-280.057	-239.306	7.23053
59 	100  	-321.379	-278.467	-239.306	8.89234
60 	100  	-301.094	-280.599	-239.306	8.28329
61 	100  	-306.276	-277.464	-239.306	6.12069
62 	100  	-319.815	-297.561	-239.306	10.3243
63 	100  	-308.652	-275.684	-239.306	7.3297 
64 	100  	-290.926	-279.37 	-239.306	8.55548
65 	100  	-290.567	-277.402	-239.306	6.49174
66 	100  	-320.399	-283.096	-239.306	8.02486
67 	100  	-293.798	-276.516	-239.306	6.28457
68 	100  	-296.791	-276.189	-239.306	5.14757
69 	100  	-308.959	-282.51 	-239.306	8.09143
70 	100  	-326.51 	-294.274	-239.306	8.36385
71 	100  	-297.66 	-289.061	-239.306	5.90755
72 	100  	-298.941	-270.329	-239.306	5.97019
73 	100  	-330.033	-287.736	-239.306	11.3484
74 	100  	-293.821	-281.695	-239.306	5.11216
75 	100  	-307.652	-293.962	-239.306	8.3533 
76 	100  	-303.344	-273.215	-239.306	8.02714
77 	100  	-294.211	-276.823	-239.306	7.38914
78 	100  	-288.903	-277.552	-239.306	4.67193
79 	100  	-292.502	-273.349	-239.306	8.03743
80 	100  	-293.252	-271.515	-239.306	5.03861
81 	100  	-292.879	-280.18 	-239.306	8.33909
82 	100  	-303.547	-281.731	-239.306	13.3998
83 	100  	-304.622	-280.518	-239.306	9.61869
84 	100  	-288.319	-274.21 	-239.306	6.3755 
85 	100  	-285.361	-271.637	-239.306	7.75349
86 	100  	-312.879	-273.148	-239.306	10.1881
87 	100  	-296.017	-268.746	-239.306	7.65344
88 	100  	-287.923	-275.968	-239.306	6.80618
89 	100  	-299.648	-271.544	-239.306	6.97415
90 	100  	-290.929	-264.026	-239.306	8.13825
91 	100  	-297.15 	-282.234	-239.306	9.16958
92 	100  	-312.882	-287.296	-239.306	9.6074 
93 	100  	-298.196	-283.561	-239.306	6.52026
94 	100  	-311.606	-269.186	-239.306	8.9016 
95 	100  	-297.877	-276.298	-239.306	7.93921
96 	100  	-294.319	-276.61 	-239.306	7.92218
97 	100  	-307.507	-295.305	-239.306	9.48657
98 	100  	-303.37 	-275.957	-239.306	8.00901
99 	100  	-297.831	-275.527	-239.306	8.66329
gen	depth	min     	avg     	max     	std    
0  	100  	-307.171	-274.641	-245.003	10.9006
1  	100  	-300.404	-268.461	-238.61 	9.43308
2  	100  	-302.097	-267.519	-238.61 	10.2059
3  	100  	-296.592	-268.347	-238.61 	9.66198
4  	100  	-305.724	-272.225	-238.61 	13.8702
5  	100  	-312.797	-271.061	-238.61 	11.429 
6  	100  	-296.852	-272.41 	-238.61 	10.806 
7  	100  	-306.215	-272.25 	-238.61 	10.5263
8  	100  	-310.702	-276.321	-238.61 	12.7885
9  	100  	-310.315	-277.79 	-238.61 	12.2919
10 	100  	-306.31 	-277.688	-238.61 	11.3987
11 	100  	-321.627	-285.884	-238.61 	14.2028
12 	100  	-313.524	-276.667	-238.61 	11.5597
13 	100  	-312.847	-284.044	-238.61 	14.4006
14 	100  	-308.277	-273.841	-238.61 	13.4504
15 	100  	-299.794	-268.699	-238.61 	12.7351
16 	100  	-308.366	-282.842	-238.61 	15.0946
17 	100  	-307.862	-282.575	-238.61 	12.7847
18 	100  	-321.1  	-283.044	-238.61 	15.7908
19 	100  	-332.308	-290.886	-238.61 	14.7848
20 	100  	-314.69 	-282.821	-238.61 	11.3779
21 	100  	-313.151	-273.022	-238.61 	15.612 
22 	100  	-312.177	-286.523	-238.61 	13.2427
23 	100  	-309.643	-272.514	-238.61 	12.5936
24 	100  	-318.289	-282.967	-238.61 	12.7601
25 	100  	-302.029	-279.132	-238.61 	8.7113 
26 	100  	-309.638	-276.311	-238.61 	9.19378
27 	100  	-320.421	-284.288	-238.61 	13.6908
28 	100  	-310.942	-290.005	-238.61 	11.6866
29 	100  	-317.761	-278.256	-238.61 	12.0829
30 	100  	-309.815	-287.998	-238.61 	10.6922
31 	100  	-327.699	-284.627	-238.61 	13.3975
32 	100  	-301.871	-286.66 	-238.61 	9.61074
33 	100  	-313.816	-280.076	-238.61 	10.4244
34 	100  	-323.163	-289.647	-238.61 	15.0313
35 	100  	-317.917	-286.304	-238.61 	9.81151
36 	100  	-311.486	-282.411	-238.61 	9.8422 
37 	100  	-316.449	-278.533	-238.61 	10.0919
38 	100  	-302.727	-273.829	-238.61 	8.01515
39 	100  	-311.079	-281.217	-238.61 	11.879 
40 	100  	-303.292	-280.666	-238.61 	9.98469
41 	100  	-333.058	-295.568	-238.61 	17.5677
42 	100  	-309.273	-279.964	-238.61 	8.35865
43 	100  	-316.923	-284.975	-238.61 	11.9572
44 	100  	-329.317	-297.389	-238.61 	12.4808
45 	100  	-320.811	-289.83 	-238.61 	9.47194
46 	100  	-320.321	-295.193	-238.61 	8.83232
47 	100  	-313.238	-281.445	-238.61 	11.1259
48 	100  	-311.476	-293.716	-238.61 	11.2106
49 	100  	-304.046	-282.616	-238.61 	6.64337
50 	100  	-296.329	-277.572	-238.61 	8.74689
51 	100  	-308.11 	-284.381	-238.61 	15.2766
52 	100  	-299.925	-272.91 	-238.61 	7.92543
53 	100  	-314.105	-286.43 	-238.61 	10.9673
54 	100  	-311.155	-286.254	-238.61 	10.2886
55 	100  	-293.966	-274.765	-238.61 	7.74095
56 	100  	-292.787	-273.534	-238.61 	6.48052
57 	100  	-296.56 	-267.878	-238.61 	8.6078 
58 	100  	-306.258	-287.315	-238.61 	9.89114
59 	100  	-304.669	-282.546	-238.61 	7.53975
60 	100  	-323.228	-293.19 	-238.61 	13.963 
61 	100  	-311.774	-283.541	-238.61 	6.4484 
62 	100  	-314.29 	-287.87 	-238.61 	11.0122
63 	100  	-293.272	-273.848	-238.61 	10.1738
64 	100  	-298.741	-275.199	-238.61 	9.01733
65 	100  	-293.755	-275.719	-238.61 	6.59191
66 	100  	-300.799	-279.39 	-238.61 	8.35821
67 	100  	-306.524	-288.367	-238.61 	11.2231
68 	100  	-306.298	-286.808	-238.61 	8.65813
69 	100  	-309.313	-291.976	-238.61 	8.28114
70 	100  	-305.435	-285.166	-238.61 	7.54168
71 	100  	-301.074	-272.21 	-238.61 	7.28368
72 	100  	-303.153	-277.696	-238.61 	12.1585
73 	100  	-314.275	-290.056	-238.61 	9.13583
74 	100  	-305.084	-278.259	-238.61 	7.2928 
75 	100  	-304.942	-281.203	-238.61 	10.0158
76 	100  	-321.643	-295.044	-238.61 	14.3914
77 	100  	-304.981	-276.293	-238.61 	9.11835
78 	100  	-311.343	-282.064	-238.61 	8.82375
79 	100  	-307.823	-292.654	-238.61 	10.7424
80 	100  	-304.008	-285.19 	-238.61 	9.72094
81 	100  	-324.075	-290.307	-238.61 	12.8859
82 	100  	-300.59 	-275.605	-238.61 	10.3692
83 	100  	-300.64 	-280.254	-238.61 	9.7315 
84 	100  	-309.5  	-284.231	-238.61 	7.12529
85 	100  	-306.278	-288.152	-238.61 	6.1062 
86 	100  	-315.87 	-290.353	-238.61 	6.96782
87 	100  	-323.96 	-297.192	-238.61 	11.5909
88 	100  	-302.003	-276    	-238.61 	7.55677
89 	100  	-314.864	-281.734	-238.61 	11.2794
90 	100  	-292.989	-274.744	-238.61 	8.63289
91 	100  	-301.207	-277.423	-238.61 	11.1402
92 	100  	-321.622	-289.641	-238.61 	14.0651
93 	100  	-316.013	-292.491	-238.61 	11.3629
94 	100  	-317.325	-282.958	-238.61 	14.5584
95 	100  	-317.836	-299.224	-238.61 	10.8303
96 	100  	-309.585	-284.71 	-238.61 	10.5547
97 	100  	-307.063	-277.446	-238.61 	9.32507
98 	100  	-309.001	-280.646	-238.61 	7.79924
99 	100  	-302.581	-283.26 	-238.61 	6.89515
gen	depth	min     	avg     	max     	std    
0  	100  	-313.38 	-275.356	-248.716	10.1962
1  	100  	-305.208	-269.885	-244.927	9.21987
2  	100  	-299.871	-266.42 	-241.314	9.99471
3  	100  	-303.778	-265.237	-241.314	10.6144
4  	100  	-296.309	-263.994	-241.314	9.7545 
5  	100  	-309.29 	-273.32 	-241.314	14.517 
6  	100  	-315.462	-272.426	-241.314	13.512 
7  	100  	-307.661	-272.977	-241.314	14.1931
8  	100  	-303.207	-268.683	-238.951	12.6629
9  	100  	-306.815	-271.682	-238.951	12.1402
10 	100  	-314.454	-278.428	-238.951	14.9887
11 	100  	-312.119	-274.892	-238.951	10.6713
12 	100  	-320.282	-280.262	-238.951	15.751 
13 	100  	-311.841	-279.819	-238.951	11.4522
14 	100  	-307.797	-275.739	-238.951	9.53217
15 	100  	-313.909	-278.778	-238.951	12.1076
16 	100  	-311.96 	-278.783	-238.951	12.411 
17 	100  	-329.133	-281.964	-238.951	12.8375
18 	100  	-316.709	-277.159	-238.951	12.618 
19 	100  	-313.096	-279.555	-238.951	11.4872
20 	100  	-312.448	-282.142	-238.951	11.4269
21 	100  	-310.289	-275.414	-238.951	11.5245
22 	100  	-317.118	-281.913	-238.951	15.7397
23 	100  	-312.415	-276.489	-238.951	12.0356
24 	100  	-309.412	-282.1  	-238.951	12.0482
25 	100  	-298.787	-276.801	-238.951	8.96936
26 	100  	-323.184	-287.158	-238.951	12.3776
27 	100  	-300.052	-276.628	-238.951	8.89371
28 	100  	-293.747	-272.864	-238.951	8.73242
29 	100  	-310.353	-271.108	-238.951	11.8461
30 	100  	-325.679	-292.368	-238.951	15.4579
31 	100  	-306.919	-286.36 	-238.951	10.489 
32 	100  	-312.521	-287.252	-238.951	10.1998
33 	100  	-321.032	-297.314	-238.951	13.5399
34 	100  	-306.638	-271.108	-238.951	10.7814
35 	100  	-309.978	-271.835	-238.951	11.8514
36 	100  	-302.801	-280.546	-238.951	9.2288 
37 	100  	-315.525	-285.326	-238.951	12.002 
38 	100  	-312.499	-284.069	-238.951	9.89371
39 	100  	-302.899	-280.067	-238.951	8.01838
40 	100  	-329.108	-295.96 	-238.951	10.4754
41 	100  	-310.812	-285.264	-238.951	7.71745
42 	100  	-296.611	-284.14 	-238.951	5.38052
43 	100  	-322.32 	-285.272	-238.951	7.26803
44 	100  	-294.58 	-276.612	-238.951	7.64484
45 	100  	-287.206	-271.425	-238.951	5.35021
46 	100  	-293.519	-273.939	-238.951	5.73587
47 	100  	-307.869	-284.528	-238.951	11.3591
48 	100  	-316.243	-287.238	-238.951	8.02408
49 	100  	-296.439	-280.782	-238.951	5.29702
50 	100  	-301.304	-281.049	-238.951	7.65848
51 	100  	-315.194	-288.195	-238.951	8.22818
52 	100  	-323.883	-297.867	-238.951	8.54925
53 	100  	-321.109	-289.087	-238.951	11.358 
54 	100  	-299.387	-280.626	-238.951	8.2961 
55 	100  	-296.733	-276.438	-238.951	6.07742
56 	100  	-307.844	-269.881	-238.951	7.19394
57 	100  	-296.088	-278.093	-238.951	6.54024
58 	100  	-300.779	-281.392	-238.951	5.52201
59 	100  	-299.658	-285.016	-238.951	4.37487
60 	100  	-309.463	-298.96 	-238.951	8.33433
61 	100  	-309.551	-297.748	-238.951	5.85101
62 	100  	-300.855	-281.868	-238.951	5.94487
63 	100  	-301.664	-266.615	-238.951	5.17371
64 	100  	-311.427	-301.354	-238.951	13.6803
65 	100  	-308.589	-291.178	-238.951	7.03744
66 	100  	-308.356	-280.067	-238.951	6.59345
67 	100  	-303.29 	-291.18 	-238.951	10.18  
68 	100  	-306.915	-279.736	-238.951	4.7583 
69 	100  	-298.919	-272.39 	-238.951	5.82829
70 	100  	-295.497	-272.54 	-238.951	5.12404
71 	100  	-297.643	-273.094	-238.951	6.76019
72 	100  	-283.098	-270.115	-238.951	3.41766
73 	100  	-305.166	-289.099	-238.951	8.88011
74 	100  	-316.89 	-300.839	-238.951	7.69528
75 	100  	-304.101	-262.814	-238.951	11.7049
76 	100  	-309.435	-293.362	-238.951	10.6792
77 	100  	-295.391	-271.813	-238.951	6.71811
78 	100  	-285.995	-270.869	-238.951	2.16678
79 	100  	-306.82 	-300.937	-238.951	10.7768
80 	100  	-305.658	-285.205	-238.951	6.41601
81 	100  	-293.293	-286.558	-238.951	3.56922
82 	100  	-289.906	-284.649	-238.951	3.28101
83 	100  	-298.607	-288.287	-238.951	3.83242
84 	100  	-312.917	-283.933	-238.951	7.39467
85 	100  	-294.553	-283.939	-238.951	4.51877
86 	100  	-309.589	-303.56 	-238.951	8.13836
87 	100  	-306.925	-278.443	-238.951	11.3369
88 	100  	-286.531	-264.612	-238.951	4.97478
89 	100  	-291.817	-287.78 	-238.951	8.4844 
90 	100  	-304.026	-293.421	-238.951	5.45786
91 	100  	-313.877	-309.396	-238.951	7.76614
92 	100  	-313.327	-300.784	-238.951	4.64257
93 	100  	-302.922	-288.806	-238.951	4.93149
94 	100  	-313.459	-273.074	-238.951	7.3803 
95 	100  	-301.005	-277.337	-238.951	2.87611
96 	100  	-314.635	-262.901	-238.951	6.16843
97 	100  	-302.671	-298.522	-238.951	9.49777
98 	100  	-302.876	-275.958	-238.951	7.50323
99 	100  	-276.518	-275.052	-238.951	2.44735
gen	depth	min     	avg     	max     	std    
0  	100  	-303.192	-274.203	-246.676	10.0202
1  	100  	-315.298	-269.872	-245.909	9.20764
2  	100  	-313.253	-271.051	-245.909	11.6998
3  	100  	-314.445	-272.087	-242.199	11.6366
4  	100  	-314.979	-271.288	-241.459	12.745 
5  	100  	-303.648	-271.617	-240.4  	12.7951
6  	100  	-301.255	-270.684	-238.543	11.2093
7  	100  	-302.701	-268.178	-238.543	11.5869
8  	100  	-302.607	-268.319	-238.543	11.2965
9  	100  	-298.793	-272.425	-238.543	10.5454
10 	100  	-308.261	-275.188	-238.543	12.7354
11 	100  	-326.812	-280.11 	-238.543	15.9609
12 	100  	-315.223	-278.387	-238.543	13.6722
13 	100  	-312.873	-272.718	-238.543	9.91   
14 	100  	-311.697	-275.47 	-238.543	12.6036
15 	100  	-317.515	-275.489	-238.543	13.5315
16 	100  	-310.365	-280.809	-238.543	13.2225
17 	100  	-313.048	-276.623	-238.543	11.2431
18 	100  	-312.812	-285.049	-238.543	12.8636
19 	100  	-311.446	-279.226	-238.543	12.2054
20 	100  	-316.252	-279.428	-238.543	13.3606
21 	100  	-334.143	-289.196	-238.543	14.0242
22 	100  	-322.217	-286.617	-238.543	12.8239
23 	100  	-323.052	-287.326	-238.543	12.7503
24 	100  	-327.42 	-281.867	-238.543	10.5181
25 	100  	-319.182	-285.241	-238.543	13.2977
26 	100  	-317.219	-284.011	-238.543	11.8621
27 	100  	-312.441	-282.956	-238.543	9.53688
28 	100  	-327.525	-284.02 	-238.543	11.3991
29 	100  	-313.095	-275.92 	-238.543	10.1016
30 	100  	-326.236	-286.422	-238.543	12.4873
31 	100  	-303.453	-280.389	-238.543	9.59295
32 	100  	-298.946	-274.614	-238.543	10.2834
33 	100  	-324.256	-293.068	-238.543	13.4489
34 	100  	-324.755	-298.906	-238.543	13.918 
35 	100  	-316.984	-275.977	-238.543	12.3002
36 	100  	-309.204	-275.823	-238.543	11.8953
37 	100  	-316.296	-286.937	-238.543	10.9292
38 	100  	-320.863	-293.821	-238.543	11.6384
39 	100  	-318.49 	-293.069	-238.543	11.9116
40 	100  	-319.973	-277.612	-238.543	11.6352
41 	100  	-298.061	-273.21 	-238.543	7.96849
42 	100  	-291.53 	-268.313	-238.543	9.15752
43 	100  	-295.789	-275.013	-238.543	8.98362
44 	100  	-290.564	-263.54 	-238.543	6.85715
45 	100  	-294.933	-277.03 	-238.543	8.52141
46 	100  	-293.914	-279.204	-238.543	7.07952
47 	100  	-299.236	-272.941	-238.543	9.89061
48 	100  	-308.794	-288.296	-238.543	13.687 
49 	100  	-299.785	-272.662	-238.543	8.54567
50 	100  	-305.012	-281.75 	-238.543	9.06125
51 	100  	-316.37 	-282.44 	-238.543	9.27803
52 	100  	-296.687	-285.34 	-238.543	7.68521
53 	100  	-305.03 	-286.327	-238.543	8.05989
54 	100  	-293.98 	-262.354	-238.543	10.1177
55 	100  	-298.486	-274.917	-238.543	11.3218
56 	100  	-294.25 	-269.163	-238.543	10.5982
57 	100  	-296.102	-269.911	-238.543	9.62263
58 	100  	-318.587	-285.927	-238.543	11.4539
59 	100  	-294.96 	-274.92 	-238.543	6.0923 
60 	100  	-295.689	-269.971	-238.543	7.54228
61 	100  	-290.382	-278.95 	-238.543	6.22474
62 	100  	-327.112	-312.349	-238.543	14.3908
63 	100  	-317.439	-295.587	-238.543	7.41905
64 	100  	-304.633	-281.84 	-238.543	8.75596
65 	100  	-315.345	-295.875	-238.543	11.36  
66 	100  	-304.285	-278.904	-238.543	9.37025
67 	100  	-324.739	-302.184	-238.543	12.5659
68 	100  	-309.439	-276.517	-238.543	10.0073
69 	100  	-300.94 	-279.202	-238.543	7.89573
70 	100  	-293.298	-274.775	-238.543	8.22747
71 	100  	-303.274	-283.648	-238.543	9.28771
72 	100  	-310.285	-284.069	-238.543	8.64036
73 	100  	-307.036	-293.357	-238.543	6.05985
74 	100  	-296.876	-275.371	-238.543	9.14163
75 	100  	-302.51 	-266.067	-238.543	4.59573
76 	100  	-296.42 	-255.118	-238.543	5.31824
77 	100  	-305.768	-290.114	-238.543	13.5145
78 	100  	-297.013	-266.708	-238.543	8.91611
79 	100  	-291.611	-283.281	-238.543	7.56061
80 	100  	-286.855	-275.04 	-238.543	4.32149
81 	100  	-287.747	-274.763	-238.543	6.32274
82 	100  	-290.797	-283.152	-238.543	7.35059
83 	100  	-304.395	-286.32 	-238.543	5.55441
84 	100  	-290.532	-265.869	-238.543	8.09489
85 	100  	-275.427	-271.247	-238.543	4.71284
86 	100  	-292.097	-288.384	-238.543	6.98328
87 	100  	-290.821	-270.231	-238.543	8.4866 
88 	100  	-295.872	-269.865	-238.543	5.93426
89 	100  	-294.971	-271.18 	-238.543	4.56992
90 	100  	-286.443	-281.639	-238.543	4.5556 
91 	100  	-283.673	-270.029	-238.543	5.33461
92 	100  	-309.551	-283.405	-238.543	5.31559
93 	100  	-306.377	-286.523	-238.543	6.51967
94 	100  	-310.434	-297.942	-238.543	7.88304
95 	100  	-307.125	-295.313	-238.543	4.68011
96 	100  	-296.958	-279.762	-238.543	7.51058
97 	100  	-305.924	-290.058	-238.543	8.10224
98 	100  	-314.061	-284.997	-238.543	5.64206
99 	100  	-304.532	-281.539	-238.543	5.81344
