gen	depth	min     	avg     	max     	std    
0  	25   	-299.549	-266.918	-244.599	9.54421
1  	25   	-293.734	-261.819	-238.313	9.21857
2  	25   	-284.307	-257.717	-234.793	8.68414
3  	25   	-291.653	-256.008	-234.793	9.73973
4  	25   	-300.975	-259.75 	-233.604	11.7479
5  	25   	-288.845	-260.494	-231.166	10.6825
6  	25   	-303.778	-264.255	-231.166	12.3303
7  	25   	-298.753	-262.327	-231.166	10.9682
8  	25   	-294.46 	-264.227	-231.166	10.3414
9  	25   	-301.151	-265.908	-231.166	12.2429
10 	25   	-302.612	-268.592	-231.166	13.6718
11 	25   	-305.325	-271.794	-231.166	12.4246
12 	25   	-305.389	-274.272	-231.166	12.1889
13 	25   	-306.114	-270.461	-231.166	11.385 
14 	25   	-297.65 	-266.708	-231.166	9.52907
15 	25   	-311.239	-273.877	-231.166	14.9797
16 	25   	-301.5  	-272.408	-231.166	10.3488
17 	25   	-303.196	-276.168	-231.166	11.9118
18 	25   	-302.436	-270.525	-231.166	11.3239
19 	25   	-298.818	-264.202	-231.166	11.5044
20 	25   	-298.902	-276.533	-231.166	9.37987
21 	25   	-287.688	-261.164	-231.166	8.11106
22 	25   	-290.113	-257.358	-231.166	7.48277
23 	25   	-322.351	-297.963	-231.166	18.1218
24 	25   	-309.782	-272.783	-231.166	12.0399
25 	25   	-289.639	-266.182	-231.166	11.4562
26 	25   	-298.937	-278.173	-231.166	11.4836
27 	25   	-301.726	-274.548	-231.166	14.768 
28 	25   	-297.407	-270.5  	-231.166	8.85607
29 	25   	-293.238	-272.047	-231.166	8.61048
30 	25   	-296.666	-271.057	-231.166	10.6844
31 	25   	-291.775	-268.616	-231.166	9.05023
32 	25   	-318.106	-281.594	-231.166	13.673 
33 	25   	-295.972	-270.054	-231.166	10.9375
34 	25   	-310.854	-280.455	-231.166	12.1936
35 	25   	-300.027	-267.707	-231.166	11.2444
36 	25   	-310.58 	-284.239	-231.166	11.8725
37 	25   	-309.294	-280.962	-231.166	8.95499
38 	25   	-300.262	-279.918	-231.166	10.5724
39 	25   	-284.856	-262.735	-231.166	7.56116
40 	25   	-298.75 	-276.287	-231.166	11.2326
41 	25   	-288.696	-270.951	-231.166	8.67882
42 	25   	-293.745	-273.374	-231.166	9.45872
43 	25   	-313.84 	-296.614	-231.166	13.1263
44 	25   	-303.402	-270.983	-231.166	13.6088
45 	25   	-298.259	-266.593	-231.166	9.85524
46 	25   	-297.951	-268.311	-231.166	9.43411
47 	25   	-287.419	-271.737	-231.166	9.13604
48 	25   	-282.884	-266.859	-231.166	7.58547
49 	25   	-299.034	-277.736	-231.166	11.2743
50 	25   	-299.134	-270.283	-231.166	9.58743
51 	25   	-295.212	-273.65 	-231.166	12.3574
52 	25   	-295.181	-267.925	-231.166	9.46162
53 	25   	-305.735	-286.342	-231.166	11.0035
54 	25   	-297.654	-275.328	-231.166	7.91596
55 	25   	-301.843	-272.178	-231.166	9.01403
56 	25   	-282.118	-264.317	-231.166	6.61285
57 	25   	-286.576	-267.045	-231.166	9.08883
58 	25   	-291.599	-277.32 	-231.166	7.84714
59 	25   	-312.107	-287.472	-231.166	14.2235
60 	25   	-303.883	-276.838	-231.166	8.44702
61 	25   	-285.723	-264.795	-231.166	7.90626
62 	25   	-315.337	-280.932	-231.166	15.0282
63 	25   	-287.965	-272.267	-231.166	7.31223
64 	25   	-282.415	-267.035	-231.166	5.82788
65 	25   	-298.539	-271.618	-231.166	9.83135
66 	25   	-309.852	-289.538	-231.166	13.2527
67 	25   	-302.479	-271.537	-231.166	5.95922
68 	25   	-296.682	-281.141	-231.166	7.72552
69 	25   	-295.753	-272.32 	-231.166	6.10366
70 	25   	-300.791	-262.64 	-231.166	10.9141
71 	25   	-301.306	-268.613	-231.166	6.96597
72 	25   	-290.81 	-277.915	-231.166	7.48271
73 	25   	-284.307	-273.148	-231.166	5.35761
74 	25   	-297.116	-285.57 	-231.166	7.42209
75 	25   	-294.92 	-275.612	-231.166	7.4559 
76 	25   	-286.05 	-262.45 	-231.166	4.71185
77 	25   	-277.304	-262.614	-231.166	3.77207
78 	25   	-297.729	-274.318	-231.166	5.59754
79 	25   	-280.779	-270.339	-231.166	3.59746
80 	25   	-296.309	-291.44 	-231.166	7.87896
81 	25   	-295.511	-273.18 	-231.166	7.06332
82 	25   	-272.399	-264.984	-231.166	3.78897
83 	25   	-295.61 	-284.511	-231.166	8.11856
84 	25   	-299.38 	-282.333	-231.166	5.89204
85 	25   	-283.547	-271.908	-231.166	3.7403 
86 	25   	-290.853	-271.661	-231.166	3.74101
87 	25   	-274.063	-261.771	-231.166	3.64538
88 	25   	-284.433	-277.51 	-231.166	6.75845
89 	25   	-292.842	-273.076	-231.166	5.51602
90 	25   	-272.673	-258.76 	-231.166	4.41043
91 	25   	-279.797	-270.409	-231.166	5.56772
92 	25   	-284    	-276.441	-231.166	4.56408
93 	25   	-277.721	-270.189	-231.166	4.18138
94 	25   	-283.384	-256.839	-231.166	10.5928
95 	25   	-283.42 	-274.246	-231.166	9.37624
96 	25   	-277.415	-265.982	-231.166	4.6685 
97 	25   	-281.501	-267.224	-231.166	5.32875
98 	25   	-289.192	-280.056	-231.166	7.53586
99 	25   	-282.604	-270.081	-231.166	5.24895
gen	depth	min     	avg     	max     	std    
0  	25   	-294.088	-265.111	-238.503	9.3948 
1  	25   	-289.506	-260.44 	-238.491	8.65001
2  	25   	-293.871	-261.09 	-238.491	10.7604
3  	25   	-282.043	-257.43 	-236.366	7.38712
4  	25   	-296.47 	-263.577	-236.084	12.971 
5  	25   	-292.287	-262.284	-236.084	10.4421
6  	25   	-304.141	-262.532	-236.084	10.0286
7  	25   	-305.326	-267.54 	-235.976	15.1829
8  	25   	-302.295	-268.487	-230.198	13.8211
9  	25   	-296.905	-267.555	-230.198	12.9097
10 	25   	-294.12 	-265.345	-230.198	10.1533
11 	25   	-292.111	-263.063	-230.198	9.26477
12 	25   	-299.359	-267.451	-230.198	11.9858
13 	25   	-303.333	-268.104	-230.198	11.2722
14 	25   	-308.539	-272.142	-226.755	14.349 
15 	25   	-290.554	-267.062	-226.755	9.45947
16 	25   	-312.695	-275.193	-226.755	15.5386
17 	25   	-309.875	-277.721	-226.755	11.0328
18 	25   	-310.83 	-270.862	-226.755	9.2252 
19 	25   	-308.609	-278.322	-226.755	12.6048
20 	25   	-306.585	-276.01 	-226.755	11.8077
21 	25   	-306.593	-276.921	-226.755	11.4225
22 	25   	-312.592	-282.161	-226.755	13.0107
23 	25   	-308.018	-277.711	-226.755	13.0294
24 	25   	-307.474	-270.845	-226.755	11.66  
25 	25   	-311.22 	-275.057	-226.755	12.3145
26 	25   	-295.724	-270.589	-226.755	8.3725 
27 	25   	-294.703	-267.511	-226.755	9.42055
28 	25   	-287.609	-266.124	-226.755	8.2519 
29 	25   	-302.192	-271.389	-226.755	10.0074
30 	25   	-313.676	-286.476	-226.755	13.4963
31 	25   	-300.527	-273.139	-226.755	11.1193
32 	25   	-315.946	-276.473	-226.755	16.281 
33 	25   	-304.101	-268.858	-226.755	10.3266
34 	25   	-300.644	-266.222	-226.755	8.18674
35 	25   	-297.616	-276.78 	-226.755	9.67043
36 	25   	-315.397	-290.382	-226.755	14.2198
37 	25   	-314.289	-288.914	-226.755	12.9948
38 	25   	-301.008	-272.858	-226.755	8.60669
39 	25   	-303.595	-278.751	-226.755	10.9844
40 	25   	-293.687	-267.8  	-226.755	8.73652
41 	25   	-311.094	-281.757	-226.755	11.2098
42 	25   	-294.712	-262.809	-226.755	7.99788
43 	25   	-300.01 	-267.898	-226.755	9.01336
44 	25   	-303.999	-284.443	-226.755	9.77432
45 	25   	-303.037	-282.561	-226.755	8.52997
46 	25   	-291.272	-265.96 	-226.755	6.6657 
47 	25   	-301.536	-282.951	-226.755	10.1319
48 	25   	-291.689	-267.928	-226.755	6.07716
49 	25   	-296.42 	-270.047	-226.755	8.05113
50 	25   	-291.846	-273.913	-226.755	6.60417
51 	25   	-300.614	-276.872	-226.755	11.8225
52 	25   	-285.422	-260.468	-226.755	8.27782
53 	25   	-285.716	-256.581	-226.755	9.10678
54 	25   	-299.062	-280.055	-226.755	11.0942
55 	25   	-298.926	-283.152	-226.755	6.51024
56 	25   	-307.176	-289.647	-226.755	8.67934
57 	25   	-304.763	-285.927	-226.755	5.49887
58 	25   	-286.582	-269.365	-226.755	6.27905
59 	25   	-292.324	-278.541	-226.755	6.62239
60 	25   	-296.141	-265.595	-226.755	6.71752
61 	25   	-304.491	-292.124	-226.755	11.644 
62 	25   	-297.335	-264.891	-226.755	9.89879
63 	25   	-283.311	-275.537	-226.755	7.02746
64 	25   	-282.698	-271.927	-226.755	5.54428
65 	25   	-298.409	-271.943	-226.755	9.43866
66 	25   	-286.718	-267.501	-226.755	4.78257
67 	25   	-308.545	-278.995	-226.755	7.3889 
68 	25   	-280.449	-257.924	-226.755	5.21429
69 	25   	-283.969	-274.867	-226.755	7.80623
70 	25   	-302.233	-282.851	-226.755	8.54493
71 	25   	-286.625	-265.99 	-226.755	5.66786
72 	25   	-286.873	-266.778	-226.755	3.77221
73 	25   	-319.679	-299.704	-226.755	13.7818
74 	25   	-305.569	-283.256	-226.755	7.48416
75 	25   	-298.019	-276.783	-226.755	6.23099
76 	25   	-284.05 	-263.869	-226.755	6.3539 
77 	25   	-282.784	-272.211	-226.755	5.94305
78 	25   	-290.901	-274.976	-226.755	7.79683
79 	25   	-296.124	-276.89 	-226.755	5.60056
80 	25   	-291.476	-267.711	-226.755	3.20509
81 	25   	-273.272	-270.12 	-226.755	2.88929
82 	25   	-282.715	-269.503	-226.755	4.99319
83 	25   	-289.333	-279.163	-226.755	5.04436
84 	25   	-296.23 	-287.052	-226.755	6.67079
85 	25   	-291.129	-275.027	-226.755	4.59984
86 	25   	-286.96 	-275.057	-226.755	3.77994
87 	25   	-287.02 	-264.133	-226.755	6.65105
88 	25   	-268.688	-261.196	-226.755	4.01259
89 	25   	-284.421	-270.617	-226.755	5.28832
90 	25   	-315.713	-300.948	-226.755	14.6902
91 	25   	-310.03 	-285.462	-226.755	7.74599
92 	25   	-289.633	-269.663	-226.755	6.84361
93 	25   	-290.79 	-278.557	-226.755	10.486 
94 	25   	-293.439	-267.998	-226.755	10.0915
95 	25   	-301.401	-267.94 	-226.755	10.8007
96 	25   	-299.853	-285.592	-226.755	11.7838
97 	25   	-299.083	-273.849	-226.755	9.67565
98 	25   	-284.346	-263.8  	-226.755	7.06295
99 	25   	-296.083	-276.239	-226.755	11.6499
gen	depth	min     	avg     	max     	std    
0  	25   	-295.099	-266.402	-241.384	9.06445
1  	25   	-286.386	-262.416	-240.432	7.71583
2  	25   	-290.306	-260.008	-237.452	7.93769
3  	25   	-296.161	-260.216	-234.628	9.1347 
4  	25   	-298.969	-262.204	-234.628	9.45614
5  	25   	-292.151	-259.884	-234.628	8.20473
6  	25   	-290.433	-259.48 	-234.628	9.09842
7  	25   	-307.583	-264.568	-234.628	14.4883
8  	25   	-299.107	-263.371	-234.581	10.5624
9  	25   	-299.155	-264.254	-234.581	9.42837
10 	25   	-299.115	-266.768	-234.581	9.47395
11 	25   	-301.787	-267.396	-234.581	11.0251
12 	25   	-303.589	-266.364	-234.581	10.8759
13 	25   	-299.558	-267.52 	-234.581	10.0209
14 	25   	-303.606	-267.563	-234.581	9.93709
15 	25   	-289.604	-265.473	-234.581	8.25532
16 	25   	-304.626	-275.111	-234.581	12.3937
17 	25   	-304.213	-277.857	-234.581	10.9881
18 	25   	-317.377	-278.69 	-234.581	13.9134
19 	25   	-303.93 	-266.877	-234.581	9.99024
20 	25   	-290.571	-268.03 	-234.366	10.6394
21 	25   	-300.256	-270.022	-234.366	11.7665
22 	25   	-295.784	-270.443	-234.366	10.2401
23 	25   	-305.03 	-278.338	-234.366	12.5618
24 	25   	-294.366	-266.132	-234.366	9.63704
25 	25   	-295.518	-261.804	-234.366	7.53702
26 	25   	-303.187	-272.624	-234.366	10.3562
27 	25   	-285.295	-263.521	-234.366	6.23379
28 	25   	-300.442	-282.599	-234.366	9.98   
29 	25   	-300.447	-278.645	-234.366	8.4106 
30 	25   	-303.96 	-273.902	-234.366	11.2761
31 	25   	-299.963	-278.845	-234.366	9.91206
32 	25   	-288.776	-267.701	-234.366	7.08224
33 	25   	-291.28 	-267.885	-234.366	9.37833
34 	25   	-306.699	-284.506	-234.366	14.6486
35 	25   	-307.273	-276.301	-234.366	9.8577 
36 	25   	-293.912	-269.443	-234.366	9.28128
37 	25   	-303.873	-284.235	-234.366	9.80324
38 	25   	-303.029	-284.923	-234.366	7.79171
39 	25   	-296.36 	-276.243	-234.366	5.71216
40 	25   	-299.571	-288.002	-234.366	8.5309 
41 	25   	-305.287	-287.194	-234.366	10.7422
42 	25   	-295.525	-272.524	-234.366	8.21261
43 	25   	-293.722	-277.977	-234.366	8.48995
44 	25   	-302.304	-284.434	-234.366	9.45145
45 	25   	-293.723	-272.032	-234.366	10.0986
46 	25   	-294.701	-271.009	-234.366	6.63959
47 	25   	-287.453	-274.613	-234.366	6.87554
48 	25   	-286.84 	-269.952	-234.366	9.34695
49 	25   	-304.525	-276.92 	-234.366	10.8424
50 	25   	-281.952	-267.002	-234.366	6.33283
51 	25   	-287.369	-268.789	-234.366	7.67788
52 	25   	-289.885	-267.364	-234.366	10.4199
53 	25   	-301.798	-278.334	-234.366	9.85364
54 	25   	-303.588	-270.238	-234.366	7.38364
55 	25   	-313.565	-283.776	-234.366	13.3677
56 	25   	-299.513	-281.79 	-234.366	7.09432
57 	25   	-301.981	-271.447	-234.366	8.15501
58 	25   	-318.305	-290.199	-234.366	15.581 
59 	25   	-297.072	-276.079	-234.366	6.30092
60 	25   	-301.725	-273.454	-234.366	7.87349
61 	25   	-297.778	-281.06 	-234.366	7.99453
62 	25   	-303.165	-278.933	-234.366	11.7759
63 	25   	-303.648	-264.94 	-234.366	8.01262
64 	25   	-288.882	-274.106	-234.366	6.55566
65 	25   	-310.785	-268.536	-234.366	11.1393
66 	25   	-297.428	-264.421	-234.366	8.03333
67 	25   	-284.702	-267.304	-234.366	8.34374
68 	25   	-311.61 	-285.985	-234.366	12.664 
69 	25   	-293.922	-282.812	-234.366	6.93854
70 	25   	-297.987	-280.32 	-234.366	9.56429
71 	25   	-294.646	-264.321	-234.366	11.4475
72 	25   	-308.638	-282.955	-234.366	11.82  
73 	25   	-291.871	-263.889	-234.366	8.42328
74 	25   	-297.786	-269.958	-234.366	11.7627
75 	25   	-280.416	-264.117	-234.366	6.6148 
76 	25   	-298.697	-268.81 	-234.366	8.46327
77 	25   	-298.879	-270.177	-234.366	7.46778
78 	25   	-299.882	-273.384	-234.366	6.40512
79 	25   	-301.029	-280.64 	-234.366	7.19772
80 	25   	-298.356	-280.669	-234.366	5.23847
81 	25   	-307.64 	-285.712	-234.366	11.225 
82 	25   	-294.901	-259.75 	-234.366	7.66535
83 	25   	-276.037	-263.8  	-234.366	6.06719
84 	25   	-288.178	-268.378	-234.366	9.39585
85 	25   	-302.702	-286.696	-234.366	11.7533
86 	25   	-302.969	-278.183	-234.366	10.5755
87 	25   	-303.495	-270.717	-234.366	8.1228 
88 	25   	-294.827	-276.883	-234.366	8.0671 
89 	25   	-299.12 	-276.294	-234.366	6.45811
90 	25   	-280.032	-255.315	-234.366	7.67244
91 	25   	-297.965	-262.557	-234.366	10.7363
92 	25   	-295.176	-274.937	-234.366	10.2893
93 	25   	-293.479	-276.411	-234.366	6.24855
94 	25   	-290.165	-276.871	-234.366	7.19991
95 	25   	-287.752	-271.127	-234.366	7.50553
96 	25   	-303.057	-283.699	-234.366	7.8193 
97 	25   	-295.061	-269.541	-234.366	8.64417
98 	25   	-296.37 	-269.583	-234.366	9.32708
99 	25   	-279.772	-263.819	-234.366	6.05446
gen	depth	min     	avg     	max     	std    
0  	25   	-296.922	-267.393	-233.966	10.2804
1  	25   	-284.97 	-260.567	-233.966	8.2837 
2  	25   	-288.64 	-259.27 	-233.966	8.11532
3  	25   	-292.582	-260.459	-233.966	9.83794
4  	25   	-297.83 	-259.511	-233.966	10.1458
5  	25   	-286.114	-263.474	-233.966	9.92043
6  	25   	-302.684	-265.722	-233.966	12.444 
7  	25   	-296.079	-266.929	-233.966	11.3503
8  	25   	-292.772	-263.48 	-233.661	9.90523
9  	25   	-295.064	-265.063	-233.661	12.0546
10 	25   	-302.675	-267.921	-233.661	12.4506
11 	25   	-303.375	-269.243	-233.661	10.3716
12 	25   	-295.521	-268.863	-233.661	10.7163
13 	25   	-303.966	-269.84 	-233.661	10.5392
14 	25   	-305.032	-266.503	-233.661	10.2143
15 	25   	-299.565	-272.387	-233.661	10.3175
16 	25   	-299.489	-270.549	-233.661	11.2929
17 	25   	-299.476	-267.669	-233.661	10.6654
18 	25   	-294.38 	-273.167	-233.661	9.03056
19 	25   	-309.16 	-273.337	-233.661	13.1641
20 	25   	-294.024	-265.324	-233.661	11.1598
21 	25   	-299.678	-268.728	-233.661	10.4561
22 	25   	-291.897	-272.948	-233.661	9.67497
23 	25   	-302.407	-275.042	-233.661	12.9486
24 	25   	-296.099	-267.285	-233.661	9.40656
25 	25   	-305.835	-277.97 	-233.661	12.0732
26 	25   	-311.818	-268.811	-233.661	9.6697 
27 	25   	-309.619	-273.76 	-233.661	10.4138
28 	25   	-307.35 	-273.941	-233.661	13.5201
29 	25   	-298.972	-277.077	-233.661	9.46418
30 	25   	-297.671	-277.159	-233.661	8.71175
31 	25   	-284.008	-256.264	-233.661	7.59021
32 	25   	-300.113	-268.996	-233.661	12.934 
33 	25   	-289.31 	-264.362	-233.661	7.67254
34 	25   	-295.048	-268.068	-233.661	7.22402
35 	25   	-306.782	-269.915	-233.661	7.06046
36 	25   	-299.683	-279.104	-233.661	12.8254
37 	25   	-297.883	-278.412	-233.661	11.8688
38 	25   	-301.451	-270.827	-233.661	12.6041
39 	25   	-286.167	-258.135	-233.661	8.07933
40 	25   	-274.788	-264.694	-233.661	6.42443
41 	25   	-289.88 	-273.118	-233.661	7.42148
42 	25   	-297.34 	-282.859	-233.661	9.13408
43 	25   	-292.663	-262.604	-233.661	7.73851
44 	25   	-286.898	-273.11 	-233.661	6.31888
45 	25   	-302.422	-281.197	-233.661	8.55432
46 	25   	-299.873	-269.375	-233.661	9.41028
47 	25   	-277.76 	-268.028	-233.661	5.07037
48 	25   	-287.46 	-270.282	-233.661	8.67622
49 	25   	-300.268	-280.308	-233.661	9.98106
50 	25   	-289.191	-273.819	-233.661	6.51541
51 	25   	-287.728	-271.063	-233.661	4.29958
52 	25   	-306.141	-282.164	-233.661	10.2703
53 	25   	-292.899	-273.971	-233.661	9.5215 
54 	25   	-302.368	-280.867	-233.661	7.66601
55 	25   	-292.956	-269.812	-233.661	9.06343
56 	25   	-288.558	-269.173	-233.661	5.95339
57 	25   	-307.531	-285.627	-233.661	14.7089
58 	25   	-294.702	-274.796	-233.661	7.58856
59 	25   	-287.77 	-267.631	-233.661	5.80201
60 	25   	-316.825	-288.854	-233.661	13.0711
61 	25   	-303.811	-285.104	-233.661	11.5717
62 	25   	-304.38 	-279.214	-233.661	8.30644
63 	25   	-284.068	-265.604	-233.661	7.92702
64 	25   	-297.875	-277.588	-233.661	10.1001
65 	25   	-305.358	-280.433	-233.661	9.18344
66 	25   	-303.188	-281.619	-233.661	8.08531
67 	25   	-297.308	-278.482	-233.661	8.28329
68 	25   	-299.047	-277.496	-233.661	8.08075
69 	25   	-287.979	-269.733	-233.661	4.2219 
70 	25   	-299.916	-277.877	-233.661	6.98187
71 	25   	-293.04 	-278.955	-233.661	6.64289
72 	25   	-289.453	-269.861	-233.661	7.43697
73 	25   	-304.43 	-277.77 	-233.661	7.42981
74 	25   	-291.504	-271.898	-233.661	7.42974
75 	25   	-282.695	-270.769	-233.661	6.15374
76 	25   	-309.311	-284.176	-233.661	10.1165
77 	25   	-308.849	-279.012	-233.661	6.73037
78 	25   	-306.663	-282.406	-233.661	7.25817
79 	25   	-292.345	-275.539	-233.661	6.99726
80 	25   	-298.477	-279.346	-233.661	7.20793
81 	25   	-298.718	-285.035	-233.661	7.43906
82 	25   	-301.502	-289.116	-233.661	6.3623 
83 	25   	-292.9  	-268.456	-233.661	7.57503
84 	25   	-316.523	-296.464	-233.661	13.3475
85 	25   	-306.357	-272.208	-233.661	11.189 
86 	25   	-285.022	-269.182	-233.661	7.14025
87 	25   	-286.756	-269.455	-233.661	7.10003
88 	25   	-294.199	-277.418	-233.661	8.05261
89 	25   	-297.108	-277.305	-233.661	7.30345
90 	25   	-280.868	-260.383	-233.661	4.96234
91 	25   	-294.5  	-269.83 	-233.661	10.1864
92 	25   	-279.851	-259.651	-233.661	8.57374
93 	25   	-303.369	-287.415	-233.661	12.1131
94 	25   	-292.47 	-263.933	-233.661	8.51549
95 	25   	-294.332	-282.92 	-233.661	8.70874
96 	25   	-291.685	-279.724	-233.661	5.91148
97 	25   	-287.854	-278.815	-233.661	4.14442
98 	25   	-286.541	-277.624	-233.661	4.12841
99 	25   	-301.82 	-289.987	-233.661	8.7593 
gen	depth	min     	avg     	max     	std    
0  	25   	-304.683	-266.664	-240.894	8.7313 
1  	25   	-293.872	-262.23 	-239.572	9.81349
2  	25   	-284.811	-258.034	-239.481	8.69087
3  	25   	-283.887	-257.025	-236.435	7.82092
4  	25   	-287.434	-258.359	-236.435	8.82102
5  	25   	-294.864	-261.331	-236.435	10.8275
6  	25   	-294.877	-263.106	-236.435	9.54871
7  	25   	-295.499	-266.503	-236.435	11.93  
8  	25   	-292.572	-265.607	-236.435	9.71369
9  	25   	-297.433	-264.753	-236.435	11.7183
10 	25   	-297.954	-264.762	-236.435	10.3972
11 	25   	-287.673	-262.23 	-221.678	10.0673
12 	25   	-307.025	-274.559	-221.678	14.0259
13 	25   	-305.101	-269.591	-221.678	12.5506
14 	25   	-299.847	-269.801	-221.678	11.2045
15 	25   	-308.496	-271.252	-221.678	14.0674
16 	25   	-304.154	-275.598	-221.678	12.4127
17 	25   	-294.382	-267.793	-221.678	10.3082
18 	25   	-295.279	-269.836	-221.678	10.1137
19 	25   	-290.962	-268.683	-221.678	8.99635
20 	25   	-299.539	-272.271	-221.678	11.0516
21 	25   	-313.183	-278.597	-221.678	15.6322
22 	25   	-309.188	-273.893	-221.678	11.2268
23 	25   	-306.89 	-273.629	-221.678	8.5397 
24 	25   	-301.611	-273.718	-221.678	9.99877
25 	25   	-301.191	-273.819	-221.678	9.52889
26 	25   	-304.56 	-272.668	-221.678	11.538 
27 	25   	-287.315	-270.848	-221.678	7.30155
28 	25   	-301.363	-283.855	-221.678	9.88608
29 	25   	-296.646	-268.908	-221.678	9.90534
30 	25   	-292.791	-269.849	-221.678	10.3163
31 	25   	-299.89 	-276.304	-221.678	11.0722
32 	25   	-301.041	-275.738	-221.678	7.33737
33 	25   	-315.4  	-275.921	-221.678	13.609 
34 	25   	-313.606	-286.448	-221.678	12.5304
35 	25   	-296.742	-279.863	-221.678	7.54904
36 	25   	-288.27 	-269.662	-221.678	8.65986
37 	25   	-297.338	-268.516	-221.678	8.91398
38 	25   	-300.293	-272.67 	-221.678	9.22529
39 	25   	-315.702	-296.82 	-221.678	12.1539
40 	25   	-319.817	-302.748	-221.678	12.0992
41 	25   	-308.463	-274.329	-221.678	10.2627
42 	25   	-300.036	-264.434	-221.678	8.68506
43 	25   	-302.107	-279.78 	-221.678	10.3361
44 	25   	-303.522	-281.065	-221.678	8.83675
45 	25   	-290.195	-263.696	-221.678	10.95  
46 	25   	-275.254	-256.184	-221.678	6.71795
47 	25   	-297.082	-279.199	-221.678	11.788 
48 	25   	-295.671	-271.744	-221.678	5.36843
49 	25   	-302.401	-284.704	-221.678	8.39629
50 	25   	-298.348	-274.19 	-221.678	9.3983 
51 	25   	-296.753	-275.266	-221.678	12.7659
52 	25   	-305.787	-277.746	-221.678	10.5845
53 	25   	-300.757	-279.196	-221.678	8.47406
54 	25   	-296.417	-272.534	-221.678	7.41238
55 	25   	-293.877	-267.853	-221.678	8.87812
56 	25   	-292.59 	-264.202	-221.678	7.57262
57 	25   	-294.568	-273.99 	-221.678	8.44381
58 	25   	-294.881	-273.227	-221.678	6.74544
59 	25   	-304.822	-291.564	-221.678	9.91077
60 	25   	-311.606	-299.14 	-221.678	8.30769
61 	25   	-304.716	-285.531	-221.678	8.8365 
62 	25   	-302.182	-269.501	-221.678	10.6167
63 	25   	-304.025	-282.525	-221.678	11.6634
64 	25   	-305.33 	-276.284	-221.678	11.406 
65 	25   	-292.286	-259.081	-221.678	7.68353
66 	25   	-288.47 	-272.732	-221.678	8.66639
67 	25   	-293.239	-274.304	-221.678	9.69629
68 	25   	-295.304	-263.021	-221.678	7.80833
69 	25   	-305.564	-283.46 	-221.678	12.9519
70 	25   	-296.532	-271.276	-221.678	10.7499
71 	25   	-286.128	-264.68 	-221.678	6.54748
72 	25   	-303.997	-280.51 	-221.678	8.23838
73 	25   	-283.698	-256.748	-221.678	7.9968 
74 	25   	-286.297	-267.616	-221.678	8.14188
75 	25   	-282.635	-264.995	-221.678	5.66889
76 	25   	-286.563	-261.074	-221.678	13.2011
77 	25   	-274.991	-261.739	-221.678	5.0997 
78 	25   	-280.384	-266.293	-221.678	4.80832
79 	25   	-283.873	-269.752	-221.678	4.23014
80 	25   	-281.925	-265.343	-221.678	4.1486 
81 	25   	-280.484	-255.348	-221.678	7.52617
82 	25   	-269.735	-259.023	-221.678	3.99263
83 	25   	-291.432	-276.414	-221.678	6.44538
84 	25   	-278.93 	-272.51 	-221.678	3.34249
85 	25   	-294.284	-279.856	-221.678	6.35601
86 	25   	-292.583	-288.301	-221.678	5.14737
87 	25   	-290.941	-255.384	-221.678	11.9121
88 	25   	-284.693	-276.544	-221.678	9.41597
89 	25   	-299.881	-284.837	-221.678	11.4663
90 	25   	-290.825	-275.065	-221.678	4.35291
91 	25   	-309.593	-295.974	-221.678	12.0206
92 	25   	-307.661	-268.484	-221.678	12.3772
93 	25   	-280.722	-267.351	-221.678	5.715  
94 	25   	-291.278	-274.528	-221.678	7.07036
95 	25   	-291.319	-277.375	-221.678	6.68013
96 	25   	-290.248	-275.612	-221.678	5.39558
97 	25   	-295.256	-279.533	-221.678	7.40239
98 	25   	-309.268	-289.713	-221.678	11.5484
99 	25   	-298.668	-277.931	-221.678	9.3718 
gen	depth	min     	avg     	max     	std    
0  	25   	-288.441	-266.685	-243.907	8.73329
1  	25   	-293.568	-263.378	-240.72 	8.78705
2  	25   	-288.591	-262.124	-236.61 	9.9982 
3  	25   	-294.985	-261.949	-236.61 	10.2345
4  	25   	-291.243	-260.458	-236.61 	9.07343
5  	25   	-293.93 	-262.062	-235.527	10.9728
6  	25   	-293.291	-266.931	-235.527	13.9614
7  	25   	-292.712	-262.887	-235.527	11.0985
8  	25   	-298.589	-266.133	-235.527	12.1188
9  	25   	-292.827	-264.76 	-235.527	11.1354
10 	25   	-301.746	-269.966	-235.527	13.1729
11 	25   	-302.401	-270.621	-235.527	12.3736
12 	25   	-292.439	-266.036	-235.527	9.98151
13 	25   	-300.373	-271.641	-235.527	10.8725
14 	25   	-301.301	-273.435	-235.527	12.6443
15 	25   	-306.476	-278.582	-235.527	13.8702
16 	25   	-310.268	-275.691	-235.527	13.1663
17 	25   	-303.977	-273.031	-235.527	10.611 
18 	25   	-311.336	-278.053	-235.527	13.9604
19 	25   	-313.374	-281.081	-235.527	11.5936
20 	25   	-309.593	-279.634	-235.527	12.2135
21 	25   	-312.562	-277.492	-235.527	14.6055
22 	25   	-307.23 	-273.637	-235.527	11.6157
23 	25   	-291.32 	-265.424	-235.527	8.57132
24 	25   	-293.676	-268.841	-235.527	7.78624
25 	25   	-303.429	-268.974	-235.527	11.2609
26 	25   	-300.624	-275.928	-235.527	8.59076
27 	25   	-301.149	-271.675	-235.527	9.98997
28 	25   	-306.479	-275.333	-235.527	11.3505
29 	25   	-302.054	-276.266	-235.527	9.65176
30 	25   	-309.686	-272.315	-235.527	11.7449
31 	25   	-305.005	-282.802	-235.527	12.5108
32 	25   	-300.4  	-273.452	-235.527	9.55745
33 	25   	-301.96 	-272.479	-235.527	12.0281
34 	25   	-292.842	-272.135	-235.527	8.49079
35 	25   	-307.668	-274.583	-235.527	10.3655
36 	25   	-289.41 	-269.767	-235.527	7.77598
37 	25   	-299.131	-274.441	-235.527	10.3802
38 	25   	-300.547	-272.98 	-235.527	9.05384
39 	25   	-286    	-269.411	-235.527	5.50761
40 	25   	-294.605	-272.675	-235.527	7.79652
41 	25   	-290.382	-274.506	-235.527	8.13181
42 	25   	-304.324	-276.024	-235.527	8.87748
43 	25   	-279.607	-257.992	-235.527	7.83029
44 	25   	-300.244	-281.373	-235.527	11.8298
45 	25   	-301.383	-270.816	-235.527	7.24062
46 	25   	-303.574	-286.399	-235.527	10.0012
47 	25   	-305.615	-286.703	-235.527	10.7332
48 	25   	-305.044	-288.935	-235.527	8.62512
49 	25   	-294.456	-262.487	-235.527	10.3   
50 	25   	-286.485	-268.344	-235.527	8.68879
51 	25   	-295.862	-279    	-235.527	8.0276 
52 	25   	-284.98 	-267.735	-235.527	6.40562
53 	25   	-300.061	-268.798	-235.527	9.63074
54 	25   	-308.12 	-281.238	-235.527	10.6226
55 	25   	-299.642	-282.116	-235.527	8.61412
56 	25   	-292.565	-263.765	-235.527	7.24415
57 	25   	-283.613	-258.027	-235.527	5.53441
58 	25   	-282.206	-267.444	-235.527	6.6554 
59 	25   	-296.595	-274.426	-235.527	10.6249
60 	25   	-302.538	-284.974	-235.527	10.1424
61 	25   	-291.95 	-269.958	-235.527	7.08364
62 	25   	-292.734	-276.826	-235.527	6.57447
63 	25   	-297.875	-284.58 	-235.527	6.1189 
64 	25   	-286.824	-265.49 	-235.527	8.05359
65 	25   	-296.509	-273.119	-235.527	8.02706
66 	25   	-284.271	-267.49 	-235.527	7.17883
67 	25   	-301.799	-285.982	-235.527	9.98644
68 	25   	-293.984	-269.817	-235.527	8.21736
69 	25   	-290.558	-270.096	-235.527	6.48326
70 	25   	-291.604	-265.211	-235.527	6.94369
71 	25   	-279.716	-259.349	-235.527	4.48102
72 	25   	-289.808	-261.716	-235.527	7.49947
73 	25   	-292.214	-268.147	-235.527	5.76695
74 	25   	-275.487	-261.955	-235.527	3.209  
75 	25   	-268.974	-258.857	-235.527	3.36187
76 	25   	-290.68 	-278.53 	-235.527	8.2611 
77 	25   	-285.428	-268.129	-235.527	5.79942
78 	25   	-281.827	-265.849	-235.527	5.58289
79 	25   	-303.341	-288.953	-235.527	12.3997
80 	25   	-296.2  	-269.142	-235.527	11.3595
81 	25   	-287.097	-265.683	-235.527	3.95779
82 	25   	-299.001	-283.958	-235.527	10.2562
83 	25   	-307.789	-281.544	-235.527	7.57639
84 	25   	-300.179	-283.094	-235.527	5.40178
85 	25   	-296.403	-269.031	-235.527	8.74182
86 	25   	-292.316	-271.082	-235.527	5.82002
87 	25   	-301.95 	-276.842	-235.527	9.86631
88 	25   	-285.616	-275.729	-235.527	4.25706
89 	25   	-306.85 	-292.542	-235.527	10.3924
90 	25   	-298.49 	-280.183	-235.527	6.05083
91 	25   	-308.197	-282.522	-235.527	7.93159
92 	25   	-307.641	-294.94 	-235.527	8.25438
93 	25   	-298.521	-274.034	-235.527	6.71516
94 	25   	-283.097	-263.625	-235.527	7.94232
95 	25   	-296.142	-284.628	-235.527	8.48044
96 	25   	-291.141	-276.289	-235.527	7.10393
97 	25   	-283.126	-268.276	-235.527	4.46904
98 	25   	-300.626	-284.606	-235.527	8.18545
99 	25   	-289.974	-272.716	-235.527	9.89326
gen	depth	min     	avg     	max     	std    
0  	25   	-309.087	-266.659	-242.881	9.7222 
1  	25   	-291.406	-261.855	-239.697	8.30445
2  	25   	-293.418	-260.923	-239.697	8.61372
3  	25   	-287.668	-259.833	-232.665	10.4937
4  	25   	-294.887	-260.948	-232.665	10.0155
5  	25   	-291.711	-261.983	-232.665	10.8181
6  	25   	-291.307	-262.388	-232.665	10.0833
7  	25   	-289.411	-262.7  	-232.665	8.56152
8  	25   	-287.45 	-264.213	-232.665	8.76451
9  	25   	-292.736	-268.309	-232.665	10.1991
10 	25   	-301.12 	-267.257	-232.665	9.88376
11 	25   	-302.146	-272.315	-232.665	12.2914
12 	25   	-299.636	-270.199	-232.665	11.1116
13 	25   	-306.443	-273.927	-232.665	12.0024
14 	25   	-302.534	-273.235	-232.665	13.1036
15 	25   	-303.152	-270.261	-232.665	11.3148
16 	25   	-299.223	-265.065	-232.665	9.30677
17 	25   	-301.515	-270    	-232.665	10.8622
18 	25   	-293.285	-264.898	-232.665	10.3838
19 	25   	-307.18 	-276.275	-232.665	13.8509
20 	25   	-303.452	-271.095	-232.665	9.55685
21 	25   	-298.904	-272.86 	-232.665	9.41274
22 	25   	-291.065	-267.753	-232.665	8.17607
23 	25   	-302.206	-275.279	-232.665	11.0689
24 	25   	-289.66 	-265.872	-232.665	8.81432
25 	25   	-302.685	-277.124	-232.665	13.7498
26 	25   	-297.169	-267.069	-232.665	10.373 
27 	25   	-307.225	-288.47 	-232.665	14.6368
28 	25   	-300.849	-272.666	-232.665	7.84492
29 	25   	-301.634	-277.622	-232.665	8.54445
30 	25   	-311.047	-287.112	-232.665	13.3997
31 	25   	-306.219	-274.857	-232.665	11.1791
32 	25   	-311.503	-278.556	-232.665	11.2041
33 	25   	-303.971	-278.463	-232.665	9.06742
34 	25   	-299.726	-270.335	-232.665	8.51009
35 	25   	-312.43 	-273.039	-232.665	11.2133
36 	25   	-298.558	-281.461	-232.665	9.28838
37 	25   	-298.29 	-269.319	-232.665	10.2887
38 	25   	-296.447	-271.623	-232.665	9.68693
39 	25   	-297.693	-265.528	-232.665	9.4771 
40 	25   	-291.984	-269.353	-232.665	12.5703
41 	25   	-312.246	-276.453	-232.665	10.7034
42 	25   	-318.434	-293.506	-232.665	13.5983
43 	25   	-305.609	-280.176	-232.665	10.5011
44 	25   	-295.905	-270.638	-232.665	7.59779
45 	25   	-297.861	-278.024	-232.665	9.56202
46 	25   	-309.818	-287.311	-232.665	8.73556
47 	25   	-313.55 	-280.1  	-232.665	10.8941
48 	25   	-297.338	-276.454	-232.665	9.67478
49 	25   	-283.441	-257.35 	-232.665	6.40856
50 	25   	-302.505	-284.948	-232.665	12.5066
51 	25   	-308.676	-277.831	-232.665	14.1151
52 	25   	-297.633	-277.658	-232.665	11.1222
53 	25   	-296.37 	-277.097	-232.665	7.54965
54 	25   	-298.653	-278.732	-232.665	7.9161 
55 	25   	-302.905	-275.745	-232.665	8.96975
56 	25   	-287.455	-265.221	-232.665	9.33364
57 	25   	-309.488	-282.768	-232.665	11.5814
58 	25   	-305.019	-283.117	-232.665	10.4012
59 	25   	-290.923	-265.316	-232.665	9.26928
60 	25   	-281.84 	-268.936	-232.665	6.3821 
61 	25   	-302.169	-280.6  	-232.665	11.4224
62 	25   	-291.207	-266.116	-232.665	7.63693
63 	25   	-299.757	-276.516	-232.665	8.21898
64 	25   	-296.007	-265.075	-232.665	10.7535
65 	25   	-311.422	-289.227	-232.665	12.9988
66 	25   	-304.987	-283.84 	-232.665	8.38501
67 	25   	-293.417	-275.02 	-232.665	8.33277
68 	25   	-299.139	-265.225	-232.665	4.51749
69 	25   	-297.279	-279.057	-232.665	10.2972
70 	25   	-284.681	-263.729	-232.665	5.51121
71 	25   	-279.117	-262.203	-232.665	6.54188
72 	25   	-275.99 	-259.67 	-232.665	5.76125
73 	25   	-290.06 	-267.918	-232.665	9.52944
74 	25   	-299.634	-288.515	-232.665	10.6718
75 	25   	-296.225	-267.287	-232.665	7.10136
76 	25   	-297.192	-283.416	-232.665	7.36805
77 	25   	-290.033	-269.881	-232.665	6.54795
78 	25   	-274.838	-253.434	-232.665	6.57491
79 	25   	-301.146	-286.187	-232.665	13.6915
80 	25   	-293.142	-268.067	-232.665	9.31205
81 	25   	-291.255	-272.868	-232.665	9.18881
82 	25   	-304.201	-273.358	-232.665	11.5119
83 	25   	-289.542	-277.041	-232.665	6.79563
84 	25   	-291.585	-280.163	-232.665	5.05255
85 	25   	-299.126	-282.212	-232.665	6.71945
86 	25   	-304.863	-280.084	-232.665	11.0836
87 	25   	-289.654	-272.668	-232.665	5.29685
88 	25   	-306.909	-288.072	-232.665	9.92887
89 	25   	-293.956	-266.819	-232.665	6.35535
90 	25   	-276.948	-261.208	-232.665	5.87579
91 	25   	-301.891	-288.902	-232.665	8.48549
92 	25   	-290.612	-275.646	-232.665	5.15968
93 	25   	-305.42 	-279.882	-232.665	11.1931
94 	25   	-293.783	-275.92 	-232.665	7.22034
95 	25   	-294.325	-282.762	-232.665	5.872  
96 	25   	-287.451	-268.056	-232.665	5.58231
97 	25   	-300.657	-283.797	-232.665	10.1543
98 	25   	-290.007	-269.38 	-232.665	5.00294
99 	25   	-289.155	-278.868	-232.665	6.19459
gen	depth	min     	avg     	max     	std    
0  	25   	-292.323	-267.78 	-239.832	9.81708
1  	25   	-298.65 	-263.611	-239.209	9.74195
2  	25   	-290.271	-258.855	-230.18 	9.15507
3  	25   	-285.955	-259.885	-230.18 	9.33175
4  	25   	-287.667	-262.519	-230.18 	8.60689
5  	25   	-303.449	-268.282	-230.18 	12.1838
6  	25   	-296.651	-263.045	-230.18 	10.3301
7  	25   	-295.828	-265.102	-230.18 	9.60166
8  	25   	-294.035	-267.155	-230.18 	9.8593 
9  	25   	-300.524	-263.95 	-229.446	12.178 
10 	25   	-306.028	-265.554	-229.446	11.5894
11 	25   	-302.533	-273.087	-229.446	12.399 
12 	25   	-297.478	-270.393	-229.446	12.6381
13 	25   	-303.815	-267.425	-229.446	10.8241
14 	25   	-304.471	-272.247	-229.446	12.3882
15 	25   	-297.281	-268.804	-229.446	9.59804
16 	25   	-300.873	-269.661	-229.446	12.4658
17 	25   	-307.631	-277.683	-229.446	15.4764
18 	25   	-307.761	-281.221	-229.446	11.9223
19 	25   	-293.665	-267.715	-229.446	10.336 
20 	25   	-307.19 	-275.773	-229.446	12.6665
21 	25   	-293.063	-274.342	-229.446	9.74874
22 	25   	-296.303	-268.63 	-229.446	8.63626
23 	25   	-304.123	-268.3  	-229.446	10.1251
24 	25   	-313.263	-274.892	-229.446	13.2302
25 	25   	-306.744	-277.556	-229.446	12.1515
26 	25   	-310.842	-284.492	-229.446	12.4056
27 	25   	-305.71 	-274.208	-229.446	10.1504
28 	25   	-324.345	-286.599	-229.446	13.4254
29 	25   	-311.259	-277.44 	-229.446	11.4134
30 	25   	-300.509	-277.019	-229.446	9.28002
31 	25   	-299.092	-271.83 	-229.446	10.5869
32 	25   	-309.136	-279.673	-229.446	10.7941
33 	25   	-306.033	-273.957	-229.446	11.7182
34 	25   	-300.717	-263.673	-229.446	10.9749
35 	25   	-298.552	-268.237	-229.446	11.5448
36 	25   	-298.083	-272.206	-229.446	12.5724
37 	25   	-294.85 	-272.585	-229.446	8.96551
38 	25   	-298.211	-272.001	-229.446	10.1722
39 	25   	-307.609	-275.889	-229.446	13.687 
40 	25   	-308.17 	-284.386	-229.446	12.5921
41 	25   	-293.054	-272.05 	-229.446	9.34608
42 	25   	-302.074	-273.696	-229.446	10.9414
43 	25   	-300.902	-272.747	-229.446	9.94504
44 	25   	-306.3  	-270.184	-229.446	10.7284
45 	25   	-303.119	-275.154	-229.446	11.2602
46 	25   	-303.948	-276.716	-229.446	11.24  
47 	25   	-307.705	-283.251	-229.446	10.9705
48 	25   	-291.94 	-266.041	-229.446	12.557 
49 	25   	-296.618	-269.61 	-229.446	10.9065
50 	25   	-300.469	-274.789	-229.446	9.387  
51 	25   	-291.36 	-270.448	-229.446	8.95776
52 	25   	-296.637	-270.631	-229.446	10.1017
53 	25   	-294.045	-271.122	-229.446	9.58355
54 	25   	-299.601	-272.872	-229.446	9.33153
55 	25   	-303.414	-269.42 	-229.446	12.2135
56 	25   	-299.269	-265.695	-229.446	6.53151
57 	25   	-290.527	-260.481	-229.446	6.77341
58 	25   	-302.616	-277.66 	-229.446	10.5653
59 	25   	-311.914	-286.723	-229.446	12.9064
60 	25   	-299.728	-274.217	-229.446	7.96566
61 	25   	-301.192	-271.272	-229.446	10.5087
62 	25   	-287.69 	-259.686	-226.774	11.3439
63 	25   	-287.394	-268.522	-226.774	7.72858
64 	25   	-283.001	-265.226	-226.774	5.77934
65 	25   	-297.278	-277.563	-226.774	11.7722
66 	25   	-302.194	-268.841	-226.774	8.8684 
67 	25   	-290.518	-267.306	-226.774	5.94156
68 	25   	-300.168	-278.214	-226.774	7.43477
69 	25   	-292.623	-271.593	-226.774	6.66824
70 	25   	-287.454	-272.073	-226.774	7.67445
71 	25   	-303.77 	-279.201	-226.774	12.3897
72 	25   	-288.422	-274.867	-226.774	6.53204
73 	25   	-279.856	-259.906	-226.774	5.61862
74 	25   	-283.557	-270.5  	-226.774	8.01766
75 	25   	-278.269	-256.735	-226.774	5.21774
76 	25   	-307.104	-275.385	-226.774	11.7155
77 	25   	-290.429	-277.838	-226.774	7.40496
78 	25   	-293.606	-281.786	-226.774	5.91889
79 	25   	-284.332	-270.185	-226.774	5.80632
80 	25   	-280.511	-264.75 	-226.774	8.09282
81 	25   	-285.672	-271.21 	-226.774	5.56786
82 	25   	-303.739	-276.677	-226.774	8.75488
83 	25   	-298.591	-284.8  	-226.774	6.53285
84 	25   	-305.424	-295.278	-226.774	7.53253
85 	25   	-298.836	-249.911	-226.774	12.916 
86 	25   	-263.258	-250.069	-226.774	4.04324
87 	25   	-293.951	-273.208	-226.774	14.4997
88 	25   	-286.228	-265.216	-226.774	3.7973 
89 	25   	-284.96 	-274.999	-226.774	4.73615
90 	25   	-277.335	-269.024	-226.774	2.83063
91 	25   	-281.032	-272.295	-226.774	3.90142
92 	25   	-272.03 	-264.638	-226.774	2.92307
93 	25   	-266.967	-264.048	-226.774	1.72924
94 	25   	-275.658	-274.034	-226.774	3.73097
95 	25   	-295.391	-288.265	-226.774	7.29469
96 	25   	-290.155	-273.811	-226.774	5.64168
97 	25   	-273.05 	-256.614	-226.774	5.27836
98 	25   	-257.459	-253.398	-226.774	1.27037
99 	25   	-291.635	-281.716	-226.774	10.2353
gen	depth	min     	avg     	max     	std    
0  	25   	-302.456	-266.716	-243.865	9.35038
1  	25   	-285.867	-261.091	-242.174	7.82685
2  	25   	-296.37 	-261.699	-232.483	11.6481
3  	25   	-291.874	-261.461	-232.483	9.8366 
4  	25   	-293.746	-261.982	-232.483	11.5501
5  	25   	-297.176	-258.715	-232.483	11.4753
6  	25   	-298.038	-262.624	-232.483	9.45613
7  	25   	-303.219	-262.973	-232.483	11.549 
8  	25   	-292.577	-259.771	-232.483	10.2041
9  	25   	-293.388	-262.887	-232.483	11.3564
10 	25   	-291.441	-265.902	-232.483	11.4585
11 	25   	-294.264	-267.086	-232.483	9.68289
12 	25   	-303.537	-270.857	-232.483	11.4304
13 	25   	-299.801	-268.23 	-232.483	10.8978
14 	25   	-296.664	-265.776	-232.483	10.7387
15 	25   	-302.832	-273.343	-232.483	11.2843
16 	25   	-303.782	-277.831	-232.483	11.8337
17 	25   	-305.035	-276.434	-232.483	11.4228
18 	25   	-301.447	-270.571	-232.483	11.256 
19 	25   	-302.626	-272.062	-232.483	11.3413
20 	25   	-301.945	-273.618	-232.483	11.599 
21 	25   	-297.978	-272.732	-232.483	10.0302
22 	25   	-298.652	-273.482	-232.483	9.99281
23 	25   	-296.339	-275.202	-232.483	8.97655
24 	25   	-302.144	-277.167	-232.483	10.9846
25 	25   	-293.96 	-270.112	-232.483	9.24392
26 	25   	-301.051	-275.175	-232.483	11.0479
27 	25   	-303.844	-273.549	-232.483	11.327 
28 	25   	-312.886	-271.803	-232.483	10.9896
29 	25   	-302.204	-280.439	-232.483	10.8748
30 	25   	-295.324	-273.356	-232.483	9.66483
31 	25   	-297.602	-271.394	-232.483	8.58355
32 	25   	-294.756	-263.509	-232.483	11.6133
33 	25   	-291.57 	-263.777	-232.483	10.6209
34 	25   	-302.34 	-269.109	-232.483	11.102 
35 	25   	-292.514	-266.179	-232.458	11.7643
36 	25   	-303.012	-271.041	-232.458	10.6402
37 	25   	-296.146	-272.257	-232.458	10.2155
38 	25   	-300.579	-276.994	-232.458	11.7407
39 	25   	-304.13 	-280.06 	-232.458	11.1552
40 	25   	-312.932	-266.947	-232.458	12.7071
41 	25   	-305.097	-276.518	-232.458	12.5353
42 	25   	-311.356	-291.472	-232.458	13.9467
43 	25   	-303.694	-272.182	-232.458	8.53239
44 	25   	-307.874	-286.586	-232.458	13.0873
45 	25   	-297.335	-278.06 	-232.458	7.29892
46 	25   	-291.7  	-268.29 	-232.458	7.6779 
47 	25   	-296.613	-272.251	-232.458	13.6017
48 	25   	-306.352	-266.57 	-232.458	8.99291
49 	25   	-312.847	-275.995	-232.458	12.4382
50 	25   	-307.47 	-276.011	-232.458	15.7718
51 	25   	-295.167	-272.91 	-232.458	10.0076
52 	25   	-299.451	-273.487	-232.458	9.26811
53 	25   	-298.519	-275.676	-232.458	9.49852
54 	25   	-294.711	-271.861	-232.458	9.5397 
55 	25   	-310.754	-286.059	-232.458	11.6404
56 	25   	-299.832	-267.953	-232.458	7.62858
57 	25   	-285.129	-264.974	-232.458	8.32865
58 	25   	-298.902	-269.84 	-232.458	10.4778
59 	25   	-304.009	-275.096	-232.458	11.4935
60 	25   	-297.055	-269.742	-232.458	6.93398
61 	25   	-286.226	-268.21 	-232.458	7.20033
62 	25   	-285.28 	-271.24 	-232.458	6.87022
63 	25   	-292.394	-276.498	-232.458	8.16698
64 	25   	-295.89 	-275.144	-232.458	7.96356
65 	25   	-288.125	-267.716	-232.458	6.14399
66 	25   	-286.188	-269.752	-232.458	8.5635 
67 	25   	-283.359	-265.459	-232.458	6.57973
68 	25   	-320.016	-285.788	-232.458	15.4306
69 	25   	-304.824	-267.298	-232.458	8.55247
70 	25   	-304.546	-288.75 	-232.458	11.191 
71 	25   	-292.771	-268.932	-232.458	7.59935
72 	25   	-307.203	-280.169	-232.458	11.3054
73 	25   	-295.65 	-275.709	-232.458	10.409 
74 	25   	-304.216	-287.837	-232.458	11.1633
75 	25   	-313.379	-296.171	-232.458	8.86648
76 	25   	-299.024	-275.857	-232.458	9.01376
77 	25   	-296.69 	-266.348	-232.458	10.3524
78 	25   	-281.28 	-264.529	-232.458	5.20543
79 	25   	-274.244	-265.341	-232.458	4.27385
80 	25   	-267.805	-257.734	-232.458	3.89392
81 	25   	-274.235	-262.988	-232.458	6.35086
82 	25   	-276.439	-262.008	-232.458	7.84392
83 	25   	-286.686	-270.226	-232.458	7.3568 
84 	25   	-285.087	-271.974	-232.458	5.77113
85 	25   	-287.325	-267.186	-232.458	8.5741 
86 	25   	-279.633	-269.039	-232.458	7.29206
87 	25   	-282.012	-270.885	-232.458	7.32319
88 	25   	-304.879	-288.244	-232.458	10.9697
89 	25   	-298.306	-266.21 	-232.458	8.82958
90 	25   	-280.212	-261.629	-232.458	7.58636
91 	25   	-301.475	-274.382	-232.458	9.98325
92 	25   	-296.768	-279.5  	-232.458	6.95946
93 	25   	-295.357	-273.009	-232.458	8.11943
94 	25   	-274.113	-263.587	-232.458	4.92413
95 	25   	-287.981	-272.881	-232.458	5.81386
96 	25   	-295.121	-285.389	-232.458	7.63364
97 	25   	-291.886	-284.417	-232.458	4.48943
98 	25   	-297.109	-286.177	-232.458	4.4606 
99 	25   	-301.014	-289.136	-232.458	6.33884
gen	depth	min     	avg     	max     	std    
0  	25   	-296.974	-266.27 	-239.23 	10.3454
1  	25   	-295.384	-260.601	-235.017	9.66422
2  	25   	-282.287	-258.786	-235.017	7.90126
3  	25   	-287.688	-259.385	-235.017	8.87434
4  	25   	-301.05 	-259.452	-235.017	10.0998
5  	25   	-300.461	-263.049	-235.017	10.3821
6  	25   	-300.795	-266.431	-235.017	10.9948
7  	25   	-289.892	-265.032	-235.017	8.90088
8  	25   	-287.979	-265.421	-235.017	8.85917
9  	25   	-291.345	-265.791	-235.017	9.12161
10 	25   	-302.83 	-269.282	-235.017	12.3517
11 	25   	-295.804	-264.244	-235.017	10.683 
12 	25   	-301.211	-273.352	-232.033	14.2856
13 	25   	-304.216	-267.756	-232.033	10.9841
14 	25   	-307.305	-269.359	-232.033	12.2944
15 	25   	-310.245	-268.797	-232.033	10.5338
16 	25   	-308.832	-276.965	-232.033	12.2454
17 	25   	-302.307	-273.453	-232.033	10.4471
18 	25   	-304.029	-277.24 	-232.033	11.5014
19 	25   	-311.183	-274.268	-232.033	11.6562
20 	25   	-307.396	-274.154	-232.033	12.4995
21 	25   	-302.962	-271.437	-232.033	10.6212
22 	25   	-299.759	-271.974	-232.033	9.95747
23 	25   	-306.306	-273.958	-232.033	10.1309
24 	25   	-299.855	-266.435	-232.033	11.7104
25 	25   	-292.58 	-262.594	-232.033	7.93131
26 	25   	-296.882	-272.985	-232.033	10.2823
27 	25   	-286.515	-266.354	-232.033	7.75231
28 	25   	-306.679	-285.188	-232.033	13.7052
29 	25   	-307.165	-272.154	-232.033	10.7938
30 	25   	-294.861	-268.485	-232.033	8.01772
31 	25   	-308.463	-285.034	-232.033	10.9925
32 	25   	-305.502	-280.88 	-232.033	12.5246
33 	25   	-290.82 	-266.546	-232.033	11.8442
34 	25   	-298.231	-275.674	-232.033	10.4067
35 	25   	-312.892	-281.346	-232.033	11.5524
36 	25   	-291.582	-262.59 	-232.033	8.2138 
37 	25   	-299.139	-276.792	-232.033	10.576 
38 	25   	-303.025	-279.936	-232.033	10.4699
39 	25   	-305.462	-285.725	-232.033	10.1575
40 	25   	-289.153	-267.314	-232.033	7.5051 
41 	25   	-309.095	-272.212	-232.033	11.7264
42 	25   	-303.777	-276.802	-232.033	13.7303
43 	25   	-297.788	-274.412	-232.033	10.2148
44 	25   	-299.875	-269.293	-232.033	9.86157
45 	25   	-312.14 	-287.639	-232.033	13.5797
46 	25   	-299.258	-279.258	-232.033	9.38872
47 	25   	-302.95 	-278.685	-232.033	11.3956
48 	25   	-299.677	-270.326	-232.033	8.37524
49 	25   	-308.86 	-276.562	-232.033	12.7228
50 	25   	-311.325	-279.644	-232.033	10.6502
51 	25   	-292.907	-268.29 	-232.033	8.95528
52 	25   	-303.155	-280.48 	-232.033	12.1097
53 	25   	-300.604	-279.738	-232.033	7.7184 
54 	25   	-289.715	-265.169	-232.033	9.16374
55 	25   	-306.27 	-272.864	-232.033	11.052 
56 	25   	-300.039	-272.512	-232.033	9.38497
57 	25   	-309.937	-266.809	-232.033	11.6624
58 	25   	-287.602	-264.341	-232.033	6.29356
59 	25   	-285.819	-262.112	-232.033	8.09871
60 	25   	-293.991	-264.993	-232.033	8.34198
61 	25   	-292.658	-277.033	-232.033	7.54795
62 	25   	-292.779	-275.39 	-232.033	8.60655
63 	25   	-282.42 	-263.757	-232.033	7.64173
64 	25   	-301.476	-277.752	-232.033	9.75703
65 	25   	-312.473	-278.194	-232.033	8.36424
66 	25   	-291.561	-269.696	-232.033	7.91354
67 	25   	-289.673	-268.935	-232.033	7.18176
68 	25   	-302.851	-277.966	-232.033	7.913  
69 	25   	-282.741	-256.697	-232.033	10.0261
70 	25   	-289.52 	-268.426	-232.033	9.46158
71 	25   	-290.822	-269.419	-232.033	7.08115
72 	25   	-305.842	-291.592	-232.033	8.19019
73 	25   	-293.765	-274.78 	-232.033	6.92799
74 	25   	-300.379	-269.895	-232.033	9.18979
75 	25   	-291.691	-273.095	-232.033	10.7033
76 	25   	-295.686	-277.694	-232.033	8.28011
77 	25   	-288.705	-273.392	-232.033	5.05387
78 	25   	-295.563	-268.16 	-232.033	7.74125
79 	25   	-293.298	-266.567	-232.033	6.45785
80 	25   	-278.026	-257.636	-232.033	6.57614
81 	25   	-294.765	-282.225	-232.033	11.4563
82 	25   	-288.791	-266.893	-232.033	7.21445
83 	25   	-281.955	-269.57 	-232.033	5.84966
84 	25   	-279.617	-267.373	-232.033	5.00124
85 	25   	-272.08 	-260.737	-232.033	4.15546
86 	25   	-278.206	-260.918	-232.033	4.94639
87 	25   	-277.123	-263.318	-232.033	4.26695
88 	25   	-283.09 	-267.509	-232.033	5.33396
89 	25   	-293.466	-268.811	-232.033	6.83782
90 	25   	-294.568	-277.91 	-232.033	7.04838
91 	25   	-288.416	-264.503	-232.033	6.20177
92 	25   	-284.871	-269.594	-232.033	6.44855
93 	25   	-280.91 	-258.609	-232.033	5.39421
94 	25   	-264.942	-257.758	-232.033	3.75108
95 	25   	-282.63 	-261.093	-232.033	6.28619
96 	25   	-284.758	-274.018	-232.033	6.54813
97 	25   	-291.515	-272.913	-232.033	4.58676
98 	25   	-290.574	-279.407	-232.033	5.17193
99 	25   	-291.322	-276.642	-232.033	4.0607 
