gen	depth	min     	avg     	max     	std    
0  	60   	-329.559	-276.83 	-243.603	13.2233
1  	60   	-325.434	-271.04 	-243.603	11.7789
2  	60   	-304.033	-265.643	-237.226	10.98  
3  	60   	-307.972	-266.895	-237.226	11.6018
4  	60   	-326.48 	-275.021	-237.226	18.457 
5  	60   	-323.513	-270.094	-237.226	15.1282
6  	60   	-327.718	-270.065	-237.226	13.2514
7  	60   	-309.01 	-274.292	-237.226	12.3482
8  	60   	-326.672	-274.843	-237.226	14.8913
9  	60   	-322.49 	-275.246	-237.226	16.3413
10 	60   	-323.821	-276.861	-237.226	15.0876
11 	60   	-336.882	-280.36 	-237.226	13.4987
12 	60   	-327.595	-285.08 	-237.226	15.5452
13 	60   	-341.245	-287.226	-237.226	17.2374
14 	60   	-330.851	-285.121	-237.226	16.9997
15 	60   	-329.318	-282.707	-237.226	13.9095
16 	60   	-337.799	-285.96 	-237.226	17.0397
17 	60   	-334.968	-285.74 	-237.226	15.5435
18 	60   	-320.099	-284.426	-237.226	12.5766
19 	60   	-344.723	-289.852	-237.226	19.5206
20 	60   	-328.236	-284.074	-237.226	13.9494
21 	60   	-339.545	-289.772	-237.226	22.2647
22 	60   	-344.546	-295.876	-237.226	20.4609
23 	60   	-337.293	-291.991	-237.226	16.6927
24 	60   	-332.163	-287.181	-237.226	13.9822
25 	60   	-329.263	-282.998	-237.226	14.9116
26 	60   	-332.689	-279.539	-237.226	18.9478
27 	60   	-348.676	-307.365	-237.226	22.6781
28 	60   	-341.659	-296.659	-237.226	20.5144
29 	60   	-349.399	-285.829	-237.226	16.8862
30 	60   	-336.804	-293.488	-237.226	19.065 
31 	60   	-347.448	-306.059	-237.226	19.2749
32 	60   	-327.938	-286.633	-237.226	20.3103
33 	60   	-335.66 	-285.025	-237.226	19.2174
34 	60   	-351.876	-292.894	-237.226	19.0507
35 	60   	-333.468	-286.011	-237.226	18.4531
36 	60   	-330.306	-277.586	-237.226	12.3256
37 	60   	-354.158	-290.81 	-237.226	20.9387
38 	60   	-339.379	-314.055	-237.226	19.372 
39 	60   	-349.55 	-305.099	-237.226	19.6922
40 	60   	-317.221	-284.733	-237.226	9.07374
41 	60   	-328.843	-287.62 	-237.226	14.5129
42 	60   	-346.8  	-313.908	-237.226	17.3803
43 	60   	-324.756	-276.509	-237.226	16.5234
44 	60   	-320.186	-289.954	-237.226	16.4141
45 	60   	-308.657	-280.03 	-237.226	7.48094
46 	60   	-319.5  	-295.616	-237.226	13.0924
47 	60   	-327.364	-291.367	-237.226	12.4011
48 	60   	-328.149	-292.832	-237.096	20.9821
49 	60   	-325.028	-289.848	-237.096	11.0578
50 	60   	-346.975	-290.093	-237.096	14.6062
51 	60   	-349.429	-275.275	-237.096	12.3126
52 	60   	-319.437	-291.5  	-237.096	11.0594
53 	60   	-343.986	-327.465	-237.096	19.4752
54 	60   	-344.886	-310.317	-237.096	11.8835
55 	60   	-314.246	-292.634	-237.096	8.24001
56 	60   	-319.573	-301.223	-237.096	11.3166
57 	60   	-307.214	-279.686	-237.096	8.6501 
58 	60   	-301.835	-283.748	-237.096	7.10056
59 	60   	-312.478	-290.686	-237.096	9.33409
60 	60   	-308.237	-291.529	-237.096	8.66347
61 	60   	-361.584	-343.923	-237.096	22.1351
62 	60   	-355.119	-292.399	-237.096	17.3422
63 	60   	-330.816	-300.1  	-237.096	14.2944
64 	60   	-326.069	-292.565	-237.096	14.5432
65 	60   	-321.69 	-297.513	-237.096	12.0795
66 	60   	-308.037	-287.067	-237.096	7.60068
67 	60   	-318.764	-289.997	-237.096	15.8035
68 	60   	-306.7  	-275.018	-237.096	6.31787
69 	60   	-329.091	-311.586	-237.096	12.8936
70 	60   	-326.036	-311.546	-237.096	16.4849
71 	60   	-324.669	-304.855	-237.096	9.61549
72 	60   	-323.691	-307.966	-237.096	7.81073
73 	60   	-340.711	-321.508	-237.096	14.3019
74 	60   	-325.092	-293.174	-237.096	11.3892
75 	60   	-331.95 	-295.001	-237.096	18.1978
76 	60   	-306.329	-279.176	-237.096	5.47688
77 	60   	-325.282	-285.475	-237.096	9.73566
78 	60   	-296.334	-274.208	-237.096	6.7582 
79 	60   	-348.942	-324.923	-237.096	20.8918
80 	60   	-335.912	-292.676	-237.096	11.1938
81 	60   	-302.961	-288.07 	-237.096	4.04425
82 	60   	-322.805	-294.176	-237.096	12.4161
83 	60   	-313.822	-300.793	-237.096	7.23722
84 	60   	-345.729	-307.343	-237.096	11.3457
85 	60   	-306.231	-292.005	-237.096	6.06642
86 	60   	-331.222	-299.992	-237.096	9.21935
87 	60   	-300.929	-266.314	-237.096	8.05396
88 	60   	-294.127	-270.75 	-237.096	3.91544
89 	60   	-316.955	-291.607	-237.096	11.834 
90 	60   	-324.92 	-286.888	-237.096	6.49758
91 	60   	-321.227	-303.718	-237.096	9.87701
92 	60   	-326.789	-312.101	-237.096	7.93849
93 	60   	-316.776	-300.475	-237.096	4.44364
94 	60   	-299.964	-282.343	-237.096	5.16726
95 	60   	-284.787	-282.488	-237.096	2.38387
96 	60   	-288.853	-284.353	-237.096	3.21178
97 	60   	-306.544	-299.674	-237.096	6.77223
98 	60   	-301.718	-276.822	-237.096	6.91531
99 	60   	-304.447	-299.66 	-237.096	9.06945
gen	depth	min     	avg     	max     	std    
0  	60   	-325.556	-278.209	-249.368	12.8963
1  	60   	-322.713	-273.365	-239.981	11.7646
2  	60   	-308.668	-268.868	-239.981	11.1632
3  	60   	-309.709	-270.351	-239.981	13.0958
4  	60   	-314.142	-269.114	-238.456	13.766 
5  	60   	-308.083	-270.549	-238.456	13.4943
6  	60   	-329.207	-275.273	-238.456	17.3274
7  	60   	-331.88 	-276.738	-237.622	18.1156
8  	60   	-319.601	-270.753	-237.342	16.2191
9  	60   	-330.516	-279.742	-237.342	15.7485
10 	60   	-321.961	-280.112	-237.342	16.1897
11 	60   	-317.427	-276.356	-237.342	14.2506
12 	60   	-322.21 	-274.038	-237.342	15.2428
13 	60   	-330.085	-277.314	-237.342	15.2734
14 	60   	-340.488	-282.784	-237.342	18.15  
15 	60   	-335.71 	-283.909	-237.342	16.6644
16 	60   	-323.822	-283.507	-237.342	14.1039
17 	60   	-342.561	-294.705	-237.342	18.7717
18 	60   	-340.012	-298.322	-237.342	21.4461
19 	60   	-338.002	-304.792	-237.342	17.6293
20 	60   	-332.14 	-291.049	-237.342	15.7966
21 	60   	-336.324	-290.76 	-237.342	14.5432
22 	60   	-342.115	-300.772	-237.342	14.8337
23 	60   	-334.103	-280.586	-237.342	19.6662
24 	60   	-326.347	-279.889	-237.342	16.2844
25 	60   	-322.297	-293.316	-237.342	14.8576
26 	60   	-346.445	-302.405	-237.342	17.9468
27 	60   	-331.849	-293.224	-237.342	16.4632
28 	60   	-327.366	-285.357	-237.342	15.3673
29 	60   	-329.518	-287.314	-237.342	14.19  
30 	60   	-301.991	-269.071	-237.342	13.4525
31 	60   	-300.926	-267.336	-237.342	9.61008
32 	60   	-302.519	-274.505	-237.342	9.16448
33 	60   	-322.439	-285.334	-237.342	15.0576
34 	60   	-318.042	-296.333	-237.342	11.0072
35 	60   	-340.572	-297.66 	-237.342	10.0944
36 	60   	-340.371	-290.725	-237.342	23.7355
37 	60   	-318.701	-293.716	-237.342	8.55967
38 	60   	-308.315	-275.154	-237.342	7.56188
39 	60   	-351.516	-335.96 	-237.342	22.6006
40 	60   	-343.245	-277.007	-237.342	19.266 
41 	60   	-342.168	-296.471	-237.342	11.1853
42 	60   	-307.328	-277.439	-237.342	5.82283
43 	60   	-325.847	-313.548	-237.342	11.7498
44 	60   	-317.189	-284.331	-237.342	10.5282
45 	60   	-343.83 	-301.132	-237.342	10.5409
46 	60   	-311.981	-279.93 	-237.342	7.75595
47 	60   	-337.508	-323.114	-237.342	17.1922
48 	60   	-331.821	-263.139	-237.342	16.0951
49 	60   	-321.887	-296.149	-237.342	18.1269
50 	60   	-310.171	-269.833	-237.342	6.8518 
51 	60   	-329.051	-281.221	-237.342	11.9635
52 	60   	-338.751	-297.074	-237.342	12.9094
53 	60   	-310.637	-281.798	-237.342	6.48243
54 	60   	-334.554	-320.754	-237.342	13.034 
55 	60   	-325.508	-295.895	-237.342	11.7706
56 	60   	-329.661	-309.474	-237.342	9.88973
57 	60   	-317.226	-300.473	-237.342	17.9589
58 	60   	-313.085	-266.831	-237.342	12.3687
59 	60   	-325.61 	-295.242	-237.342	16.0447
60 	60   	-316.814	-290.829	-237.342	12.5915
61 	60   	-321.804	-307.681	-237.342	10.6073
62 	60   	-334.503	-303.681	-237.342	11.7112
63 	60   	-326.206	-286.611	-237.342	11.9289
64 	60   	-299.512	-280.878	-237.342	6.98279
65 	60   	-360.733	-324.047	-237.342	20.7305
66 	60   	-334.187	-281.09 	-237.342	13.8533
67 	60   	-305.888	-266.581	-237.342	6.78344
68 	60   	-322.261	-302.971	-237.342	15.4118
69 	60   	-315.008	-292.045	-237.342	10.1385
70 	60   	-298.113	-280.092	-237.342	7.09598
71 	60   	-288.172	-273.672	-237.342	6.34004
72 	60   	-294.863	-282.508	-237.342	10.6845
73 	60   	-307.542	-280.866	-237.342	10.3765
74 	60   	-306.987	-270.691	-237.342	16.8687
75 	60   	-282.411	-266.376	-237.342	6.23238
76 	60   	-294.186	-280.07 	-237.342	7.22048
77 	60   	-333.118	-295.286	-237.342	13.8771
78 	60   	-307.817	-273.234	-237.342	11.9332
79 	60   	-348.317	-323.667	-237.342	22.5035
80 	60   	-329.576	-309.437	-237.342	7.74274
81 	60   	-325.997	-290.154	-237.342	10.2078
82 	60   	-310.043	-290.572	-237.342	8.18808
83 	60   	-295.95 	-285.455	-237.342	4.31196
84 	60   	-315.472	-284.92 	-237.342	13.4504
85 	60   	-324.618	-294.414	-237.342	12.7747
86 	60   	-318.002	-304.072	-237.342	11.4553
87 	60   	-327.881	-312.882	-237.342	9.68114
88 	60   	-332.472	-319.624	-237.342	11.1901
89 	60   	-328.423	-295.893	-237.342	9.34531
90 	60   	-317.98 	-309.864	-237.342	7.43616
91 	60   	-317.074	-286.893	-237.342	14.047 
92 	60   	-282.379	-271.329	-237.342	4.95499
93 	60   	-321.136	-290.152	-237.342	13.5538
94 	60   	-310.921	-270.348	-237.342	7.36961
95 	60   	-304.276	-266.167	-237.342	6.96044
96 	60   	-320.168	-307.763	-237.342	13.916 
97 	60   	-343.858	-311.428	-237.342	11.3096
98 	60   	-311.638	-274.797	-237.342	11.3176
99 	60   	-282.186	-271.747	-237.342	4.84068
gen	depth	min     	avg     	max     	std    
0  	60   	-333.733	-279.307	-249.1  	14.1327
1  	60   	-327.855	-272.623	-239.495	12.2216
2  	60   	-326.572	-271.236	-239.495	14.2309
3  	60   	-330.083	-270.937	-239.495	13.2201
4  	60   	-313.395	-270.475	-239.495	12.3823
5  	60   	-327.325	-271.838	-239.495	14.6132
6  	60   	-322.521	-271.75 	-239.495	14.9346
7  	60   	-338.437	-274.397	-239.495	14.0229
8  	60   	-338.437	-275.904	-239.495	15.9919
9  	60   	-326.396	-276.119	-239.495	15.4179
10 	60   	-336.737	-279.612	-239.495	17.5754
11 	60   	-328.164	-282.347	-235.432	19.9572
12 	60   	-339.013	-287.493	-235.432	20.1853
13 	60   	-338.461	-280.677	-235.432	17.1272
14 	60   	-327.477	-283.447	-235.432	13.6047
15 	60   	-346.722	-287.288	-235.432	18.0494
16 	60   	-327.42 	-282.674	-235.432	15.2227
17 	60   	-344.76 	-295.263	-235.432	22.7465
18 	60   	-333.525	-285.033	-235.432	13.995 
19 	60   	-347.144	-292.712	-235.432	14.3958
20 	60   	-337.82 	-293.452	-235.432	13.8619
21 	60   	-349.15 	-297.722	-235.432	20.88  
22 	60   	-362.462	-296.817	-235.432	22.8832
23 	60   	-341.422	-297.815	-235.432	22.0346
24 	60   	-330.359	-287.435	-235.432	12.535 
25 	60   	-334.293	-285.416	-235.432	16.8815
26 	60   	-340.329	-299.708	-235.432	22.148 
27 	60   	-339.835	-297.712	-235.432	17.4482
28 	60   	-308.632	-278.221	-235.432	11.274 
29 	60   	-333.14 	-297.523	-235.432	17.4673
30 	60   	-346.133	-282.698	-235.432	14.9805
31 	60   	-333.796	-294.138	-235.432	19.3437
32 	60   	-318.166	-283.32 	-235.432	11.8857
33 	60   	-336.93 	-287.665	-235.432	17.283 
34 	60   	-339.961	-303.674	-235.432	19.3506
35 	60   	-339.785	-295.927	-235.432	12.4264
36 	60   	-318.985	-278.439	-235.432	15.096 
37 	60   	-344.769	-302.434	-235.432	23.4987
38 	60   	-331.608	-289.105	-235.432	18.1814
39 	60   	-337.094	-289.748	-235.432	14.598 
40 	60   	-328.124	-300.667	-235.432	20.0523
41 	60   	-319.89 	-282.721	-235.432	10.9801
42 	60   	-352.095	-313.403	-235.432	19.078 
43 	60   	-313.194	-276.781	-235.432	10.4651
44 	60   	-327.242	-296.073	-235.432	13.6848
45 	60   	-334.743	-309.7  	-235.432	15.6744
46 	60   	-333.165	-300.839	-235.432	15.1633
47 	60   	-313.498	-281.629	-235.432	11.1542
48 	60   	-340.581	-313.123	-235.432	18.2511
49 	60   	-337.234	-296.956	-235.432	15.5197
50 	60   	-326.19 	-282.049	-235.432	13.8316
51 	60   	-330.485	-303.973	-235.432	13.9437
52 	60   	-341.175	-274.698	-235.432	17.8354
53 	60   	-318.974	-288.075	-235.432	12.9778
54 	60   	-333.764	-298.688	-235.432	16.6854
55 	60   	-330.914	-288.686	-235.432	11.0924
56 	60   	-301.362	-274.099	-235.432	8.31557
57 	60   	-347.069	-325.179	-235.432	20.4794
58 	60   	-331.878	-286.083	-235.432	12.4161
59 	60   	-303.514	-275.013	-235.432	11.5882
60 	60   	-336.676	-303.575	-235.432	21.0166
61 	60   	-322.691	-288.35 	-235.432	11.1781
62 	60   	-321.007	-287.883	-235.432	9.89836
63 	60   	-350.936	-327.507	-235.432	23.0218
64 	60   	-339.79 	-282.216	-235.432	13.1678
65 	60   	-307.151	-283.647	-235.432	9.60171
66 	60   	-291.737	-272.234	-235.432	7.3051 
67 	60   	-323.924	-287.492	-235.432	16.6538
68 	60   	-293.156	-276.034	-235.432	5.01668
69 	60   	-332.281	-296.497	-235.432	12.6329
70 	60   	-323.968	-288.781	-235.432	12.2917
71 	60   	-344.451	-311.851	-235.432	16.0969
72 	60   	-325.823	-273.113	-235.432	18.3891
73 	60   	-294.87 	-277.853	-235.432	8.3502 
74 	60   	-338.377	-323.464	-235.432	15.9284
75 	60   	-329.249	-279.42 	-235.432	16.1912
76 	60   	-315.373	-263.621	-235.432	5.425  
77 	60   	-290.211	-278.271	-235.432	10.9346
78 	60   	-321.075	-297.376	-235.432	12.3155
79 	60   	-332.303	-309.707	-235.432	10.1859
80 	60   	-337.385	-326.226	-235.432	9.86948
81 	60   	-330.954	-290.263	-235.432	18.2118
82 	60   	-304.337	-264.408	-235.432	7.81473
83 	60   	-311.911	-287.182	-235.432	11.8747
84 	60   	-297.876	-257.833	-235.432	8.43716
85 	60   	-298.994	-278.447	-235.432	12.8103
86 	60   	-325.062	-286.916	-235.432	17.9047
87 	60   	-334.666	-305.778	-235.432	11.434 
88 	60   	-309.632	-284.244	-235.432	10.6843
89 	60   	-324.169	-303.29 	-235.432	16.5567
90 	60   	-315.82 	-287.896	-235.432	5.34991
91 	60   	-294.186	-267.227	-235.432	8.85419
92 	60   	-320.289	-306.864	-235.432	17.31  
93 	60   	-326.361	-292.472	-235.432	14.1726
94 	60   	-306.072	-273.948	-235.432	6.41589
95 	60   	-305.517	-296.187	-235.432	9.33187
96 	60   	-300.693	-282.926	-235.432	7.11324
97 	60   	-306.927	-296.406	-235.432	7.05137
98 	60   	-299.867	-285.248	-235.432	5.11483
99 	60   	-296.657	-276.273	-235.432	5.1349 
gen	depth	min     	avg     	max     	std    
0  	60   	-329.059	-279.644	-251.025	13.6088
1  	60   	-312.895	-272.47 	-246.156	11.5735
2  	60   	-307.874	-270.117	-236.538	11.4691
3  	60   	-319.562	-270.984	-236.538	13.368 
4  	60   	-313.829	-272.908	-236.538	13.3164
5  	60   	-315.744	-275.112	-236.538	14.6395
6  	60   	-318.628	-273.23 	-236.538	14.0657
7  	60   	-334.967	-276.003	-236.538	15.0754
8  	60   	-321.213	-278.792	-236.538	14.2301
9  	60   	-323.26 	-276.191	-236.538	17.155 
10 	60   	-345.963	-280.078	-236.538	17.2283
11 	60   	-319.73 	-277.897	-236.538	12.79  
12 	60   	-318.134	-273.395	-236.538	14.3846
13 	60   	-333.568	-278.659	-236.538	12.3436
14 	60   	-310.972	-281.502	-236.538	14.5383
15 	60   	-351.543	-293.039	-236.538	23.8329
16 	60   	-347.097	-288.148	-236.538	18.9154
17 	60   	-347.494	-282.658	-236.538	16.543 
18 	60   	-321.801	-268.937	-236.538	13.8512
19 	60   	-303.729	-277.426	-236.538	12.3849
20 	60   	-335.715	-293.636	-236.538	18.062 
21 	60   	-322.511	-285.493	-236.538	13.45  
22 	60   	-324.643	-284.217	-236.538	12.3092
23 	60   	-330.292	-288.637	-236.538	16.4962
24 	60   	-323.887	-286.919	-236.538	15.1968
25 	60   	-329.524	-283.517	-236.538	14.8269
26 	60   	-351.526	-314.843	-236.538	25.3364
27 	60   	-335.568	-288.886	-236.538	15.5157
28 	60   	-336.856	-286.577	-236.538	15.1189
29 	60   	-321.597	-280.236	-236.538	12.6932
30 	60   	-312.6  	-278.111	-236.538	9.89998
31 	60   	-336.858	-290.393	-236.538	18.2043
32 	60   	-342.481	-302.296	-236.538	23.0685
33 	60   	-328.151	-288.844	-236.538	12.0827
34 	60   	-320.824	-300.284	-236.538	12.1981
35 	60   	-339.101	-288.653	-236.538	16.3447
36 	60   	-335.093	-297.336	-236.538	21.1927
37 	60   	-331.984	-298.69 	-236.538	14.2561
38 	60   	-348.621	-284.583	-236.538	16.4468
39 	60   	-331.348	-286.207	-236.538	16.2159
40 	60   	-330.153	-293.196	-236.538	15.0972
41 	60   	-349.181	-293.459	-236.538	20.6442
42 	60   	-335.49 	-290.161	-236.538	12.579 
43 	60   	-323.537	-299.115	-236.538	17.3945
44 	60   	-320.269	-288.42 	-236.538	17.1225
45 	60   	-323.279	-287.423	-236.538	11.2512
46 	60   	-304.274	-273.112	-236.538	11.7653
47 	60   	-330.226	-299.678	-236.538	17.8348
48 	60   	-338.073	-298.787	-236.538	16.9519
49 	60   	-320.973	-277.929	-236.538	17.0967
50 	60   	-346.843	-299.459	-236.538	18.9424
51 	60   	-326.491	-292.838	-236.538	14.061 
52 	60   	-309.389	-278.991	-236.538	11.3292
53 	60   	-309.415	-272.198	-236.538	9.88963
54 	60   	-343.622	-300.464	-236.538	17.9405
55 	60   	-309.742	-277.91 	-236.538	16.0122
56 	60   	-327.42 	-299.307	-236.538	20.3202
57 	60   	-328.065	-288.374	-236.538	15.2328
58 	60   	-340.518	-290.501	-236.538	19.2058
59 	60   	-336.36 	-291.75 	-236.538	16.7296
60 	60   	-324.028	-293.075	-236.538	15.4619
61 	60   	-334.721	-289.969	-236.538	17.1347
62 	60   	-312.882	-287.967	-236.538	10.3599
63 	60   	-325.712	-286.604	-236.538	15.7687
64 	60   	-312.396	-278.772	-236.538	9.14257
65 	60   	-316.114	-289.901	-236.538	10.3145
66 	60   	-342.342	-284.204	-236.538	12.7303
67 	60   	-338.762	-295.796	-236.538	20.9976
68 	60   	-334.598	-290.348	-236.538	19.9838
69 	60   	-292.59 	-274.568	-236.538	9.79041
70 	60   	-332.112	-274.377	-236.538	9.77106
71 	60   	-335.585	-310.947	-236.538	16.1892
72 	60   	-331.517	-311.223	-236.538	9.79591
73 	60   	-343.883	-282.547	-236.538	13.8241
74 	60   	-315.883	-289.952	-236.538	9.20067
75 	60   	-309.064	-282.759	-236.538	6.01025
76 	60   	-320.507	-268.238	-236.538	6.62311
77 	60   	-333.177	-277.733	-236.538	12.804 
78 	60   	-321.758	-278.107	-236.538	6.8939 
79 	60   	-309.123	-280.269	-236.538	7.20099
80 	60   	-335.276	-315.365	-236.538	17.8254
81 	60   	-325.782	-284.153	-236.538	6.89239
82 	60   	-312.758	-295.275	-236.538	7.8998 
83 	60   	-298.609	-274.747	-236.538	5.92847
84 	60   	-309.282	-294.439	-236.538	8.66459
85 	60   	-332.515	-320.706	-236.538	12.3789
86 	60   	-328.725	-290.938	-236.538	14.4925
87 	60   	-303.172	-268.953	-236.538	8.10718
88 	60   	-301.181	-284.321	-236.538	9.42013
89 	60   	-299.186	-290.254	-236.538	5.37117
90 	60   	-292.669	-271.609	-236.538	6.05346
91 	60   	-300.809	-262.817	-236.538	3.55761
92 	60   	-289.364	-264.746	-236.538	3.83101
93 	60   	-295.612	-287.368	-236.538	9.32353
94 	60   	-337.515	-328.445	-236.538	14.0774
95 	60   	-333.28 	-288.572	-236.538	11.9411
96 	60   	-314.328	-299.447	-236.538	7.78855
97 	60   	-313.701	-299.358	-236.538	5.71458
98 	60   	-323.559	-315.114	-236.538	12.7728
99 	60   	-327.839	-304.569	-236.538	14.5969
gen	depth	min     	avg     	max     	std    
0  	60   	-333.395	-280.044	-245.684	15.5111
1  	60   	-333.488	-273.561	-242.408	15.1324
2  	60   	-313.782	-267.88 	-242.408	10.3061
3  	60   	-320.822	-270.783	-242.408	11.8444
4  	60   	-317.048	-273.243	-242.408	14.2976
5  	60   	-314.452	-273.289	-242.408	15.3507
6  	60   	-332.391	-272.453	-242.408	14.529 
7  	60   	-322.976	-277.022	-237.883	15.082 
8  	60   	-350.953	-276.947	-234.156	17.3162
9  	60   	-342.404	-275.573	-234.156	15.4856
10 	60   	-338.84 	-275.304	-234.156	14.6715
11 	60   	-322.791	-274.156	-234.156	14.0942
12 	60   	-333.597	-285.898	-234.156	16.0361
13 	60   	-342.52 	-286.203	-234.156	18.4608
14 	60   	-335.834	-284.635	-234.156	18.597 
15 	60   	-338.62 	-285.009	-234.156	18.0037
16 	60   	-325.491	-280.214	-234.156	13.4383
17 	60   	-326.133	-286.191	-234.156	14.8971
18 	60   	-334.732	-290.188	-234.156	17.8911
19 	60   	-334.894	-283.836	-234.156	15.4964
20 	60   	-336.283	-288.765	-234.156	19.3546
21 	60   	-326.218	-283.479	-234.156	13.0174
22 	60   	-329.519	-285.239	-234.156	12.65  
23 	60   	-329.758	-281.554	-234.156	14.9587
24 	60   	-331.984	-295.313	-234.156	20.9429
25 	60   	-321.983	-284.775	-234.156	13.1784
26 	60   	-334.585	-286.142	-234.156	13.3311
27 	60   	-332.166	-282.035	-234.156	19.0164
28 	60   	-350.025	-305.104	-234.156	24.1564
29 	60   	-322.391	-284.303	-234.156	16.7955
30 	60   	-330.303	-292.616	-234.156	17.5148
31 	60   	-328.82 	-287.057	-234.156	15.9722
32 	60   	-335.723	-294.568	-234.156	19.5417
33 	60   	-340.924	-296.799	-234.156	16.0963
34 	60   	-335.513	-282.811	-234.156	14.7452
35 	60   	-337.342	-292.695	-234.156	14.9419
36 	60   	-332.932	-289.578	-234.156	17.4167
37 	60   	-345.829	-314.966	-234.156	15.7951
38 	60   	-325.405	-290.117	-234.156	13.5618
39 	60   	-318.907	-283.588	-234.156	11.0301
40 	60   	-319.069	-285.307	-234.156	13.1461
41 	60   	-327.219	-285.538	-234.156	14.9696
42 	60   	-322.493	-285.783	-234.156	12.1411
43 	60   	-317.121	-282.735	-234.156	9.56092
44 	60   	-315.024	-289.156	-234.156	10.2651
45 	60   	-317.681	-279.146	-234.156	11.323 
46 	60   	-337.376	-303.815	-234.156	21.418 
47 	60   	-322.261	-290.981	-234.156	13.1896
48 	60   	-343.232	-291.695	-234.156	13.5675
49 	60   	-332.335	-286.373	-234.156	8.60106
50 	60   	-328.26 	-287.003	-234.156	10.9109
51 	60   	-348.604	-315.576	-234.156	15.4498
52 	60   	-325.872	-284.193	-234.156	8.873  
53 	60   	-322.407	-281.44 	-234.156	8.9517 
54 	60   	-316.335	-298.017	-234.156	13.6343
55 	60   	-305.72 	-277.385	-234.156	8.02959
56 	60   	-290.804	-269.815	-234.156	6.10548
57 	60   	-326.207	-304.688	-234.156	14.5076
58 	60   	-326.594	-285.371	-234.156	16.7599
59 	60   	-329.285	-295.96 	-234.156	11.4985
60 	60   	-333.121	-309.701	-234.156	10.4743
61 	60   	-351.528	-331.181	-234.156	11.9006
62 	60   	-338.757	-276.587	-234.156	18.8665
63 	60   	-306.992	-275.632	-234.156	10.9672
64 	60   	-329.832	-289.474	-234.156	15.2379
65 	60   	-333.454	-290.767	-234.156	9.70812
66 	60   	-300.275	-284.965	-234.156	10.324 
67 	60   	-302.43 	-279.59 	-234.156	7.55822
68 	60   	-303.315	-276.456	-234.156	10.1666
69 	60   	-293.39 	-266.52 	-234.156	9.23627
70 	60   	-310.534	-286.613	-234.156	11.033 
71 	60   	-302.652	-275.403	-234.156	5.39085
72 	60   	-281.78 	-264.064	-234.156	5.52945
73 	60   	-309.116	-291.288	-234.156	13.4355
74 	60   	-327.56 	-299.587	-234.156	14.3692
75 	60   	-323.751	-303.294	-234.156	6.88945
76 	60   	-319.739	-288.788	-234.156	14.7862
77 	60   	-331.309	-312.983	-234.156	13.7244
78 	60   	-325.433	-272.624	-234.156	12.4096
79 	60   	-310.454	-291.122	-234.156	12.2907
80 	60   	-333.186	-306.787	-234.156	16.4853
81 	60   	-325.26 	-287.909	-234.156	17.0719
82 	60   	-308.863	-295.111	-234.156	10.2735
83 	60   	-302.985	-264.752	-234.156	10.8783
84 	60   	-322.341	-300.248	-234.156	16.2583
85 	60   	-304.895	-281.519	-234.156	10.5097
86 	60   	-290.944	-271.15 	-234.156	4.42477
87 	60   	-285.001	-279.165	-234.156	4.56202
88 	60   	-281.226	-263.564	-234.156	5.53916
89 	60   	-310.843	-302.505	-234.156	12.2756
90 	60   	-344.971	-317.198	-234.156	10.3684
91 	60   	-319.548	-279.216	-234.156	8.8079 
92 	60   	-303.19 	-282.591	-234.156	6.60906
93 	60   	-331.454	-294.67 	-234.156	7.46806
94 	60   	-315.088	-274.093	-234.156	10.9583
95 	60   	-317.783	-280.862	-234.156	5.46258
96 	60   	-292.017	-284.064	-234.156	4.13829
97 	60   	-337.371	-327.054	-234.156	13.5423
98 	60   	-333.731	-322.198	-234.156	7.9077 
99 	60   	-323.291	-269.501	-234.156	17.0492
gen	depth	min     	avg     	max     	std    
0  	60   	-335.142	-279.406	-246.298	14.1417
1  	60   	-318.631	-272.838	-245.915	11.8986
2  	60   	-328.388	-271.911	-244.853	13.0845
3  	60   	-316.655	-271.709	-244.853	12.7882
4  	60   	-324.826	-272.454	-244.853	13.1434
5  	60   	-314.02 	-271.225	-241.238	14.2563
6  	60   	-340.562	-272.858	-241.238	18.8563
7  	60   	-312.68 	-272.964	-241.238	13.0676
8  	60   	-332.244	-278.165	-241.238	16.8964
9  	60   	-327.458	-278.7  	-241.238	16.8546
10 	60   	-313.831	-277.265	-241.238	13.1657
11 	60   	-329.925	-277.468	-241.238	14.7043
12 	60   	-323.435	-277.843	-241.238	12.1692
13 	60   	-327.818	-275.792	-241.238	12.2782
14 	60   	-331.054	-291.794	-241.238	18.0781
15 	60   	-348.489	-296.328	-241.238	21.4761
16 	60   	-344.06 	-289.077	-241.238	18.4584
17 	60   	-335.199	-282.504	-241.238	15.1406
18 	60   	-324.505	-278.973	-241.238	16.8686
19 	60   	-343.142	-286.887	-241.238	22.2486
20 	60   	-348.956	-277.011	-241.238	15.1275
21 	60   	-346.47 	-283.847	-241.238	14.1087
22 	60   	-346.076	-282.162	-241.238	19.8033
23 	60   	-340.606	-286.424	-241.238	15.9647
24 	60   	-342.29 	-293.534	-241.238	17.5505
25 	60   	-344.601	-289.859	-241.238	16.1838
26 	60   	-338.292	-273.463	-241.238	14.2366
27 	60   	-333.525	-291.872	-241.238	19.8421
28 	60   	-318.488	-283.443	-241.238	13.7388
29 	60   	-332.054	-298.339	-241.238	15.6151
30 	60   	-342.972	-296.227	-241.238	18.5586
31 	60   	-324.273	-281.872	-241.238	12.1735
32 	60   	-339.233	-296.874	-241.238	18.7926
33 	60   	-332.52 	-295.703	-241.238	16.1557
34 	60   	-344.386	-303.403	-241.238	17.9994
35 	60   	-318.552	-277.54 	-241.238	11.2753
36 	60   	-332.835	-293.678	-241.238	15.9858
37 	60   	-338.302	-300.778	-241.238	20.7221
38 	60   	-329.745	-284.99 	-241.238	13.3482
39 	60   	-313.485	-269.358	-241.238	11.7719
40 	60   	-302.275	-279.688	-241.238	9.69362
41 	60   	-319.565	-283.29 	-241.238	11.045 
42 	60   	-310.749	-295.592	-241.238	9.0167 
43 	60   	-297.828	-273.55 	-241.238	8.4198 
44 	60   	-329.949	-295.845	-241.238	12.2417
45 	60   	-298.823	-265.877	-240.711	10.7932
46 	60   	-318.856	-295.869	-240.711	12.3968
47 	60   	-315.633	-294.413	-240.711	9.07424
48 	60   	-355.041	-310.337	-240.711	18.5802
49 	60   	-326.619	-293.348	-240.711	9.2477 
50 	60   	-331.74 	-315.838	-240.711	9.79986
51 	60   	-319.497	-278.574	-240.711	12.4013
52 	60   	-295.264	-277.221	-240.711	8.63718
53 	60   	-314.16 	-281.937	-240.711	8.3302 
54 	60   	-329.632	-293.387	-240.711	11.3902
55 	60   	-312.686	-294.657	-240.711	8.12616
56 	60   	-325.058	-306.528	-240.711	8.629  
57 	60   	-325.595	-290.978	-240.711	9.42038
58 	60   	-306.831	-291.509	-240.711	7.34402
59 	60   	-303.891	-290.102	-240.711	6.2565 
60 	60   	-317.164	-284.843	-240.711	11.9268
61 	60   	-300.29 	-287.795	-240.711	6.23208
62 	60   	-338.704	-307.91 	-240.711	15.8652
63 	60   	-316.085	-296    	-240.711	7.8394 
64 	60   	-320.822	-290.65 	-240.711	9.14274
65 	60   	-291.961	-279.571	-240.711	5.063  
66 	60   	-292.211	-281.193	-240.711	5.05595
67 	60   	-340.542	-324.724	-240.711	18.1788
68 	60   	-333.561	-279.18 	-240.711	14.3776
69 	60   	-296.062	-277.789	-240.711	8.12522
70 	60   	-330.07 	-303.062	-240.711	15.1974
71 	60   	-312.264	-283.609	-240.711	5.61947
72 	60   	-303.567	-294.557	-240.711	6.195  
73 	60   	-325.72 	-298.039	-240.711	10.2343
74 	60   	-313.013	-285.75 	-240.711	6.39367
75 	60   	-319.015	-305.644	-240.711	10.3155
76 	60   	-342.038	-318.638	-240.711	17.8018
77 	60   	-331.621	-285.272	-240.711	9.74226
78 	60   	-301.96 	-286.765	-240.711	6.93441
79 	60   	-313.079	-292.06 	-240.711	7.09146
80 	60   	-293.907	-267.997	-240.711	6.97483
81 	60   	-305.074	-285.708	-240.711	15.4385
82 	60   	-320.69 	-298.776	-240.711	18.52  
83 	60   	-313.511	-280.475	-240.711	8.21459
84 	60   	-319.485	-289.111	-240.711	12.9576
85 	60   	-310.405	-288.443	-240.711	13.2295
86 	60   	-339.753	-306.266	-240.711	17.4937
87 	60   	-324.066	-284.832	-240.711	14.1092
88 	60   	-310.657	-303.029	-240.711	8.92296
89 	60   	-332.477	-309.83 	-240.711	9.90857
90 	60   	-314.486	-288.563	-240.711	7.75831
91 	60   	-329.514	-323.188	-240.711	11.5471
92 	60   	-326.997	-274.808	-240.711	13.3197
93 	60   	-291.3  	-273.696	-240.711	3.02569
94 	60   	-295.068	-289.822	-240.711	7.10031
95 	60   	-294.071	-264.339	-240.711	6.90569
96 	60   	-297.566	-273.444	-240.711	4.58293
97 	60   	-274.828	-258.074	-240.711	10.2378
98 	60   	-289.299	-286.211	-240.711	9.78292
99 	60   	-301.209	-289.185	-240.711	3.46988
gen	depth	min     	avg     	max     	std    
0  	60   	-332.25 	-277.974	-242.511	14.2109
1  	60   	-330.58 	-273.575	-242.511	14.84  
2  	60   	-315.133	-271.326	-242.511	12.6971
3  	60   	-320.811	-270.453	-235.574	13.5042
4  	60   	-310.075	-271.438	-235.574	12.3931
5  	60   	-308.295	-272.087	-235.574	14.4798
6  	60   	-316.316	-273.613	-235.574	14.7569
7  	60   	-322.814	-274.52 	-235.574	15.0165
8  	60   	-342.962	-278.378	-234.33 	18.8522
9  	60   	-321.909	-276.984	-234.33 	15.734 
10 	60   	-338.276	-278.241	-234.33 	19.251 
11 	60   	-336.941	-278.583	-234.33 	13.6993
12 	60   	-327.717	-285.451	-234.33 	15.6042
13 	60   	-332.535	-284.664	-234.33 	13.311 
14 	60   	-319.298	-282.061	-234.33 	11.1831
15 	60   	-335.713	-278.033	-234.33 	15.4208
16 	60   	-333.369	-282.597	-234.33 	13.8135
17 	60   	-330.3  	-286.124	-234.33 	16.1876
18 	60   	-347.188	-291.499	-234.33 	18.4346
19 	60   	-321.93 	-288.582	-234.33 	12.3446
20 	60   	-328.292	-295.236	-234.33 	16.3605
21 	60   	-340.527	-286.818	-234.33 	17.3093
22 	60   	-339.514	-284.482	-234.33 	16.43  
23 	60   	-338.751	-298.07 	-234.33 	18.2312
24 	60   	-340.304	-282.744	-234.33 	13.4054
25 	60   	-332.034	-281.2  	-234.33 	17.6234
26 	60   	-328.267	-280.823	-234.33 	14.5341
27 	60   	-348.561	-306.653	-234.33 	21.4948
28 	60   	-347.205	-302.979	-234.33 	20.1461
29 	60   	-334.531	-297.994	-234.33 	13.1751
30 	60   	-324.973	-283.243	-234.33 	13.1131
31 	60   	-321.976	-275.617	-234.33 	10.7628
32 	60   	-313.095	-276.024	-234.33 	9.86729
33 	60   	-334.27 	-291.844	-234.33 	16.8485
34 	60   	-335.827	-284.825	-234.33 	17.3109
35 	60   	-341.434	-302.882	-234.33 	15.9154
36 	60   	-335.158	-303.538	-234.33 	9.39443
37 	60   	-331.808	-284.437	-234.33 	16.838 
38 	60   	-330.061	-288.027	-234.33 	11.5512
39 	60   	-343.675	-300.785	-234.33 	19.7387
40 	60   	-341.165	-291.978	-234.33 	16.001 
41 	60   	-329.613	-292.955	-234.33 	10.3799
42 	60   	-345.431	-289.413	-234.33 	14.4303
43 	60   	-358.18 	-299.165	-234.33 	15.5594
44 	60   	-327.099	-266.029	-234.33 	16.3481
45 	60   	-305.977	-282.054	-234.33 	13.7575
46 	60   	-310.994	-280.767	-234.33 	8.15654
47 	60   	-327.836	-288.498	-234.33 	13.8542
48 	60   	-330.176	-296.268	-234.33 	12.1048
49 	60   	-315.705	-296.623	-234.33 	7.89762
50 	60   	-313.861	-288.366	-234.33 	16.3855
51 	60   	-348.894	-316.77 	-234.33 	19.6454
52 	60   	-328.461	-302.441	-234.33 	11.606 
53 	60   	-328.631	-301.214	-234.33 	12.0071
54 	60   	-344.733	-320.325	-234.33 	22.9151
55 	60   	-337.968	-292.921	-234.33 	12.5119
56 	60   	-319.024	-282.376	-234.33 	8.69195
57 	60   	-351.092	-301.348	-234.33 	15.4879
58 	60   	-339.618	-310.971	-234.33 	13.3729
59 	60   	-316.821	-274.051	-234.33 	14.7108
60 	60   	-310.886	-279.523	-234.33 	11.3288
61 	60   	-318.484	-298.8  	-234.33 	13.7794
62 	60   	-336.07 	-293.984	-234.33 	19.7307
63 	60   	-325.498	-290.325	-234.33 	13.0246
64 	60   	-323.552	-294.033	-234.33 	11.4717
65 	60   	-336.508	-289.026	-234.33 	8.90569
66 	60   	-326.845	-294.247	-234.33 	9.02039
67 	60   	-307.106	-289.745	-234.33 	8.44521
68 	60   	-340.453	-312.862	-234.33 	19.5063
69 	60   	-330.816	-297.094	-234.33 	8.33398
70 	60   	-326.028	-296.942	-234.33 	14.6066
71 	60   	-312.075	-296.748	-234.33 	8.19913
72 	60   	-325.509	-305.137	-234.33 	12.1977
73 	60   	-312.865	-292.32 	-234.33 	6.91927
74 	60   	-334.338	-307.648	-234.33 	9.90107
75 	60   	-310.042	-294.906	-234.33 	6.86541
76 	60   	-335.457	-309.073	-234.33 	14.049 
77 	60   	-314.948	-273.119	-234.33 	10.4031
78 	60   	-311.793	-280.694	-234.33 	7.86172
79 	60   	-298.597	-280.284	-234.33 	6.1431 
80 	60   	-332.624	-293.925	-234.33 	9.53761
81 	60   	-305.389	-266.265	-234.33 	11.0709
82 	60   	-305.022	-277.438	-234.33 	9.54405
83 	60   	-329.282	-297.777	-234.33 	13.7789
84 	60   	-309.253	-288.751	-234.33 	8.48387
85 	60   	-305.335	-293.61 	-234.33 	6.91565
86 	60   	-330.525	-319.082	-234.33 	11.412 
87 	60   	-324.346	-274.394	-234.33 	15.528 
88 	60   	-310.129	-274.331	-234.33 	14.0169
89 	60   	-330.422	-284.01 	-234.33 	10.5841
90 	60   	-319.456	-281.062	-234.33 	6.96501
91 	60   	-297.632	-262.104	-234.33 	7.74768
92 	60   	-318.451	-296.894	-234.33 	14.4801
93 	60   	-307.302	-291.186	-234.33 	9.18535
94 	60   	-320.25 	-290.989	-234.33 	6.42517
95 	60   	-314.088	-297.595	-234.33 	9.13811
96 	60   	-318.905	-296.135	-234.33 	12.9872
97 	60   	-350.392	-331.911	-234.33 	19.514 
98 	60   	-340.881	-300.671	-234.33 	11.0472
99 	60   	-322.293	-297.189	-234.33 	16.5612
gen	depth	min     	avg     	max     	std    
0  	60   	-338.844	-278.556	-248.478	14.02  
1  	60   	-336.902	-270.656	-248.478	12.6013
2  	60   	-314.692	-268.004	-244.904	11.5957
3  	60   	-313.008	-273.717	-244.904	12.5887
4  	60   	-334.858	-275.813	-244.904	16.0944
5  	60   	-327.598	-269.767	-240.767	13.0084
6  	60   	-312.644	-271.989	-240.767	11.9336
7  	60   	-319.534	-276.398	-240.767	14.2905
8  	60   	-327.476	-277.074	-240.767	12.3556
9  	60   	-343.957	-284.947	-240.767	22.0153
10 	60   	-345.885	-283.361	-240.767	22.9817
11 	60   	-337.755	-279.885	-240.767	16.0815
12 	60   	-342.317	-286.559	-240.767	17.8819
13 	60   	-347.066	-285.992	-240.767	16.6145
14 	60   	-345.482	-282.769	-240.767	17.1628
15 	60   	-342.142	-291.772	-240.767	23.584 
16 	60   	-341.144	-285.543	-240.767	20.4944
17 	60   	-335.593	-281.07 	-240.767	14.174 
18 	60   	-339.256	-280.099	-240.767	15.3201
19 	60   	-327.411	-285.197	-240.767	15.8938
20 	60   	-330.659	-281.439	-240.767	16.8409
21 	60   	-324.858	-280.192	-240.767	16.2908
22 	60   	-310.468	-268.612	-240.767	10.8619
23 	60   	-330.657	-286.034	-240.767	16.6787
24 	60   	-320.62 	-280.725	-240.767	16.7834
25 	60   	-329.358	-284.714	-240.767	13.1755
26 	60   	-328.716	-278.954	-240.767	14.8938
27 	60   	-329.849	-278.52 	-238.36 	13.2737
28 	60   	-299.974	-276.314	-238.36 	11.2907
29 	60   	-333.505	-295.609	-238.36 	13.2528
30 	60   	-335.869	-294.515	-238.36 	12.9237
31 	60   	-331.01 	-298.282	-238.36 	11.09  
32 	60   	-324.481	-300.239	-238.36 	11.7602
33 	60   	-314.426	-281.232	-238.36 	13.5918
34 	60   	-306.387	-275.758	-238.36 	8.97391
35 	60   	-328.006	-303.64 	-238.36 	10.5438
36 	60   	-311.171	-277.738	-238.36 	11.7167
37 	60   	-321.555	-281.003	-238.36 	13.2559
38 	60   	-321.25 	-290.231	-238.36 	12.5833
39 	60   	-320.059	-277.741	-238.36 	10.9793
40 	60   	-286.722	-273.543	-238.36 	6.41914
41 	60   	-322.956	-298.184	-238.36 	12.9931
42 	60   	-347.266	-319.066	-238.36 	15.0441
43 	60   	-323.5  	-300.387	-238.36 	8.47459
44 	60   	-326.455	-304.207	-238.36 	8.14819
45 	60   	-319.546	-294.431	-238.36 	7.66491
46 	60   	-315.082	-288.488	-238.36 	10.7058
47 	60   	-293.269	-279.226	-238.36 	4.88636
48 	60   	-308.01 	-290.095	-238.36 	9.21964
49 	60   	-318.122	-287.534	-238.36 	8.67247
50 	60   	-293.27 	-285.181	-238.36 	5.81184
51 	60   	-303.776	-275.474	-238.36 	13.6842
52 	60   	-294.523	-277.856	-238.36 	9.96239
53 	60   	-346.194	-325.175	-238.36 	21.2793
54 	60   	-342.461	-283.545	-238.36 	11.7605
55 	60   	-313.692	-279.578	-238.36 	8.07007
56 	60   	-305.413	-286.391	-238.36 	8.0499 
57 	60   	-331.317	-318.103	-238.36 	12.6838
58 	60   	-326.053	-288.733	-238.36 	9.55432
59 	60   	-302.765	-287.183	-238.36 	8.05528
60 	60   	-292.1  	-270.429	-238.36 	5.93315
61 	60   	-301.421	-291.687	-238.36 	9.06788
62 	60   	-295.321	-265.142	-238.36 	6.52422
63 	60   	-317.485	-306.511	-238.36 	15.55  
64 	60   	-311.85 	-286.337	-238.36 	10.7204
65 	60   	-299.571	-290.373	-238.36 	7.05089
66 	60   	-298.223	-279.746	-238.36 	8.01048
67 	60   	-328.456	-313.866	-238.36 	14.245 
68 	60   	-343.045	-317.132	-238.36 	10.8305
69 	60   	-315.367	-296.488	-238.36 	6.11943
70 	60   	-295.892	-276.784	-238.36 	7.21175
71 	60   	-307.609	-300.47 	-238.36 	7.82325
72 	60   	-303.362	-292.87 	-238.36 	4.66722
73 	60   	-293.771	-278.013	-238.36 	10.4619
74 	60   	-296.744	-289.323	-238.36 	7.61108
75 	60   	-297.088	-291.19 	-238.36 	6.16147
76 	60   	-293.834	-273.12 	-238.36 	5.64503
77 	60   	-292.813	-287.24 	-238.36 	5.8114 
78 	60   	-320.084	-313.713	-238.36 	11.2552
79 	60   	-319.152	-300.404	-238.36 	6.16257
80 	60   	-301.351	-297.762	-238.36 	3.20727
81 	60   	-299.147	-280.802	-238.36 	6.58812
82 	60   	-291.309	-287.476	-238.36 	4.48612
83 	60   	-313.652	-308.577	-238.36 	8.81328
84 	60   	-312.256	-262.74 	-238.36 	14.9638
85 	60   	-310.973	-304.371	-238.36 	15.0092
86 	60   	-309.418	-291.14 	-238.36 	8.18599
87 	60   	-305.699	-302.193	-238.36 	7.15748
88 	60   	-306.383	-278.681	-238.36 	7.74786
89 	60   	-297.416	-289.829	-238.36 	7.87509
90 	60   	-325.976	-315.275	-238.36 	11.6348
91 	60   	-319.36 	-290.177	-238.36 	7.79418
92 	60   	-319.613	-312.049	-238.36 	8.88414
93 	60   	-315.352	-296.634	-238.36 	4.87948
94 	60   	-298.655	-296.518	-238.36 	2.90429
95 	60   	-331.178	-305.491	-238.36 	5.5808 
96 	60   	-305.98 	-277.54 	-238.36 	7.16418
97 	60   	-276.07 	-270.117	-238.36 	2.28675
98 	60   	-307.175	-300.411	-238.36 	10.6938
99 	60   	-303.795	-294.213	-238.36 	4.79848
gen	depth	min     	avg     	max     	std    
0  	60   	-325.565	-278.55 	-243.276	13.0137
1  	60   	-331.304	-272.867	-243.276	11.1658
2  	60   	-316.903	-271.519	-243.276	11.9206
3  	60   	-321.637	-270.238	-243.276	13.9274
4  	60   	-323.19 	-271.941	-243.276	14.6781
5  	60   	-328.931	-272.079	-243.276	14.241 
6  	60   	-328.751	-271.707	-234.629	15.7225
7  	60   	-327.577	-274.691	-234.629	12.986 
8  	60   	-318.901	-278.369	-234.629	15.596 
9  	60   	-331.866	-283.712	-234.629	15.8847
10 	60   	-327.933	-284.343	-234.629	18.4592
11 	60   	-314.739	-277.022	-234.629	12.5672
12 	60   	-315.53 	-281.453	-234.629	15.7568
13 	60   	-332.774	-278.47 	-234.629	14.4113
14 	60   	-336.143	-287.482	-234.629	17.2999
15 	60   	-334.806	-282.769	-234.629	15.329 
16 	60   	-328.958	-281.639	-234.629	15.5827
17 	60   	-328.982	-283.272	-234.629	14.3648
18 	60   	-318.79 	-279.938	-234.629	12.1167
19 	60   	-327.652	-281.419	-234.629	18.0579
20 	60   	-346.125	-297.644	-234.629	22.787 
21 	60   	-339.686	-298.717	-234.629	17.2166
22 	60   	-327.535	-288.468	-234.629	15.0191
23 	60   	-335.492	-292.634	-234.629	18.0003
24 	60   	-336.85 	-296.411	-234.629	18.3236
25 	60   	-320.974	-278.128	-234.629	13.4118
26 	60   	-335.374	-288.609	-234.629	15.4981
27 	60   	-350.579	-295.326	-234.629	22.6242
28 	60   	-327.158	-285.637	-234.629	15.0102
29 	60   	-319.573	-281.281	-234.629	12.5168
30 	60   	-329.425	-289.165	-234.629	12.7829
31 	60   	-339.416	-291.527	-234.629	20.2256
32 	60   	-314.122	-274.734	-234.629	12.8793
33 	60   	-315.654	-282.156	-234.629	12.552 
34 	60   	-333.273	-288.471	-234.629	17.0239
35 	60   	-335.846	-292.365	-234.629	19.1204
36 	60   	-340.237	-295.767	-234.629	20.4912
37 	60   	-344.603	-294.733	-234.629	19.5435
38 	60   	-327.936	-289.853	-234.629	13.7197
39 	60   	-324.828	-286.028	-234.629	13.0116
40 	60   	-334.645	-299.869	-234.629	15.3197
41 	60   	-321.002	-292.626	-234.629	8.14251
42 	60   	-332.927	-289.425	-234.629	15.9444
43 	60   	-333.684	-303.589	-234.629	15.6432
44 	60   	-326.949	-293.088	-234.629	15.2863
45 	60   	-332.242	-295.92 	-234.629	18.4163
46 	60   	-323.608	-284.6  	-234.629	10.4485
47 	60   	-320.329	-290.354	-234.629	10.9326
48 	60   	-339.57 	-289.179	-234.629	15.7517
49 	60   	-312.372	-277.555	-234.629	12.0677
50 	60   	-345.324	-308.374	-234.629	20.9317
51 	60   	-339.101	-283.213	-234.629	12.8908
52 	60   	-333.59 	-297.583	-234.629	19.3223
53 	60   	-338.047	-295.105	-234.629	15.2881
54 	60   	-306.577	-289.374	-234.629	7.65557
55 	60   	-352.782	-300.419	-234.629	17.1322
56 	60   	-307.547	-271.978	-234.629	11.0006
57 	60   	-341.872	-309.282	-234.629	20.0488
58 	60   	-324.271	-288.866	-234.629	13.0741
59 	60   	-340.48 	-290.332	-234.629	16.513 
60 	60   	-336.842	-314.744	-234.629	14.2477
61 	60   	-316.698	-275.211	-234.629	12.4779
62 	60   	-318.505	-289.263	-234.629	15.6886
63 	60   	-340.936	-291.516	-234.629	13.8681
64 	60   	-341.844	-304.314	-234.629	15.0541
65 	60   	-316.969	-284.747	-234.629	7.81595
66 	60   	-314.823	-275.888	-234.629	13.5356
67 	60   	-322.198	-302.5  	-234.629	15.5921
68 	60   	-319.132	-277.285	-234.629	10.5511
69 	60   	-308.008	-275.413	-234.629	12.6246
70 	60   	-339.971	-308.95 	-234.629	18.1039
71 	60   	-322.266	-291.357	-234.629	9.55953
72 	60   	-307.608	-283.293	-234.629	6.84222
73 	60   	-317.304	-269.678	-234.629	8.89105
74 	60   	-309.768	-275.514	-234.629	12.5763
75 	60   	-342.896	-287.5  	-234.629	13.2632
76 	60   	-334.721	-309.347	-234.629	12.9779
77 	60   	-330.66 	-305.465	-234.629	12.1688
78 	60   	-317.172	-288.195	-234.629	7.76218
79 	60   	-336.466	-306.704	-234.629	13.3078
80 	60   	-332.709	-291.46 	-234.629	12.9151
81 	60   	-313.645	-296.285	-234.629	8.85948
82 	60   	-297.696	-263.942	-234.629	10.6777
83 	60   	-299.287	-283.884	-234.629	10.6436
84 	60   	-328.547	-279.805	-234.629	7.8142 
85 	60   	-319.069	-288.759	-234.629	6.35045
86 	60   	-343.623	-305.334	-234.629	14.5158
87 	60   	-326.044	-296.348	-234.629	5.53739
88 	60   	-326.311	-294.873	-234.629	10.6571
89 	60   	-328.247	-313.798	-234.629	10.7896
90 	60   	-327.556	-309.492	-234.629	6.85228
91 	60   	-332.634	-296.319	-234.629	6.41524
92 	60   	-322.97 	-285.344	-234.629	6.75974
93 	60   	-308.043	-288.874	-234.629	4.2721 
94 	60   	-323.801	-310.549	-234.629	14.4973
95 	60   	-317.454	-289.963	-234.629	7.6198 
96 	60   	-317.498	-302.901	-234.629	7.00239
97 	60   	-332.266	-317.578	-234.629	10.6945
98 	60   	-322.119	-293.352	-234.629	8.86687
99 	60   	-317.11 	-303.05 	-234.629	5.6164 
gen	depth	min     	avg     	max     	std    
0  	60   	-333.524	-278.394	-242.484	13.7011
1  	60   	-322.371	-272.35 	-242.484	12.879 
2  	60   	-311.926	-268.311	-241.959	11.7162
3  	60   	-323.456	-270.999	-241.959	13.9335
4  	60   	-331.609	-270.587	-241.959	14.2955
5  	60   	-325.914	-274.879	-241.959	14.7744
6  	60   	-324.009	-279.049	-241.959	17.5013
7  	60   	-325.512	-275.356	-238.423	15.5404
8  	60   	-329.118	-276.726	-238.423	17.1925
9  	60   	-330.335	-282.658	-238.423	17.4426
10 	60   	-334.454	-287.033	-238.423	17.0572
11 	60   	-330.851	-287.168	-238.423	16.4129
12 	60   	-335.528	-288.195	-238.423	16.3614
13 	60   	-333.788	-282.836	-238.423	13.5714
14 	60   	-334.328	-287.231	-238.423	20.4019
15 	60   	-334.262	-288.437	-238.423	16.2488
16 	60   	-328.744	-285.79 	-238.423	16.8374
17 	60   	-343.815	-287.793	-238.423	16.1129
18 	60   	-337.449	-294.654	-238.423	20.9391
19 	60   	-340.54 	-286.321	-238.423	14.2396
20 	60   	-331.717	-287.434	-238.423	14.5916
21 	60   	-336.663	-289.297	-238.423	12.9616
22 	60   	-339.473	-295.453	-238.423	13.0892
23 	60   	-331.661	-289.514	-238.423	13.933 
24 	60   	-337.153	-293.766	-238.423	18.1195
25 	60   	-332.382	-290.413	-238.423	12.8534
26 	60   	-324.058	-283.741	-238.423	11.3628
27 	60   	-340.867	-295.616	-238.423	17.848 
28 	60   	-328.863	-271.677	-238.423	17.8355
29 	60   	-349.071	-307.584	-238.423	22.938 
30 	60   	-333.542	-316.68 	-238.423	12.2766
31 	60   	-338.637	-302.275	-238.423	11.7032
32 	60   	-333.231	-302.629	-238.423	15.3879
33 	60   	-338.259	-295.669	-238.423	12.3605
34 	60   	-319.958	-286.256	-238.423	11.4823
35 	60   	-336.239	-298.889	-238.423	13.9811
36 	60   	-338.233	-303.616	-238.423	17.7884
37 	60   	-323.443	-269.973	-238.423	15.5771
38 	60   	-336.141	-286.831	-238.423	15.4109
39 	60   	-329.491	-296.298	-238.423	14.4315
40 	60   	-311.94 	-279.727	-238.423	11.9526
41 	60   	-329.517	-297.859	-238.423	14.4364
42 	60   	-351.295	-301.153	-238.423	20.5821
43 	60   	-331.227	-301.334	-238.423	10.8441
44 	60   	-333.966	-296.192	-238.423	14.3636
45 	60   	-341.168	-304.537	-238.423	16.2913
46 	60   	-324.351	-285.421	-238.423	10.9112
47 	60   	-328.1  	-298.746	-238.423	20.4474
48 	60   	-335.269	-280.692	-238.423	16.9858
49 	60   	-333.515	-296.365	-238.423	14.4641
50 	60   	-333.815	-302.577	-238.423	11.4932
51 	60   	-324.626	-294.744	-238.423	10.5716
52 	60   	-336.232	-279.424	-238.423	11.7317
53 	60   	-321.32 	-296.292	-238.423	11.8776
54 	60   	-308.744	-287.792	-238.423	7.07445
55 	60   	-313.642	-290.259	-238.423	10.8108
56 	60   	-323.565	-297.661	-238.423	10.0367
57 	60   	-336.794	-309.051	-238.423	18.6549
58 	60   	-339.646	-307.69 	-238.423	12.4234
59 	60   	-353.485	-296.506	-238.423	16.8623
60 	60   	-335.485	-302.651	-238.423	13.5396
61 	60   	-349.957	-301.573	-238.423	10.3179
62 	60   	-312.172	-288.25 	-238.423	5.90786
63 	60   	-338.692	-304.53 	-238.423	17.431 
64 	60   	-324.465	-288.352	-238.423	13.4586
65 	60   	-303.061	-274.535	-238.423	10.386 
66 	60   	-320.748	-291.434	-238.423	18.6993
67 	60   	-310.139	-267.001	-238.423	6.84572
68 	60   	-323.079	-298.399	-238.423	13.4008
69 	60   	-306.466	-297.304	-238.423	6.31004
70 	60   	-314.529	-273.311	-238.423	9.90185
71 	60   	-308.308	-298.304	-238.423	13.5599
72 	60   	-316.401	-297.085	-238.423	11.4017
73 	60   	-307.406	-283.092	-238.423	10.0834
74 	60   	-298.223	-268.625	-238.423	11.8141
75 	60   	-298    	-290.804	-238.423	11.1226
76 	60   	-310.862	-282.929	-238.423	10.4688
77 	60   	-332.158	-319.424	-238.423	18.2828
78 	60   	-329.399	-300.111	-238.423	8.84899
79 	60   	-316.185	-304.891	-238.423	7.27889
80 	60   	-330.403	-289.573	-238.423	10.3478
81 	60   	-321.764	-284.111	-238.423	11.1514
82 	60   	-329.152	-304.386	-238.423	13.6177
83 	60   	-327.829	-294.901	-238.423	9.38825
84 	60   	-297.597	-287.052	-238.423	4.00145
85 	60   	-315.305	-266.269	-238.423	8.92209
86 	60   	-307.547	-294.277	-238.423	11.3763
87 	60   	-304.137	-278.918	-238.423	5.70474
88 	60   	-296.694	-287.792	-238.423	5.06439
89 	60   	-324.395	-300.406	-238.423	6.5131 
90 	60   	-301.878	-272.387	-238.423	8.11765
91 	60   	-313.095	-299.412	-238.423	11.2483
92 	60   	-339.091	-300.534	-238.423	8.28115
93 	60   	-301.742	-278.443	-238.423	5.80793
94 	60   	-307.401	-270.803	-238.423	3.98348
95 	60   	-306.495	-300.607	-238.423	10.4436
96 	60   	-307.223	-295.472	-238.423	5.00058
97 	60   	-315.693	-272.944	-238.423	7.74331
98 	60   	-327.139	-318.064	-238.423	16.4998
99 	60   	-325.136	-296.089	-238.423	9.99848
