% function evaluation | noise-free fitness - Fopt (-9.210000000000e+00) | best noise-free fitness - Fopt | measured fitness | best measured fitness | x1 | x2...
1 +5.330072257e+01 +5.330072257e+01 +4.409072257e+01 +4.409072257e+01 -2.4927e+00 +4.1919e-01
2 +6.569010959e+00 +6.569010959e+00 -2.640989041e+00 -2.640989041e+00 +1.5529e+00 +4.6878e+00
88 +3.728749507e+00 +3.728749507e+00 -5.481250493e+00 -5.481250493e+00 +4.3931e+00 +4.6878e+00
239 +1.472951319e+00 +1.472951319e+00 -7.737048681e+00 -7.737048681e+00 +4.4956e+00 +4.9031e+00
1386 +7.783830853e-01 +7.783830853e-01 -8.431616915e+00 -8.431616915e+00 +4.9100e+00 +4.9312e+00
1640 +4.554774008e-01 +4.554774008e-01 -8.754522599e+00 -8.754522599e+00 +4.9100e+00 +4.9635e+00
1711 +3.607579730e-01 +3.607579730e-01 -8.849242027e+00 -8.849242027e+00 +4.9759e+00 +4.9663e+00
2328 +9.824852704e-02 +9.824852704e-02 -9.111751473e+00 -9.111751473e+00 +4.9977e+00 +4.9904e+00
2570 +5.331444669e-02 +5.331444669e-02 -9.156685553e+00 -9.156685553e+00 +4.9977e+00 +4.9949e+00
2770 +5.484091981e-03 +5.484091981e-03 -9.204515908e+00 -9.204515908e+00 +4.9977e+00 +4.9997e+00
2797 +3.247059119e-03 +3.247059119e-03 -9.206752941e+00 -9.206752941e+00 +4.9999e+00 +4.9997e+00
2878 +1.948530876e-03 +1.948530876e-03 -9.208051469e+00 -9.208051469e+00 +4.9987e+00 +4.9999e+00
2886 +7.310511427e-04 +7.310511427e-04 -9.209268949e+00 -9.209268949e+00 +4.9999e+00 +4.9999e+00
3041 +4.079962520e-04 +4.079962520e-04 -9.209592004e+00 -9.209592004e+00 +4.9999e+00 +5.0000e+00
3427 +3.703982881e-04 +3.703982881e-04 -9.209629602e+00 -9.209629602e+00 +4.9999e+00 +5.0000e+00
3788 +1.227207065e-04 +1.227207065e-04 -9.209877279e+00 -9.209877279e+00 +4.9999e+00 +5.0000e+00
3925 +8.851463475e-05 +8.851463475e-05 -9.209911485e+00 -9.209911485e+00 +5.0000e+00 +5.0000e+00
4381 +5.881092689e-05 +5.881092689e-05 -9.209941189e+00 -9.209941189e+00 +5.0000e+00 +5.0000e+00
4500 +1.285858264e-05 +1.285858264e-05 -9.209987141e+00 -9.209987141e+00 +5.0000e+00 +5.0000e+00
4734 +8.254355208e-06 +8.254355208e-06 -9.209991746e+00 -9.209991746e+00 +5.0000e+00 +5.0000e+00
5123 +6.004678262e-06 +6.004678262e-06 -9.209993995e+00 -9.209993995e+00 +5.0000e+00 +5.0000e+00
5220 +3.470358273e-06 +3.470358273e-06 -9.209996530e+00 -9.209996530e+00 +5.0000e+00 +5.0000e+00
5313 +2.045173680e-06 +2.045173680e-06 -9.209997955e+00 -9.209997955e+00 +5.0000e+00 +5.0000e+00
5908 +1.410293621e-06 +1.410293621e-06 -9.209998590e+00 -9.209998590e+00 +5.0000e+00 +5.0000e+00
6342 +7.613202087e-07 +7.613202087e-07 -9.209999239e+00 -9.209999239e+00 +5.0000e+00 +5.0000e+00
6386 +3.136767219e-07 +3.136767219e-07 -9.209999686e+00 -9.209999686e+00 +5.0000e+00 +5.0000e+00
6670 +5.866334618e-08 +5.866334618e-08 -9.209999941e+00 -9.209999941e+00 +5.0000e+00 +5.0000e+00
14510 +8.056581180e-09 +8.056581180e-09 -9.209999992e+00 -9.209999992e+00 +5.0000e+00 +5.0000e+00
% function evaluation | noise-free fitness - Fopt (6.559900000000e+02) | best noise-free fitness - Fopt | measured fitness | best measured fitness | x1 | x2...
1 +1.015404516e+02 +1.015404516e+02 +7.575304516e+02 +7.575304516e+02 +2.1022e+00 +4.8643e+00
2 +7.973282525e+01 +7.973282525e+01 +7.357228253e+02 +7.357228253e+02 +2.9572e+00 +2.7690e+00
3 +7.491301915e+00 +7.491301915e+00 +6.634813019e+02 +6.634813019e+02 +1.6914e+00 -4.5817e+00
24 +5.537099883e+00 +5.537099883e+00 +6.615270999e+02 +6.615270999e+02 +3.6456e+00 -4.5817e+00
618 +2.144373341e+00 +2.144373341e+00 +6.581343733e+02 +6.581343733e+02 +4.9644e+00 -4.7891e+00
642 +1.266500346e+00 +1.266500346e+00 +6.572565003e+02 +6.572565003e+02 +4.8947e+00 -4.8839e+00
1229 +6.587337038e-01 +6.587337038e-01 +6.566487337e+02 +6.566487337e+02 +4.9886e+00 -4.9353e+00
1656 +4.318577074e-01 +4.318577074e-01 +6.564218577e+02 +6.564218577e+02 +4.9990e+00 -4.9569e+00
1739 +2.721591523e-02 +2.721591523e-02 +6.560172159e+02 +6.560172159e+02 +4.9990e+00 -4.9974e+00
2294 +1.015906808e-02 +1.015906808e-02 +6.560001591e+02 +6.560001591e+02 +4.9990e+00 -4.9991e+00
2592 +6.884463744e-03 +6.884463744e-03 +6.559968845e+02 +6.559968845e+02 +4.9990e+00 -4.9994e+00
2907 +5.416597284e-03 +5.416597284e-03 +6.559954166e+02 +6.559954166e+02 +4.9992e+00 -4.9995e+00
3193 +2.770191930e-03 +2.770191930e-03 +6.559927702e+02 +6.559927702e+02 +4.9996e+00 -4.9998e+00
3311 +2.477628304e-03 +2.477628304e-03 +6.559924776e+02 +6.559924776e+02 +4.9999e+00 -4.9998e+00
3393 +1.418413578e-03 +1.418413578e-03 +6.559914184e+02 +6.559914184e+02 +4.9992e+00 -4.9999e+00
3411 +6.768451426e-04 +6.768451426e-04 +6.559906768e+02 +6.559906768e+02 +4.9999e+00 -4.9999e+00
3818 +3.140863639e-04 +3.140863639e-04 +6.559903141e+02 +6.559903141e+02 +4.9999e+00 -5.0000e+00
3823 +2.318683779e-04 +2.318683779e-04 +6.559902319e+02 +6.559902319e+02 +4.9999e+00 -5.0000e+00
4040 +1.584494557e-04 +1.584494557e-04 +6.559901584e+02 +6.559901584e+02 +5.0000e+00 -5.0000e+00
4193 +2.915997277e-05 +2.915997277e-05 +6.559900292e+02 +6.559900292e+02 +5.0000e+00 -5.0000e+00
4378 +9.350335631e-06 +9.350335631e-06 +6.559900094e+02 +6.559900094e+02 +5.0000e+00 -5.0000e+00
4768 +3.509459248e-06 +3.509459248e-06 +6.559900035e+02 +6.559900035e+02 +5.0000e+00 -5.0000e+00
4863 +2.339735033e-06 +2.339735033e-06 +6.559900023e+02 +6.559900023e+02 +5.0000e+00 -5.0000e+00
5145 +9.559039427e-08 +9.559039427e-08 +6.559900001e+02 +6.559900001e+02 +5.0000e+00 -5.0000e+00
18541 +3.970114903e-08 +3.970114903e-08 +6.559900000e+02 +6.559900000e+02 +5.0000e+00 -5.0000e+00
23443 +1.058378984e-08 +1.058378984e-08 +6.559900000e+02 +6.559900000e+02 +5.0000e+00 -5.0000e+00
139899 +1.235775926e-10 +1.235775926e-10 +6.559900000e+02 +6.559900000e+02 +5.0000e+00 -5.0000e+00
% function evaluation | noise-free fitness - Fopt (6.671000000000e+01) | best noise-free fitness - Fopt | measured fitness | best measured fitness | x1 | x2...
1 +2.802454207e+01 +2.802454207e+01 +9.473454207e+01 +9.473454207e+01 +2.6045e+00 -2.9580e+00
6 +1.071005247e+01 +1.071005247e+01 +7.742005247e+01 +7.742005247e+01 +2.6457e+00 -4.6936e+00
31 +6.999746781e+00 +6.999746781e+00 +7.370974678e+01 +7.370974678e+01 +2.9787e-02 -4.8030e+00
58 +5.812960822e+00 +5.812960822e+00 +7.252296082e+01 +7.252296082e+01 -2.2513e+00 -4.6936e+00
76 +3.164819070e+00 +3.164819070e+00 +6.987481907e+01 +6.987481907e+01 -4.8995e+00 -4.6936e+00
170 +2.070471325e+00 +2.070471325e+00 +6.878047132e+01 +6.878047132e+01 -4.8995e+00 -4.8030e+00
344 +1.470768200e+00 +1.470768200e+00 +6.818076820e+01 +6.818076820e+01 -4.8995e+00 -4.8630e+00
1299 +6.977068594e-02 +6.977068594e-02 +6.677977069e+01 +6.677977069e+01 -4.9962e+00 -4.9934e+00
1854 +6.237068216e-02 +6.237068216e-02 +6.677237068e+01 +6.677237068e+01 -4.9988e+00 -4.9939e+00
1963 +1.277045662e-02 +1.277045662e-02 +6.672277046e+01 +6.672277046e+01 -4.9996e+00 -4.9988e+00
2083 +6.930517691e-03 +6.930517691e-03 +6.671693052e+01 +6.671693052e+01 -4.9988e+00 -4.9994e+00
2109 +6.240701892e-03 +6.240701892e-03 +6.671624070e+01 +6.671624070e+01 -4.9995e+00 -4.9994e+00
2117 +2.111064998e-03 +2.111064998e-03 +6.671211106e+01 +6.671211106e+01 -4.9996e+00 -4.9998e+00
2602 +1.560521346e-03 +1.560521346e-03 +6.671156052e+01 +6.671156052e+01 -4.9999e+00 -4.9999e+00
2704 +9.549210113e-04 +9.549210113e-04 +6.671095492e+01 +6.671095492e+01 -4.9999e+00 -4.9999e+00
3092 +7.859685658e-05 +7.859685658e-05 +6.671007860e+01 +6.671007860e+01 -4.9999e+00 -5.0000e+00
3207 +3.848177637e-05 +3.848177637e-05 +6.671003848e+01 +6.671003848e+01 -5.0000e+00 -5.0000e+00
3286 +2.150840965e-05 +2.150840965e-05 +6.671002151e+01 +6.671002151e+01 -5.0000e+00 -5.0000e+00
3494 +1.252588631e-05 +1.252588631e-05 +6.671001253e+01 +6.671001253e+01 -5.0000e+00 -5.0000e+00
3854 +6.371641362e-06 +6.371641362e-06 +6.671000637e+01 +6.671000637e+01 -5.0000e+00 -5.0000e+00
4142 +6.104340869e-06 +6.104340869e-06 +6.671000610e+01 +6.671000610e+01 -5.0000e+00 -5.0000e+00
4952 +2.457779587e-06 +2.457779587e-06 +6.671000246e+01 +6.671000246e+01 -5.0000e+00 -5.0000e+00
5289 +6.377035930e-07 +6.377035930e-07 +6.671000064e+01 +6.671000064e+01 -5.0000e+00 -5.0000e+00
5696 +6.274230202e-07 +6.274230202e-07 +6.671000063e+01 +6.671000063e+01 -5.0000e+00 -5.0000e+00
5863 +3.392495103e-07 +3.392495103e-07 +6.671000034e+01 +6.671000034e+01 -5.0000e+00 -5.0000e+00
6660 +2.084184842e-07 +2.084184842e-07 +6.671000021e+01 +6.671000021e+01 -5.0000e+00 -5.0000e+00
6894 +9.325849248e-08 +9.325849248e-08 +6.671000009e+01 +6.671000009e+01 -5.0000e+00 -5.0000e+00
12494 +6.261633700e-08 +6.261633700e-08 +6.671000006e+01 +6.671000006e+01 -5.0000e+00 -5.0000e+00
18440 +3.180004171e-08 +3.180004171e-08 +6.671000003e+01 +6.671000003e+01 -5.0000e+00 -5.0000e+00
23584 +8.120238704e-09 +8.120238704e-09 +6.671000001e+01 +6.671000001e+01 -5.0000e+00 -5.0000e+00
% function evaluation | noise-free fitness - Fopt (9.416700000000e+02) | best noise-free fitness - Fopt | measured fitness | best measured fitness | x1 | x2...
1 +8.087286819e+01 +8.087286819e+01 +1.022542868e+03 +1.022542868e+03 -3.1249e+00 +2.8998e+00
2 +8.465011607e+00 +8.465011607e+00 +9.501350116e+02 +9.501350116e+02 -5.8553e-01 -4.5949e+00
21 +5.925640425e+00 +5.925640425e+00 +9.475956404e+02 +9.475956404e+02 -3.1249e+00 -4.5949e+00
69 +2.803259062e+00 +2.803259062e+00 +9.444732591e+02 +9.444732591e+02 -3.5965e+00 -4.8600e+00
161 +1.995501687e+00 +1.995501687e+00 +9.436655017e+02 +9.436655017e+02 -4.4043e+00 -4.8600e+00
264 +1.357667043e+00 +1.357667043e+00 +9.430276670e+02 +9.430276670e+02 -4.4043e+00 -4.9238e+00
647 +9.501895076e-01 +9.501895076e-01 +9.426201895e+02 +9.426201895e+02 -4.8118e+00 -4.9238e+00
910 +6.149239072e-01 +6.149239072e-01 +9.422849239e+02 +9.422849239e+02 -4.8118e+00 -4.9573e+00
1337 +3.151131943e-01 +3.151131943e-01 +9.419851132e+02 +9.419851132e+02 -4.9862e+00 -4.9699e+00
1552 +2.252611153e-01 +2.252611153e-01 +9.418952611e+02 +9.418952611e+02 -4.9862e+00 -4.9789e+00
1806 +4.141517894e-02 +4.141517894e-02 +9.417114152e+02 +9.417114152e+02 -4.9988e+00 -4.9960e+00
2145 +3.073039792e-02 +3.073039792e-02 +9.417007304e+02 +9.417007304e+02 -4.9997e+00 -4.9970e+00
2344 +3.823192019e-03 +3.823192019e-03 +9.416738232e+02 +9.416738232e+02 -4.9997e+00 -4.9997e+00
2704 +1.652951106e-03 +1.652951106e-03 +9.416716530e+02 +9.416716530e+02 -4.9999e+00 -4.9998e+00
2752 +1.576596166e-03 +1.576596166e-03 +9.416715766e+02 +9.416715766e+02 -4.9999e+00 -4.9998e+00
2868 +2.623724305e-04 +2.623724305e-04 +9.416702624e+02 +9.416702624e+02 -4.9999e+00 -5.0000e+00
2972 +1.960304955e-04 +1.960304955e-04 +9.416701960e+02 +9.416701960e+02 -5.0000e+00 -5.0000e+00
3313 +1.198332066e-04 +1.198332066e-04 +9.416701198e+02 +9.416701198e+02 -4.9999e+00 -5.0000e+00
3339 +6.127932045e-05 +6.127932045e-05 +9.416700613e+02 +9.416700613e+02 -5.0000e+00 -5.0000e+00
3511 +1.012477424e-05 +1.012477424e-05 +9.416700101e+02 +9.416700101e+02 -5.0000e+00 -5.0000e+00
3619 +5.644785801e-06 +5.644785801e-06 +9.416700056e+02 +9.416700056e+02 -5.0000e+00 -5.0000e+00
4348 +6.360644420e-07 +6.360644420e-07 +9.416700006e+02 +9.416700006e+02 -5.0000e+00 -5.0000e+00
4479 +4.447421134e-07 +4.447421134e-07 +9.416700004e+02 +9.416700004e+02 -5.0000e+00 -5.0000e+00
4482 +2.843157745e-07 +2.843157745e-07 +9.416700003e+02 +9.416700003e+02 -5.0000e+00 -5.0000e+00
4648 +1.288054818e-07 +1.288054818e-07 +9.416700001e+02 +9.416700001e+02 -5.0000e+00 -5.0000e+00
4789 +5.041431450e-08 +5.041431450e-08 +9.416700001e+02 +9.416700001e+02 -5.0000e+00 -5.0000e+00
77010 +2.070635219e-08 +2.070635219e-08 +9.416700000e+02 +9.416700000e+02 -5.0000e+00 -5.0000e+00
124601 +1.210253231e-08 +1.210253231e-08 +9.416700000e+02 +9.416700000e+02 -5.0000e+00 -5.0000e+00
158059 +6.962523003e-09 +6.962523003e-09 +9.416700000e+02 +9.416700000e+02 -5.0000e+00 -5.0000e+00
% function evaluation | noise-free fitness - Fopt (-3.745000000000e+01) | best noise-free fitness - Fopt | measured fitness | best measured fitness | x1 | x2...
1 +2.993737457e+01 +2.993737457e+01 -7.512625426e+00 -7.512625426e+00 -2.5778e+00 +2.7640e+00
11 +6.590509234e+00 +6.590509234e+00 -3.085949077e+01 -3.085949077e+01 -7.1419e-01 +4.9124e+00
32 +1.746610658e+00 +1.746610658e+00 -3.570338934e+01 -3.570338934e+01 +4.1297e+00 +4.9124e+00
288 +1.313335718e+00 +1.313335718e+00 -3.613666428e+01 -3.613666428e+01 +4.1297e+00 +4.9557e+00
407 +9.199049789e-01 +9.199049789e-01 -3.653009502e+01 -3.653009502e+01 +4.9564e+00 +4.9124e+00
423 +4.523396272e-01 +4.523396272e-01 -3.699766037e+01 -3.699766037e+01 +4.9907e+00 +4.9557e+00
521 +3.909693577e-01 +3.909693577e-01 -3.705903064e+01 -3.705903064e+01 +4.9564e+00 +4.9653e+00
1282 +1.995530548e-01 +1.995530548e-01 -3.725044695e+01 -3.725044695e+01 +4.9951e+00 +4.9805e+00
1650 +8.261669527e-02 +8.261669527e-02 -3.736738330e+01 -3.736738330e+01 +4.9951e+00 +4.9922e+00
1899 +5.268210056e-02 +5.268210056e-02 -3.739731790e+01 -3.739731790e+01 +4.9979e+00 +4.9949e+00
1932 +2.960602635e-02 +2.960602635e-02 -3.742039397e+01 -3.742039397e+01 +4.9979e+00 +4.9973e+00
2755 +1.937818157e-02 +1.937818157e-02 -3.743062182e+01 -3.743062182e+01 +4.9998e+00 +4.9981e+00
2887 +1.506505963e-02 +1.506505963e-02 -3.743493494e+01 -3.743493494e+01 +4.9998e+00 +4.9985e+00
3151 +6.201901643e-03 +6.201901643e-03 -3.744379810e+01 -3.744379810e+01 +4.9998e+00 +4.9994e+00
3239 +2.048070412e-03 +2.048070412e-03 -3.744795193e+01 -3.744795193e+01 +4.9998e+00 +4.9998e+00
3706 +1.016484868e-03 +1.016484868e-03 -3.744898352e+01 -3.744898352e+01 +5.0000e+00 +4.9999e+00
4059 +4.582795959e-04 +4.582795959e-04 -3.744954172e+01 -3.744954172e+01 +5.0000e+00 +5.0000e+00
4463 +7.384195985e-05 +7.384195985e-05 -3.744992616e+01 -3.744992616e+01 +5.0000e+00 +5.0000e+00
5126 +4.610296942e-05 +4.610296942e-05 -3.744995390e+01 -3.744995390e+01 +5.0000e+00 +5.0000e+00
5496 +3.397301850e-05 +3.397301850e-05 -3.744996603e+01 -3.744996603e+01 +5.0000e+00 +5.0000e+00
6357 +1.655071664e-05 +1.655071664e-05 -3.744998345e+01 -3.744998345e+01 +5.0000e+00 +5.0000e+00
6643 +1.415614780e-05 +1.415614780e-05 -3.744998584e+01 -3.744998584e+01 +5.0000e+00 +5.0000e+00
6770 +4.263853327e-06 +4.263853327e-06 -3.744999574e+01 -3.744999574e+01 +5.0000e+00 +5.0000e+00
6887 +1.556024742e-06 +1.556024742e-06 -3.744999844e+01 -3.744999844e+01 +5.0000e+00 +5.0000e+00
6912 +4.591526874e-07 +4.591526874e-07 -3.744999954e+01 -3.744999954e+01 +5.0000e+00 +5.0000e+00
7307 +3.897142307e-07 +3.897142307e-07 -3.744999961e+01 -3.744999961e+01 +5.0000e+00 +5.0000e+00
7447 +1.394710480e-07 +1.394710480e-07 -3.744999986e+01 -3.744999986e+01 +5.0000e+00 +5.0000e+00
7760 +9.405145107e-08 +9.405145107e-08 -3.744999991e+01 -3.744999991e+01 +5.0000e+00 +5.0000e+00
20294 +3.586109898e-08 +3.586109898e-08 -3.744999996e+01 -3.744999996e+01 +5.0000e+00 +5.0000e+00
46905 +1.888442114e-08 +1.888442114e-08 -3.744999998e+01 -3.744999998e+01 +5.0000e+00 +5.0000e+00
51622 +1.580923481e-08 +1.580923481e-08 -3.744999998e+01 -3.744999998e+01 +5.0000e+00 +5.0000e+00
72092 +2.481769457e-09 +2.481769457e-09 -3.745000000e+01 -3.745000000e+01 +5.0000e+00 +5.0000e+00
% function evaluation | noise-free fitness - Fopt (-2.665900000000e+02) | best noise-free fitness - Fopt | measured fitness | best measured fitness | x1 | x2...
1 +8.392433872e+01 +8.392433872e+01 -1.826656613e+02 -1.826656613e+02 +4.4743e+00 -2.4450e+00
3 +1.010876678e+01 +1.010876678e+01 -2.564812332e+02 -2.564812332e+02 +4.9335e+00 +4.9825e+00
24 +4.830800342e+00 +4.830800342e+00 -2.617591997e+02 -2.617591997e+02 -3.4450e-01 +4.9825e+00
112 +1.400311684e+00 +1.400311684e+00 -2.651896883e+02 -2.651896883e+02 -3.7750e+00 +4.9825e+00
198 +9.163389374e-01 +9.163389374e-01 -2.656736611e+02 -2.656736611e+02 -4.2590e+00 +4.9825e+00
366 +5.712748314e-01 +5.712748314e-01 -2.660187252e+02 -2.660187252e+02 -4.4522e+00 +4.9976e+00
452 +7.475852559e-03 +7.475852559e-03 -2.665825241e+02 -2.665825241e+02 -4.9991e+00 +4.9993e+00
552 +3.934631425e-03 +3.934631425e-03 -2.665860654e+02 -2.665860654e+02 -4.9991e+00 +4.9997e+00
1020 +2.139597520e-03 +2.139597520e-03 -2.665878604e+02 -2.665878604e+02 -4.9991e+00 +4.9999e+00
1023 +1.437434628e-03 +1.437434628e-03 -2.665885626e+02 -2.665885626e+02 -4.9998e+00 +4.9999e+00
1122 +7.939225495e-04 +7.939225495e-04 -2.665892061e+02 -2.665892061e+02 -4.9998e+00 +4.9999e+00
1206 +6.121859205e-04 +6.121859205e-04 -2.665893878e+02 -2.665893878e+02 -4.9999e+00 +4.9999e+00
1356 +3.011294507e-04 +3.011294507e-04 -2.665896989e+02 -2.665896989e+02 -4.9998e+00 +5.0000e+00
1402 +1.193928218e-04 +1.193928218e-04 -2.665898806e+02 -2.665898806e+02 -4.9999e+00 +5.0000e+00
1514 +8.044873891e-05 +8.044873891e-05 -2.665899196e+02 -2.665899196e+02 -5.0000e+00 +5.0000e+00
2079 +2.962245344e-05 +2.962245344e-05 -2.665899704e+02 -2.665899704e+02 -5.0000e+00 +5.0000e+00
2128 +2.381236339e-05 +2.381236339e-05 -2.665899762e+02 -2.665899762e+02 -5.0000e+00 +5.0000e+00
2402 +1.145913251e-05 +1.145913251e-05 -2.665899885e+02 -2.665899885e+02 -5.0000e+00 +5.0000e+00
2440 +5.585526253e-06 +5.585526253e-06 -2.665899944e+02 -2.665899944e+02 -5.0000e+00 +5.0000e+00
3179 +2.864598116e-06 +2.864598116e-06 -2.665899971e+02 -2.665899971e+02 -5.0000e+00 +5.0000e+00
3376 +2.422806915e-06 +2.422806915e-06 -2.665899976e+02 -2.665899976e+02 -5.0000e+00 +5.0000e+00
3622 +1.244277200e-06 +1.244277200e-06 -2.665899988e+02 -2.665899988e+02 -5.0000e+00 +5.0000e+00
3851 +4.365683708e-07 +4.365683708e-07 -2.665899996e+02 -2.665899996e+02 -5.0000e+00 +5.0000e+00
3864 +1.555188760e-07 +1.555188760e-07 -2.665899998e+02 -2.665899998e+02 -5.0000e+00 +5.0000e+00
4123 +9.178336313e-08 +9.178336313e-08 -2.665899999e+02 -2.665899999e+02 -5.0000e+00 +5.0000e+00
14918 +3.117531833e-08 +3.117531833e-08 -2.665900000e+02 -2.665900000e+02 -5.0000e+00 +5.0000e+00
56675 +8.992060430e-10 +8.992060430e-10 -2.665900000e+02 -2.665900000e+02 -5.0000e+00 +5.0000e+00
% function evaluation | noise-free fitness - Fopt (3.528000000000e+01) | best noise-free fitness - Fopt | measured fitness | best measured fitness | x1 | x2...
1 +6.652850603e+01 +6.652850603e+01 +1.018085060e+02 +1.018085060e+02 +2.1376e+00 -9.3909e-01
4 +5.508973322e+01 +5.508973322e+01 +9.036973322e+01 +9.036973322e+01 +3.2593e+00 +3.1695e-01
5 +1.399815118e+01 +1.399815118e+01 +4.927815118e+01 +4.927815118e+01 +2.1641e+00 +4.3166e+00
26 +8.507848018e+00 +8.507848018e+00 +4.378784802e+01 +4.378784802e+01 -3.3262e+00 +4.3166e+00
240 +5.213330376e+00 +5.213330376e+00 +4.049333038e+01 +4.049333038e+01 -3.3262e+00 +4.6460e+00
964 +3.899034867e+00 +3.899034867e+00 +3.917903487e+01 +3.917903487e+01 -4.5267e+00 +4.6574e+00
1478 +2.052860680e+00 +2.052860680e+00 +3.733286068e+01 +3.733286068e+01 -4.9924e+00 +4.7955e+00
1600 +9.817148166e-01 +9.817148166e-01 +3.626171482e+01 +3.626171482e+01 -4.9892e+00 +4.9029e+00
1756 +2.761556984e-01 +2.761556984e-01 +3.555615570e+01 +3.555615570e+01 -4.9924e+00 +4.9731e+00
1835 +2.465072867e-01 +2.465072867e-01 +3.552650729e+01 +3.552650729e+01 -4.9975e+00 +4.9756e+00
2792 +1.393262177e-01 +1.393262177e-01 +3.541932622e+01 +3.541932622e+01 -4.9975e+00 +4.9863e+00
3026 +7.426326752e-02 +7.426326752e-02 +3.535426327e+01 +3.535426327e+01 -4.9989e+00 +4.9927e+00
3713 +2.823727089e-02 +2.823727089e-02 +3.530823727e+01 +3.530823727e+01 -4.9995e+00 +4.9972e+00
3822 +6.076676213e-03 +6.076676213e-03 +3.528607668e+01 +3.528607668e+01 -4.9998e+00 +4.9994e+00
4032 +1.175796926e-03 +1.175796926e-03 +3.528117580e+01 +3.528117580e+01 -4.9999e+00 +4.9999e+00
4102 +4.299300284e-04 +4.299300284e-04 +3.528042993e+01 +3.528042993e+01 -4.9999e+00 +5.0000e+00
4195 +3.745384919e-04 +3.745384919e-04 +3.528037454e+01 +3.528037454e+01 -5.0000e+00 +5.0000e+00
4891 +2.368520135e-04 +2.368520135e-04 +3.528023685e+01 +3.528023685e+01 -5.0000e+00 +5.0000e+00
5377 +1.201954435e-04 +1.201954435e-04 +3.528012020e+01 +3.528012020e+01 -5.0000e+00 +5.0000e+00
5568 +9.175240874e-05 +9.175240874e-05 +3.528009175e+01 +3.528009175e+01 -5.0000e+00 +5.0000e+00
5634 +5.198662402e-05 +5.198662402e-05 +3.528005199e+01 +3.528005199e+01 -5.0000e+00 +5.0000e+00
6093 +2.229660815e-05 +2.229660815e-05 +3.528002230e+01 +3.528002230e+01 -5.0000e+00 +5.0000e+00
6573 +9.872274077e-06 +9.872274077e-06 +3.528000987e+01 +3.528000987e+01 -5.0000e+00 +5.0000e+00
6973 +1.250614069e-06 +1.250614069e-06 +3.528000125e+01 +3.528000125e+01 -5.0000e+00 +5.0000e+00
7248 +5.494235040e-07 +5.494235040e-07 +3.528000055e+01 +3.528000055e+01 -5.0000e+00 +5.0000e+00
7410 +1.437209747e-07 +1.437209747e-07 +3.528000014e+01 +3.528000014e+01 -5.0000e+00 +5.0000e+00
7684 +5.752259824e-08 +5.752259824e-08 +3.528000006e+01 +3.528000006e+01 -5.0000e+00 +5.0000e+00
15842 +2.448942382e-08 +2.448942382e-08 +3.528000002e+01 +3.528000002e+01 -5.0000e+00 +5.0000e+00
93740 +8.047443600e-09 +8.047443600e-09 +3.528000001e+01 +3.528000001e+01 -5.0000e+00 +5.0000e+00
% function evaluation | noise-free fitness - Fopt (-1.882300000000e+02) | best noise-free fitness - Fopt | measured fitness | best measured fitness | x1 | x2...
1 +1.020259072e+02 +1.020259072e+02 -8.620409280e+01 -8.620409280e+01 +2.4330e-01 -4.7269e+00
2 +5.914553076e+01 +5.914553076e+01 -1.290844692e+02 -1.290844692e+02 -2.8456e+00 -1.3000e-01
3 +2.652490116e+01 +2.652490116e+01 -1.617050988e+02 -1.617050988e+02 -2.2415e+00 +3.0717e+00
8 +1.526212005e+01 +1.526212005e+01 -1.729678799e+02 -1.729678799e+02 -9.3034e-01 +4.0668e+00
13 +7.651113934e+00 +7.651113934e+00 -1.805788861e+02 -1.805788861e+02 +1.6266e+00 +4.5722e+00
82 +6.258136741e+00 +6.258136741e+00 -1.819718633e+02 -1.819718633e+02 +3.0196e+00 +4.5722e+00
535 +1.045039228e+00 +1.045039228e+00 -1.871849608e+02 -1.871849608e+02 +4.9234e+00 +4.9032e+00
636 +7.087910368e-01 +7.087910368e-01 -1.875212090e+02 -1.875212090e+02 +4.5506e+00 +4.9741e+00
662 +3.359806088e-01 +3.359806088e-01 -1.878940194e+02 -1.878940194e+02 +4.9234e+00 +4.9741e+00
921 +2.338459529e-01 +2.338459529e-01 -1.879961540e+02 -1.879961540e+02 +4.9234e+00 +4.9843e+00
1138 +7.777361082e-02 +7.777361082e-02 -1.881522264e+02 -1.881522264e+02 +4.9930e+00 +4.9929e+00
1569 +1.437909983e-02 +1.437909983e-02 -1.882156209e+02 -1.882156209e+02 +4.9930e+00 +4.9993e+00
1604 +8.959071205e-03 +8.959071205e-03 -1.882210409e+02 -1.882210409e+02 +4.9984e+00 +4.9993e+00
2273 +5.989007061e-03 +5.989007061e-03 -1.882240110e+02 -1.882240110e+02 +4.9995e+00 +4.9994e+00
2458 +1.203667796e-03 +1.203667796e-03 -1.882287963e+02 -1.882287963e+02 +4.9997e+00 +4.9999e+00
2478 +4.675144881e-04 +4.675144881e-04 -1.882295325e+02 -1.882295325e+02 +4.9997e+00 +5.0000e+00
2604 +3.433552269e-04 +3.433552269e-04 -1.882296566e+02 -1.882296566e+02 +4.9998e+00 +5.0000e+00
3128 +2.475826894e-04 +2.475826894e-04 -1.882297524e+02 -1.882297524e+02 +4.9998e+00 +5.0000e+00
3298 +1.322745908e-04 +1.322745908e-04 -1.882298677e+02 -1.882298677e+02 +5.0000e+00 +5.0000e+00
3401 +8.362512969e-05 +8.362512969e-05 -1.882299164e+02 -1.882299164e+02 +4.9999e+00 +5.0000e+00
3426 +5.258996808e-05 +5.258996808e-05 -1.882299474e+02 -1.882299474e+02 +5.0000e+00 +5.0000e+00
3564 +1.652599113e-05 +1.652599113e-05 -1.882299835e+02 -1.882299835e+02 +5.0000e+00 +5.0000e+00
3889 +1.373718410e-05 +1.373718410e-05 -1.882299863e+02 -1.882299863e+02 +5.0000e+00 +5.0000e+00
4140 +9.214574220e-06 +9.214574220e-06 -1.882299908e+02 -1.882299908e+02 +5.0000e+00 +5.0000e+00
4784 +5.616166504e-06 +5.616166504e-06 -1.882299944e+02 -1.882299944e+02 +5.0000e+00 +5.0000e+00
4818 +3.707476253e-06 +3.707476253e-06 -1.882299963e+02 -1.882299963e+02 +5.0000e+00 +5.0000e+00
5167 +2.465264032e-06 +2.465264032e-06 -1.882299975e+02 -1.882299975e+02 +5.0000e+00 +5.0000e+00
5225 +6.998023139e-07 +6.998023139e-07 -1.882299993e+02 -1.882299993e+02 +5.0000e+00 +5.0000e+00
5245 +6.308656850e-07 +6.308656850e-07 -1.882299994e+02 -1.882299994e+02 +5.0000e+00 +5.0000e+00
5913 +3.452566091e-07 +3.452566091e-07 -1.882299997e+02 -1.882299997e+02 +5.0000e+00 +5.0000e+00
6077 +2.449258716e-07 +2.449258716e-07 -1.882299998e+02 -1.882299998e+02 +5.0000e+00 +5.0000e+00
6308 +1.249962907e-07 +1.249962907e-07 -1.882299999e+02 -1.882299999e+02 +5.0000e+00 +5.0000e+00
6781 +7.524630519e-08 +7.524630519e-08 -1.882299999e+02 -1.882299999e+02 +5.0000e+00 +5.0000e+00
12316 +2.189881343e-08 +2.189881343e-08 -1.882300000e+02 -1.882300000e+02 +5.0000e+00 +5.0000e+00
58040 +1.583458697e-09 +1.583458697e-09 -1.882300000e+02 -1.882300000e+02 +5.0000e+00 +5.0000e+00
% function evaluation | noise-free fitness - Fopt (1.578500000000e+02) | best noise-free fitness - Fopt | measured fitness | best measured fitness | x1 | x2...
1 +6.483368717e+01 +6.483368717e+01 +2.226836872e+02 +2.226836872e+02 +1.8687e+00 +7.9650e-01
2 +4.401364912e+01 +4.401364912e+01 +2.018636491e+02 +2.018636491e+02 -4.8690e+00 -6.1174e-01
3 +9.908727754e+00 +9.908727754e+00 +1.677587278e+02 +1.677587278e+02 -4.8197e+00 -4.0272e+00
798 +5.618939319e+00 +5.618939319e+00 +1.634689393e+02 +1.634689393e+02 -4.9098e+00 -4.4471e+00
1254 +1.844621274e+00 +1.844621274e+00 +1.596946213e+02 +1.596946213e+02 -4.9580e+00 -4.8197e+00
1521 +1.385379945e+00 +1.385379945e+00 +1.592353799e+02 +1.592353799e+02 -4.9934e+00 -4.8621e+00
1983 +3.809497142e-01 +3.809497142e-01 +1.582309497e+02 +1.582309497e+02 -4.9984e+00 -4.9621e+00
2152 +5.048557509e-02 +5.048557509e-02 +1.579004856e+02 +1.579004856e+02 -4.9984e+00 -4.9951e+00
2580 +6.840007239e-03 +6.840007239e-03 +1.578568400e+02 +1.578568400e+02 -4.9984e+00 -4.9995e+00
2613 +6.122825479e-03 +6.122825479e-03 +1.578561228e+02 +1.578561228e+02 -4.9991e+00 -4.9995e+00
3049 +2.877723390e-03 +2.877723390e-03 +1.578528777e+02 +1.578528777e+02 -4.9996e+00 -4.9998e+00
3082 +2.134443883e-03 +2.134443883e-03 +1.578521344e+02 +1.578521344e+02 -4.9996e+00 -4.9998e+00
3364 +9.186577997e-04 +9.186577997e-04 +1.578509187e+02 +1.578509187e+02 -4.9996e+00 -4.9999e+00
3549 +5.781030652e-04 +5.781030652e-04 +1.578505781e+02 +1.578505781e+02 -4.9996e+00 -5.0000e+00
3714 +3.201606880e-04 +3.201606880e-04 +1.578503202e+02 +1.578503202e+02 -4.9999e+00 -5.0000e+00
3790 +1.843904941e-04 +1.843904941e-04 +1.578501844e+02 +1.578501844e+02 -4.9999e+00 -5.0000e+00
3917 +1.363060426e-04 +1.363060426e-04 +1.578501363e+02 +1.578501363e+02 -4.9999e+00 -5.0000e+00
3963 +5.230912467e-05 +5.230912467e-05 +1.578500523e+02 +1.578500523e+02 -5.0000e+00 -5.0000e+00
4080 +2.768067063e-05 +2.768067063e-05 +1.578500277e+02 +1.578500277e+02 -5.0000e+00 -5.0000e+00
4419 +1.966816475e-05 +1.966816475e-05 +1.578500197e+02 +1.578500197e+02 -5.0000e+00 -5.0000e+00
4486 +1.576156023e-05 +1.576156023e-05 +1.578500158e+02 +1.578500158e+02 -5.0000e+00 -5.0000e+00
4714 +7.609610947e-06 +7.609610947e-06 +1.578500076e+02 +1.578500076e+02 -5.0000e+00 -5.0000e+00
4904 +3.620713159e-06 +3.620713159e-06 +1.578500036e+02 +1.578500036e+02 -5.0000e+00 -5.0000e+00
4991 +2.205127430e-06 +2.205127430e-06 +1.578500022e+02 +1.578500022e+02 -5.0000e+00 -5.0000e+00
5083 +1.530431319e-06 +1.530431319e-06 +1.578500015e+02 +1.578500015e+02 -5.0000e+00 -5.0000e+00
5498 +7.351449369e-07 +7.351449369e-07 +1.578500007e+02 +1.578500007e+02 -5.0000e+00 -5.0000e+00
5632 +4.960789397e-07 +4.960789397e-07 +1.578500005e+02 +1.578500005e+02 -5.0000e+00 -5.0000e+00
6247 +3.342130697e-07 +3.342130697e-07 +1.578500003e+02 +1.578500003e+02 -5.0000e+00 -5.0000e+00
6471 +1.473956672e-07 +1.473956672e-07 +1.578500001e+02 +1.578500001e+02 -5.0000e+00 -5.0000e+00
6664 +6.288129839e-08 +6.288129839e-08 +1.578500001e+02 +1.578500001e+02 -5.0000e+00 -5.0000e+00
18462 +2.898585194e-08 +2.898585194e-08 +1.578500000e+02 +1.578500000e+02 -5.0000e+00 -5.0000e+00
30149 +1.632352564e-08 +1.632352564e-08 +1.578500000e+02 +1.578500000e+02 -5.0000e+00 -5.0000e+00
207899 +1.331491717e-08 +1.331491717e-08 +1.578500000e+02 +1.578500000e+02 -5.0000e+00 -5.0000e+00
474780 +3.021341399e-09 +3.021341399e-09 +1.578500000e+02 +1.578500000e+02 -5.0000e+00 -5.0000e+00
% function evaluation | noise-free fitness - Fopt (2.660000000000e+01) | best noise-free fitness - Fopt | measured fitness | best measured fitness | x1 | x2...
1 +7.883588903e+01 +7.883588903e+01 +1.054358890e+02 +1.054358890e+02 -2.1237e+00 -2.1712e+00
3 +2.166465261e+01 +2.166465261e+01 +4.826465261e+01 +4.826465261e+01 -2.5481e+00 +3.5883e+00
11 +1.438084936e+01 +1.438084936e+01 +4.098084936e+01 +4.098084936e+01 +1.8635e+00 +3.8756e+00
131 +8.809085922e+00 +8.809085922e+00 +3.540908592e+01 +3.540908592e+01 +1.8635e+00 +4.4327e+00
545 +5.564279813e+00 +5.564279813e+00 +3.216427981e+01 +3.216427981e+01 +3.4756e+00 +4.5960e+00
743 +3.456839219e+00 +3.456839219e+00 +3.005683922e+01 +3.005683922e+01 +3.4756e+00 +4.8068e+00
801 +2.236523608e+00 +2.236523608e+00 +2.883652361e+01 +2.883652361e+01 +4.6960e+00 +4.8068e+00
1277 +1.048300207e+00 +1.048300207e+00 +2.764830021e+01 +2.764830021e+01 +4.9717e+00 +4.8980e+00
1406 +8.681636775e-01 +8.681636775e-01 +2.746816368e+01 +2.746816368e+01 +4.6960e+00 +4.9436e+00
1441 +5.654812918e-01 +5.654812918e-01 +2.716548129e+01 +2.716548129e+01 +4.9986e+00 +4.9436e+00
1716 +3.346507615e-01 +3.346507615e-01 +2.693465076e+01 +2.693465076e+01 +4.9717e+00 +4.9694e+00
1906 +2.192478365e-01 +2.192478365e-01 +2.681924784e+01 +2.681924784e+01 +5.0000e+00 +4.9781e+00
2106 +1.047269576e-01 +1.047269576e-01 +2.670472696e+01 +2.670472696e+01 +5.0000e+00 +4.9895e+00
2159 +1.797827163e-02 +1.797827163e-02 +2.661797827e+01 +2.661797827e+01 +5.0000e+00 +4.9982e+00
2522 +1.122515478e-02 +1.122515478e-02 +2.661122515e+01 +2.661122515e+01 +5.0000e+00 +4.9989e+00
3134 +7.898343577e-03 +7.898343577e-03 +2.660789834e+01 +2.660789834e+01 +5.0000e+00 +4.9992e+00
3929 +5.229949266e-03 +5.229949266e-03 +2.660522995e+01 +2.660522995e+01 +5.0000e+00 +4.9995e+00
4497 +8.776112089e-04 +8.776112089e-04 +2.660087761e+01 +2.660087761e+01 +5.0000e+00 +4.9999e+00
5232 +2.286118129e-05 +2.286118129e-05 +2.660002286e+01 +2.660002286e+01 +5.0000e+00 +5.0000e+00
5457 +1.236136040e-05 +1.236136040e-05 +2.660001236e+01 +2.660001236e+01 +5.0000e+00 +5.0000e+00
6156 +9.268419078e-06 +9.268419078e-06 +2.660000927e+01 +2.660000927e+01 +5.0000e+00 +5.0000e+00
6596 +1.102831817e-07 +1.102831817e-07 +2.660000011e+01 +2.660000011e+01 +5.0000e+00 +5.0000e+00
7395 +5.179064289e-08 +5.179064289e-08 +2.660000005e+01 +2.660000005e+01 +5.0000e+00 +5.0000e+00
45236 +2.916356578e-08 +2.916356578e-08 +2.660000003e+01 +2.660000003e+01 +5.0000e+00 +5.0000e+00
88703 +1.286235829e-08 +1.286235829e-08 +2.660000001e+01 +2.660000001e+01 +5.0000e+00 +5.0000e+00
150526 +7.235577471e-09 +7.235577471e-09 +2.660000001e+01 +2.660000001e+01 +5.0000e+00 +5.0000e+00
% function evaluation | noise-free fitness - Fopt (-5.035000000000e+01) | best noise-free fitness - Fopt | measured fitness | best measured fitness | x1 | x2...
1 +6.690084020e+01 +6.690084020e+01 +1.655084020e+01 +1.655084020e+01 +2.0642e+00 +1.3965e+00
2 +6.262917360e+01 +6.262917360e+01 +1.227917360e+01 +1.227917360e+01 +1.0287e+00 +8.6579e-01
6 +2.558050845e+01 +2.558050845e+01 -2.476949155e+01 -2.476949155e+01 -3.5896e+00 -3.3009e+00
7 +2.006449123e+01 +2.006449123e+01 -3.028550877e+01 -3.028550877e+01 -6.4048e-01 -3.5576e+00
28 +1.490745750e+01 +1.490745750e+01 -3.544254250e+01 -3.544254250e+01 +4.5166e+00 -3.5576e+00
265 +8.120913567e+00 +8.120913567e+00 -4.222908643e+01 -4.222908643e+01 +4.5166e+00 -4.2363e+00
555 +1.377956631e+00 +1.377956631e+00 -4.897204337e+01 -4.897204337e+01 +4.5166e+00 -4.9105e+00
641 +8.948888874e-01 +8.948888874e-01 -4.945511111e+01 -4.945511111e+01 +4.9996e+00 -4.9105e+00
792 +5.758955879e-01 +5.758955879e-01 -4.977410441e+01 -4.977410441e+01 +4.9996e+00 -4.9424e+00
1055 +2.915690977e-01 +2.915690977e-01 -5.005843090e+01 -5.005843090e+01 +4.9996e+00 -4.9709e+00
1264 +1.226998762e-01 +1.226998762e-01 -5.022730012e+01 -5.022730012e+01 +4.9996e+00 -4.9878e+00
1592 +2.398396120e-02 +2.398396120e-02 -5.032601604e+01 -5.032601604e+01 +4.9996e+00 -4.9976e+00
1793 +7.530464577e-03 +7.530464577e-03 -5.034246954e+01 -5.034246954e+01 +5.0000e+00 -4.9993e+00
2467 +1.373702842e-03 +1.373702842e-03 -5.034862630e+01 -5.034862630e+01 +5.0000e+00 -4.9999e+00
3363 +9.977845630e-04 +9.977845630e-04 -5.034900222e+01 -5.034900222e+01 +5.0000e+00 -4.9999e+00
3757 +4.053451526e-04 +4.053451526e-04 -5.034959465e+01 -5.034959465e+01 +5.0000e+00 -5.0000e+00
3766 +6.644715319e-05 +6.644715319e-05 -5.034993355e+01 -5.034993355e+01 +5.0000e+00 -5.0000e+00
4240 +1.431395314e-05 +1.431395314e-05 -5.034998569e+01 -5.034998569e+01 +5.0000e+00 -5.0000e+00
4251 +7.671162336e-06 +7.671162336e-06 -5.034999233e+01 -5.034999233e+01 +5.0000e+00 -5.0000e+00
4945 +8.772467055e-07 +8.772467055e-07 -5.034999912e+01 -5.034999912e+01 +5.0000e+00 -5.0000e+00
5507 +2.194635087e-07 +2.194635087e-07 -5.034999978e+01 -5.034999978e+01 +5.0000e+00 -5.0000e+00
5589 +6.776962636e-08 +6.776962636e-08 -5.034999993e+01 -5.034999993e+01 +5.0000e+00 -5.0000e+00
18254 +1.612184519e-08 +1.612184519e-08 -5.034999998e+01 -5.034999998e+01 +5.0000e+00 -5.0000e+00
25138 +1.430564822e-08 +1.430564822e-08 -5.034999999e+01 -5.034999999e+01 +5.0000e+00 -5.0000e+00
343339 +3.619433642e-09 +3.619433642e-09 -5.035000000e+01 -5.035000000e+01 +5.0000e+00 -5.0000e+00
% function evaluation | noise-free fitness - Fopt (1.117700000000e+02) | best noise-free fitness - Fopt | measured fitness | best measured fitness | x1 | x2...
1 +6.098924327e+01 +6.098924327e+01 +1.727592433e+02 +1.727592433e+02 -7.8546e-01 +6.7747e-01
2 +2.238959663e+01 +2.238959663e+01 +1.341595966e+02 +1.341595966e+02 -5.7690e-01 -3.2034e+00
3 +1.878337339e+00 +1.878337339e+00 +1.136483373e+02 +1.136483373e+02 -3.9335e+00 -4.9188e+00
116 +1.349756964e+00 +1.349756964e+00 +1.131197570e+02 +1.131197570e+02 -4.4621e+00 -4.9188e+00
141 +8.904766092e-01 +8.904766092e-01 +1.126604766e+02 +1.126604766e+02 -4.9214e+00 -4.9188e+00
1083 +4.111684721e-01 +4.111684721e-01 +1.121811685e+02 +1.121811685e+02 -4.6608e+00 -4.9928e+00
1119 +1.359330173e-01 +1.359330173e-01 +1.119059330e+02 +1.119059330e+02 -4.9360e+00 -4.9928e+00
1730 +6.808488170e-02 +6.808488170e-02 +1.118380849e+02 +1.118380849e+02 -4.9360e+00 -4.9996e+00
2296 +1.609326584e-02 +1.609326584e-02 +1.117860933e+02 +1.117860933e+02 -4.9858e+00 -4.9998e+00
2314 +1.466485532e-02 +1.466485532e-02 +1.117846649e+02 +1.117846649e+02 -4.9858e+00 -5.0000e+00
2478 +6.530604702e-03 +6.530604702e-03 +1.117765306e+02 +1.117765306e+02 -4.9939e+00 -5.0000e+00
2748 +6.084640132e-03 +6.084640132e-03 +1.117760846e+02 +1.117760846e+02 -4.9939e+00 -5.0000e+00
5105 +9.146521263e-04 +9.146521263e-04 +1.117709147e+02 +1.117709147e+02 -4.9991e+00 -5.0000e+00
5145 +2.085754851e-04 +2.085754851e-04 +1.117702086e+02 +1.117702086e+02 -4.9998e+00 -5.0000e+00
5416 +4.637444647e-06 +4.637444647e-06 +1.117700046e+02 +1.117700046e+02 -5.0000e+00 -5.0000e+00
5677 +1.027595587e-06 +1.027595587e-06 +1.117700010e+02 +1.117700010e+02 -5.0000e+00 -5.0000e+00
5684 +9.884026326e-07 +9.884026326e-07 +1.117700010e+02 +1.117700010e+02 -5.0000e+00 -5.0000e+00
6116 +2.380067343e-07 +2.380067343e-07 +1.117700002e+02 +1.117700002e+02 -5.0000e+00 -5.0000e+00
6520 +1.425576528e-07 +1.425576528e-07 +1.117700001e+02 +1.117700001e+02 -5.0000e+00 -5.0000e+00
7115 +9.064453366e-08 +9.064453366e-08 +1.117700001e+02 +1.117700001e+02 -5.0000e+00 -5.0000e+00
23022 +5.853881646e-08 +5.853881646e-08 +1.117700001e+02 +1.117700001e+02 -5.0000e+00 -5.0000e+00
133535 +3.918110281e-08 +3.918110281e-08 +1.117700000e+02 +1.117700000e+02 -5.0000e+00 -5.0000e+00
153516 +1.256594828e-08 +1.256594828e-08 +1.117700000e+02 +1.117700000e+02 -5.0000e+00 -5.0000e+00
978793 +6.318160217e-09 +6.318160217e-09 +1.117700000e+02 +1.117700000e+02 -5.0000e+00 -5.0000e+00
% function evaluation | noise-free fitness - Fopt (7.752000000000e+01) | best noise-free fitness - Fopt | measured fitness | best measured fitness | x1 | x2...
1 +2.210854323e+01 +2.210854323e+01 +9.962854323e+01 +9.962854323e+01 +2.7052e-03 +3.2894e+00
42 +9.206801555e+00 +9.206801555e+00 +8.672680155e+01 +8.672680155e+01 -4.8992e+00 +4.0894e+00
508 +1.683600014e+00 +1.683600014e+00 +7.920360001e+01 +7.920360001e+01 -4.8992e+00 +4.8417e+00
1017 +1.453208114e+00 +1.453208114e+00 +7.897320811e+01 +7.897320811e+01 -4.9029e+00 +4.8644e+00
1289 +2.980662053e-01 +2.980662053e-01 +7.781806621e+01 +7.781806621e+01 -4.9029e+00 +4.9799e+00
1398 +2.295613364e-01 +2.295613364e-01 +7.774956134e+01 +7.774956134e+01 -4.9714e+00 +4.9799e+00
1412 +1.553050285e-01 +1.553050285e-01 +7.767530503e+01 +7.767530503e+01 -4.9029e+00 +4.9942e+00
1489 +8.680015962e-02 +8.680015962e-02 +7.760680016e+01 +7.760680016e+01 -4.9714e+00 +4.9942e+00
2248 +5.982678722e-02 +5.982678722e-02 +7.757982679e+01 +7.757982679e+01 -4.9984e+00 +4.9942e+00
2925 +2.245161999e-03 +2.245161999e-03 +7.752224516e+01 +7.752224516e+01 -4.9995e+00 +4.9998e+00
3388 +6.223525579e-04 +6.223525579e-04 +7.752062235e+01 +7.752062235e+01 -4.9998e+00 +5.0000e+00
3673 +3.097170609e-04 +3.097170609e-04 +7.752030972e+01 +7.752030972e+01 -5.0000e+00 +5.0000e+00
3833 +1.983308548e-04 +1.983308548e-04 +7.752019833e+01 +7.752019833e+01 -5.0000e+00 +5.0000e+00
3876 +2.029000024e-05 +2.029000024e-05 +7.752002029e+01 +7.752002029e+01 -5.0000e+00 +5.0000e+00
4229 +1.007486063e-06 +1.007486063e-06 +7.752000101e+01 +7.752000101e+01 -5.0000e+00 +5.0000e+00
4341 +9.821880838e-07 +9.821880838e-07 +7.752000098e+01 +7.752000098e+01 -5.0000e+00 +5.0000e+00
4485 +2.213967178e-07 +2.213967178e-07 +7.752000022e+01 +7.752000022e+01 -5.0000e+00 +5.0000e+00
4800 +5.186197427e-08 +5.186197427e-08 +7.752000005e+01 +7.752000005e+01 -5.0000e+00 +5.0000e+00
25535 +2.319946191e-08 +2.319946191e-08 +7.752000002e+01 +7.752000002e+01 -5.0000e+00 +5.0000e+00
41035 +2.679612976e-09 +2.679612976e-09 +7.752000000e+01 +7.752000000e+01 -5.0000e+00 +5.0000e+00
% function evaluation | noise-free fitness - Fopt (-8.248000000000e+01) | best noise-free fitness - Fopt | measured fitness | best measured fitness | x1 | x2...
1 +3.530378102e+01 +3.530378102e+01 -4.717621898e+01 -4.717621898e+01 +3.0639e-01 -1.9390e+00
4 +1.138530039e+01 +1.138530039e+01 -7.109469961e+01 -7.109469961e+01 +2.5219e+00 -4.1093e+00
16 +9.272223521e+00 +9.272223521e+00 -7.320777648e+01 -7.320777648e+01 -2.3091e+00 -4.8037e+00
35 +5.840783819e+00 +5.840783819e+00 -7.663921618e+01 -7.663921618e+01 +1.1223e+00 -4.8037e+00
84 +2.234242375e+00 +2.234242375e+00 -8.024575762e+01 -8.024575762e+01 +4.7289e+00 -4.8037e+00
379 +4.897195807e-01 +4.897195807e-01 -8.199028042e+01 -8.199028042e+01 +4.7289e+00 -4.9781e+00
511 +3.402485661e-01 +3.402485661e-01 -8.213975143e+01 -8.213975143e+01 +4.7289e+00 -4.9931e+00
1179 +1.941840876e-01 +1.941840876e-01 -8.228581591e+01 -8.228581591e+01 +4.8357e+00 -4.9970e+00
1250 +6.938504135e-02 +6.938504135e-02 -8.241061496e+01 -8.241061496e+01 +4.9605e+00 -4.9970e+00
1558 +5.469473843e-02 +5.469473843e-02 -8.242530526e+01 -8.242530526e+01 +4.9605e+00 -4.9985e+00
1824 +2.969528125e-02 +2.969528125e-02 -8.245030472e+01 -8.245030472e+01 +4.9855e+00 -4.9985e+00
2104 +1.825726548e-02 +1.825726548e-02 -8.246174273e+01 -8.246174273e+01 +4.9970e+00 -4.9985e+00
2217 +5.965887161e-03 +5.965887161e-03 -8.247403411e+01 -8.247403411e+01 +4.9970e+00 -4.9997e+00
2446 +3.790432803e-03 +3.790432803e-03 -8.247620957e+01 -8.247620957e+01 +4.9991e+00 -4.9997e+00
3250 +2.314503728e-03 +2.314503728e-03 -8.247768550e+01 -8.247768550e+01 +4.9997e+00 -4.9998e+00
3564 +1.536333616e-03 +1.536333616e-03 -8.247846367e+01 -8.247846367e+01 +4.9997e+00 -4.9999e+00
4446 +3.090754085e-04 +3.090754085e-04 -8.247969092e+01 -8.247969092e+01 +5.0000e+00 -5.0000e+00
4537 +5.493670487e-05 +5.493670487e-05 -8.247994506e+01 -8.247994506e+01 +5.0000e+00 -5.0000e+00
4858 +1.078745005e-05 +1.078745005e-05 -8.247998921e+01 -8.247998921e+01 +5.0000e+00 -5.0000e+00
5181 +5.832478934e-06 +5.832478934e-06 -8.247999417e+01 -8.247999417e+01 +5.0000e+00 -5.0000e+00
5514 +2.787512884e-06 +2.787512884e-06 -8.247999721e+01 -8.247999721e+01 +5.0000e+00 -5.0000e+00
5582 +1.560766620e-06 +1.560766620e-06 -8.247999844e+01 -8.247999844e+01 +5.0000e+00 -5.0000e+00
5664 +4.825162421e-07 +4.825162421e-07 -8.247999952e+01 -8.247999952e+01 +5.0000e+00 -5.0000e+00
6120 +3.927271734e-07 +3.927271734e-07 -8.247999961e+01 -8.247999961e+01 +5.0000e+00 -5.0000e+00
6977 +2.493924569e-07 +2.493924569e-07 -8.247999975e+01 -8.247999975e+01 +5.0000e+00 -5.0000e+00
7096 +7.234329757e-08 +7.234329757e-08 -8.247999993e+01 -8.247999993e+01 +5.0000e+00 -5.0000e+00
13983 +3.485146749e-08 +3.485146749e-08 -8.247999997e+01 -8.247999997e+01 +5.0000e+00 -5.0000e+00
30998 +1.403719807e-08 +1.403719807e-08 -8.247999999e+01 -8.247999999e+01 +5.0000e+00 -5.0000e+00
64855 +6.884533832e-09 +6.884533832e-09 -8.247999999e+01 -8.247999999e+01 +5.0000e+00 -5.0000e+00
% function evaluation | noise-free fitness - Fopt (-9.730000000000e+01) | best noise-free fitness - Fopt | measured fitness | best measured fitness | x1 | x2...
1 +1.094527702e+02 +1.094527702e+02 +1.215277022e+01 +1.215277022e+01 -4.4863e+00 -4.9966e+00
2 +1.181221898e+01 +1.181221898e+01 -8.548778102e+01 -8.548778102e+01 +2.9126e+00 +4.0275e+00
5 +7.412873460e+00 +7.412873460e+00 -8.988712654e+01 -8.988712654e+01 +8.1368e-01 +4.6773e+00
31 +4.211150559e+00 +4.211150559e+00 -9.308884944e+01 -9.308884944e+01 +3.9306e+00 +4.6858e+00
59 +3.422610168e+00 +3.422610168e+00 -9.387738983e+01 -9.387738983e+01 +4.7192e+00 +4.6858e+00
424 +9.169117264e-01 +9.169117264e-01 -9.638308827e+01 -9.638308827e+01 +4.7192e+00 +4.9364e+00
1320 +6.174683150e-01 +6.174683150e-01 -9.668253169e+01 -9.668253169e+01 +4.7529e+00 +4.9630e+00
1558 +3.623233679e-01 +3.623233679e-01 -9.693767663e+01 -9.693767663e+01 +4.7529e+00 +4.9885e+00
1571 +1.486577606e-01 +1.486577606e-01 -9.715134224e+01 -9.715134224e+01 +4.9666e+00 +4.9885e+00
2333 +2.510733069e-02 +2.510733069e-02 -9.727489267e+01 -9.727489267e+01 +4.9762e+00 +4.9999e+00
2412 +2.788909100e-03 +2.788909100e-03 -9.729721109e+01 -9.729721109e+01 +4.9985e+00 +4.9999e+00
2919 +1.903182959e-03 +1.903182959e-03 -9.729809682e+01 -9.729809682e+01 +4.9994e+00 +4.9999e+00
3006 +8.794412831e-04 +8.794412831e-04 -9.729912056e+01 -9.729912056e+01 +4.9994e+00 +5.0000e+00
3159 +4.958322851e-04 +4.958322851e-04 -9.729950417e+01 -9.729950417e+01 +4.9998e+00 +5.0000e+00
3560 +3.976109326e-04 +3.976109326e-04 -9.729960239e+01 -9.729960239e+01 +4.9998e+00 +5.0000e+00
4032 +2.175756501e-04 +2.175756501e-04 -9.729978242e+01 -9.729978242e+01 +4.9998e+00 +5.0000e+00
4486 +1.445745156e-04 +1.445745156e-04 -9.729985543e+01 -9.729985543e+01 +4.9999e+00 +5.0000e+00
4705 +8.314044351e-05 +8.314044351e-05 -9.729991686e+01 -9.729991686e+01 +4.9999e+00 +5.0000e+00
4714 +4.460864321e-05 +4.460864321e-05 -9.729995539e+01 -9.729995539e+01 +5.0000e+00 +5.0000e+00
4890 +2.552092322e-05 +2.552092322e-05 -9.729997448e+01 -9.729997448e+01 +5.0000e+00 +5.0000e+00
5005 +1.879208233e-05 +1.879208233e-05 -9.729998121e+01 -9.729998121e+01 +5.0000e+00 +5.0000e+00
5433 +1.541340229e-05 +1.541340229e-05 -9.729998459e+01 -9.729998459e+01 +5.0000e+00 +5.0000e+00
5876 +4.760649617e-06 +4.760649617e-06 -9.729999524e+01 -9.729999524e+01 +5.0000e+00 +5.0000e+00
5908 +3.478078568e-06 +3.478078568e-06 -9.729999652e+01 -9.729999652e+01 +5.0000e+00 +5.0000e+00
6949 +1.696719991e-06 +1.696719991e-06 -9.729999830e+01 -9.729999830e+01 +5.0000e+00 +5.0000e+00
7176 +3.081104438e-07 +3.081104438e-07 -9.729999969e+01 -9.729999969e+01 +5.0000e+00 +5.0000e+00
8284 +1.909801028e-07 +1.909801028e-07 -9.729999981e+01 -9.729999981e+01 +5.0000e+00 +5.0000e+00
9163 +1.128629918e-07 +1.128629918e-07 -9.729999989e+01 -9.729999989e+01 +5.0000e+00 +5.0000e+00
9265 +2.491218254e-08 +2.491218254e-08 -9.729999998e+01 -9.729999998e+01 +5.0000e+00 +5.0000e+00
25428 +5.953424420e-09 +5.953424420e-09 -9.729999999e+01 -9.729999999e+01 +5.0000e+00 +5.0000e+00
