rank	gen	depth	min     	avg     	max     	std    
6   	0  	100  	-3412.25	-1703.73	-1616.95	163.124
6   	1  	100  	-3346.46	-1695.02	-1613.78	207.16 
6   	2  	100  	-3828.68	-1658.03	-1613.78	115.627
6   	3  	100  	-5884.66	-1664.91	-1613.08	248.433
6   	4  	100  	-4204.11	-1655.67	-1613.08	169.168
6   	5  	100  	-6392.64	-1657.16	-1611.93	233.142
6   	6  	100  	-3119.54	-1641.78	-1609.98	104.87 
6   	7  	100  	-2514.54	-1631.95	-1609.98	58.9256
6   	8  	100  	-7641.19	-1659.84	-1609.84	315.559
6   	9  	100  	-2253.41	-1630.95	-1609.84	54.6675
6   	10 	100  	-2946.19	-1642.88	-1609.4 	112.938
6   	11 	100  	-6102.93	-1644.86	-1609.4 	221.662
6   	12 	100  	-4075.61	-1636.39	-1608.9 	131.07 
6   	13 	100  	-1898.99	-1624.81	-1608.9 	31.9879
6   	14 	100  	-1999.07	-1627.16	-1608.2 	39.7735
6   	15 	100  	-2341.93	-1627.95	-1608.2 	62.9439
6   	16 	100  	-3182.42	-1634.47	-1607.87	101.175
6   	17 	100  	-2197.02	-1626.19	-1607.62	47.9374
6   	18 	100  	-2648.17	-1628.17	-1607.05	74.8602
6   	19 	100  	-2657.04	-1628.26	-1606.92	71.5761
6   	20 	100  	-2880.43	-1631.55	-1606.71	105.461
6   	21 	100  	-3923.73	-1625.9 	-1606.71	109.551
6   	22 	100  	-1948.26	-1619.82	-1606.46	30.8909
6   	23 	100  	-2187.16	-1624.4 	-1606.46	51.5011
6   	24 	100  	-2365.11	-1620.46	-1606.46	46.2502
6   	25 	100  	-2016.73	-1619.81	-1605.44	32.592 
6   	26 	100  	-2834.47	-1626.23	-1605.44	83.6039
6   	27 	100  	-2595.13	-1626.13	-1605.44	69.7877
6   	28 	100  	-4039.49	-1638.77	-1605.44	198.037
6   	29 	100  	-5149.07	-1627.48	-1605.19	161.329
6   	30 	100  	-2441.22	-1620.76	-1605.14	55.638 
6   	31 	100  	-2051.74	-1617.89	-1605.14	32.5502
6   	32 	100  	-2663.42	-1623.63	-1605.02	74.1688
6   	33 	100  	-2097.7 	-1616.67	-1604.62	31.9872
6   	34 	100  	-2167.87	-1619.2 	-1604.48	45.2158
6   	35 	100  	-1773.21	-1615   	-1604.48	21.2812
6   	36 	100  	-2934.32	-1622.21	-1603.92	75.2034
6   	37 	100  	-2089.06	-1614.89	-1603.92	30.6901
6   	38 	100  	-2742.16	-1617.92	-1603.92	56.5135
6   	39 	100  	-8778.14	-1641.05	-1603.92	403.343
6   	40 	100  	-3088.53	-1620.31	-1603.79	82.0598
6   	41 	100  	-2875.64	-1624.78	-1603.79	104.698
6   	42 	100  	-2856.6 	-1622.63	-1603.79	86.8762
6   	43 	100  	-2456.35	-1617.67	-1603.78	54.6917
6   	44 	100  	-1983.97	-1616.04	-1603.74	36.6024
6   	45 	100  	-2358.22	-1615.89	-1603.74	45.7121
6   	46 	100  	-2981.86	-1617.64	-1603.54	87.1355
6   	47 	100  	-2006.14	-1612.93	-1603.54	29.0415
6   	48 	100  	-7353.64	-1644.04	-1603.54	362.259
6   	49 	100  	-2674.46	-1618.52	-1603.54	70.4346
6   	50 	100  	-2193.85	-1614.64	-1603.54	43.4547
6   	51 	100  	-3116.16	-1618.6 	-1603.54	84.0928
6   	52 	100  	-1930.7 	-1614.11	-1603.54	32.5979
6   	53 	100  	-1954.97	-1613.3 	-1603.54	31.8495
6   	54 	100  	-2088.83	-1613.13	-1603.54	33.0032
6   	55 	100  	-2013.38	-1612.5 	-1603.54	29.746 
6   	56 	100  	-3537.63	-1616.56	-1603.54	93.748 
6   	57 	100  	-1835.62	-1611.3 	-1603.54	22.7856
6   	58 	100  	-2744.16	-1616.59	-1603.54	71.3395
6   	59 	100  	-2070.6 	-1613.27	-1603.54	34.5302
6   	60 	100  	-2736.94	-1614.19	-1603.54	60.6414
6   	61 	100  	-4755.42	-1623.55	-1603.54	154.58 
6   	62 	100  	-2109.93	-1613.63	-1603.54	37.8789
6   	63 	100  	-2361.52	-1616.99	-1603.54	64.3542
6   	64 	100  	-4591.22	-1617.72	-1603.54	135.54 
6   	65 	100  	-2281.61	-1614.47	-1603.54	44.7103
6   	66 	100  	-3185.5 	-1622.3 	-1603.54	108.93 
6   	67 	100  	-2215.15	-1614.7 	-1603.54	45.3309
6   	68 	100  	-2349.52	-1617.71	-1603.54	54.9784
6   	69 	100  	-2024.12	-1614.11	-1603.54	32.9515
6   	70 	100  	-2232.99	-1613.51	-1603.54	35.9478
6   	71 	100  	-2533.43	-1613.46	-1603.54	49.2165
6   	72 	100  	-2372.11	-1618.71	-1603.54	54.1671
6   	73 	100  	-2138.81	-1615.31	-1603.54	46.0158
6   	74 	100  	-1976.52	-1612.82	-1603.54	33.9514
6   	75 	100  	-2528.43	-1620.32	-1603.54	72.278 
6   	76 	100  	-2203.84	-1616.16	-1603.54	49.6062
6   	77 	100  	-4194.11	-1627.35	-1603.54	144.525
6   	78 	100  	-2563.32	-1612.35	-1603.54	47.3375
6   	79 	100  	-3326.86	-1620.12	-1603.54	105.27 
6   	80 	100  	-2281.47	-1613.62	-1603.54	40.2536
6   	81 	100  	-1930.23	-1611.28	-1603.54	26.3398
6   	82 	100  	-3110.52	-1613.51	-1603.54	69.1891
6   	83 	100  	-2459.06	-1614.04	-1603.54	47.2121
6   	84 	100  	-1878.25	-1611.62	-1603.54	25.6277
6   	85 	100  	-1854.06	-1611.09	-1603.54	21.4982
6   	86 	100  	-1905.34	-1611.14	-1603.54	23.9241
6   	87 	100  	-3650.61	-1618.1 	-1603.54	100.949
6   	88 	100  	-2537.33	-1614.25	-1603.54	52.5577
6   	89 	100  	-2142.19	-1615.22	-1603.54	45.4488
6   	90 	100  	-1889.15	-1611.36	-1603.54	22.6994
6   	91 	100  	-2166.07	-1614.72	-1603.54	47.8074
6   	92 	100  	-2012.38	-1612.04	-1603.54	27.8387
6   	93 	100  	-2200.62	-1613.29	-1603.54	36.95  
6   	94 	100  	-2542.72	-1613.72	-1603.54	49.5909
6   	95 	100  	-2043.45	-1613.77	-1603.54	32.2972
6   	96 	100  	-2562.02	-1616.86	-1603.54	61.2365
6   	97 	100  	-2243.08	-1613.84	-1603.54	36.8358
6   	98 	100  	-2382.8 	-1614.01	-1603.54	49.5676
6   	99 	100  	-2307.15	-1612.83	-1603.54	40.742 
rank	gen	depth	min     	avg     	max     	std        
6   	0  	100  	-2137.81	-1683.26	-1618.49	63.3548    
6   	1  	100  	-1710.58	-1645.39	-1614.39	18.5783    
6   	2  	100  	-1671.74	-1632.58	-1613.05	10.0999    
6   	3  	100  	-1651.41	-1625.43	-1613   	6.04257    
6   	4  	100  	-1637.11	-1621.34	-1611.72	4.28981    
6   	5  	100  	-1630.91	-1618.45	-1611.19	3.43132    
6   	6  	100  	-1626.22	-1616.26	-1610.52	2.65447    
6   	7  	100  	-1624.23	-1614.6 	-1609.05	2.15818    
6   	8  	100  	-1620.31	-1613.52	-1607.52	1.90155    
6   	9  	100  	-1618.39	-1612.56	-1607.52	1.95184    
6   	10 	100  	-1629.01	-1611.46	-1607.52	1.85383    
6   	11 	100  	-1638.94	-1610.58	-1606.72	2.25396    
6   	12 	100  	-1615.94	-1609.65	-1606.02	1.27526    
6   	13 	100  	-1615.02	-1608.92	-1605.52	1.14408    
6   	14 	100  	-1612.32	-1608.44	-1605.52	1.05278    
6   	15 	100  	-1613.4 	-1607.93	-1605.51	0.988797   
6   	16 	100  	-1611.17	-1607.49	-1605.4 	0.903191   
6   	17 	100  	-1612.71	-1607.14	-1604.49	0.915546   
6   	18 	100  	-1613.25	-1606.79	-1604.49	0.929559   
6   	19 	100  	-1646.26	-1606.51	-1604.27	2.11073    
6   	20 	100  	-1615.38	-1605.97	-1604.24	0.957114   
6   	21 	100  	-1628.84	-1605.5 	-1603.62	1.35449    
6   	22 	100  	-1606.84	-1605.04	-1603.62	0.478672   
6   	23 	100  	-1607.38	-1604.73	-1603.54	0.432235   
6   	24 	100  	-1632.46	-1604.47	-1603.54	1.29643    
6   	25 	100  	-1607.05	-1604.26	-1603.54	0.330106   
6   	26 	100  	-1623.3 	-1604.15	-1603.54	0.937895   
6   	27 	100  	-1607.95	-1603.89	-1603.54	0.421178   
6   	28 	100  	-1605.97	-1603.64	-1603.54	0.212212   
6   	29 	100  	-1623.89	-1603.64	-1603.54	1.15873    
6   	30 	100  	-1606.68	-1603.57	-1603.54	0.21857    
6   	31 	100  	-1605.52	-1603.56	-1603.54	0.132566   
6   	32 	100  	-1606.92	-1603.55	-1603.54	0.166941   
6   	33 	100  	-1607.42	-1603.57	-1603.54	0.254402   
6   	34 	100  	-1604.82	-1603.55	-1603.54	0.0724767  
6   	35 	100  	-1604   	-1603.54	-1603.54	0.0286484  
6   	36 	100  	-1614.93	-1603.56	-1603.54	0.509991   
6   	37 	100  	-1604.82	-1603.55	-1603.54	0.0891718  
6   	38 	100  	-1609.14	-1603.56	-1603.54	0.267443   
6   	39 	100  	-1607.42	-1603.56	-1603.54	0.206316   
6   	40 	100  	-1604.32	-1603.54	-1603.54	0.0454458  
6   	41 	100  	-1604   	-1603.55	-1603.54	0.0498826  
6   	42 	100  	-1609.72	-1603.57	-1603.54	0.322555   
6   	43 	100  	-1604.82	-1603.55	-1603.54	0.0851499  
6   	44 	100  	-1604.44	-1603.54	-1603.54	0.0548269  
6   	45 	100  	-1605.52	-1603.55	-1603.54	0.0954575  
6   	46 	100  	-1604.82	-1603.54	-1603.54	0.0616049  
6   	47 	100  	-1605.94	-1603.55	-1603.54	0.114519   
6   	48 	100  	-1609.52	-1603.56	-1603.54	0.280028   
6   	49 	100  	-1607.25	-1603.55	-1603.54	0.231327   
6   	50 	100  	-1607.14	-1603.55	-1603.54	0.184453   
6   	51 	100  	-1606.71	-1603.55	-1603.54	0.188712   
6   	52 	100  	-1606.32	-1603.55	-1603.54	0.128921   
6   	53 	100  	-1604.19	-1603.54	-1603.54	0.0480189  
6   	54 	100  	-1605.22	-1603.55	-1603.54	0.0924122  
6   	55 	100  	-1603.74	-1603.54	-1603.54	0.00918392 
6   	56 	100  	-1604.19	-1603.54	-1603.54	0.0455582  
6   	57 	100  	-1609.84	-1603.57	-1603.54	0.388621   
6   	58 	100  	-1606.05	-1603.55	-1603.54	0.140584   
6   	59 	100  	-1606.1 	-1603.54	-1603.54	0.114271   
6   	60 	100  	-1603.92	-1603.54	-1603.54	0.0170511  
6   	61 	100  	-1604.62	-1603.54	-1603.54	0.0643863  
6   	62 	100  	-1604.49	-1603.54	-1603.54	0.0426969  
6   	63 	100  	-1620.49	-1603.58	-1603.54	0.795617   
6   	64 	100  	-1604.92	-1603.54	-1603.54	0.0711487  
6   	65 	100  	-1606.22	-1603.55	-1603.54	0.166098   
6   	66 	100  	-1604.24	-1603.54	-1603.54	0.0355495  
6   	67 	100  	-1603.74	-1603.54	-1603.54	0.00918392 
6   	68 	100  	-1620.3 	-1603.58	-1603.54	0.77665    
6   	69 	100  	-1603.54	-1603.54	-1603.54	2.27374e-13
6   	70 	100  	-1605.94	-1603.55	-1603.54	0.116503   
6   	71 	100  	-1604.24	-1603.54	-1603.54	0.0312276  
6   	72 	100  	-1609.64	-1603.57	-1603.54	0.436969   
6   	73 	100  	-1604.24	-1603.54	-1603.54	0.0312276  
6   	74 	100  	-1603.54	-1603.54	-1603.54	2.27374e-13
6   	75 	100  	-1603.54	-1603.54	-1603.54	2.27374e-13
6   	76 	100  	-1637.52	-1603.64	-1603.54	1.62986    
6   	77 	100  	-1610.89	-1603.56	-1603.54	0.34976    
6   	78 	100  	-1606.44	-1603.56	-1603.54	0.20497    
6   	79 	100  	-1608.19	-1603.55	-1603.54	0.20823    
6   	80 	100  	-1603.54	-1603.54	-1603.54	2.27374e-13
6   	81 	100  	-1609.14	-1603.56	-1603.54	0.315054   
6   	82 	100  	-1617.69	-1603.6 	-1603.54	0.816126   
6   	83 	100  	-1606.44	-1603.55	-1603.54	0.153922   
6   	84 	100  	-1604   	-1603.54	-1603.54	0.0205886  
6   	85 	100  	-1603.54	-1603.54	-1603.54	2.27374e-13
6   	86 	100  	-1604.7 	-1603.54	-1603.54	0.0637278  
6   	87 	100  	-1603.54	-1603.54	-1603.54	2.27374e-13
6   	88 	100  	-1612.84	-1603.56	-1603.54	0.415603   
6   	89 	100  	-1605.06	-1603.54	-1603.54	0.0689743  
6   	90 	100  	-1609.84	-1603.56	-1603.54	0.32651    
6   	91 	100  	-1610.62	-1603.56	-1603.54	0.338447   
6   	92 	100  	-1603.54	-1603.54	-1603.54	2.27374e-13
6   	93 	100  	-1616.29	-1603.56	-1603.54	0.569773   
6   	94 	100  	-1603.54	-1603.54	-1603.54	2.27374e-13
6   	95 	100  	-1605.92	-1603.55	-1603.54	0.1327     
6   	96 	100  	-1612.24	-1603.56	-1603.54	0.388796   
6   	97 	100  	-1609.59	-1603.56	-1603.54	0.313225   
6   	98 	100  	-1603.54	-1603.54	-1603.54	2.27374e-13
6   	99 	100  	-1608.69	-1603.55	-1603.54	0.235402   
rank	gen	depth	min     	avg     	max     	std    
6   	0  	100  	-3343.48	-1687.15	-1619.1 	120.396
6   	1  	100  	-2333.73	-1651.31	-1616.18	50.9001
6   	2  	100  	-2041.21	-1637.63	-1612.49	32.8365
6   	3  	100  	-2442.92	-1634.72	-1611.81	53.1504
6   	4  	100  	-3850.81	-1638.37	-1610.64	150.428
6   	5  	100  	-2268.43	-1625.04	-1608.06	42.2669
6   	6  	100  	-2081.51	-1621.98	-1608.06	34.6108
6   	7  	100  	-1911.2 	-1617.32	-1607.49	17.4941
6   	8  	100  	-1886.54	-1616.45	-1607.03	18.6706
6   	9  	100  	-2063.07	-1616.02	-1606.49	26.4978
6   	10 	100  	-3460.69	-1624.62	-1606.46	122.493
6   	11 	100  	-1831.21	-1612.83	-1606.46	15.9586
6   	12 	100  	-2149.47	-1614.31	-1605.32	30.5979
6   	13 	100  	-2156.4 	-1613.87	-1605.27	33.5177
6   	14 	100  	-6412.02	-1622.13	-1604.94	217.503
6   	15 	100  	-2038.24	-1613.27	-1604.24	35.5878
6   	16 	100  	-1813.19	-1610.33	-1604.24	17.042 
6   	17 	100  	-1707.95	-1608.44	-1604.24	8.62901
6   	18 	100  	-1846   	-1609.17	-1604.24	17.3035
6   	19 	100  	-1926.01	-1608.72	-1603.62	19.4097
6   	20 	100  	-1825.34	-1607.4 	-1603.62	14.8214
6   	21 	100  	-1759.72	-1606.85	-1603.62	9.76553
6   	22 	100  	-1771.26	-1607.01	-1603.62	12.4805
6   	23 	100  	-1907.91	-1608.18	-1603.54	19.2925
6   	24 	100  	-1796.33	-1607.11	-1603.54	15.0602
6   	25 	100  	-1812.59	-1607.16	-1603.54	17.1951
6   	26 	100  	-1866.97	-1606.46	-1603.54	16.7383
6   	27 	100  	-1914.42	-1606.48	-1603.54	16.6822
6   	28 	100  	-1859.33	-1606.7 	-1603.54	14.5535
6   	29 	100  	-2469.6 	-1608.02	-1603.54	41.1442
6   	30 	100  	-2511.26	-1609   	-1603.54	45.4129
6   	31 	100  	-1759.89	-1605.99	-1603.54	12.0255
6   	32 	100  	-1796.93	-1606.39	-1603.54	12.8732
6   	33 	100  	-1791.26	-1606.06	-1603.54	13.5572
6   	34 	100  	-1673.65	-1605.97	-1603.54	8.08366
6   	35 	100  	-2063.27	-1607.4 	-1603.54	27.3379
6   	36 	100  	-1907.21	-1605.97	-1603.54	15.7919
6   	37 	100  	-1885.46	-1606.65	-1603.54	17.244 
6   	38 	100  	-1930.72	-1605.85	-1603.54	15.8524
6   	39 	100  	-2295.9 	-1609.37	-1603.54	45.9139
6   	40 	100  	-1807.04	-1606.04	-1603.54	13.3675
6   	41 	100  	-1814.89	-1606.51	-1603.54	15.5733
6   	42 	100  	-1881.09	-1607.05	-1603.54	20.1062
6   	43 	100  	-1780.74	-1606.97	-1603.54	14.9992
6   	44 	100  	-1813.12	-1605.84	-1603.54	12.9296
6   	45 	100  	-1753.8 	-1606.56	-1603.54	12.2246
6   	46 	100  	-1802.69	-1605.93	-1603.54	12.9033
6   	47 	100  	-2030.76	-1606.84	-1603.54	21.3707
6   	48 	100  	-1745.38	-1606.35	-1603.54	12.9647
6   	49 	100  	-1654.48	-1605.1 	-1603.54	4.89318
6   	50 	100  	-1726.34	-1605.87	-1603.54	10.4138
6   	51 	100  	-1670.25	-1605.2 	-1603.54	6.03632
6   	52 	100  	-1739.63	-1605.48	-1603.54	10.0005
6   	53 	100  	-1669.9 	-1605.16	-1603.54	6.17121
6   	54 	100  	-1706.07	-1605.91	-1603.54	9.02913
6   	55 	100  	-1689.74	-1605.95	-1603.54	9.1617 
6   	56 	100  	-1733.86	-1605.64	-1603.54	10.0414
6   	57 	100  	-1693.02	-1605.32	-1603.54	7.50899
6   	58 	100  	-1951.68	-1606.1 	-1603.54	18.4254
6   	59 	100  	-1746.83	-1605.09	-1603.54	7.73983
6   	60 	100  	-1829.86	-1606.04	-1603.54	12.8333
6   	61 	100  	-1794.4 	-1606.53	-1603.54	14.5844
6   	62 	100  	-1742.07	-1605.39	-1603.54	8.66326
6   	63 	100  	-1708.36	-1606.15	-1603.54	10.7007
6   	64 	100  	-1654.25	-1604.74	-1603.54	4.25962
6   	65 	100  	-1719.02	-1605.57	-1603.54	9.83501
6   	66 	100  	-2503.04	-1607.47	-1603.54	41.5319
6   	67 	100  	-1737.82	-1605   	-1603.54	8.0533 
6   	68 	100  	-1787.42	-1605.91	-1603.54	12.0597
6   	69 	100  	-1961.66	-1606.63	-1603.54	20.1984
6   	70 	100  	-2630.23	-1607.87	-1603.54	47.027 
6   	71 	100  	-1708.59	-1605.52	-1603.54	8.48634
6   	72 	100  	-1912.25	-1605.85	-1603.54	15.2174
6   	73 	100  	-1655.7 	-1605.33	-1603.54	6.00166
6   	74 	100  	-1700.98	-1605.64	-1603.54	8.6509 
6   	75 	100  	-1670.28	-1605.43	-1603.54	7.2349 
6   	76 	100  	-1690.43	-1605.38	-1603.54	7.01528
6   	77 	100  	-2103.29	-1608.26	-1603.54	34.5071
6   	78 	100  	-1722.16	-1605.58	-1603.54	8.84395
6   	79 	100  	-1928.18	-1607.26	-1603.54	22.6757
6   	80 	100  	-1912.69	-1605.89	-1603.54	15.6931
6   	81 	100  	-1679.19	-1605.69	-1603.54	7.93048
6   	82 	100  	-1893.23	-1608.12	-1603.54	25.3889
6   	83 	100  	-1774.45	-1606.22	-1603.54	11.1934
6   	84 	100  	-1944.96	-1608.46	-1603.54	30.7172
6   	85 	100  	-2132.64	-1607.91	-1603.54	32.2431
6   	86 	100  	-9376.11	-1620.69	-1603.54	347.247
6   	87 	100  	-1855.83	-1606.16	-1603.54	15.8199
6   	88 	100  	-2056.34	-1606.85	-1603.54	24.1029
6   	89 	100  	-1680.48	-1605.41	-1603.54	7.82543
6   	90 	100  	-1803.12	-1606.54	-1603.54	15.4436
6   	91 	100  	-1737.85	-1605.55	-1603.54	9.64993
6   	92 	100  	-1670.67	-1605.14	-1603.54	6.00005
6   	93 	100  	-1805.21	-1605.97	-1603.54	11.9281
6   	94 	100  	-2506.74	-1607.31	-1603.54	41.1503
6   	95 	100  	-1862.4 	-1605.93	-1603.54	13.5237
6   	96 	100  	-1681.9 	-1605.39	-1603.54	7.26389
6   	97 	100  	-1824.64	-1605.29	-1603.54	11.5927
6   	98 	100  	-2624.04	-1607.31	-1603.54	46.1202
6   	99 	100  	-1799.39	-1605.82	-1603.54	12.426 
rank	gen	depth	min     	avg     	max     	std    
6   	0  	100  	-10564.3	-1743.91	-1617.4 	527.49 
6   	1  	100  	-5895.51	-1683.73	-1617.4 	228.296
6   	2  	100  	-4313.36	-1671.22	-1613.55	175.945
6   	3  	100  	-2869.76	-1649.67	-1609.64	88.6151
6   	4  	100  	-5069.27	-1659.64	-1609.64	225.18 
6   	5  	100  	-2924.67	-1646.47	-1609.64	108.664
6   	6  	100  	-2877.99	-1642.91	-1609.64	110.472
6   	7  	100  	-2410.14	-1634.34	-1609.32	71.1744
6   	8  	100  	-4213.3 	-1637.31	-1609.07	134.684
6   	9  	100  	-4723.92	-1646.27	-1608.95	221.622
6   	10 	100  	-4805.06	-1640.93	-1608.95	174.484
6   	11 	100  	-2404.33	-1628.68	-1608.94	58.9025
6   	12 	100  	-4016.06	-1635.54	-1608.22	133.534
6   	13 	100  	-7136.01	-1642.64	-1608.14	255.509
6   	14 	100  	-2818.44	-1627.42	-1607.89	66.7121
6   	15 	100  	-2186.5 	-1625.27	-1607.89	50.3942
6   	16 	100  	-6449.81	-1642.12	-1607.32	235.107
6   	17 	100  	-1995.6 	-1625.66	-1606.27	49.5816
6   	18 	100  	-3188.86	-1625.75	-1606.27	85.1058
6   	19 	100  	-1957.97	-1620.72	-1606.19	34.6424
6   	20 	100  	-2119.83	-1619.08	-1605.14	33.2922
6   	21 	100  	-4422.47	-1634.05	-1605.14	179.124
6   	22 	100  	-2536.45	-1624.87	-1604.62	77.1885
6   	23 	100  	-2684.88	-1622.88	-1604.62	68.6448
6   	24 	100  	-2385.33	-1623.73	-1604.62	56.9919
6   	25 	100  	-2003.54	-1616.03	-1604.62	25.3065
6   	26 	100  	-2367.38	-1622.04	-1604.32	52.8029
6   	27 	100  	-3723.76	-1625.59	-1604.3 	108.099
6   	28 	100  	-2014.48	-1618.14	-1603.62	37.0088
6   	29 	100  	-2108.24	-1617.09	-1603.62	39.2504
6   	30 	100  	-2093.4 	-1616.8 	-1603.6 	42.9433
6   	31 	100  	-2035.23	-1615.93	-1603.54	41.248 
6   	32 	100  	-2475.28	-1616.09	-1603.54	54.7755
6   	33 	100  	-2726.69	-1618.93	-1603.54	64.934 
6   	34 	100  	-1971.95	-1611.8 	-1603.54	23.5788
6   	35 	100  	-2724.59	-1615.32	-1603.54	55.0621
6   	36 	100  	-2484.45	-1615.52	-1603.54	50.2938
6   	37 	100  	-1879.6 	-1613.38	-1603.54	26.3885
6   	38 	100  	-2009.78	-1611.94	-1603.54	27.4707
6   	39 	100  	-1852.69	-1611.8 	-1603.54	23.1351
6   	40 	100  	-2414.17	-1613.85	-1603.54	43.0323
6   	41 	100  	-2059.74	-1614.96	-1603.54	36.4995
6   	42 	100  	-2069.27	-1612.03	-1603.54	29.9468
6   	43 	100  	-1958.98	-1611.63	-1603.54	26.4633
6   	44 	100  	-2281.86	-1612.66	-1603.54	37.4793
6   	45 	100  	-6779.39	-1624.38	-1603.54	238.018
6   	46 	100  	-4056.71	-1621.85	-1603.54	125.503
6   	47 	100  	-2192.02	-1615.75	-1603.54	45.9717
6   	48 	100  	-1897.62	-1609.78	-1603.54	18.4072
6   	49 	100  	-2032.9 	-1611.88	-1603.54	34.5494
6   	50 	100  	-1865.58	-1610.58	-1603.54	20.7524
6   	51 	100  	-2124.9 	-1613.11	-1603.54	33.7775
6   	52 	100  	-2793.67	-1618.61	-1603.54	74.8525
6   	53 	100  	-1848.82	-1610.44	-1603.54	20.0686
6   	54 	100  	-2323.66	-1610.71	-1603.54	34.2001
6   	55 	100  	-3170.5 	-1616.16	-1603.54	84.6311
6   	56 	100  	-4251.81	-1618.05	-1603.54	122.077
6   	57 	100  	-2018.65	-1611.97	-1603.54	27.8971
6   	58 	100  	-4154.69	-1624.26	-1603.54	156.462
6   	59 	100  	-1989.11	-1612.5 	-1603.54	32.1579
6   	60 	100  	-1991.23	-1610.72	-1603.54	24.6776
6   	61 	100  	-2312.54	-1612.4 	-1603.54	37.3916
6   	62 	100  	-2066.03	-1611.03	-1603.54	26.9453
6   	63 	100  	-1762.03	-1610.09	-1603.54	16.733 
6   	64 	100  	-1888.77	-1611.74	-1603.54	27.9097
6   	65 	100  	-2124.28	-1613.25	-1603.54	33.9121
6   	66 	100  	-2192.32	-1613.32	-1603.54	38.0995
6   	67 	100  	-1962.44	-1610.31	-1603.54	22.6821
6   	68 	100  	-1805.68	-1609.68	-1603.54	16.5717
6   	69 	100  	-2033.06	-1612.69	-1603.54	35.8032
6   	70 	100  	-1774.99	-1611.38	-1603.54	22.2829
6   	71 	100  	-1951.2 	-1613.98	-1603.54	34.0717
6   	72 	100  	-3024.94	-1613.72	-1603.54	68.8755
6   	73 	100  	-2084.34	-1612.18	-1603.54	39.7629
6   	74 	100  	-2149.78	-1613.27	-1603.54	40.9779
6   	75 	100  	-2151.6 	-1612.02	-1603.54	36.1386
6   	76 	100  	-3053.23	-1618.13	-1603.54	88.3665
6   	77 	100  	-1838.44	-1609.95	-1603.54	19.733 
6   	78 	100  	-1775.38	-1609.81	-1603.54	16.7321
6   	79 	100  	-1870.26	-1609.26	-1603.54	20.1188
6   	80 	100  	-2007.39	-1611.71	-1603.54	29.8187
6   	81 	100  	-1855.13	-1610.32	-1603.54	23.7632
6   	82 	100  	-2132.97	-1612.3 	-1603.54	33.1892
6   	83 	100  	-2288.86	-1612.45	-1603.54	37.8962
6   	84 	100  	-2232.6 	-1611.75	-1603.54	34.7627
6   	85 	100  	-2264.76	-1611.92	-1603.54	42.9717
6   	86 	100  	-2399.49	-1616.52	-1603.54	59.2751
6   	87 	100  	-2355.66	-1611.72	-1603.54	42.2421
6   	88 	100  	-2632.53	-1612.61	-1603.54	51.0065
6   	89 	100  	-1982.11	-1610.84	-1603.54	24.8973
6   	90 	100  	-1985.11	-1612.15	-1603.54	28.572 
6   	91 	100  	-3510.24	-1615.27	-1603.54	87.1986
6   	92 	100  	-2982.86	-1614.87	-1603.54	82.5812
6   	93 	100  	-2267.57	-1611.54	-1603.54	37.9524
6   	94 	100  	-1846.13	-1609.59	-1603.54	21.5175
6   	95 	100  	-1834.15	-1609.57	-1603.54	20.3669
6   	96 	100  	-3000.39	-1615.91	-1603.54	86.7121
6   	97 	100  	-2386.5 	-1613.59	-1603.54	45.7426
6   	98 	100  	-2458.46	-1613.55	-1603.54	52.5131
6   	99 	100  	-1980.72	-1611.36	-1603.54	32.9574
rank	gen	depth	min     	avg     	max     	std    
6   	0  	100  	-2838.83	-1699.3 	-1619.65	107.37 
6   	1  	100  	-2269.32	-1657.44	-1616.28	66.3443
6   	2  	100  	-3457.57	-1647.07	-1610.92	96.3295
6   	3  	100  	-2104.44	-1635.51	-1610.92	41.9906
6   	4  	100  	-2074.26	-1634.02	-1610.92	46.5855
6   	5  	100  	-3715.36	-1637.58	-1610.92	110.327
6   	6  	100  	-4380.88	-1642.08	-1610.49	174.08 
6   	7  	100  	-2949.41	-1629.49	-1609.4 	85.7246
6   	8  	100  	-2661.37	-1622.53	-1608.7 	52.65  
6   	9  	100  	-2017.44	-1622.44	-1608.14	40.5345
6   	10 	100  	-2480.53	-1621.69	-1606.14	49.0026
6   	11 	100  	-2416.01	-1619.07	-1606.14	43.2965
6   	12 	100  	-2625.79	-1617.4 	-1605.88	50.826 
6   	13 	100  	-4844.59	-1630.98	-1605.88	202.795
6   	14 	100  	-2002.52	-1615.28	-1605.88	32.3446
6   	15 	100  	-3010.07	-1621.5 	-1605.88	85.5046
6   	16 	100  	-2313.04	-1615.8 	-1605.88	43.7477
6   	17 	100  	-2038.24	-1613.27	-1605.18	24.6703
6   	18 	100  	-2322.06	-1613.99	-1605.18	37.838 
6   	19 	100  	-1793.81	-1612.39	-1604.48	19.2648
6   	20 	100  	-7162.65	-1625.53	-1604.48	251.323
6   	21 	100  	-2360.16	-1614.82	-1604.48	49.2555
6   	22 	100  	-3283.25	-1620.48	-1604.05	108.967
6   	23 	100  	-2636.34	-1615.91	-1604.05	72.3191
6   	24 	100  	-2213.23	-1614.27	-1603.79	47.2059
6   	25 	100  	-2452.37	-1611.37	-1603.79	43.4199
6   	26 	100  	-2288.96	-1610.63	-1603.79	34.9467
6   	27 	100  	-1707.75	-1608.5 	-1603.54	11.826 
6   	28 	100  	-4923.92	-1618.79	-1603.54	155.865
6   	29 	100  	-2119.2 	-1609.7 	-1603.54	30.0373
6   	30 	100  	-1905.04	-1609.44	-1603.54	23.314 
6   	31 	100  	-1947.43	-1608.71	-1603.54	22.8402
6   	32 	100  	-1891.75	-1608.8 	-1603.54	19.3362
6   	33 	100  	-1786.42	-1608.09	-1603.54	14.8799
6   	34 	100  	-1697.7 	-1607.82	-1603.54	12.8335
6   	35 	100  	-1956.8 	-1610.49	-1603.54	27.1072
6   	36 	100  	-1710   	-1607.97	-1603.54	12.2067
6   	37 	100  	-1912.2 	-1608.85	-1603.54	21.7449
6   	38 	100  	-2154.21	-1610.96	-1603.54	38.5762
6   	39 	100  	-1983.11	-1608.39	-1603.54	21.1271
6   	40 	100  	-1877.34	-1608.66	-1603.54	20.1514
6   	41 	100  	-1835.62	-1607.67	-1603.54	16.0722
6   	42 	100  	-2140.96	-1608.59	-1603.54	30.6884
6   	43 	100  	-1831.49	-1608.08	-1603.54	18.77  
6   	44 	100  	-1807.5 	-1607.91	-1603.54	18.599 
6   	45 	100  	-3154.9 	-1612.11	-1603.54	74.5036
6   	46 	100  	-1971.97	-1609.16	-1603.54	28.1647
6   	47 	100  	-3439.97	-1611.52	-1603.54	83.1973
6   	48 	100  	-1775.97	-1607.62	-1603.54	13.6409
6   	49 	100  	-2068.85	-1609.2 	-1603.54	27.1203
6   	50 	100  	-1856.12	-1607.98	-1603.54	17.0583
6   	51 	100  	-1694.03	-1606.74	-1603.54	9.11721
6   	52 	100  	-1870.54	-1608.28	-1603.54	20.754 
6   	53 	100  	-2173.92	-1608.67	-1603.54	29.2753
6   	54 	100  	-1951.85	-1609.09	-1603.54	25.3915
6   	55 	100  	-1794.11	-1607.34	-1603.54	15.314 
6   	56 	100  	-1889.06	-1607.74	-1603.54	19.1724
6   	57 	100  	-1794.25	-1607.37	-1603.54	15.4277
6   	58 	100  	-2494.05	-1613.56	-1603.54	64.9829
6   	59 	100  	-1803.07	-1607.61	-1603.54	14.2417
6   	60 	100  	-2663.27	-1609.57	-1603.54	49.8846
6   	61 	100  	-1865.8 	-1608.37	-1603.54	18.739 
6   	62 	100  	-1865.57	-1608.27	-1603.54	21.1321
6   	63 	100  	-1906.21	-1608.19	-1603.54	20.7692
6   	64 	100  	-1769.99	-1607.56	-1603.54	15.5064
6   	65 	100  	-2004.09	-1609.29	-1603.54	28.4333
6   	66 	100  	-2047.75	-1608.13	-1603.54	25.9522
6   	67 	100  	-2348.82	-1609.9 	-1603.54	47.0248
6   	68 	100  	-1831.33	-1608.04	-1603.54	18.7715
6   	69 	100  	-1976.82	-1608.48	-1603.54	25.9393
6   	70 	100  	-1756.2 	-1607.03	-1603.54	12.647 
6   	71 	100  	-1734.26	-1606.43	-1603.54	10.0569
6   	72 	100  	-2007.09	-1609.01	-1603.54	30.8234
6   	73 	100  	-1846.6 	-1608.35	-1603.54	19.3562
6   	74 	100  	-1812.85	-1607.83	-1603.54	18.1115
6   	75 	100  	-2289.96	-1608.38	-1603.54	33.8604
6   	76 	100  	-1753.12	-1607   	-1603.54	12.206 
6   	77 	100  	-1794.4 	-1606.49	-1603.54	12.0577
6   	78 	100  	-1764.96	-1607.5 	-1603.54	14.4344
6   	79 	100  	-1742.96	-1608.22	-1603.54	16.0593
6   	80 	100  	-1883.94	-1607.06	-1603.54	15.9788
6   	81 	100  	-1695.11	-1606.56	-1603.54	9.63053
6   	82 	100  	-2988.06	-1610.25	-1603.54	64.4792
6   	83 	100  	-1820.06	-1607.36	-1603.54	16.3994
6   	84 	100  	-1854.99	-1606.99	-1603.54	16.421 
6   	85 	100  	-1729.98	-1607.29	-1603.54	12.4262
6   	86 	100  	-2638.98	-1611.19	-1603.54	62.952 
6   	87 	100  	-1852.29	-1606.79	-1603.54	15.055 
6   	88 	100  	-1754.8 	-1606.4 	-1603.54	12.0775
6   	89 	100  	-1815.19	-1608.29	-1603.54	20.2148
6   	90 	100  	-2025.07	-1607.28	-1603.54	25.1362
6   	91 	100  	-1764.18	-1607.37	-1603.54	14.2329
6   	92 	100  	-1827.04	-1608.9 	-1603.54	19.1939
6   	93 	100  	-1702.97	-1606.08	-1603.54	8.03328
6   	94 	100  	-1763.48	-1606.21	-1603.54	10.8505
6   	95 	100  	-2196.92	-1609.28	-1603.54	32.6434
6   	96 	100  	-1693.42	-1606.28	-1603.54	10.1808
6   	97 	100  	-2197.74	-1610.28	-1603.54	36.2797
6   	98 	100  	-1767.07	-1606.99	-1603.54	12.4461
6   	99 	100  	-1815.36	-1606.55	-1603.54	12.7754
rank	gen	depth	min     	avg     	max     	std    
6   	0  	100  	-2107.29	-1679.6 	-1614.85	58.2033
6   	1  	100  	-2939.32	-1648.93	-1613.87	64.5196
6   	2  	100  	-5417.32	-1642.39	-1608.95	170.095
6   	3  	100  	-2050.02	-1629.01	-1608.95	28.7948
6   	4  	100  	-1745.46	-1622.5 	-1608.14	12.2386
6   	5  	100  	-1779.01	-1619.75	-1608.14	14.8261
6   	6  	100  	-1819.13	-1616.55	-1608.14	12.3176
6   	7  	100  	-2479.06	-1617.37	-1607.98	50.1678
6   	8  	100  	-1770.39	-1613.28	-1606.21	13.2613
6   	9  	100  	-1666.64	-1610.85	-1605.72	4.96481
6   	10 	100  	-2296.35	-1612.58	-1605.72	35.3879
6   	11 	100  	-1997.97	-1610.68	-1605.32	18.7089
6   	12 	100  	-1926.51	-1610.28	-1605.32	16.3233
6   	13 	100  	-1842.83	-1609.63	-1605.18	14.0974
6   	14 	100  	-1667.57	-1608.04	-1604.44	5.68062
6   	15 	100  	-1766.41	-1608.3 	-1604.24	12.0521
6   	16 	100  	-1655.83	-1606.51	-1603.79	3.90614
6   	17 	100  	-1726.62	-1606.76	-1603.54	7.52021
6   	18 	100  	-1751.21	-1606.5 	-1603.54	9.79653
6   	19 	100  	-1657.46	-1605.73	-1603.54	4.67718
6   	20 	100  	-1657.98	-1604.99	-1603.54	3.1874 
6   	21 	100  	-1669.12	-1604.94	-1603.54	3.85183
6   	22 	100  	-1805.08	-1605.96	-1603.54	11.4016
6   	23 	100  	-1967.53	-1605.57	-1603.54	17.0263
6   	24 	100  	-1683.47	-1604.63	-1603.54	5.26546
6   	25 	100  	-1660.61	-1604.48	-1603.54	4.63852
6   	26 	100  	-1662.75	-1604.54	-1603.54	4.65851
6   	27 	100  	-1977.56	-1606.53	-1603.54	20.9607
6   	28 	100  	-1683.24	-1604.78	-1603.54	6.93777
6   	29 	100  	-1620.1 	-1603.94	-1603.54	1.68274
6   	30 	100  	-1789.4 	-1605.57	-1603.54	12.3005
6   	31 	100  	-1650.51	-1604.27	-1603.54	4.08885
6   	32 	100  	-1707.36	-1604.64	-1603.54	6.02544
6   	33 	100  	-1747.52	-1604.74	-1603.54	8.59783
6   	34 	100  	-1837.16	-1605.02	-1603.54	11.8029
6   	35 	100  	-1665.57	-1604.45	-1603.54	4.3716 
6   	36 	100  	-1726.29	-1605.01	-1603.54	8.08666
6   	37 	100  	-1912.72	-1604.62	-1603.54	13.9611
6   	38 	100  	-1649.52	-1604.32	-1603.54	3.94692
6   	39 	100  	-1672.82	-1604.34	-1603.54	4.42583
6   	40 	100  	-1646.08	-1604.27	-1603.54	3.56704
6   	41 	100  	-1894.63	-1605.74	-1603.54	17.2559
6   	42 	100  	-1730.98	-1604.87	-1603.54	7.46746
6   	43 	100  	-1696.01	-1604.51	-1603.54	5.56475
6   	44 	100  	-2107.99	-1605.69	-1603.54	23.5628
6   	45 	100  	-1752.74	-1604.89	-1603.54	9.44268
6   	46 	100  	-1706.37	-1604.92	-1603.54	7.42037
6   	47 	100  	-2015.9 	-1606.22	-1603.54	25.9264
6   	48 	100  	-1643.05	-1604.38	-1603.54	3.72357
6   	49 	100  	-1713.23	-1604.7 	-1603.54	7.76136
6   	50 	100  	-1654.66	-1604.25	-1603.54	4.44511
6   	51 	100  	-1656.79	-1604.06	-1603.54	3.0836 
6   	52 	100  	-1700.92	-1604.89	-1603.54	7.97553
6   	53 	100  	-1660.44	-1604.51	-1603.54	4.44938
6   	54 	100  	-1931.18	-1605.08	-1603.54	15.6165
6   	55 	100  	-1702.53	-1604.82	-1603.54	7.29375
6   	56 	100  	-1759.19	-1604.66	-1603.54	8.40471
6   	57 	100  	-1664.11	-1604.37	-1603.54	4.69086
6   	58 	100  	-1646.15	-1604.3 	-1603.54	3.58035
6   	59 	100  	-1870.66	-1604.85	-1603.54	13.4718
6   	60 	100  	-2289.56	-1605.79	-1603.54	30.9404
6   	61 	100  	-1642.17	-1604.13	-1603.54	3.17402
6   	62 	100  	-1662.95	-1604.4 	-1603.54	4.99622
6   	63 	100  	-1724.3 	-1604.69	-1603.54	8.10679
6   	64 	100  	-1664.58	-1604.31	-1603.54	4.63221
6   	65 	100  	-1676.1 	-1604.67	-1603.54	5.88576
6   	66 	100  	-1828.63	-1605.35	-1603.54	14.0116
6   	67 	100  	-2113.39	-1606.52	-1603.54	31.6246
6   	68 	100  	-1702.32	-1604.8 	-1603.54	7.99351
6   	69 	100  	-1705.61	-1604.46	-1603.54	6.35972
6   	70 	100  	-1638.1 	-1604.1 	-1603.54	2.93844
6   	71 	100  	-1648.99	-1604.17	-1603.54	3.36129
6   	72 	100  	-1638.63	-1604.2 	-1603.54	3.25479
6   	73 	100  	-1824.34	-1604.67	-1603.54	10.6689
6   	74 	100  	-1711.18	-1604.71	-1603.54	7.22544
6   	75 	100  	-1931.88	-1605.58	-1603.54	17.4832
6   	76 	100  	-1973.95	-1605.83	-1603.54	23.521 
6   	77 	100  	-1807.08	-1604.9 	-1603.54	10.5547
6   	78 	100  	-1698.46	-1604.43	-1603.54	6.59839
6   	79 	100  	-1752.36	-1604.49	-1603.54	7.79597
6   	80 	100  	-1947.7 	-1605.5 	-1603.54	17.3177
6   	81 	100  	-1719.44	-1605.02	-1603.54	8.54153
6   	82 	100  	-1769.46	-1605.1 	-1603.54	10.8621
6   	83 	100  	-1704.2 	-1604.58	-1603.54	6.75092
6   	84 	100  	-1648.53	-1604.28	-1603.54	4.07832
6   	85 	100  	-1964.83	-1605.06	-1603.54	17.185 
6   	86 	100  	-1736.26	-1604.58	-1603.54	6.84467
6   	87 	100  	-1647.04	-1604.12	-1603.54	3.3604 
6   	88 	100  	-1637.11	-1604.24	-1603.54	3.5475 
6   	89 	100  	-1629.21	-1604.12	-1603.54	2.47393
6   	90 	100  	-1734.09	-1605.15	-1603.54	9.30343
6   	91 	100  	-1837.02	-1604.68	-1603.54	11.2032
6   	92 	100  	-1672.82	-1604.46	-1603.54	5.03158
6   	93 	100  	-1638.39	-1604.1 	-1603.54	2.7792 
6   	94 	100  	-1743.83	-1604.36	-1603.54	6.727  
6   	95 	100  	-1719.61	-1605.17	-1603.54	9.38717
6   	96 	100  	-1708.76	-1604.45	-1603.54	6.31221
6   	97 	100  	-1654.25	-1604.66	-1603.54	4.93903
6   	98 	100  	-1671.96	-1604.43	-1603.54	4.76535
6   	99 	100  	-2250.49	-1605.33	-1603.54	29.0212
rank	gen	depth	min     	avg     	max     	std    
6   	0  	100  	-3402.48	-1691.18	-1616.53	106.302
6   	1  	100  	-1814.2 	-1650.46	-1613.76	25.8066
6   	2  	100  	-1701.63	-1635.47	-1613.29	12.6835
6   	3  	100  	-1768.77	-1628.44	-1612.34	11.854 
6   	4  	100  	-1867.13	-1624.28	-1610.19	17.0553
6   	5  	100  	-2396.62	-1622.91	-1610.11	41.7223
6   	6  	100  	-2318.11	-1618.97	-1607.74	32.7226
6   	7  	100  	-1794.2 	-1616.13	-1607.74	13.8169
6   	8  	100  	-1870.29	-1614.57	-1607.74	14.9103
6   	9  	100  	-1956.23	-1613.95	-1607.74	18.1053
6   	10 	100  	-1657.86	-1611.1 	-1607.74	4.16767
6   	11 	100  	-2117.18	-1612.11	-1607.74	24.8287
6   	12 	100  	-1692.96	-1610.19	-1606.59	7.06882
6   	13 	100  	-2200.37	-1611.02	-1606.59	28.5692
6   	14 	100  	-1981.81	-1610.41	-1606.59	21.2971
6   	15 	100  	-2047.39	-1610.46	-1606.02	23.1828
6   	16 	100  	-1849.7 	-1609.87	-1605.79	15.0198
6   	17 	100  	-1732.8 	-1608.73	-1605.79	8.91341
6   	18 	100  	-1923.11	-1608.39	-1605.06	14.759 
6   	19 	100  	-1810.6 	-1608.41	-1605.06	13.2624
6   	20 	100  	-1723   	-1608.44	-1605.06	11.2283
6   	21 	100  	-1748.63	-1607.5 	-1605.06	9.24137
6   	22 	100  	-1830.56	-1607.6 	-1604.49	14.83  
6   	23 	100  	-1692.38	-1606.91	-1604.49	6.77586
6   	24 	100  	-1760.11	-1606.63	-1604.27	9.45292
6   	25 	100  	-1722.9 	-1606.52	-1604.24	8.39161
6   	26 	100  	-1676.64	-1605.91	-1604.19	4.68991
6   	27 	100  	-1749.33	-1606.08	-1604.19	8.07613
6   	28 	100  	-1653.08	-1605.71	-1603.8 	3.82893
6   	29 	100  	-1770.3 	-1605.69	-1603.54	9.07401
6   	30 	100  	-1639.95	-1604.64	-1603.54	2.38311
6   	31 	100  	-1709.95	-1605.05	-1603.54	6.46176
6   	32 	100  	-1640.77	-1604.54	-1603.54	3.16598
6   	33 	100  	-1643.91	-1604.43	-1603.54	3.24057
6   	34 	100  	-1705.22	-1605.02	-1603.54	8.03145
6   	35 	100  	-1689.84	-1604.9 	-1603.54	6.59979
6   	36 	100  	-1666.05	-1604.32	-1603.54	4.33151
6   	37 	100  	-1652.37	-1604.46	-1603.54	4.45714
6   	38 	100  	-1755.8 	-1604.34	-1603.54	7.26994
6   	39 	100  	-1731.93	-1605.12	-1603.54	9.43427
6   	40 	100  	-1740.54	-1604.78	-1603.54	7.84818
6   	41 	100  	-1749.92	-1604.98	-1603.54	9.56248
6   	42 	100  	-1729.98	-1604.68	-1603.54	7.92918
6   	43 	100  	-1684.87	-1604.45	-1603.54	5.80734
6   	44 	100  	-1655.35	-1604.08	-1603.54	3.18307
6   	45 	100  	-1696.41	-1604.57	-1603.54	6.81203
6   	46 	100  	-1657.92	-1604.16	-1603.54	3.63104
6   	47 	100  	-1719.61	-1604.45	-1603.54	6.32917
6   	48 	100  	-1682.54	-1604.39	-1603.54	4.7091 
6   	49 	100  	-1636.53	-1603.97	-1603.54	2.59257
6   	50 	100  	-1667.85	-1604.07	-1603.54	3.96582
6   	51 	100  	-1664.64	-1603.95	-1603.54	3.36917
6   	52 	100  	-1739.65	-1604.71	-1603.54	8.57627
6   	53 	100  	-1692.43	-1604.36	-1603.54	5.08026
6   	54 	100  	-1643.46	-1604.07	-1603.54	2.96575
6   	55 	100  	-2707.31	-1606.75	-1603.54	50.3221
6   	56 	100  	-1687.85	-1604.41	-1603.54	5.96096
6   	57 	100  	-1655.35	-1604.2 	-1603.54	3.63242
6   	58 	100  	-1897.62	-1605.31	-1603.54	14.5544
6   	59 	100  	-1690.84	-1604.52	-1603.54	5.72961
6   	60 	100  	-1658.24	-1604.33	-1603.54	4.37269
6   	61 	100  	-1688.57	-1604.4 	-1603.54	5.4205 
6   	62 	100  	-1656.19	-1604.22	-1603.54	3.88667
6   	63 	100  	-1725.7 	-1604.31	-1603.54	6.06905
6   	64 	100  	-1660.21	-1604.46	-1603.54	4.83734
6   	65 	100  	-1821.45	-1604.62	-1603.54	11.7347
6   	66 	100  	-1717.32	-1604.26	-1603.54	5.97068
6   	67 	100  	-1704.08	-1604.38	-1603.54	6.2339 
6   	68 	100  	-1677.51	-1604.31	-1603.54	5.23324
6   	69 	100  	-1728.69	-1604.51	-1603.54	6.93886
6   	70 	100  	-1726.69	-1604.51	-1603.54	6.73229
6   	71 	100  	-1662.7 	-1604.69	-1603.54	6.33134
6   	72 	100  	-1661.6 	-1604.18	-1603.54	3.9799 
6   	73 	100  	-1629.49	-1604.08	-1603.54	2.35325
6   	74 	100  	-1720.71	-1604.41	-1603.54	6.10253
6   	75 	100  	-1644.04	-1604.32	-1603.54	3.84792
6   	76 	100  	-1684.52	-1604.11	-1603.54	4.24248
6   	77 	100  	-1794.8 	-1605.19	-1603.54	10.9417
6   	78 	100  	-1624.42	-1603.9 	-1603.54	1.68558
6   	79 	100  	-4426.4 	-1613.66	-1603.54	148.964
6   	80 	100  	-1659.32	-1604.24	-1603.54	3.95105
6   	81 	100  	-1822.65	-1606.08	-1603.54	17.1934
6   	82 	100  	-2268.23	-1607.37	-1603.54	41.6133
6   	83 	100  	-1686.19	-1604.31	-1603.54	5.91972
6   	84 	100  	-1655.64	-1604.19	-1603.54	4.11549
6   	85 	100  	-1863.27	-1605.09	-1603.54	13.6332
6   	86 	100  	-1702.98	-1604.56	-1603.54	6.05044
6   	87 	100  	-1617.63	-1603.91	-1603.54	1.6472 
6   	88 	100  	-1745.19	-1604.69	-1603.54	9.49049
6   	89 	100  	-1641.47	-1604.17	-1603.54	3.24277
6   	90 	100  	-1720.14	-1604.98	-1603.54	9.62989
6   	91 	100  	-1677.5 	-1604.29	-1603.54	4.93939
6   	92 	100  	-1727.99	-1605.53	-1603.54	10.7993
6   	93 	100  	-1732.83	-1604.53	-1603.54	7.06836
6   	94 	100  	-1652.61	-1604.23	-1603.54	3.42652
6   	95 	100  	-1670.84	-1604.22	-1603.54	4.34857
6   	96 	100  	-1652.08	-1604.29	-1603.54	4.11642
6   	97 	100  	-1700.51	-1604.35	-1603.54	5.35942
6   	98 	100  	-1697.55	-1604.3 	-1603.54	6.18686
6   	99 	100  	-1689.01	-1604.49	-1603.54	5.42945
rank	gen	depth	min     	avg     	max     	std    
6   	0  	100  	-2393.79	-1681.6 	-1619.68	77.2756
6   	1  	100  	-2224.93	-1648.3 	-1617.42	37.7373
6   	2  	100  	-2222.86	-1635.81	-1617.06	31.0797
6   	3  	100  	-1944.59	-1630.67	-1616.36	24.2232
6   	4  	100  	-1850.91	-1626.22	-1612.57	15.7635
6   	5  	100  	-1755.12	-1622.75	-1611.49	10.4365
6   	6  	100  	-3338.34	-1624.49	-1610.47	79.7053
6   	7  	100  	-1870.67	-1618.76	-1609.24	15.0281
6   	8  	100  	-1842.42	-1617   	-1608.49	15.4879
6   	9  	100  	-1782.88	-1614.36	-1606.58	10.8523
6   	10 	100  	-1790.57	-1612.94	-1606.33	11.4898
6   	11 	100  	-1667.51	-1611.07	-1605.63	5.56108
6   	12 	100  	-2862.04	-1614.81	-1605.63	76.83  
6   	13 	100  	-1707.95	-1609.2 	-1605.09	7.38718
6   	14 	100  	-1921.03	-1609.07	-1605.09	18.1617
6   	15 	100  	-2967.96	-1612.79	-1605.06	71.9713
6   	16 	100  	-1756.05	-1607.26	-1604.81	7.86864
6   	17 	100  	-2131.27	-1608.1 	-1604.49	24.3525
6   	18 	100  	-2077.2 	-1607.89	-1603.8 	22.8387
6   	19 	100  	-1760.59	-1607   	-1603.8 	10.7833
6   	20 	100  	-1683.87	-1606.09	-1603.62	6.08673
6   	21 	100  	-1991.2 	-1606.96	-1603.62	18.4569
6   	22 	100  	-1658.73	-1605.46	-1603.54	4.51983
6   	23 	100  	-1944.26	-1606.3 	-1603.54	17.0513
6   	24 	100  	-1657.81	-1605.33	-1603.54	5.50432
6   	25 	100  	-1716.62	-1605.07	-1603.54	6.84034
6   	26 	100  	-1704.63	-1604.96	-1603.54	6.47628
6   	27 	100  	-1689.38	-1604.7 	-1603.54	5.53554
6   	28 	100  	-1679.6 	-1604.67	-1603.54	6.46165
6   	29 	100  	-1748.92	-1604.45	-1603.54	7.24008
6   	30 	100  	-1821.65	-1605.07	-1603.54	13.3089
6   	31 	100  	-1687.15	-1604.57	-1603.54	6.48224
6   	32 	100  	-1699.99	-1604.56	-1603.54	6.66304
6   	33 	100  	-1660.61	-1604.5 	-1603.54	5.39324
6   	34 	100  	-1683.17	-1604.51	-1603.54	5.6402 
6   	35 	100  	-1688.44	-1604.57	-1603.54	6.21939
6   	36 	100  	-1877.95	-1605.97	-1603.54	18.6715
6   	37 	100  	-2352.12	-1605.96	-1603.54	33.925 
6   	38 	100  	-1624.42	-1604.1 	-1603.54	2.30869
6   	39 	100  	-1661.6 	-1604.16	-1603.54	3.83296
6   	40 	100  	-1690.58	-1604.22	-1603.54	4.92759
6   	41 	100  	-2033.06	-1605.43	-1603.54	20.1264
6   	42 	100  	-1662.59	-1604.17	-1603.54	3.8168 
6   	43 	100  	-1865.03	-1605.22	-1603.54	14.2386
6   	44 	100  	-1721.23	-1604.67	-1603.54	7.16954
6   	45 	100  	-1750.81	-1604.64	-1603.54	7.60287
6   	46 	100  	-1684.46	-1604.56	-1603.54	6.6018 
6   	47 	100  	-1697.55	-1604.48	-1603.54	6.81557
6   	48 	100  	-1659.21	-1604.34	-1603.54	4.3632 
6   	49 	100  	-1645.93	-1604.23	-1603.54	3.58455
6   	50 	100  	-1708.51	-1604.61	-1603.54	6.12863
6   	51 	100  	-1829.03	-1605.1 	-1603.54	13.9761
6   	52 	100  	-1660.61	-1604.4 	-1603.54	5.27435
6   	53 	100  	-1636.41	-1604.1 	-1603.54	2.99612
6   	54 	100  	-1665.28	-1604.62	-1603.54	5.83216
6   	55 	100  	-1775.85	-1604.39	-1603.54	8.34657
6   	56 	100  	-1810.37	-1605.28	-1603.54	15.1306
6   	57 	100  	-1659.21	-1604.07	-1603.54	3.14643
6   	58 	100  	-1675.51	-1604.35	-1603.54	4.59897
6   	59 	100  	-1709.35	-1604.63	-1603.54	7.62833
6   	60 	100  	-1642.59	-1604.24	-1603.54	3.43668
6   	61 	100  	-1748.22	-1605.5 	-1603.54	10.7125
6   	62 	100  	-1662.75	-1604.97	-1603.54	6.26823
6   	63 	100  	-1682.63	-1604.32	-1603.54	5.23806
6   	64 	100  	-1693.07	-1604.44	-1603.54	6.47936
6   	65 	100  	-1648   	-1604.24	-1603.54	3.53683
6   	66 	100  	-1761.88	-1604.72	-1603.54	9.01594
6   	67 	100  	-1692.42	-1604.51	-1603.54	6.20809
6   	68 	100  	-1637.81	-1604.35	-1603.54	3.82844
6   	69 	100  	-1691.43	-1604.35	-1603.54	5.18879
6   	70 	100  	-1703.03	-1604.38	-1603.54	5.5123 
6   	71 	100  	-1666.16	-1604.51	-1603.54	5.41112
6   	72 	100  	-1851.58	-1605.47	-1603.54	15.4613
6   	73 	100  	-1669.14	-1604.66	-1603.54	6.10003
6   	74 	100  	-1735.26	-1604.64	-1603.54	7.51018
6   	75 	100  	-1629.91	-1604.06	-1603.54	2.41646
6   	76 	100  	-1652.37	-1604.09	-1603.54	3.44707
6   	77 	100  	-1742.64	-1604.42	-1603.54	7.31426
6   	78 	100  	-1798.69	-1605.22	-1603.54	12.3375
6   	79 	100  	-1786.42	-1604.96	-1603.54	10.2877
6   	80 	100  	-2188.23	-1606.63	-1603.54	30.1519
6   	81 	100  	-1715.98	-1604.31	-1603.54	5.86646
6   	82 	100  	-1640.77	-1603.99	-1603.54	2.46977
6   	83 	100  	-1654.65	-1604.24	-1603.54	3.91921
6   	84 	100  	-1805.78	-1605.41	-1603.54	13.6702
6   	85 	100  	-1738.95	-1604.83	-1603.54	7.79938
6   	86 	100  	-1697   	-1605.14	-1603.54	8.91805
6   	87 	100  	-1689.68	-1604.15	-1603.54	4.59149
6   	88 	100  	-1747.15	-1604.75	-1603.54	9.24877
6   	89 	100  	-1632.39	-1604.05	-1603.54	2.71222
6   	90 	100  	-1645.62	-1604.32	-1603.54	3.64528
6   	91 	100  	-1689.76	-1604.47	-1603.54	5.48753
6   	92 	100  	-1668.15	-1604.23	-1603.54	4.2587 
6   	93 	100  	-1656.17	-1604.13	-1603.54	3.61172
6   	94 	100  	-2284.56	-1606.03	-1603.54	31.7689
6   	95 	100  	-1657.33	-1604.33	-1603.54	4.60699
6   	96 	100  	-1710.72	-1604.6 	-1603.54	7.07326
6   	97 	100  	-1686.6 	-1604.39	-1603.54	5.8985 
6   	98 	100  	-1934.87	-1605.79	-1603.54	19.2779
6   	99 	100  	-2285.86	-1606.98	-1603.54	36.1004
rank	gen	depth	min     	avg     	max     	std    
6   	0  	100  	-14607.5	-1753.66	-1612.47	786.038
6   	1  	100  	-3255.18	-1685.71	-1612.47	154.621
6   	2  	100  	-5485.33	-1679.82	-1612.47	257.4  
6   	3  	100  	-4211.48	-1661.58	-1612.47	168.121
6   	4  	100  	-2553.64	-1644.72	-1610.59	76.0802
6   	5  	100  	-4591.84	-1653.4 	-1610.59	194.383
6   	6  	100  	-2696.55	-1633.42	-1609.89	61.3025
6   	7  	100  	-3769.52	-1646.58	-1609.76	153.573
6   	8  	100  	-2334.98	-1634.04	-1609.71	58.5206
6   	9  	100  	-2604.05	-1633.26	-1607.92	68.179 
6   	10 	100  	-3321.61	-1641.87	-1607.92	128.459
6   	11 	100  	-3686.87	-1633.3 	-1607.54	108.57 
6   	12 	100  	-1966.39	-1623.6 	-1607.54	34.2953
6   	13 	100  	-9702.01	-1642.63	-1607.3 	370.169
6   	14 	100  	-3241.23	-1629.55	-1606.61	103.184
6   	15 	100  	-2405.32	-1624.39	-1606.6 	53.9646
6   	16 	100  	-3495.87	-1634.21	-1605.57	122.353
6   	17 	100  	-2408.49	-1627.94	-1605.57	72.2203
6   	18 	100  	-3941.55	-1628.94	-1605.32	124.31 
6   	19 	100  	-2047.65	-1618.98	-1605.32	31.6318
6   	20 	100  	-3034.64	-1627.54	-1605.32	94.7171
6   	21 	100  	-1973.53	-1621.38	-1605.32	40.0219
6   	22 	100  	-2661.97	-1627.46	-1605.18	81.5362
6   	23 	100  	-2202.7 	-1622.03	-1604.94	52.1995
6   	24 	100  	-13933  	-1650.32	-1604.94	564.074
6   	25 	100  	-1926.71	-1618.87	-1604.94	31.6032
6   	26 	100  	-2927.4 	-1620.64	-1604.94	67.3235
6   	27 	100  	-2162.52	-1617.36	-1604.94	38.0312
6   	28 	100  	-3011.65	-1624.25	-1604.94	93.318 
6   	29 	100  	-3991.1 	-1622.37	-1604.94	113.501
6   	30 	100  	-2333.93	-1621.01	-1604.27	57.2693
6   	31 	100  	-2439.6 	-1619.88	-1604.27	55.0668
6   	32 	100  	-2079.36	-1617.19	-1604.27	39.2323
6   	33 	100  	-2108.21	-1614.95	-1604.27	33.1368
6   	34 	100  	-2843.35	-1618.82	-1604.27	67.2785
6   	35 	100  	-2135.19	-1616.04	-1604.27	41.105 
6   	36 	100  	-2687.66	-1620.53	-1604.27	61.127 
6   	37 	100  	-2216.91	-1615.19	-1604.27	37.9612
6   	38 	100  	-1803.96	-1613.76	-1604.24	22.8127
6   	39 	100  	-3389.14	-1618.41	-1604.22	88.0729
6   	40 	100  	-1890.63	-1612.84	-1603.54	24.0034
6   	41 	100  	-2628.3 	-1615.84	-1603.54	52.5169
6   	42 	100  	-2655.37	-1622.24	-1603.54	76.3854
6   	43 	100  	-3390.84	-1620.93	-1603.54	90.4511
6   	44 	100  	-2291.85	-1614.63	-1603.54	40.9704
6   	45 	100  	-2463.06	-1618.19	-1603.54	59.9464
6   	46 	100  	-2338.83	-1616.82	-1603.54	47.6735
6   	47 	100  	-1805.08	-1612.32	-1603.54	21.34  
6   	48 	100  	-3289.99	-1618.35	-1603.54	90.0252
6   	49 	100  	-5288.53	-1621.65	-1603.54	171.411
6   	50 	100  	-2999.23	-1615.46	-1603.54	70.8637
6   	51 	100  	-2406.79	-1614.51	-1603.54	47.2929
6   	52 	100  	-2011.86	-1612.76	-1603.54	31.3579
6   	53 	100  	-1864.58	-1610.06	-1603.54	17.3967
6   	54 	100  	-2624.39	-1614.7 	-1603.54	58.9365
6   	55 	100  	-3998.02	-1620.64	-1603.54	123.321
6   	56 	100  	-1955.95	-1611.72	-1603.54	26.6867
6   	57 	100  	-1959.24	-1612.57	-1603.54	30.2801
6   	58 	100  	-2564.73	-1616.51	-1603.54	56.3178
6   	59 	100  	-2361.12	-1615.43	-1603.54	47.6242
6   	60 	100  	-2647.26	-1619.49	-1603.54	76.2086
6   	61 	100  	-1873.56	-1612.82	-1603.54	25.4468
6   	62 	100  	-1859.58	-1611.41	-1603.54	21.5401
6   	63 	100  	-1893.26	-1611.44	-1603.54	22.3337
6   	64 	100  	-1769.39	-1610.38	-1603.54	16.611 
6   	65 	100  	-2027.67	-1613.87	-1603.54	36.7511
6   	66 	100  	-1770.57	-1610.93	-1603.54	16.702 
6   	67 	100  	-2197.92	-1613.16	-1603.54	35.6754
6   	68 	100  	-2030.89	-1611.95	-1603.54	29.9641
6   	69 	100  	-2270.22	-1615.73	-1603.54	48.138 
6   	70 	100  	-1765.18	-1610.73	-1603.54	17.2368
6   	71 	100  	-1900.73	-1612.56	-1603.54	28.8309
6   	72 	100  	-3137.72	-1616.28	-1603.54	79.3656
6   	73 	100  	-2079.02	-1614.1 	-1603.54	40.4964
6   	74 	100  	-1885.24	-1611.76	-1603.54	26.8845
6   	75 	100  	-1827.86	-1609.41	-1603.54	17.0351
6   	76 	100  	-4839.19	-1620.81	-1603.54	156.717
6   	77 	100  	-4387.86	-1618.64	-1603.54	130.933
6   	78 	100  	-6396.02	-1622.64	-1603.54	219.41 
6   	79 	100  	-1853.09	-1611.79	-1603.54	25.1978
6   	80 	100  	-1946.16	-1611.88	-1603.54	31.2282
6   	81 	100  	-2114.29	-1612.45	-1603.54	40.0371
6   	82 	100  	-1819.65	-1610.01	-1603.54	17.322 
6   	83 	100  	-1870.26	-1611.89	-1603.54	24.3324
6   	84 	100  	-1904.61	-1612.63	-1603.54	26.8479
6   	85 	100  	-2420.08	-1611.6 	-1603.54	41.0982
6   	86 	100  	-2486.75	-1616.64	-1603.54	56.6038
6   	87 	100  	-2691.66	-1614.96	-1603.54	61.6497
6   	88 	100  	-2556.22	-1613.22	-1603.54	50.7911
6   	89 	100  	-2134.67	-1610.84	-1603.54	29.1686
6   	90 	100  	-2844.11	-1617.26	-1603.54	67.8676
6   	91 	100  	-2689.75	-1611.62	-1603.54	49.9297
6   	92 	100  	-2094   	-1612.64	-1603.54	32.5561
6   	93 	100  	-1955.84	-1612.01	-1603.54	27.0994
6   	94 	100  	-1785.13	-1610.35	-1603.54	17.4148
6   	95 	100  	-2290.7 	-1612.3 	-1603.54	39.2587
6   	96 	100  	-1752.04	-1610.07	-1603.54	15.1775
6   	97 	100  	-8356.3 	-1624.71	-1603.54	302.594
6   	98 	100  	-1943.86	-1611.48	-1603.54	25.1398
6   	99 	100  	-1975.42	-1610.76	-1603.54	24.2954
rank	gen	depth	min     	avg     	max     	std    
6   	0  	100  	-5633.88	-1714.32	-1621.03	238.306
6   	1  	100  	-8875.2 	-1709.9 	-1618.15	474.186
6   	2  	100  	-3614.88	-1665.98	-1617.02	136.464
6   	3  	100  	-2153.09	-1643.28	-1614.22	49.7848
6   	4  	100  	-3038.83	-1639.19	-1613.52	71.0536
6   	5  	100  	-2597.07	-1640.41	-1612.84	80.6043
6   	6  	100  	-1967.87	-1632.51	-1611.32	37.0487
6   	7  	100  	-1927.49	-1628.18	-1610.54	33.2681
6   	8  	100  	-2393.72	-1630.1 	-1609.84	58.5156
6   	9  	100  	-3230.39	-1638.48	-1609.84	109.072
6   	10 	100  	-5584.29	-1635.56	-1609.14	182.893
6   	11 	100  	-2092.01	-1624.73	-1609.14	42.6742
6   	12 	100  	-7117.38	-1636.88	-1608.19	256.164
6   	13 	100  	-2172.5 	-1620.52	-1607.84	36.9404
6   	14 	100  	-2468.86	-1623.57	-1607.02	62.5414
6   	15 	100  	-2084.41	-1620.95	-1607.02	38.1094
6   	16 	100  	-2100.43	-1618.54	-1607.02	31.3333
6   	17 	100  	-2044.8 	-1619.39	-1606.74	32.5195
6   	18 	100  	-2378.21	-1620.82	-1606.59	55.919 
6   	19 	100  	-2205.22	-1618.76	-1606.42	39.0355
6   	20 	100  	-3863.04	-1624.72	-1605.97	113.73 
6   	21 	100  	-2049.76	-1615.86	-1605.44	30.6061
6   	22 	100  	-2308.85	-1617.53	-1605.44	46.2361
6   	23 	100  	-2288.02	-1618.4 	-1605.19	53.7529
6   	24 	100  	-2233.14	-1614.94	-1605.02	38.6362
6   	25 	100  	-2437.87	-1618.95	-1604.97	60.2746
6   	26 	100  	-1929.68	-1613.2 	-1604.49	25.2522
6   	27 	100  	-2183.63	-1615.6 	-1604.49	42.7397
6   	28 	100  	-6586.87	-1626.14	-1604.32	228.07 
6   	29 	100  	-1883.64	-1613.66	-1604.32	28.2344
6   	30 	100  	-2336.98	-1617.6 	-1604.27	55.4747
6   	31 	100  	-3745.34	-1615.08	-1604.27	97.3655
6   	32 	100  	-2774.37	-1614.25	-1604.05	62.6863
6   	33 	100  	-1808.57	-1611.83	-1604.05	20.4138
6   	34 	100  	-1949.85	-1614.23	-1603.79	34.9841
6   	35 	100  	-3251.94	-1613.65	-1603.62	75.825 
6   	36 	100  	-2035.98	-1612.75	-1603.57	30.3113
6   	37 	100  	-1874.96	-1609.4 	-1603.57	17.1945
6   	38 	100  	-1960.51	-1611.07	-1603.57	26.9937
6   	39 	100  	-2096.82	-1610.68	-1603.54	29.4517
6   	40 	100  	-2074.72	-1610.57	-1603.54	31.4487
6   	41 	100  	-1861.28	-1610.59	-1603.54	23.0592
6   	42 	100  	-1969.35	-1610.77	-1603.54	24.9882
6   	43 	100  	-1721.71	-1607.71	-1603.54	11.6985
6   	44 	100  	-2203.44	-1610.09	-1603.54	31.8931
6   	45 	100  	-2279.69	-1612.91	-1603.54	45.4211
6   	46 	100  	-1848.7 	-1608.85	-1603.54	18.8968
6   	47 	100  	-2552.42	-1610.66	-1603.54	46.5283
6   	48 	100  	-1843.31	-1608.17	-1603.54	16.7939
6   	49 	100  	-1837.02	-1608.04	-1603.54	16.8989
6   	50 	100  	-2000.39	-1607.4 	-1603.54	19.0548
6   	51 	100  	-1859.58	-1609.09	-1603.54	21.3275
6   	52 	100  	-2082.71	-1610.01	-1603.54	31.6413
6   	53 	100  	-1879.65	-1608.64	-1603.54	21.3042
6   	54 	100  	-1831.73	-1609.02	-1603.54	18.6656
6   	55 	100  	-1743.53	-1608.22	-1603.54	15.5669
6   	56 	100  	-1770.16	-1607.82	-1603.54	13.292 
6   	57 	100  	-1678.5 	-1606.59	-1603.54	7.68439
6   	58 	100  	-1925.03	-1609.42	-1603.54	25.1865
6   	59 	100  	-1906.21	-1608.61	-1603.54	21.7939
6   	60 	100  	-1826.34	-1607.69	-1603.54	15.4995
6   	61 	100  	-1979.42	-1608.73	-1603.54	21.4879
6   	62 	100  	-1720.21	-1607.44	-1603.54	12.6087
6   	63 	100  	-2121.21	-1609.41	-1603.54	28.6288
6   	64 	100  	-1727.29	-1606.53	-1603.54	8.49006
6   	65 	100  	-1830.63	-1607.45	-1603.54	15.2169
6   	66 	100  	-2779.63	-1611.03	-1603.54	56.2442
6   	67 	100  	-1915.9 	-1609.32	-1603.54	20.2168
6   	68 	100  	-1868.02	-1608.14	-1603.54	17.1842
6   	69 	100  	-1863.06	-1609.41	-1603.54	22.7123
6   	70 	100  	-1975.42	-1609.28	-1603.54	26.1376
6   	71 	100  	-1907.51	-1608.72	-1603.54	22.1729
6   	72 	100  	-1862.58	-1608.98	-1603.54	19.5294
6   	73 	100  	-1763.01	-1607.02	-1603.54	11.6845
6   	74 	100  	-1904.31	-1609.54	-1603.54	25.0717
6   	75 	100  	-1864.97	-1607.52	-1603.54	15.7079
6   	76 	100  	-3113.96	-1612.24	-1603.54	72.5148
6   	77 	100  	-2007.79	-1609.15	-1603.54	29.835 
6   	78 	100  	-1968.26	-1607.67	-1603.54	19.5815
6   	79 	100  	-1806.08	-1607.84	-1603.54	15.6299
6   	80 	100  	-2255.7 	-1609.78	-1603.54	38.5105
6   	81 	100  	-1832.25	-1607.41	-1603.54	15.6717
6   	82 	100  	-1859.28	-1609.01	-1603.54	22.0558
6   	83 	100  	-2798.32	-1610.48	-1603.54	55.7261
6   	84 	100  	-1775.15	-1608.56	-1603.54	17.399 
6   	85 	100  	-1870.86	-1607.96	-1603.54	18.0599
6   	86 	100  	-1805.38	-1609.83	-1603.54	23.1001
6   	87 	100  	-1986.11	-1607.56	-1603.54	20.8815
6   	88 	100  	-2187.63	-1610.12	-1603.54	31.81  
6   	89 	100  	-2100.6 	-1609.76	-1603.54	32.6326
6   	90 	100  	-3126.21	-1610.53	-1603.54	69.0263
6   	91 	100  	-3822.18	-1613.86	-1603.54	104.806
6   	92 	100  	-1813.21	-1607.42	-1603.54	14.7669
6   	93 	100  	-1988.81	-1609.67	-1603.54	27.3038
6   	94 	100  	-1765.32	-1607.51	-1603.54	14.2171
6   	95 	100  	-3119.44	-1616.08	-1603.54	93.451 
6   	96 	100  	-2077.32	-1608.52	-1603.54	28.4292
6   	97 	100  	-1886.64	-1608.51	-1603.54	23.4463
6   	98 	100  	-2120.63	-1608   	-1603.54	26.3754
6   	99 	100  	-1813.47	-1607.49	-1603.54	16.4879
