"","no.","longitude","latitude","magnitude","time","depth","year","month","days"
"1",1,0,0,4.93699872493744,221.675992012024,0,0,0,0
"2",2,0,0,3.08127389103174,221.677793675132,0,0,0,0
"3",3,0,0,3.48765802383423,221.687423427088,0,0,0,0
"4",4,0,0,3.41656702756882,221.693296865785,0,0,0,0
"5",5,0,0,3.21796628832817,221.696075716778,0,0,0,0
"6",6,0,0,3.6410351395607,221.713562033006,0,0,0,0
"7",7,0,0,3.24993504583836,221.846115604274,0,0,0,0
"8",8,0,0,3.06426610052586,221.890022348613,0,0,0,0
"9",9,0,0,3.38534241914749,234.263934438482,0,0,0,0
"10",10,0,0,4.44744968414307,238.937083697045,0,0,0,0
"11",11,0,0,3.02038496360183,238.939187474191,0,0,0,0
"12",12,0,0,3.44207245111465,1275.12138710603,0,0,0,0
"13",13,0,0,3.21165150403976,1889.66221847046,0,0,0,0
"14",14,0,0,3.5142537355423,1940.37625008277,0,0,0,0
"15",15,0,0,3.13093928992748,3318.27034276891,0,0,0,0
"16",16,0,0,3.30550462007523,3318.28125077031,0,0,0,0
"17",17,0,0,3.22468315064907,3359.20590924645,0,0,0,0
"18",18,0,0,3.66800308227539,3537.83180328411,0,0,0,0
"19",19,0,0,3.11433236300945,3795.59296614059,0,0,0,0
"20",20,0,0,3.27935895323753,3843.84026937625,0,0,0,0
"21",21,0,0,3.08018068224192,4183.47762403965,0,0,0,0
"22",22,0,0,4.77059483528137,4550.82203288309,0,0,0,0
"23",23,0,0,3.40832215547562,4550.82654366471,0,0,0,0
"24",24,0,0,3.10264340788126,4550.87255041716,0,0,0,0
"25",25,0,0,3.74451512098312,4550.99143952627,0,0,0,0
"26",26,0,0,3.0555740185082,4553.43080305777,0,0,0,0
"27",27,0,0,3.48340311646461,4562.96696834493,0,0,0,0
"28",28,0,0,3.37856668233871,4566.14876458806,0,0,0,0
"29",29,0,0,3.21936947107315,4789.31598604447,0,0,0,0
"30",30,0,0,3.33861175179482,4901.478990919,0,0,0,0
"31",31,0,0,4.87279999256134,4901.49745997168,0,0,0,0
"32",32,0,0,3.33505162596703,4901.49777990066,0,0,0,0
"33",33,0,0,3.43581146001816,4901.49833920235,0,0,0,0
"34",34,0,0,3.74374938011169,4901.5220070106,0,0,0,0
"35",35,0,0,3.10138932615519,4901.52536545633,0,0,0,0
"36",36,0,0,3.00073446199531,4901.53247330371,0,0,0,0
"37",37,0,0,4.30810701847076,4901.62402065437,0,0,0,0
"38",38,0,0,4.10458707809448,4901.62962544057,0,0,0,0
"39",39,0,0,3.63422536849976,4901.63006248764,0,0,0,0
"40",40,0,0,3.76208865642548,4901.63766445747,0,0,0,0
"41",41,0,0,3.22420382499695,4917.80376786904,0,0,0,0
"42",42,0,0,3.30597430467606,4935.96738485871,0,0,0,0
"43",43,0,0,3.22459995746613,4991.22591935781,0,0,0,0
"44",44,0,0,3.10604088753462,5412.57433372705,0,0,0,0
"45",45,0,0,4.00034844875336,5609.3680168126,0,0,0,0
"46",46,0,0,3.17629852890968,5675.40153171102,0,0,0,0
"47",47,0,0,3.29584422707558,7038.79024698625,0,0,0,0
"48",48,0,0,3.13110674917698,7550.1660724664,0,0,0,0
"49",49,0,0,3.40179508924484,8180.46636801022,0,0,0,0
"50",50,0,0,3.21623334288597,8463.04272582218,0,0,0,0
"51",51,0,0,3.39854645729065,8677.1492050008,0,0,0,0
"52",52,0,0,3.11263958364725,8994.21037744425,0,0,0,0
"53",53,0,0,3.00690638134256,9058.07273471696,0,0,0,0
"54",54,0,0,3.02967318333685,9355.45386597244,0,0,0,0
"55",55,0,0,3.25247001647949,9480.85428033387,0,0,0,0
"56",56,0,0,3.0930592790246,10142.2730321747,0,0,0,0
"57",57,0,0,3.04299938678741,11768.3201599161,0,0,0,0
"58",58,0,0,3.20184715092182,11913.4817765489,0,0,0,0
"59",59,0,0,4.12402963638306,13066.1128593527,0,0,0,0
"60",60,0,0,3.61403930187225,13066.1430249105,0,0,0,0
"61",61,0,0,3.56979215145111,13066.1459673159,0,0,0,0
"62",62,0,0,3.01190969906747,13066.3470907429,0,0,0,0
"63",63,0,0,3.24920812249184,13299.3502113546,0,0,0,0
"64",64,0,0,3.07839758694172,14084.7927011233,0,0,0,0
"65",65,0,0,3.8709659576416,14248.2558134623,0,0,0,0
"66",66,0,0,5.10409998893738,14490.5821553988,0,0,0,0
"67",67,0,0,3.67822635173798,14490.5835441739,0,0,0,0
"68",68,0,0,3.19878599047661,14490.5879514312,0,0,0,0
"69",69,0,0,3.58715850114822,14490.5911924657,0,0,0,0
"70",70,0,0,3.03537103906274,14490.5950137629,0,0,0,0
"71",71,0,0,3.28973942995071,14490.6052357815,0,0,0,0
"72",72,0,0,3.41698548197746,14490.6786725078,0,0,0,0
"73",73,0,0,5.6111741065979,14490.6809902903,0,0,0,0
"74",74,0,0,3.74335408210754,14490.6810720064,0,0,0,0
"75",75,0,0,3.08548794686794,14490.6812228109,0,0,0,0
"76",76,0,0,4.03586792945862,14490.6817956657,0,0,0,0
"77",77,0,0,3.45964381098747,14490.681806725,0,0,0,0
"78",78,0,0,3.04836038500071,14490.6823495038,0,0,0,0
"79",79,0,0,4.64407539367676,14490.6823988735,0,0,0,0
"80",80,0,0,3.44725567102432,14490.68240162,0,0,0,0
"81",81,0,0,3.28498485684395,14490.6825242918,0,0,0,0
"82",82,0,0,3.58834993839264,14490.6826400934,0,0,0,0
"83",83,0,0,5.30056476593018,14490.6834877454,0,0,0,0
"84",84,0,0,3.26079294085503,14490.6836081201,0,0,0,0
"85",85,0,0,3.29970914125443,14490.6838913006,0,0,0,0
"86",86,0,0,3.85064494609833,14490.6840051987,0,0,0,0
"87",87,0,0,3.05156510695815,14490.6841726164,0,0,0,0
"88",88,0,0,3.14294031262398,14490.6846674445,0,0,0,0
"89",89,0,0,3.3421625494957,14490.684908988,0,0,0,0
"90",90,0,0,3.05195436999202,14490.6851687237,0,0,0,0
"91",91,0,0,3.33742427825928,14490.6852005799,0,0,0,0
"92",92,0,0,3.05141443014145,14490.6857935611,0,0,0,0
"93",93,0,0,3.35127934813499,14490.6859139903,0,0,0,0
"94",94,0,0,3.03814928978682,14490.6873616527,0,0,0,0
"95",95,0,0,3.22091740369797,14490.6875510991,0,0,0,0
"96",96,0,0,3.18613629043102,14490.6881325867,0,0,0,0
"97",97,0,0,3.19522450864315,14490.6884349787,0,0,0,0
"98",98,0,0,3.55768352746964,14490.6887230785,0,0,0,0
"99",99,0,0,4.27088487148285,14490.6888783489,0,0,0,0
"100",100,0,0,3.67973411083221,14490.689375575,0,0,0,0
"101",101,0,0,3.35044977068901,14490.6895193183,0,0,0,0
"102",102,0,0,3.03812416270375,14490.690222892,0,0,0,0
"103",103,0,0,3.11666130274534,14490.6902703165,0,0,0,0
"104",104,0,0,3.38579162955284,14490.6911509164,0,0,0,0
"105",105,0,0,4.40860056877136,14490.6923972611,0,0,0,0
"106",106,0,0,3.53160774707794,14490.6925599284,0,0,0,0
"107",107,0,0,3.60590708255768,14490.6935614237,0,0,0,0
"108",108,0,0,3.58757394552231,14490.695272459,0,0,0,0
"109",109,0,0,3.61652386188507,14490.6981343248,0,0,0,0
"110",110,0,0,3.22407622635365,14490.7003471709,0,0,0,0
"111",111,0,0,3.08269710838795,14490.7018381421,0,0,0,0
"112",112,0,0,3.38642606139183,14490.7020225897,0,0,0,0
"113",113,0,0,4.14791643619537,14490.7028520352,0,0,0,0
"114",114,0,0,3.40386119484901,14490.7049601091,0,0,0,0
"115",115,0,0,3.25185298919678,14490.7049691248,0,0,0,0
"116",116,0,0,3.15044277906418,14490.7052239003,0,0,0,0
"117",117,0,0,3.05337134003639,14490.7055966324,0,0,0,0
"118",118,0,0,3.43718913197517,14490.7059784312,0,0,0,0
"119",119,0,0,3.17993280291557,14490.7063613219,0,0,0,0
"120",120,0,0,3.53975933790207,14490.7095485437,0,0,0,0
"121",121,0,0,3.27516421675682,14490.7097209729,0,0,0,0
"122",122,0,0,3.22209031879902,14490.7120264254,0,0,0,0
"123",123,0,0,3.12813958525658,14490.7154115635,0,0,0,0
"124",124,0,0,3.05139249190688,14490.721741469,0,0,0,0
"125",125,0,0,4.14701926708221,14490.7228440406,0,0,0,0
"126",126,0,0,3.42851492762566,14490.7254023259,0,0,0,0
"127",127,0,0,3.51202321052551,14490.7302204796,0,0,0,0
"128",128,0,0,3.68919742107391,14490.7367910242,0,0,0,0
"129",129,0,0,3.54932874441147,14490.7381691545,0,0,0,0
"130",130,0,0,3.27603960037231,14490.743266733,0,0,0,0
"131",131,0,0,3.55607742071152,14490.7495680363,0,0,0,0
"132",132,0,0,3.0603190921247,14490.7497009908,0,0,0,0
"133",133,0,0,3.04422711953521,14490.7563433153,0,0,0,0
"134",134,0,0,3.01726353727281,14490.7690553437,0,0,0,0
"135",135,0,0,3.45845118165016,14490.769314607,0,0,0,0
"136",136,0,0,3.39494258165359,14490.7770914359,0,0,0,0
"137",137,0,0,3.29040974378586,14490.7991389913,0,0,0,0
"138",138,0,0,4.44806230068207,14490.81838781,0,0,0,0
"139",139,0,0,3.55878895521164,14490.8191623803,0,0,0,0
"140",140,0,0,3.18809363245964,14490.821722306,0,0,0,0
"141",141,0,0,4.11845004558563,14490.8295548101,0,0,0,0
"142",142,0,0,3.23384672403336,14490.8587710266,0,0,0,0
"143",143,0,0,3.87626123428345,14490.8689797249,0,0,0,0
"144",144,0,0,3.62087124586105,14490.8891776295,0,0,0,0
"145",145,0,0,3.25337147712708,14490.902355968,0,0,0,0
"146",146,0,0,3.14695167541504,14490.9398885726,0,0,0,0
"147",147,0,0,3.05939717963338,14490.9645365118,0,0,0,0
"148",148,0,0,3.24006995558739,14491.0695332155,0,0,0,0
"149",149,0,0,3.55276119709015,14491.2176249591,0,0,0,0
"150",150,0,0,3.227589443326,14491.2396590759,0,0,0,0
"151",151,0,0,3.58852916955948,14491.2397396947,0,0,0,0
"152",152,0,0,3.0979159027338,14491.2702377146,0,0,0,0
"153",153,0,0,3.40552747249603,14491.5558974369,0,0,0,0
"154",154,0,0,3.25380247831345,14491.6114507944,0,0,0,0
"155",155,0,0,3.1959352940321,14492.3985860981,0,0,0,0
"156",156,0,0,3.1539204120636,14492.4987083748,0,0,0,0
"157",157,0,0,3.01666737534106,14492.5564786923,0,0,0,0
"158",158,0,0,3.08571373671293,14493.5324015142,0,0,0,0
"159",159,0,0,3.66869980096817,14493.9649748601,0,0,0,0
"160",160,0,0,3.99254441261292,14497.6312619804,0,0,0,0
"161",161,0,0,3.23885987699032,14498.0123136535,0,0,0,0
"162",162,0,0,3.10596644133329,14498.0173280573,0,0,0,0
"163",163,0,0,3.37917363643646,14498.1591888604,0,0,0,0
"164",164,0,0,4.35900962352753,14498.1675831265,0,0,0,0
"165",165,0,0,3.20349998772144,14498.1733238546,0,0,0,0
"166",166,0,0,5.02749443054199,14498.1854968534,0,0,0,0
"167",167,0,0,3.39234513044357,14498.1898851239,0,0,0,0
"168",168,0,0,3.08297155052423,14498.1911017148,0,0,0,0
"169",169,0,0,3.00777019932866,14498.2384118577,0,0,0,0
"170",170,0,0,3.03959010541439,14498.8308066844,0,0,0,0
"171",171,0,0,4.5435004234314,14500.491267294,0,0,0,0
"172",172,0,0,3.20938093960285,14500.4948375587,0,0,0,0
"173",173,0,0,3.13479988276958,14500.5004798425,0,0,0,0
"174",174,0,0,3.04470949247479,14500.5011935331,0,0,0,0
"175",175,0,0,4.75325214862823,14511.2630687682,0,0,0,0
"176",176,0,0,3.41903868317604,14511.2691792559,0,0,0,0
"177",177,0,0,3.40879192948341,14511.2864468984,0,0,0,0
"178",178,0,0,3.74302250146866,14512.369762134,0,0,0,0
"179",179,0,0,3.48422679305077,14513.4035724584,0,0,0,0
"180",180,0,0,3.1925508081913,14517.8618425722,0,0,0,0
"181",181,0,0,3.0663131326437,14544.8260522598,0,0,0,0
"182",182,0,0,3.41646030545235,14618.9851087132,0,0,0,0
"183",183,0,0,3.06060915067792,14622.4294495474,0,0,0,0
"184",184,0,0,3.00393953826278,14816.5082309421,0,0,0,0
"185",185,0,0,3.20134474337101,14862.7299927847,0,0,0,0
"186",186,0,0,3.17907652258873,14862.7309353956,0,0,0,0
"187",187,0,0,3.56534039974213,14985.00567978,0,0,0,0
"188",188,0,0,3.51709592342377,15170.4891881355,0,0,0,0
"189",189,0,0,3.16639448702335,15670.7861188438,0,0,0,0
"190",190,0,0,3.26535448431969,15722.2220153176,0,0,0,0
"191",191,0,0,3.00664755236357,15743.9202932501,0,0,0,0
"192",192,0,0,3.56344193220139,15992.3350790834,0,0,0,0
"193",193,0,0,4.29071354866028,15992.3381909991,0,0,0,0
"194",194,0,0,3.13088771700859,15992.3392572483,0,0,0,0
"195",195,0,0,3.07661320269108,15992.3640675819,0,0,0,0
"196",196,0,0,3.78537553548813,15992.3833765106,0,0,0,0
"197",197,0,0,3.71286702156067,15992.3879928359,0,0,0,0
"198",198,0,0,3.69457864761353,15992.8819200049,0,0,0,0
"199",199,0,0,3.55542087554932,15992.8821547251,0,0,0,0
"200",200,0,0,3.04673479124904,17357.4275841641,0,0,0,0
"201",201,0,0,3.26516070961952,18259.4930166045,0,0,0,0
"202",202,0,0,3.19935929775238,18267.1925450274,0,0,0,0
"203",203,0,0,3.31092604994774,18385.6642045973,0,0,0,0
"204",204,0,0,3.46795147657394,18385.6712960057,0,0,0,0
"205",205,0,0,3.11661037802696,18385.6964488814,0,0,0,0
"206",206,0,0,3.08818031102419,18609.3359676525,0,0,0,0
"207",207,0,0,3.17755562067032,19385.851836945,0,0,0,0
"208",208,0,0,3.21718326210976,19603.6435986788,0,0,0,0
"209",209,0,0,3.31694695353508,20035.8406153572,0,0,0,0
"210",210,0,0,5.05530405044556,22409.0154108186,0,0,0,0
"211",211,0,0,3.15911389887333,22409.015637587,0,0,0,0
"212",212,0,0,4.79998517036438,22409.0162870361,0,0,0,0
"213",213,0,0,3.16381432116032,22409.0182881114,0,0,0,0
"214",214,0,0,4.20966792106628,22409.0185622067,0,0,0,0
"215",215,0,0,3.19570676982403,22409.0227662297,0,0,0,0
"216",216,0,0,4.66802191734314,22409.023947804,0,0,0,0
"217",217,0,0,3.01967866718769,22409.024312447,0,0,0,0
"218",218,0,0,3.25690788030624,22409.0308226197,0,0,0,0
"219",219,0,0,3.575275182724,22409.0376169077,0,0,0,0
"220",220,0,0,3.43582952022552,22409.0628391534,0,0,0,0
"221",221,0,0,3.7639639377594,22409.0657189955,0,0,0,0
"222",222,0,0,3.37432807683945,22409.0676081473,0,0,0,0
"223",223,0,0,3.39986073970795,22409.0773512381,0,0,0,0
"224",224,0,0,3.62341272830963,22409.1325046714,0,0,0,0
"225",225,0,0,3.28086444735527,22409.5086544941,0,0,0,0
"226",226,0,0,3.16928651928902,22409.5755223789,0,0,0,0
"227",227,0,0,3.15428613126278,22410.9205085033,0,0,0,0
"228",228,0,0,3.80385094881058,22418.504399215,0,0,0,0
"229",229,0,0,3.62639480829239,22418.6056935748,0,0,0,0
"230",230,0,0,3.00194551399909,23640.1261479379,0,0,0,0
"231",231,0,0,3.07126651704311,24567.0072395424,0,0,0,0
"232",232,0,0,3.12559957802296,25321.2911974523,0,0,0,0
"233",233,0,0,3.45352530479431,25862.2918245172,0,0,0,0
"234",234,0,0,3.07914078235626,25927.536476444,0,0,0,0
"235",235,0,0,3.4855700135231,26014.9167216008,0,0,0,0
"236",236,0,0,3.23902063071728,26784.5253108589,0,0,0,0
"237",237,0,0,3.12423768639565,26784.5259358222,0,0,0,0
"238",238,0,0,3.53685075044632,27259.4120723183,0,0,0,0
"239",239,0,0,3.09192235022783,27259.4276752765,0,0,0,0
"240",240,0,0,3.13787257671356,27434.3271462297,0,0,0,0
"241",241,0,0,3.29112347960472,28385.43173478,0,0,0,0
"242",242,0,0,3.27677223086357,28485.8454560531,0,0,0,0
"243",243,0,0,3.42473843693733,29032.2836309014,0,0,0,0
"244",244,0,0,3.52083379030228,29263.8537128552,0,0,0,0
"245",245,0,0,4.45734429359436,29673.1330299865,0,0,0,0
"246",246,0,0,3.89221036434174,29759.8752057931,0,0,0,0
"247",247,0,0,4.24003601074219,30929.274054364,0,0,0,0
"248",248,0,0,3.0098616424948,30929.2755592414,0,0,0,0
"249",249,0,0,3.7037325501442,30929.2816284477,0,0,0,0
"250",250,0,0,3.75467973947525,30929.3107666177,0,0,0,0
"251",251,0,0,4.28164505958557,31060.5804007389,0,0,0,0
"252",252,0,0,3.71108818054199,31060.9199061213,0,0,0,0
"253",253,0,0,3.03897684440017,31062.145077571,0,0,0,0
"254",254,0,0,3.66323280334473,31717.0284554721,0,0,0,0
"255",255,0,0,3.00763787329197,32014.5134682961,0,0,0,0
"256",256,0,0,3.5429003238678,32173.147669809,0,0,0,0
"257",257,0,0,3.77269166707993,32173.1484857818,0,0,0,0
"258",258,0,0,3.2141235768795,32173.1647329194,0,0,0,0
"259",259,0,0,5.3469340801239,33432.5282744633,0,0,0,0
"260",260,0,0,3.12921425700188,33432.5302401343,0,0,0,0
"261",261,0,0,3.0688641667366,33432.5304088528,0,0,0,0
"262",262,0,0,3.81831187009811,33432.5311234913,0,0,0,0
"263",263,0,0,3.03226139396429,33432.534029285,0,0,0,0
"264",264,0,0,3.65967959165573,33432.534697379,0,0,0,0
"265",265,0,0,3.06933344900608,33432.5347279978,0,0,0,0
"266",266,0,0,3.0184814427048,33432.5351059079,0,0,0,0
"267",267,0,0,4.0442373752594,33432.5582665598,0,0,0,0
"268",268,0,0,3.13049851357937,33432.5607540968,0,0,0,0
"269",269,0,0,3.06830983608961,33432.5627844342,0,0,0,0
"270",270,0,0,3.65752547979355,33432.5761987459,0,0,0,0
"271",271,0,0,3.09780674427748,33432.5927686297,0,0,0,0
"272",272,0,0,3.77243775129318,33432.6019396041,0,0,0,0
"273",273,0,0,4.25966691970825,33432.607967721,0,0,0,0
"274",274,0,0,3.61826008558273,33432.6148274961,0,0,0,0
"275",275,0,0,3.45061245560646,33432.6347749847,0,0,0,0
"276",276,0,0,3.11519929021597,33432.6641641582,0,0,0,0
"277",277,0,0,3.37320202589035,33432.6688876613,0,0,0,0
"278",278,0,0,3.64269948005676,33433.1821210177,0,0,0,0
"279",279,0,0,3.59532785415649,33433.206113587,0,0,0,0
"280",280,0,0,3.21964564919472,33433.4143996317,0,0,0,0
"281",281,0,0,3.2245866805315,33434.5388928506,0,0,0,0
"282",282,0,0,3.06269723176956,33435.0818488323,0,0,0,0
"283",283,0,0,4.01693964004517,33435.5551145781,0,0,0,0
"284",284,0,0,3.48235476016998,33435.5890266784,0,0,0,0
"285",285,0,0,3.35791692137718,33484.8515243732,0,0,0,0
"286",286,0,0,3.0290732588619,33496.4877842636,0,0,0,0
"287",287,0,0,3.10496505349874,33552.1411796901,0,0,0,0
"288",288,0,0,3.92618644237518,33607.9758457568,0,0,0,0
"289",289,0,0,3.68140000104904,33607.9772217002,0,0,0,0
"290",290,0,0,3.57151782512665,33655.562617548,0,0,0,0
"291",291,0,0,3.74693667888641,33655.5711386381,0,0,0,0
"292",292,0,0,3.08514580130577,33655.5762647075,0,0,0,0
"293",293,0,0,3.07306862622499,33655.5859099882,0,0,0,0
"294",294,0,0,4.54215061664581,33655.6015528568,0,0,0,0
"295",295,0,0,3.25107702612877,33655.6016380743,0,0,0,0
"296",296,0,0,3.42293983697891,33655.6123733143,0,0,0,0
"297",297,0,0,3.31907457113266,33655.6144995045,0,0,0,0
"298",298,0,0,3.7414990067482,33655.6227630446,0,0,0,0
"299",299,0,0,3.09826371818781,33655.6324903436,0,0,0,0
"300",300,0,0,3.06584294885397,33655.6433705263,0,0,0,0
"301",301,0,0,3.19956704974174,33663.7076335775,0,0,0,0
"302",302,0,0,3.2668531537056,33873.2542379166,0,0,0,0
"303",303,0,0,3.33091098070145,35375.3518864475,0,0,0,0
"304",304,0,0,3.03809383884072,35790.7383211159,0,0,0,0
"305",305,0,0,3.28690552711487,36377.9591020505,0,0,0,0
"306",306,0,0,3.18797844648361,36377.9595078299,0,0,0,0
"307",307,0,0,3.58487993478775,36757.6109221777,0,0,0,0
"308",308,0,0,3.19470842182636,37089.8424821998,0,0,0,0
"309",309,0,0,3.09297205507755,37162.6118793698,0,0,0,0
"310",310,0,0,3.57062810659409,37373.6718079713,0,0,0,0
"311",311,0,0,3.03061289899051,37399.4695723776,0,0,0,0
"312",312,0,0,3.33337447047234,37556.0194336616,0,0,0,0
"313",313,0,0,3.73425769805908,38016.9721600752,0,0,0,0
"314",314,0,0,3.26862996816635,38016.9751002375,0,0,0,0
"315",315,0,0,3.09726844727993,38016.9814020107,0,0,0,0
"316",316,0,0,3.30959433317184,38016.9879477446,0,0,0,0
"317",317,0,0,3.44557178020477,38230.2433901066,0,0,0,0
"318",318,0,0,3.23148018121719,38441.8744303643,0,0,0,0
"319",319,0,0,3.13396038115025,39748.4615376567,0,0,0,0
"320",320,0,0,3.46231204271317,40821.0050193304,0,0,0,0
"321",321,0,0,3.19603772461414,40998.1084921073,0,0,0,0
"322",322,0,0,3.39794611930847,42115.5619819467,0,0,0,0
"323",323,0,0,3.26547133922577,43602.3463198781,0,0,0,0
"324",324,0,0,3.09211828559637,43602.3464932807,0,0,0,0
"325",325,0,0,3.06336992233992,43943.4218927091,0,0,0,0
"326",326,0,0,3.93827420473099,45054.2371221869,0,0,0,0
"327",327,0,0,3.23045678436756,45199.6376806918,0,0,0,0
"328",328,0,0,3.15369112789631,45521.6157173427,0,0,0,0
"329",329,0,0,3.69503706693649,45923.3918662857,0,0,0,0
"330",330,0,0,3.13226790726185,46304.5153204816,0,0,0,0
"331",331,0,0,3.72124761343002,46707.6489750245,0,0,0,0
"332",332,0,0,3.9292249083519,47190.238242602,0,0,0,0
"333",333,0,0,3.40974646806717,48062.9016315996,0,0,0,0
"334",334,0,0,3.01549300551414,48062.901822546,0,0,0,0
"335",335,0,0,4.6383216381073,48689.0848174543,0,0,0,0
"336",336,0,0,3.07725777477026,48689.1319041354,0,0,0,0
"337",337,0,0,3.18569575250149,48689.1537868116,0,0,0,0
"338",338,0,0,3.1435624808073,48690.1334470501,0,0,0,0
"339",339,0,0,3.03861355409026,48792.9164195948,0,0,0,0
"340",340,0,0,3.29934829473495,49230.9215228834,0,0,0,0
"341",341,0,0,3.23930618166924,49231.739996121,0,0,0,0
"342",342,0,0,4.76681685447693,49669.3248405725,0,0,0,0
"343",343,0,0,3.22609896957874,49669.3248654795,0,0,0,0
"344",344,0,0,3.15777194499969,49669.3256325084,0,0,0,0
"345",345,0,0,3.40270549058914,49669.3268670683,0,0,0,0
"346",346,0,0,3.3909612596035,49669.3275435576,0,0,0,0
"347",347,0,0,3.29257827997208,49669.3964648819,0,0,0,0
"348",348,0,0,3.70814329385757,50020.9491101905,0,0,0,0
"349",349,0,0,3.7429746389389,50619.6869127802,0,0,0,0
"350",350,0,0,3.45994678139687,50619.7673137128,0,0,0,0
"351",351,0,0,3.652676820755,52076.8894045959,0,0,0,0
"352",352,0,0,4.64793181419373,52379.8414040803,0,0,0,0
"353",353,0,0,3.82136428356171,52379.8608158899,0,0,0,0
"354",354,0,0,3.08560205996037,52379.8614164175,0,0,0,0
"355",355,0,0,3.06942285597324,52379.8715410896,0,0,0,0
"356",356,0,0,3.17718531191349,52379.8828238338,0,0,0,0
"357",357,0,0,3.04750607535243,52379.8841286095,0,0,0,0
"358",358,0,0,3.1589812785387,52380.0110063262,0,0,0,0
"359",359,0,0,3.1567277610302,52380.3021061395,0,0,0,0
"360",360,0,0,3.7943696975708,52403.8580261318,0,0,0,0
"361",361,0,0,3.13001166284084,52403.8642172504,0,0,0,0
"362",362,0,0,3.62479317188263,52403.8783167538,0,0,0,0
"363",363,0,0,3.39009219408035,52403.9106275408,0,0,0,0
"364",364,0,0,3.17369015514851,52436.5221925668,0,0,0,0
"365",365,0,0,3.46440148353577,52436.6829165102,0,0,0,0
"366",366,0,0,3.13382166624069,52576.5209332881,0,0,0,0
"367",367,0,0,3.13082750141621,53132.294229403,0,0,0,0
"368",368,0,0,3.07728128135204,53752.375943575,0,0,0,0
"369",369,0,0,3.62047439813614,55778.4999372409,0,0,0,0
"370",370,0,0,5.19265747070312,55938.8743256478,0,0,0,0
"371",371,0,0,4.47524642944336,55938.8753435503,0,0,0,0
"372",372,0,0,3.33424544334412,55938.8769562398,0,0,0,0
"373",373,0,0,3.05917068943381,55938.8779613812,0,0,0,0
"374",374,0,0,3.29073956608772,55938.8785605943,0,0,0,0
"375",375,0,0,3.94978469610214,55938.8801195944,0,0,0,0
"376",376,0,0,3.1969835460186,55938.8813935693,0,0,0,0
"377",377,0,0,3.10625662654638,55938.8815600245,0,0,0,0
"378",378,0,0,5.82886958122253,55938.8841247602,0,0,0,0
"379",379,0,0,3.14587651193142,55938.8841317112,0,0,0,0
"380",380,0,0,3.97068929672241,55938.8841407446,0,0,0,0
"381",381,0,0,3.63576817512512,55938.8842144011,0,0,0,0
"382",382,0,0,3.85015481710434,55938.884609025,0,0,0,0
"383",383,0,0,3.68927943706512,55938.8848324314,0,0,0,0
"384",384,0,0,3.09417051076889,55938.8852393422,0,0,0,0
"385",385,0,0,3.3175440132618,55938.8855863626,0,0,0,0
"386",386,0,0,3.17625898122787,55938.8863809394,0,0,0,0
"387",387,0,0,3.10145511478186,55938.886680488,0,0,0,0
"388",388,0,0,3.32282277941704,55938.8869599265,0,0,0,0
"389",389,0,0,3.72069621086121,55938.8872496346,0,0,0,0
"390",390,0,0,3.44800999760628,55938.8873586249,0,0,0,0
"391",391,0,0,3.2218776345253,55938.8873745993,0,0,0,0
"392",392,0,0,3.61718660593033,55938.8878382017,0,0,0,0
"393",393,0,0,3.42301660776138,55938.88873431,0,0,0,0
"394",394,0,0,3.2076813429594,55938.8891071281,0,0,0,0
"395",395,0,0,3.49388161301613,55938.8892429724,0,0,0,0
"396",396,0,0,3.11467847973108,55938.8902708099,0,0,0,0
"397",397,0,0,3.13936880230904,55938.8940104749,0,0,0,0
"398",398,0,0,3.3116015791893,55938.8966288992,0,0,0,0
"399",399,0,0,3.79108762741089,55938.8970938164,0,0,0,0
"400",400,0,0,4.11959683895111,55938.8974557972,0,0,0,0
"401",401,0,0,3.3375264108181,55938.8981940006,0,0,0,0
"402",402,0,0,3.04407922551036,55938.8983098447,0,0,0,0
"403",403,0,0,3.08838053047657,55938.8991065387,0,0,0,0
"404",404,0,0,3.0328178294003,55938.9015996615,0,0,0,0
"405",405,0,0,3.25767436623573,55938.9016455579,0,0,0,0
"406",406,0,0,3.96180486679077,55938.9017771644,0,0,0,0
"407",407,0,0,3.28450453281403,55938.9039062278,0,0,0,0
"408",408,0,0,3.22223611176014,55938.9041579183,0,0,0,0
"409",409,0,0,3.53733152151108,55938.9042334037,0,0,0,0
"410",410,0,0,3.28039953112602,55938.9042577092,0,0,0,0
"411",411,0,0,3.00692563410848,55938.9059121349,0,0,0,0
"412",412,0,0,3.13493329286575,55938.9061818997,0,0,0,0
"413",413,0,0,3.14861811697483,55938.9086805696,0,0,0,0
"414",414,0,0,3.61756008863449,55938.9087213411,0,0,0,0
"415",415,0,0,3.17429721355438,55938.9093748791,0,0,0,0
"416",416,0,0,3.26287543773651,55938.9102577251,0,0,0,0
"417",417,0,0,3.05929173901677,55938.910843361,0,0,0,0
"418",418,0,0,4.48625957965851,55938.911506857,0,0,0,0
"419",419,0,0,3.01875126175582,55938.9132383083,0,0,0,0
"420",420,0,0,3.13493545353413,55938.9133453935,0,0,0,0
"421",421,0,0,3.56957626342773,55938.9134476273,0,0,0,0
"422",422,0,0,4.03249597549438,55938.9196125681,0,0,0,0
"423",423,0,0,3.33938220143318,55938.919854253,0,0,0,0
"424",424,0,0,3.10892871767282,55938.9226722878,0,0,0,0
"425",425,0,0,3.43902811408043,55938.9245146604,0,0,0,0
"426",426,0,0,3.01005785446614,55938.9264526799,0,0,0,0
"427",427,0,0,3.18891310691833,55938.9343654444,0,0,0,0
"428",428,0,0,3.18103474378586,55938.9365858118,0,0,0,0
"429",429,0,0,3.36273911595345,55938.9503352327,0,0,0,0
"430",430,0,0,3.50807827711105,55938.9653317587,0,0,0,0
"431",431,0,0,3.72492617368698,55938.9675008629,0,0,0,0
"432",432,0,0,3.01395681966096,55938.9680426765,0,0,0,0
"433",433,0,0,3.18813203275204,55938.9842087234,0,0,0,0
"434",434,0,0,4.01654577255249,55939.003944132,0,0,0,0
"435",435,0,0,3.16279493272305,55939.0414036818,0,0,0,0
"436",436,0,0,3.11069817841053,55939.0635777201,0,0,0,0
"437",437,0,0,3.62791085243225,55939.0656687079,0,0,0,0
"438",438,0,0,3.34014314413071,55939.0703335163,0,0,0,0
"439",439,0,0,3.78341066837311,55939.0741937294,0,0,0,0
"440",440,0,0,3.07771630585194,55939.0762698646,0,0,0,0
"441",441,0,0,3.9601126909256,55939.0918281818,0,0,0,0
"442",442,0,0,3.08546072244644,55939.117722228,0,0,0,0
"443",443,0,0,4.71314132213593,55939.1240855953,0,0,0,0
"444",444,0,0,3.10047175735235,55939.1242212869,0,0,0,0
"445",445,0,0,3.63270491361618,55939.1246469271,0,0,0,0
"446",446,0,0,3.57519423961639,55939.1263879775,0,0,0,0
"447",447,0,0,4.89347887039185,55939.1299489579,0,0,0,0
"448",448,0,0,3.16263934969902,55939.1313252069,0,0,0,0
"449",449,0,0,3.19653561711311,55939.1314516487,0,0,0,0
"450",450,0,0,3.31876727938652,55939.1358168414,0,0,0,0
"451",451,0,0,3.1516806781292,55939.1381173683,0,0,0,0
"452",452,0,0,3.76139914989471,55939.1457272434,0,0,0,0
"453",453,0,0,3.43768584728241,55939.1496997809,0,0,0,0
"454",454,0,0,3.00127426651306,55939.1609132453,0,0,0,0
"455",455,0,0,3.00330670154653,55939.1929210021,0,0,0,0
"456",456,0,0,3.96283304691315,55939.1940960419,0,0,0,0
"457",457,0,0,3.22867095470428,55939.2397456077,0,0,0,0
"458",458,0,0,3.4148256778717,55939.2941749478,0,0,0,0
"459",459,0,0,3.98551553487778,55939.3189282939,0,0,0,0
"460",460,0,0,3.19306959211826,55939.3475919002,0,0,0,0
"461",461,0,0,3.41431665420532,55939.5225773544,0,0,0,0
"462",462,0,0,3.29179239273071,55939.5671883032,0,0,0,0
"463",463,0,0,3.29959580302238,55939.5762834777,0,0,0,0
"464",464,0,0,3.09403721988201,55939.650519098,0,0,0,0
"465",465,0,0,3.09278835356236,55939.6664657315,0,0,0,0
"466",466,0,0,3.43198624253273,55939.8270734913,0,0,0,0
"467",467,0,0,3.32825607061386,55940.3239242737,0,0,0,0
"468",468,0,0,3.36804100871086,55940.3253953579,0,0,0,0
"469",469,0,0,3.62406408786774,55940.4261248278,0,0,0,0
"470",470,0,0,4.23672044277191,55940.4460234186,0,0,0,0
"471",471,0,0,3.63447564840317,55940.7657697218,0,0,0,0
"472",472,0,0,3.14003354310989,55941.3371127189,0,0,0,0
"473",473,0,0,3.16710612177849,55941.4757684614,0,0,0,0
"474",474,0,0,3.48494160175323,55941.9704547293,0,0,0,0
"475",475,0,0,3.80296003818512,55941.9708384458,0,0,0,0
"476",476,0,0,4.00489187240601,55942.47788853,0,0,0,0
"477",477,0,0,4.24189805984497,55943.3728740677,0,0,0,0
"478",478,0,0,3.3735146522522,55943.3735613782,0,0,0,0
"479",479,0,0,4.94996190071106,55943.4270801984,0,0,0,0
"480",480,0,0,3.12774157524109,55943.4322569621,0,0,0,0
"481",481,0,0,3.53250294923782,55943.439525162,0,0,0,0
"482",482,0,0,3.00326564745046,55943.4603849152,0,0,0,0
"483",483,0,0,3.70055544376373,55943.4818443357,0,0,0,0
"484",484,0,0,4.70605862140656,55943.4869293078,0,0,0,0
"485",485,0,0,4.11076724529266,55943.4958495784,0,0,0,0
"486",486,0,0,3.51757621765137,55943.5040738282,0,0,0,0
"487",487,0,0,3.6238044500351,55943.5239194658,0,0,0,0
"488",488,0,0,3.22835394740105,55943.5284195657,0,0,0,0
"489",489,0,0,3.12938049435616,55943.529786947,0,0,0,0
"490",490,0,0,4.40784251689911,55943.5309167788,0,0,0,0
"491",491,0,0,3.41230005025864,55943.6021672622,0,0,0,0
"492",492,0,0,3.55641877651215,55943.7210958605,0,0,0,0
"493",493,0,0,3.16133579611778,55943.7518594582,0,0,0,0
"494",494,0,0,3.1797917932272,55943.8185109683,0,0,0,0
"495",495,0,0,3.32638683915138,55943.9666331022,0,0,0,0
"496",496,0,0,3.72691202163696,55943.9988759676,0,0,0,0
"497",497,0,0,3.2904571890831,55944.2798334778,0,0,0,0
"498",498,0,0,3.13278520107269,55944.3077268619,0,0,0,0
"499",499,0,0,3.2924493253231,55944.4228721915,0,0,0,0
"500",500,0,0,3.31544527411461,55944.4812420295,0,0,0,0
"501",501,0,0,3.40773713588715,55945.3161763869,0,0,0,0
"502",502,0,0,5.02189922332764,55946.1005607022,0,0,0,0
"503",503,0,0,4.56719172000885,55946.1022735135,0,0,0,0
"504",504,0,0,4.33945369720459,55946.1029402178,0,0,0,0
"505",505,0,0,3.01985389366746,55946.1030280609,0,0,0,0
"506",506,0,0,3.38370135426521,55946.1053680123,0,0,0,0
"507",507,0,0,3.14233742654324,55946.1058158909,0,0,0,0
"508",508,0,0,3.45016965270042,55946.1065799246,0,0,0,0
"509",509,0,0,3.25915095210075,55946.1085962512,0,0,0,0
"510",510,0,0,3.10808818042278,55946.1140849446,0,0,0,0
"511",511,0,0,3.25059634447098,55946.1143347024,0,0,0,0
"512",512,0,0,3.28166484832764,55946.1153971887,0,0,0,0
"513",513,0,0,3.66444396972656,55946.1164972519,0,0,0,0
"514",514,0,0,3.01545486040413,55946.1170958414,0,0,0,0
"515",515,0,0,3.4595713019371,55946.1193397433,0,0,0,0
"516",516,0,0,3.17462788522243,55946.1201297505,0,0,0,0
"517",517,0,0,3.36921891570091,55946.1312942015,0,0,0,0
"518",518,0,0,4.57267475128174,55946.1834318467,0,0,0,0
"519",519,0,0,3.00783901289105,55946.1851387316,0,0,0,0
"520",520,0,0,3.05079170688987,55946.1853289753,0,0,0,0
"521",521,0,0,3.55807316303253,55946.1853515452,0,0,0,0
"522",522,0,0,3.16521838307381,55946.1884606183,0,0,0,0
"523",523,0,0,3.0258968193084,55946.1892308072,0,0,0,0
"524",524,0,0,4.02906930446625,55946.2075283496,0,0,0,0
"525",525,0,0,3.36533215641975,55946.2137738649,0,0,0,0
"526",526,0,0,3.04849634319544,55946.2340414864,0,0,0,0
"527",527,0,0,3.2848034799099,55946.2596223669,0,0,0,0
"528",528,0,0,3.0154879624024,55946.3192493884,0,0,0,0
"529",529,0,0,4.02319610118866,55946.3472314722,0,0,0,0
"530",530,0,0,3.06990076601505,55946.4425656409,0,0,0,0
"531",531,0,0,3.15914914011955,55946.4682665587,0,0,0,0
"532",532,0,0,3.59542673826218,55946.7244127495,0,0,0,0
"533",533,0,0,3.71424460411072,55947.8077026269,0,0,0,0
"534",534,0,0,4.02808618545532,55947.8100124666,0,0,0,0
"535",535,0,0,3.39028418064117,55947.8855381066,0,0,0,0
"536",536,0,0,3.11700115352869,55947.897702616,0,0,0,0
"537",537,0,0,3.67658191919327,55948.1721709499,0,0,0,0
"538",538,0,0,3.13014428317547,55948.5545700274,0,0,0,0
"539",539,0,0,3.11201933026314,55948.9003436034,0,0,0,0
"540",540,0,0,3.04408822208643,55949.1466963492,0,0,0,0
"541",541,0,0,3.71706259250641,55949.4272106515,0,0,0,0
"542",542,0,0,3.61400759220123,55949.4340657933,0,0,0,0
"543",543,0,0,3.77322083711624,55949.4396989134,0,0,0,0
"544",544,0,0,3.07105427235365,55951.9151329501,0,0,0,0
"545",545,0,0,3.19022066891193,55952.9891001075,0,0,0,0
"546",546,0,0,3.18337917327881,55954.0424655515,0,0,0,0
"547",547,0,0,4.31099605560303,55955.756388536,0,0,0,0
"548",548,0,0,3.04780437424779,55955.7674425974,0,0,0,0
"549",549,0,0,3.40886852145195,55956.234787089,0,0,0,0
"550",550,0,0,3.17267745733261,55956.4984483237,0,0,0,0
"551",551,0,0,3.29262042045593,55957.0312994885,0,0,0,0
"552",552,0,0,3.14923658967018,55958.307269817,0,0,0,0
"553",553,0,0,3.43497633934021,55966.4632994775,0,0,0,0
"554",554,0,0,3.15419529378414,55967.4521881316,0,0,0,0
"555",555,0,0,3.33100694417953,55972.2873406767,0,0,0,0
"556",556,0,0,4.89785993099213,55972.2898205116,0,0,0,0
"557",557,0,0,3.13775318861008,55972.2951873258,0,0,0,0
"558",558,0,0,3.11744213849306,55972.2959769694,0,0,0,0
"559",559,0,0,4.20372748374939,55972.2986292148,0,0,0,0
"560",560,0,0,3.37480354309082,55972.3030153749,0,0,0,0
"561",561,0,0,4.50517654418945,55972.3180169151,0,0,0,0
"562",562,0,0,3.23326118290424,55972.3230274473,0,0,0,0
"563",563,0,0,4.04686784744263,55972.4176310785,0,0,0,0
"564",564,0,0,3.28148385882378,55972.4178955362,0,0,0,0
"565",565,0,0,3.44278195500374,55972.4229502732,0,0,0,0
"566",566,0,0,3.27877366542816,55972.4370481283,0,0,0,0
"567",567,0,0,3.23464493453503,55972.4466875139,0,0,0,0
"568",568,0,0,3.03783433139324,55972.4467434643,0,0,0,0
"569",569,0,0,3.0887756049633,55972.4696256321,0,0,0,0
"570",570,0,0,3.23222868144512,55982.2808764389,0,0,0,0
"571",571,0,0,3.6575391292572,55992.9489144779,0,0,0,0
"572",572,0,0,3.81856751441956,55999.3366892435,0,0,0,0
"573",573,0,0,3.03504125028849,55999.338093264,0,0,0,0
"574",574,0,0,3.01934130676091,56015.2194075267,0,0,0,0
"575",575,0,0,3.28721925616264,56065.3751330134,0,0,0,0
"576",576,0,0,3.19372314214706,56068.4647186368,0,0,0,0
"577",577,0,0,3.0148719958961,56072.8441669573,0,0,0,0
"578",578,0,0,3.76763164997101,56091.6747092891,0,0,0,0
"579",579,0,0,3.87423849105835,56124.1146293249,0,0,0,0
"580",580,0,0,3.21407721936703,56124.1284617744,0,0,0,0
"581",581,0,0,3.20796392858028,56168.3850814356,0,0,0,0
"582",582,0,0,3.0055688326247,56190.3121845629,0,0,0,0
"583",583,0,0,3.09701893478632,56275.8214227955,0,0,0,0
"584",584,0,0,3.23947381973267,56305.1052464039,0,0,0,0
"585",585,0,0,3.18342560529709,56533.9385036489,0,0,0,0
"586",586,0,0,3.38728803396225,57088.2952092411,0,0,0,0
"587",587,0,0,3.06068347766995,57220.2747027187,0,0,0,0
"588",588,0,0,3.21155534684658,57288.2542015285,0,0,0,0
"589",589,0,0,3.56553912162781,57699.2301774136,0,0,0,0
"590",590,0,0,3.31288585066795,57890.4569779391,0,0,0,0
"591",591,0,0,3.50621420145035,58905.9975915069,0,0,0,0
"592",592,0,0,3.34846347570419,59298.9224569892,0,0,0,0
"593",593,0,0,3.00268150516786,59418.3503345105,0,0,0,0
"594",594,0,0,3.40804678201675,59878.75708069,0,0,0,0
"595",595,0,0,4.01926970481873,60297.7051054783,0,0,0,0
"596",596,0,0,3.43048706650734,60297.7114925818,0,0,0,0
"597",597,0,0,3.61624991893768,60522.4829192293,0,0,0,0
"598",598,0,0,3.28852355480194,61345.1171450047,0,0,0,0
"599",599,0,0,3.31766256690025,61430.807845106,0,0,0,0
"600",600,0,0,3.05082092061639,61544.6102406907,0,0,0,0
"601",601,0,0,3.05384438112378,61676.2553870969,0,0,0,0
"602",602,0,0,3.48286581039429,61676.2555896347,0,0,0,0
"603",603,0,0,3.49787503480911,61676.3030298997,0,0,0,0
"604",604,0,0,3.10236290097237,61676.5269566634,0,0,0,0
"605",605,0,0,3.33236446976662,61998.937442423,0,0,0,0
"606",606,0,0,3.11937760561705,62671.0246297115,0,0,0,0
"607",607,0,0,3.34581178426743,62855.2351882159,0,0,0,0
"608",608,0,0,3.58379107713699,62866.532128779,0,0,0,0
"609",609,0,0,3.07012120634317,62866.5468277522,0,0,0,0
"610",610,0,0,4.56103777885437,63230.4215764993,0,0,0,0
"611",611,0,0,4.60093939304352,63230.4230786019,0,0,0,0
"612",612,0,0,3.6272691488266,63230.4235589845,0,0,0,0
"613",613,0,0,3.40444460511208,63230.453174639,0,0,0,0
"614",614,0,0,3.65273100137711,63230.4882913343,0,0,0,0
"615",615,0,0,3.36453765630722,63230.5004226167,0,0,0,0
"616",616,0,0,3.35173499584198,63231.0435274328,0,0,0,0
"617",617,0,0,3.01067036762834,63231.4943019516,0,0,0,0
"618",618,0,0,3.92874836921692,63233.0540349675,0,0,0,0
"619",619,0,0,3.00352664361708,63498.6144880409,0,0,0,0
"620",620,0,0,3.03156166896224,64888.6200036641,0,0,0,0
"621",621,0,0,3.4888858795166,65085.2764354241,0,0,0,0
"622",622,0,0,3.22157675027847,65615.4233670618,0,0,0,0
"623",623,0,0,3.7176907658577,65618.2291774864,0,0,0,0
"624",624,0,0,3.82167834043503,66799.15872073,0,0,0,0
"625",625,0,0,3.35075119137764,67509.8514911718,0,0,0,0
"626",626,0,0,3.12133274972439,67754.3824064231,0,0,0,0
"627",627,0,0,3.07673630863428,67800.4417389145,0,0,0,0
"628",628,0,0,3.85699355602264,68399.8563260225,0,0,0,0
"629",629,0,0,3.13515649735928,68566.7029801897,0,0,0,0
"630",630,0,0,3.0237831491977,68656.8074079639,0,0,0,0
"631",631,0,0,3.1673034876585,70678.591705668,0,0,0,0
"632",632,0,0,3.20406995713711,70747.2628452272,0,0,0,0
"633",633,0,0,3.30702716112137,72009.8972510177,0,0,0,0
"634",634,0,0,6.17449474334717,72289.9538245025,0,0,0,0
"635",635,0,0,5.07661724090576,72289.9539260517,0,0,0,0
"636",636,0,0,3.13458505272865,72289.953926838,0,0,0,0
"637",637,0,0,3.21569466590881,72289.9541511378,0,0,0,0
"638",638,0,0,3.06037316843867,72289.9545407461,0,0,0,0
"639",639,0,0,3.34271147847176,72289.9546172182,0,0,0,0
"640",640,0,0,3.029013145715,72289.9546414027,0,0,0,0
"641",641,0,0,3.55904471874237,72289.9546835204,0,0,0,0
"642",642,0,0,3.0480323843658,72289.9547291372,0,0,0,0
"643",643,0,0,3.1980917006731,72289.9549087935,0,0,0,0
"644",644,0,0,3.84330838918686,72289.9550717856,0,0,0,0
"645",645,0,0,4.63038921356201,72289.9550890829,0,0,0,0
"646",646,0,0,3.43580651283264,72289.9552064692,0,0,0,0
"647",647,0,0,3.5937020778656,72289.9552440296,0,0,0,0
"648",648,0,0,3.01309179887176,72289.9552666835,0,0,0,0
"649",649,0,0,4.19362580776215,72289.9553529016,0,0,0,0
"650",650,0,0,3.77069962024689,72289.9554113008,0,0,0,0
"651",651,0,0,3.45866757631302,72289.955552092,0,0,0,0
"652",652,0,0,3.02387486770749,72289.9556649946,0,0,0,0
"653",653,0,0,3.08614438772202,72289.9557103938,0,0,0,0
"654",654,0,0,4.17930066585541,72289.955718117,0,0,0,0
"655",655,0,0,3.27677503228188,72289.9557918725,0,0,0,0
"656",656,0,0,3.12736795842648,72289.9558069365,0,0,0,0
"657",657,0,0,3.04607238993049,72289.9558482405,0,0,0,0
"658",658,0,0,3.2038477063179,72289.9559612773,0,0,0,0
"659",659,0,0,3.35972425341606,72289.9560019238,0,0,0,0
"660",660,0,0,3.2233374863863,72289.9563808501,0,0,0,0
"661",661,0,0,3.19181647896767,72289.9564528795,0,0,0,0
"662",662,0,0,3.14234244823456,72289.9564807666,0,0,0,0
"663",663,0,0,3.22611133754253,72289.9565257214,0,0,0,0
"664",664,0,0,3.62424844503403,72289.9565638433,0,0,0,0
"665",665,0,0,3.45617976784706,72289.9565981237,0,0,0,0
"666",666,0,0,3.01028977800161,72289.9567005254,0,0,0,0
"667",667,0,0,3.09067832678556,72289.9569655089,0,0,0,0
"668",668,0,0,3.08949085325003,72289.9569990373,0,0,0,0
"669",669,0,0,3.23222151398659,72289.957196425,0,0,0,0
"670",670,0,0,4.69804990291595,72289.9573678471,0,0,0,0
"671",671,0,0,3.01063062809408,72289.9573935366,0,0,0,0
"672",672,0,0,3.05513597279787,72289.9577428039,0,0,0,0
"673",673,0,0,3.0036517707631,72289.9577632067,0,0,0,0
"674",674,0,0,3.20585834980011,72289.9578104571,0,0,0,0
"675",675,0,0,3.2654712498188,72289.9578132662,0,0,0,0
"676",676,0,0,3.83010923862457,72289.9578811246,0,0,0,0
"677",677,0,0,3.68695139884949,72289.9578949351,0,0,0,0
"678",678,0,0,3.93890970945358,72289.9587135816,0,0,0,0
"679",679,0,0,3.34344312548637,72289.9588547818,0,0,0,0
"680",680,0,0,4.00369501113892,72289.9589152119,0,0,0,0
"681",681,0,0,3.02786777727306,72289.9590726013,0,0,0,0
"682",682,0,0,3.11945939064026,72289.9592405192,0,0,0,0
"683",683,0,0,3.77891087532043,72289.9593510256,0,0,0,0
"684",684,0,0,3.25238966941833,72289.9597352089,0,0,0,0
"685",685,0,0,3.13189893960953,72289.9598165414,0,0,0,0
"686",686,0,0,3.05799046903849,72289.9598286831,0,0,0,0
"687",687,0,0,3.09130880236626,72289.9599937906,0,0,0,0
"688",688,0,0,3.32696595788002,72289.9602410439,0,0,0,0
"689",689,0,0,3.72554159164429,72289.9605153085,0,0,0,0
"690",690,0,0,3.23319067060947,72289.9612979075,0,0,0,0
"691",691,0,0,3.56791704893112,72289.9617902938,0,0,0,0
"692",692,0,0,3.21015979349613,72289.9640522931,0,0,0,0
"693",693,0,0,4.15406966209412,72289.9655457449,0,0,0,0
"694",694,0,0,3.17411589622498,72289.9662769272,0,0,0,0
"695",695,0,0,3.56125682592392,72289.9665230081,0,0,0,0
"696",696,0,0,3.42796590924263,72289.966928786,0,0,0,0
"697",697,0,0,3.13016393780708,72289.9685850624,0,0,0,0
"698",698,0,0,3.39635121822357,72289.9687033206,0,0,0,0
"699",699,0,0,3.5699924826622,72289.9709468534,0,0,0,0
"700",700,0,0,3.16983745992184,72289.9710040465,0,0,0,0
"701",701,0,0,3.10308462381363,72289.9751597326,0,0,0,0
"702",702,0,0,3.16075474023819,72289.9762207996,0,0,0,0
"703",703,0,0,3.01739947497845,72289.9766147073,0,0,0,0
"704",704,0,0,3.58274435997009,72289.9775074333,0,0,0,0
"705",705,0,0,3.42341059446335,72289.978228959,0,0,0,0
"706",706,0,0,4.27506160736084,72289.978464273,0,0,0,0
"707",707,0,0,5.21394515037537,72289.9794321368,0,0,0,0
"708",708,0,0,3.68571054935455,72289.9798245718,0,0,0,0
"709",709,0,0,3.41399231553078,72289.980463349,0,0,0,0
"710",710,0,0,3.00189619068988,72289.9810762049,0,0,0,0
"711",711,0,0,3.87720602750778,72289.981165756,0,0,0,0
"712",712,0,0,3.22682437300682,72289.981229662,0,0,0,0
"713",713,0,0,4.82440996170044,72289.9812651942,0,0,0,0
"714",714,0,0,3.18978805840015,72289.9813435558,0,0,0,0
"715",715,0,0,3.23535080254078,72289.9818525053,0,0,0,0
"716",716,0,0,3.028424911201,72289.9819305099,0,0,0,0
"717",717,0,0,3.04091783240438,72289.9819949535,0,0,0,0
"718",718,0,0,3.67035311460495,72289.9821059933,0,0,0,0
"719",719,0,0,3.55058032274246,72289.9821206734,0,0,0,0
"720",720,0,0,3.54052394628525,72289.982530766,0,0,0,0
"721",721,0,0,3.62778890132904,72289.9830510882,0,0,0,0
"722",722,0,0,3.87089824676514,72289.9832176862,0,0,0,0
"723",723,0,0,3.35434690117836,72289.983961143,0,0,0,0
"724",724,0,0,3.01376562565565,72289.9841655219,0,0,0,0
"725",725,0,0,3.05195681750774,72289.9846211941,0,0,0,0
"726",726,0,0,3.11377111822367,72289.9858055363,0,0,0,0
"727",727,0,0,3.09482727199793,72289.986537202,0,0,0,0
"728",728,0,0,3.14741958677769,72289.9869925939,0,0,0,0
"729",729,0,0,3.1762647330761,72289.9871854834,0,0,0,0
"730",730,0,0,3.0746171399951,72289.9874182943,0,0,0,0
"731",731,0,0,3.22486184537411,72289.9879907267,0,0,0,0
"732",732,0,0,3.20122890174389,72289.98820799,0,0,0,0
"733",733,0,0,3.2533805668354,72289.989094321,0,0,0,0
"734",734,0,0,3.39531061053276,72289.9934748199,0,0,0,0
"735",735,0,0,3.54912263154984,72289.9940309206,0,0,0,0
"736",736,0,0,3.72024631500244,72289.9940366335,0,0,0,0
"737",737,0,0,3.16082318127155,72289.9952103696,0,0,0,0
"738",738,0,0,3.35369250178337,72289.9963191286,0,0,0,0
"739",739,0,0,3.86469328403473,72290.0012667735,0,0,0,0
"740",740,0,0,3.04936698451638,72290.0031272359,0,0,0,0
"741",741,0,0,3.26582935452461,72290.0043719797,0,0,0,0
"742",742,0,0,4.05007410049438,72290.0054844353,0,0,0,0
"743",743,0,0,3.09178280830383,72290.0070010296,0,0,0,0
"744",744,0,0,3.23374010622501,72290.007631997,0,0,0,0
"745",745,0,0,3.1735874414444,72290.0079705403,0,0,0,0
"746",746,0,0,3.15868435800076,72290.010159692,0,0,0,0
"747",747,0,0,3.27716434001923,72290.0109642565,0,0,0,0
"748",748,0,0,3.21281145513058,72290.0117779141,0,0,0,0
"749",749,0,0,3.48502433300018,72290.0149565725,0,0,0,0
"750",750,0,0,3.05973129346967,72290.0181890082,0,0,0,0
"751",751,0,0,3.11623200029135,72290.0205864899,0,0,0,0
"752",752,0,0,3.22435107827187,72290.02217584,0,0,0,0
"753",753,0,0,3.05844765901566,72290.0238637809,0,0,0,0
"754",754,0,0,3.09424441307783,72290.0261196984,0,0,0,0
"755",755,0,0,3.10360462218523,72290.0266056943,0,0,0,0
"756",756,0,0,3.65274286270142,72290.0272731135,0,0,0,0
"757",757,0,0,3.20499992370605,72290.0275649676,0,0,0,0
"758",758,0,0,3.26285058259964,72290.0278441794,0,0,0,0
"759",759,0,0,4.36868250370026,72290.0294124866,0,0,0,0
"760",760,0,0,4.11448383331299,72290.0311961469,0,0,0,0
"761",761,0,0,3.91304272413254,72290.0330539942,0,0,0,0
"762",762,0,0,3.08512432873249,72290.0391699791,0,0,0,0
"763",763,0,0,3.76304584741592,72290.0402279391,0,0,0,0
"764",764,0,0,3.82662773132324,72290.040829497,0,0,0,0
"765",765,0,0,3.02557189390063,72290.0443332811,0,0,0,0
"766",766,0,0,3.04597407951951,72290.0444305953,0,0,0,0
"767",767,0,0,3.23059393465519,72290.0446278163,0,0,0,0
"768",768,0,0,3.46346941590309,72290.0455239746,0,0,0,0
"769",769,0,0,3.10139979422092,72290.051126014,0,0,0,0
"770",770,0,0,3.75388675928116,72290.056049881,0,0,0,0
"771",771,0,0,3.69942831993103,72290.0586039486,0,0,0,0
"772",772,0,0,3.51015710830688,72290.0597273806,0,0,0,0
"773",773,0,0,4.03002464771271,72290.0601514443,0,0,0,0
"774",774,0,0,3.07570282369852,72290.0749212352,0,0,0,0
"775",775,0,0,3.00779995322227,72290.0802050762,0,0,0,0
"776",776,0,0,3.14729602634907,72290.0812015875,0,0,0,0
"777",777,0,0,3.06043284386396,72290.0855937174,0,0,0,0
"778",778,0,0,3.32390230894089,72290.0877463619,0,0,0,0
"779",779,0,0,3.02906573005021,72290.089190164,0,0,0,0
"780",780,0,0,3.01551623735577,72290.0899774675,0,0,0,0
"781",781,0,0,3.0490538738668,72290.0996431625,0,0,0,0
"782",782,0,0,3.31281498074532,72290.1018935025,0,0,0,0
"783",783,0,0,3.17583392560482,72290.1021082834,0,0,0,0
"784",784,0,0,3.38051381707191,72290.1126623501,0,0,0,0
"785",785,0,0,3.17780421674252,72290.1139340356,0,0,0,0
"786",786,0,0,3.2321921736002,72290.1202884326,0,0,0,0
"787",787,0,0,3.31333300471306,72290.1447162726,0,0,0,0
"788",788,0,0,3.74608242511749,72290.162016224,0,0,0,0
"789",789,0,0,3.01335951685905,72290.1714343794,0,0,0,0
"790",790,0,0,3.62117844820023,72290.1855304554,0,0,0,0
"791",791,0,0,3.17618487775326,72290.1956164373,0,0,0,0
"792",792,0,0,3.31820321083069,72290.196186563,0,0,0,0
"793",793,0,0,3.08965457230806,72290.2052204201,0,0,0,0
"794",794,0,0,3.75384622812271,72290.2053220788,0,0,0,0
"795",795,0,0,3.60461175441742,72290.2258022509,0,0,0,0
"796",796,0,0,3.20070506632328,72290.2264183862,0,0,0,0
"797",797,0,0,3.43636652827263,72290.2338647307,0,0,0,0
"798",798,0,0,3.3938430249691,72290.2378022149,0,0,0,0
"799",799,0,0,3.2271506935358,72290.2392972098,0,0,0,0
"800",800,0,0,3.39273154735565,72290.2396163361,0,0,0,0
"801",801,0,0,3.08051407337189,72290.2520106044,0,0,0,0
"802",802,0,0,3.04907567054033,72290.2590415198,0,0,0,0
"803",803,0,0,3.78967064619064,72290.2971401109,0,0,0,0
"804",804,0,0,3.09754373878241,72290.2977148269,0,0,0,0
"805",805,0,0,4.19696426391602,72290.3122060274,0,0,0,0
"806",806,0,0,4.24125778675079,72290.3375357929,0,0,0,0
"807",807,0,0,3.72809684276581,72290.3404274512,0,0,0,0
"808",808,0,0,3.55990499258041,72290.3928666623,0,0,0,0
"809",809,0,0,3.29346406459808,72290.420670934,0,0,0,0
"810",810,0,0,3.92237162590027,72290.4558228059,0,0,0,0
"811",811,0,0,3.19292910397053,72290.502143627,0,0,0,0
"812",812,0,0,3.28009185194969,72290.6177699342,0,0,0,0
"813",813,0,0,3.63607180118561,72290.6755417637,0,0,0,0
"814",814,0,0,3.96477979421616,72290.7004545455,0,0,0,0
"815",815,0,0,4.14165818691254,72290.8575444975,0,0,0,0
"816",816,0,0,3.56537044048309,72290.9820207875,0,0,0,0
"817",817,0,0,3.24406689405441,72291.1485327644,0,0,0,0
"818",818,0,0,3.96444523334503,72291.2348032849,0,0,0,0
"819",819,0,0,3.34342461824417,72291.3363811413,0,0,0,0
"820",820,0,0,3.46994939446449,72291.4149899415,0,0,0,0
"821",821,0,0,3.15752491354942,72291.6522923866,0,0,0,0
"822",822,0,0,3.82976484298706,72291.7531977697,0,0,0,0
"823",823,0,0,3.08263867348433,72291.8319905267,0,0,0,0
"824",824,0,0,3.42802014946938,72292.0065578448,0,0,0,0
"825",825,0,0,3.03170020878315,72292.1138304224,0,0,0,0
"826",826,0,0,3.3883595764637,72292.6081916522,0,0,0,0
"827",827,0,0,3.1077953800559,72293.3801786096,0,0,0,0
"828",828,0,0,3.4573754966259,72293.6837665645,0,0,0,0
"829",829,0,0,3.22193424403667,72293.9290879455,0,0,0,0
"830",830,0,0,3.18597848713398,72294.2429593358,0,0,0,0
"831",831,0,0,3.24703907966614,72294.243614385,0,0,0,0
"832",832,0,0,3.25510886311531,72294.9143244554,0,0,0,0
"833",833,0,0,3.42892438173294,72295.3028214708,0,0,0,0
"834",834,0,0,3.01839185506105,72295.4134499032,0,0,0,0
"835",835,0,0,4.7229870557785,72296.3831624597,0,0,0,0
"836",836,0,0,3.1984306126833,72296.3836858004,0,0,0,0
"837",837,0,0,3.8059298992157,72296.3846152893,0,0,0,0
"838",838,0,0,3.32755011320114,72296.3847478407,0,0,0,0
"839",839,0,0,3.1319295912981,72296.3912129598,0,0,0,0
"840",840,0,0,6.4049129486084,72296.6347089611,0,0,0,0
"841",841,0,0,3.23443299531937,72296.6347548245,0,0,0,0
"842",842,0,0,3.78596782684326,72296.634764343,0,0,0,0
"843",843,0,0,3.27080157399178,72296.6349409147,0,0,0,0
"844",844,0,0,3.47824668884277,72296.6349452752,0,0,0,0
"845",845,0,0,3.3998076915741,72296.634957849,0,0,0,0
"846",846,0,0,3.1868949085474,72296.6350130238,0,0,0,0
"847",847,0,0,3.67987030744553,72296.6351352616,0,0,0,0
"848",848,0,0,3.20880003273487,72296.6351820179,0,0,0,0
"849",849,0,0,4.0758113861084,72296.6352005807,0,0,0,0
"850",850,0,0,3.67934989929199,72296.6352427176,0,0,0,0
"851",851,0,0,3.82249397039413,72296.6352534424,0,0,0,0
"852",852,0,0,3.23826992511749,72296.6352750558,0,0,0,0
"853",853,0,0,3.21182230114937,72296.6353520489,0,0,0,0
"854",854,0,0,3.70455348491669,72296.6353792497,0,0,0,0
"855",855,0,0,3.1334635913372,72296.635444045,0,0,0,0
"856",856,0,0,4.31310641765594,72296.6354608219,0,0,0,0
"857",857,0,0,4.92177450656891,72296.6354611419,0,0,0,0
"858",858,0,0,3.05985701456666,72296.6354891889,0,0,0,0
"859",859,0,0,3.26144501566887,72296.6355727297,0,0,0,0
"860",860,0,0,3.33131110668182,72296.6355886149,0,0,0,0
"861",861,0,0,3.07694408297539,72296.6356253692,0,0,0,0
"862",862,0,0,3.10949752479792,72296.6356341083,0,0,0,0
"863",863,0,0,3.62202394008636,72296.6357491826,0,0,0,0
"864",864,0,0,3.08594343066216,72296.635757357,0,0,0,0
"865",865,0,0,3.17695391178131,72296.6357714624,0,0,0,0
"866",866,0,0,3.17828311026096,72296.6357801151,0,0,0,0
"867",867,0,0,3.00625276984647,72296.6358372491,0,0,0,0
"868",868,0,0,3.26249000430107,72296.6358396031,0,0,0,0
"869",869,0,0,3.34865385293961,72296.6358685943,0,0,0,0
"870",870,0,0,3.24241989850998,72296.6358744678,0,0,0,0
"871",871,0,0,3.19402740895748,72296.636064077,0,0,0,0
"872",872,0,0,3.5698509812355,72296.6361746766,0,0,0,0
"873",873,0,0,3.66869109869003,72296.6362087987,0,0,0,0
"874",874,0,0,4.15956234931946,72296.6362132206,0,0,0,0
"875",875,0,0,3.03668374195695,72296.6362214668,0,0,0,0
"876",876,0,0,3.48156994581223,72296.6363236605,0,0,0,0
"877",877,0,0,3.50572025775909,72296.636364608,0,0,0,0
"878",878,0,0,3.03518579155207,72296.6364391487,0,0,0,0
"879",879,0,0,3.25211665034294,72296.6365518905,0,0,0,0
"880",880,0,0,3.10481964051723,72296.6366408195,0,0,0,0
"881",881,0,0,3.56500595808029,72296.6367452612,0,0,0,0
"882",882,0,0,3.37368157505989,72296.636748688,0,0,0,0
"883",883,0,0,3.14102324843407,72296.6367942245,0,0,0,0
"884",884,0,0,3.68683636188507,72296.636856601,0,0,0,0
"885",885,0,0,3.06464988738298,72296.6369079654,0,0,0,0
"886",886,0,0,4.14650452136993,72296.6369280078,0,0,0,0
"887",887,0,0,3.03614078834653,72296.6369414453,0,0,0,0
"888",888,0,0,3.8124526143074,72296.6369918273,0,0,0,0
"889",889,0,0,3.25111311674118,72296.6370031237,0,0,0,0
"890",890,0,0,3.31649574637413,72296.6370805255,0,0,0,0
"891",891,0,0,3.16803422570229,72296.6371541768,0,0,0,0
"892",892,0,0,3.4210661649704,72296.6372491694,0,0,0,0
"893",893,0,0,3.1569771617651,72296.6372929875,0,0,0,0
"894",894,0,0,3.31064862012863,72296.6373672312,0,0,0,0
"895",895,0,0,3.04704709723592,72296.6374222954,0,0,0,0
"896",896,0,0,3.59598696231842,72296.6374321819,0,0,0,0
"897",897,0,0,3.07759802788496,72296.6375216215,0,0,0,0
"898",898,0,0,3.65697079896927,72296.6375405625,0,0,0,0
"899",899,0,0,3.11247212439775,72296.6375557265,0,0,0,0
"900",900,0,0,3.3544602394104,72296.6376299719,0,0,0,0
"901",901,0,0,3.0868703648448,72296.6377456724,0,0,0,0
"902",902,0,0,3.38009351491928,72296.638038863,0,0,0,0
"903",903,0,0,5.13434195518494,72296.6380505007,0,0,0,0
"904",904,0,0,3.1387647241354,72296.6382267012,0,0,0,0
"905",905,0,0,3.15935081243515,72296.6382284679,0,0,0,0
"906",906,0,0,3.37891206145287,72296.6382526286,0,0,0,0
"907",907,0,0,4.25597929954529,72296.6384625384,0,0,0,0
"908",908,0,0,3.43868210911751,72296.6388940466,0,0,0,0
"909",909,0,0,3.51791781187057,72296.6390914769,0,0,0,0
"910",910,0,0,3.50848007202148,72296.6391480441,0,0,0,0
"911",911,0,0,3.00649134116247,72296.6394981705,0,0,0,0
"912",912,0,0,3.22223106026649,72296.6395401371,0,0,0,0
"913",913,0,0,3.93465232849121,72296.6398662921,0,0,0,0
"914",914,0,0,3.20732098817825,72296.6401818623,0,0,0,0
"915",915,0,0,3.71180081367493,72296.6402683914,0,0,0,0
"916",916,0,0,3.04762053489685,72296.640278105,0,0,0,0
"917",917,0,0,3.39524707198143,72296.6403005092,0,0,0,0
"918",918,0,0,3.16569302976131,72296.6403077062,0,0,0,0
"919",919,0,0,3.87971413135529,72296.6403652116,0,0,0,0
"920",920,0,0,3.28795769810677,72296.6404389829,0,0,0,0
"921",921,0,0,3.07760112732649,72296.640494353,0,0,0,0
"922",922,0,0,3.15496702492237,72296.6406864517,0,0,0,0
"923",923,0,0,3.03502312302589,72296.6414120197,0,0,0,0
"924",924,0,0,3.30721843242645,72296.6414900888,0,0,0,0
"925",925,0,0,3.40597474575043,72296.6415144566,0,0,0,0
"926",926,0,0,3.94238376617432,72296.6415232503,0,0,0,0
"927",927,0,0,3.05260389298201,72296.64163043,0,0,0,0
"928",928,0,0,3.21963311731815,72296.6416582286,0,0,0,0
"929",929,0,0,3.4723219871521,72296.6417545346,0,0,0,0
"930",930,0,0,3.11641918122768,72296.6423506836,0,0,0,0
"931",931,0,0,3.58795726299286,72296.642422781,0,0,0,0
"932",932,0,0,3.2772105038166,72296.6425478375,0,0,0,0
"933",933,0,0,3.81957918405533,72296.6428135029,0,0,0,0
"934",934,0,0,3.25800827145576,72296.6430855192,0,0,0,0
"935",935,0,0,3.45295432209969,72296.6432523948,0,0,0,0
"936",936,0,0,3.71954929828644,72296.6432530041,0,0,0,0
"937",937,0,0,3.62488484382629,72296.6432802773,0,0,0,0
"938",938,0,0,4.19134438037872,72296.6433392806,0,0,0,0
"939",939,0,0,3.17063789069653,72296.6434900148,0,0,0,0
"940",940,0,0,3.07425721734762,72296.6440392143,0,0,0,0
"941",941,0,0,3.17930607497692,72296.644436779,0,0,0,0
"942",942,0,0,3.40997329354286,72296.64460257,0,0,0,0
"943",943,0,0,3.05402750521898,72296.6446911929,0,0,0,0
"944",944,0,0,3.92966943979263,72296.6448581266,0,0,0,0
"945",945,0,0,3.10209318995476,72296.6449384215,0,0,0,0
"946",946,0,0,3.84511852264404,72296.6450830401,0,0,0,0
"947",947,0,0,3.84843134880066,72296.6451339572,0,0,0,0
"948",948,0,0,3.5194947719574,72296.6454084362,0,0,0,0
"949",949,0,0,4.17410278320312,72296.6457030812,0,0,0,0
"950",950,0,0,3.25743463635445,72296.6459923358,0,0,0,0
"951",951,0,0,3.35679724812508,72296.6460265164,0,0,0,0
"952",952,0,0,3.97203773260117,72296.6466442365,0,0,0,0
"953",953,0,0,4.35353350639343,72296.6466464404,0,0,0,0
"954",954,0,0,3.92908418178558,72296.6469173008,0,0,0,0
"955",955,0,0,3.16356866061687,72296.6486113882,0,0,0,0
"956",956,0,0,3.26634219288826,72296.6489797122,0,0,0,0
"957",957,0,0,3.22877782583237,72296.6494961472,0,0,0,0
"958",958,0,0,3.31785795092583,72296.6497662481,0,0,0,0
"959",959,0,0,3.46815451979637,72296.6500385314,0,0,0,0
"960",960,0,0,3.08316741138697,72296.6500395296,0,0,0,0
"961",961,0,0,3.43792730569839,72296.6507459073,0,0,0,0
"962",962,0,0,3.42948213219643,72296.6508568905,0,0,0,0
"963",963,0,0,3.63433867692947,72296.6509153334,0,0,0,0
"964",964,0,0,3.71723699569702,72296.651122112,0,0,0,0
"965",965,0,0,3.00950366724283,72296.6513114815,0,0,0,0
"966",966,0,0,3.08478130400181,72296.6514710858,0,0,0,0
"967",967,0,0,3.24369342625141,72296.6517885693,0,0,0,0
"968",968,0,0,4.15966176986694,72296.6522763492,0,0,0,0
"969",969,0,0,3.80038064718246,72296.6524243569,0,0,0,0
"970",970,0,0,3.15147912502289,72296.653691823,0,0,0,0
"971",971,0,0,3.70055335760117,72296.6538297374,0,0,0,0
"972",972,0,0,3.1839412599802,72296.6538332501,0,0,0,0
"973",973,0,0,3.51946359872818,72296.6540133151,0,0,0,0
"974",974,0,0,3.13416743278503,72296.6540321103,0,0,0,0
"975",975,0,0,3.09205012768507,72296.6540639624,0,0,0,0
"976",976,0,0,4.03530597686768,72296.6541612074,0,0,0,0
"977",977,0,0,3.34759029746056,72296.6542427127,0,0,0,0
"978",978,0,0,3.46041938662529,72296.6547102801,0,0,0,0
"979",979,0,0,3.04672954231501,72296.65475839,0,0,0,0
"980",980,0,0,3.14916388690472,72296.6561133533,0,0,0,0
"981",981,0,0,3.09340713918209,72296.6568052575,0,0,0,0
"982",982,0,0,3.31024959683418,72296.6569647912,0,0,0,0
"983",983,0,0,3.09338794648647,72296.6580495867,0,0,0,0
"984",984,0,0,3.87820261716843,72296.658249674,0,0,0,0
"985",985,0,0,3.06220507621765,72296.6593253134,0,0,0,0
"986",986,0,0,3.02415336854756,72296.659571263,0,0,0,0
"987",987,0,0,3.34763017296791,72296.6605541161,0,0,0,0
"988",988,0,0,3.38848301768303,72296.6605941946,0,0,0,0
"989",989,0,0,3.45926535129547,72296.6609718187,0,0,0,0
"990",990,0,0,4.10162913799286,72296.6612441927,0,0,0,0
"991",991,0,0,3.21751016378403,72296.6613458,0,0,0,0
"992",992,0,0,4.36071455478668,72296.6615978888,0,0,0,0
"993",993,0,0,3.03254761174321,72296.6620974417,0,0,0,0
"994",994,0,0,3.2140212059021,72296.6621572497,0,0,0,0
"995",995,0,0,3.43194058537483,72296.6621944478,0,0,0,0
"996",996,0,0,3.8134309053421,72296.6628009287,0,0,0,0
"997",997,0,0,3.24959242343903,72296.6631437252,0,0,0,0
"998",998,0,0,3.47725185751915,72296.6635472484,0,0,0,0
"999",999,0,0,3.28372892737389,72296.6636270602,0,0,0,0
"1000",1000,0,0,3.65973114967346,72296.6639246808,0,0,0,0
"1001",1001,0,0,3.02704327553511,72296.6641352021,0,0,0,0
"1002",1002,0,0,3.05917466431856,72296.6644783458,0,0,0,0
"1003",1003,0,0,3.69978553056717,72296.6649017856,0,0,0,0
