gen	min        	avg     	max     	std       
0  	-12709.3   	-3018.41	-1726.67	1187.92   
1  	-13366.2   	-3009.33	-1718.26	1170.52   
2  	-13366.2   	-3019.45	-1583.92	1205.15   
3  	-11349.3   	-2993.07	-1800.65	1154.7    
4  	-14494.2   	-3046.6 	-1618.89	1375.69   
5  	-14494.2   	-3037.45	-1694.53	1385.94   
6  	-13382.2   	-3045.38	-1663.7 	1329.18   
7  	-13157.1   	-3023.18	-1654.07	1289.28   
8  	-13034.1   	-2955.77	-1512.61	1226.71   
9  	-12448.5   	-3013.33	-1492.7 	1339.63   
10 	-12448.5   	-2919.98	-1493.7 	1229.74   
11 	-12422.5   	-2885.68	-1667.96	1145.73   
12 	-12696.4   	-2953.25	-1534.53	1123.51   
13 	-12839.9   	-3120.7 	-1586.23	1511.83   
14 	-12729.7   	-3433.52	-1596.14	2048.43   
15 	-12689.8   	-3319.93	-1723.47	1892.56   
16 	-16629.8   	-3192.14	-1577.73	2172.66   
17 	-38445.8   	-2987.59	-1553.43	2524.41   
18 	-38415.6   	-3092.86	-1567.66	2688.45   
19 	-38353.4   	-3306.68	-1582.64	3560.97   
20 	-39790.3   	-3327.65	-1637.52	3881.48   
21 	-39851.9   	-3178.84	-1574.83	2716.11   
22 	-11043.2   	-2910.98	-1629.73	1320.18   
23 	-34949.1   	-3614.06	-1593.72	4293.71   
24 	-14120.6   	-3286.86	-1609.61	1651.71   
25 	-11671.3   	-3031.91	-1625.33	1154.76   
26 	-176023    	-9648.6 	-1528.58	31868.2   
27 	-175907    	-10151.7	-1617.96	32812.3   
28 	-33936.9   	-2748.08	-1659.4 	1619.62   
29 	-33909.1   	-3163.17	-1579.34	2816.49   
30 	-34228.3   	-3940.26	-1612.69	3839.74   
31 	-34603.1   	-3916.92	-1660.56	3673.22   
32 	-34860     	-3970.48	-1766.47	4052.23   
33 	-34448     	-3452.97	-1697.01	2884.32   
34 	-34888.8   	-3169.95	-1688.32	2926.24   
35 	-34627.7   	-3345.8 	-1591.58	3195.49   
36 	-62991.6   	-3743.78	-1551.02	5671.38   
37 	-63014     	-4180.3 	-1470.97	6314.85   
38 	-67256     	-3922.97	-1557.46	6485.98   
39 	-64118.5   	-3379.37	-1577.2 	4074.41   
40 	-64098.8   	-3217.69	-1634.29	3282.66   
41 	-33924.1   	-3129.01	-1614.92	1853.6    
42 	-63167.4   	-3372.96	-1649.27	3460.52   
43 	-63269.5   	-4495.04	-1685.53	5726.65   
44 	-64108.4   	-3941.59	-1707.59	6184.21   
45 	-64508.8   	-3713.52	-1519.44	5948.5    
46 	-63742.5   	-3673.66	-1529.93	4653.82   
47 	-69427.1   	-3928.62	-1588.17	4736.64   
48 	-62651.3   	-3411.55	-1537.06	3655.12   
49 	-64090.2   	-3331.85	-1643.25	5640.47   
50 	-15626.1   	-2691.7 	-1610.2 	1299.28   
51 	-15509.2   	-2802.32	-1669.52	1474.54   
52 	-14751.1   	-2826.88	-1653.16	1370.32   
53 	-9916.41   	-3159.25	-1584.63	1609.58   
54 	-10145.7   	-2690.94	-1589.78	1099.02   
55 	-31153.5   	-4386.74	-1718.81	5619.56   
56 	-31142.3   	-4405.26	-1574.99	5825.01   
57 	-24096.4   	-3420.43	-1579.03	3284.32   
58 	-10638.2   	-3017.48	-1633.95	1302.62   
59 	-48714     	-4478.22	-1545.38	8338.61   
60 	-50778.3   	-4959.94	-1650.18	8760.07   
61 	-13144.2   	-2817.98	-1547.74	1467.03   
62 	-11261.2   	-2849.18	-1522.9 	1488.61   
63 	-11148.7   	-3108.04	-1616.76	1804.8    
64 	-10705.4   	-2773.78	-1602.91	1049.47   
65 	-10151.1   	-2678.04	-1524.51	1045.06   
66 	-19790.8   	-2923.87	-1476.5 	1656.73   
67 	-10200.8   	-2959.98	-1539.53	1420.28   
68 	-20436.4   	-2909.92	-1584.74	2058.74   
69 	-19543.5   	-2685.44	-1612.48	1630.07   
70 	-19483.4   	-2648.49	-1610.25	1396.95   
71 	-19171.7   	-3050.69	-1690.54	1383.14   
72 	-13723.3   	-3125.83	-1637.55	1770.9    
73 	-19606.5   	-2783.99	-1555.37	1853.73   
74 	-25240.1   	-3937.63	-1587.72	3001.91   
75 	-19138     	-2595.36	-1603.81	1258.17   
76 	-19733.5   	-2628.7 	-1506.44	1237.54   
77 	-19864     	-2979.85	-1620.06	1679.09   
78 	-10343.4   	-3033.52	-1655.79	1196.43   
79 	-19898.9   	-3921.51	-1724.94	2897.85   
80 	-466783    	-73842  	-1652.36	166550    
81 	-93573.3   	-12119.7	-1639.47	25935.5   
82 	-93390.6   	-14979  	-1595.01	29881.1   
83 	-7374.29   	-2850.8 	-1594.2 	866.475   
84 	-18479.2   	-3388.03	-1584.32	2789.82   
85 	-16575.4   	-3486.87	-1487.41	3080.48   
86 	-20193.9   	-3497.79	-1654.87	2668.01   
87 	-18315.8   	-3112.64	-1632.98	2455.98   
88 	-8832.67   	-2487.32	-1617.42	671.871   
89 	-5297.44   	-2636.1 	-1575.66	582.978   
90 	-6769.42   	-2714.52	-1582.83	830.999   
91 	-6.0699e+06	-657822 	-1610.13	1.8824e+06
92 	-68611.2   	-13726.5	-1597.96	24017.5   
93 	-71149.7   	-11656.5	-1582.21	22460.4   
94 	-134110    	-20209.5	-1659.29	43848.4   
95 	-10758.5   	-2787   	-1575.06	1137.39   
96 	-7816.41   	-2753.17	-1578.49	1031.41   
97 	-53900.6   	-3724.6 	-1713.53	5807.99   
98 	-53785.3   	-3705.5 	-1588.08	5019.52   
99 	-54158.5   	-3292.94	-1541.98	4670.56   
