% function evaluation | noise-free fitness - Fopt (3.590000000000e+01) | best noise-free fitness - Fopt | measured fitness | best measured fitness | x1 | x2...
1 +7.743465359e+05 +7.743465359e+05 +7.743824359e+05 +7.743824359e+05 +0.0000e+00 +0.0000e+00 +0.0000e+00 +0.0000e+00 +0.0000e+00 +0.0000e+00 +0.0000e+00 +0.0000e+00 +0.0000e+00 +0.0000e+00 +0.0000e+00 +0.0000e+00 +0.0000e+00 +0.0000e+00 +0.0000e+00 +0.0000e+00 +0.0000e+00 +0.0000e+00 +0.0000e+00 +0.0000e+00
3 +7.407230730e+05 +7.407230730e+05 +7.407589730e+05 +7.407589730e+05 +5.5846e-01 +5.7664e-01 +7.2629e-01 +3.6742e-01 +4.9360e-02 +5.8597e-01 +5.1351e-01 +4.5375e-01 +3.4816e-01 +9.1526e-01 +7.6407e-01 +3.2927e-01 +3.8685e-01 +3.2837e-01 +5.6241e-01 +4.8707e-01 +7.7689e-01 +9.8663e-01 +1.3836e-01 +2.5011e-01
52 +7.131595116e+05 +7.131595116e+05 +7.131954116e+05 +7.131954116e+05 +9.7364e-01 +5.1405e-01 +6.5535e-01 +5.8388e-01 +3.6123e-01 +4.1123e-01 +7.2390e-01 +1.5848e-01 +3.7349e-01 +6.2626e-01 +1.5896e-01 +4.7071e-01 +2.0889e-02 +5.9833e-01 +3.6014e-01 +8.2992e-01 +3.4048e-01 +8.6854e-01 +4.6634e-02 +1.0180e-01
62 +6.811383031e+05 +6.811383031e+05 +6.811742031e+05 +6.811742031e+05 +7.6651e-01 +4.3358e-01 +6.9659e-01 +9.5134e-02 +2.1282e-01 +3.1881e-02 +9.0011e-01 +1.5123e-01 +8.2506e-01 +3.4417e-01 +4.9677e-01 +1.7654e-01 +2.2028e-01 +8.6230e-02 +6.8181e-01 +5.4719e-01 +8.4636e-01 +9.7662e-01 +8.9393e-02 +1.1927e-01
403 +6.640270414e+05 +6.640270414e+05 +6.640629414e+05 +6.640629414e+05 +2.3958e-01 +8.3660e-01 +7.9471e-01 +2.3443e-01 +3.8663e-01 +4.2594e-01 +8.6804e-01 +1.2583e-01 +5.9815e-01 +1.1492e-01 +8.1498e-01 +9.2861e-02 +7.6464e-01 +8.0834e-01 +7.4825e-01 +2.6896e-01 +7.5004e-01 +8.9380e-01 +1.5917e-01 +6.4887e-02
1854 +6.592269837e+05 +6.592269837e+05 +6.592628837e+05 +6.592628837e+05 +7.2773e-01 +2.0663e-01 +6.3962e-01 +1.9140e-02 +1.5932e-01 +4.0905e-01 +9.6274e-01 +4.8270e-01 +1.6695e-01 +8.9174e-01 +3.1597e-01 +9.0209e-01 +8.5868e-03 +1.0694e-01 +7.8428e-01 +1.4922e-02 +5.1263e-01 +8.7456e-01 +1.2483e-01 +1.2340e-01
5652 +6.430209035e+05 +6.430209035e+05 +6.430568035e+05 +6.430568035e+05 +1.4450e-02 +8.9006e-01 +8.8868e-01 +7.2704e-01 +6.2871e-01 +6.9514e-02 +9.5888e-02 +1.8394e-01 +4.1537e-02 +1.5460e-01 +8.1902e-01 +7.5827e-01 +7.4214e-01 +3.7967e-01 +2.8081e-01 +1.1010e-01 +8.0065e-01 +6.6645e-01 +1.0459e-01 +1.2385e-01
8190 +6.244619307e+05 +6.244619307e+05 +6.244978307e+05 +6.244978307e+05 +3.2844e-01 +9.2317e-01 +9.6983e-01 +2.4910e-02 +1.9702e-01 +1.0639e-01 +4.9903e-01 +2.7626e-01 +1.5559e-01 +1.2470e-01 +7.3430e-02 +7.8455e-01 +4.9250e-01 +7.9905e-02 +7.2137e-01 +2.9687e-01 +4.7338e-01 +7.3497e-01 +3.5113e-01 +3.0357e-01
11332 +6.071670066e+05 +6.071670066e+05 +6.072029066e+05 +6.072029066e+05 +3.2844e-01 +9.2317e-01 +9.6983e-01 +2.4910e-02 +1.9702e-01 +1.0639e-01 +4.9903e-01 +2.7626e-01 +1.5559e-01 +1.2470e-01 +7.3430e-02 +7.8455e-01 +4.9250e-01 +7.9905e-02 +7.2137e-01 +2.9687e-01 +9.5045e-01 +6.6747e-01 +1.4612e-02 +3.0116e-01
41683 +5.969085722e+05 +5.969085722e+05 +5.969444722e+05 +5.969444722e+05 +4.7388e-01 +9.2317e-01 +9.6983e-01 +2.4910e-02 +1.9702e-01 +1.0639e-01 +4.9903e-01 +2.7626e-01 +1.5559e-01 +1.2470e-01 +7.3430e-02 +7.8455e-01 +4.9250e-01 +9.0562e-02 +9.8388e-01 +1.1010e-01 +8.5369e-01 +9.9765e-01 +6.8474e-02 +6.9433e-01
78953 +5.883871259e+05 +5.883871259e+05 +5.884230259e+05 +5.884230259e+05 +1.2758e-01 +9.9589e-01 +9.6983e-01 +2.6023e-01 +1.7318e-01 +2.1809e-02 +8.9280e-01 +1.5487e-01 +7.5747e-03 +2.5088e-01 +1.0514e-01 +7.2145e-01 +9.2127e-01 +9.8921e-01 +6.1309e-01 +2.9687e-01 +5.6124e-01 +9.9140e-01 +3.2578e-02 +3.3304e-02
% function evaluation | noise-free fitness - Fopt (3.137000000000e+01) | best noise-free fitness - Fopt | measured fitness | best measured fitness | x1 | x2...
1 +3.777288378e+05 +3.777288378e+05 +3.777602078e+05 +3.777602078e+05 +0.0000e+00 +0.0000e+00 +0.0000e+00 +0.0000e+00 +0.0000e+00 +0.0000e+00 +0.0000e+00 +0.0000e+00 +0.0000e+00 +0.0000e+00 +0.0000e+00 +0.0000e+00 +0.0000e+00 +0.0000e+00 +0.0000e+00 +0.0000e+00 +0.0000e+00 +0.0000e+00 +0.0000e+00 +0.0000e+00
2 +3.645051282e+05 +3.645051282e+05 +3.645364982e+05 +3.645364982e+05 +4.3927e-01 +5.6564e-01 +1.6688e-02 +9.1718e-01 +1.5085e-01 +1.8599e-01 +4.4236e-01 +3.4808e-02 +3.6631e-01 +4.2002e-01 +1.7807e-01 +8.4384e-01 +2.1293e-01 +2.8575e-01 +9.4822e-01 +4.8553e-01 +7.5696e-01 +3.9505e-01 +8.9408e-01 +8.2030e-01
82 +3.530596096e+05 +3.530596096e+05 +3.530909796e+05 +3.530909796e+05 +4.7370e-01 +3.7347e-02 +9.3173e-01 +8.6373e-01 +1.1130e-01 +4.2396e-02 +4.0752e-02 +8.9964e-01 +8.3712e-02 +9.6205e-01 +5.1714e-01 +6.5628e-01 +1.9300e-01 +3.7402e-01 +7.7279e-01 +4.6376e-01 +5.9487e-01 +8.6379e-02 +2.0907e-02 +5.6845e-01
176 +3.453708193e+05 +3.453708193e+05 +3.454021893e+05 +3.454021893e+05 +5.7503e-01 +2.9210e-01 +8.2118e-03 +7.2522e-01 +2.2028e-02 +5.6991e-01 +6.3683e-01 +6.4210e-01 +1.0418e-01 +2.4264e-01 +1.0653e-01 +8.5940e-01 +6.8943e-01 +3.3724e-01 +4.4267e-02 +6.2509e-01 +5.8508e-01 +9.6478e-02 +7.3330e-01 +6.5819e-01
662 +3.361076188e+05 +3.361076188e+05 +3.361389888e+05 +3.361389888e+05 +5.7503e-01 +2.9210e-01 +1.7528e-04 +7.2522e-01 +2.2028e-02 +5.6991e-01 +6.6679e-02 +6.4210e-01 +1.0418e-01 +2.4264e-01 +1.0653e-01 +8.7817e-01 +6.8943e-01 +3.3724e-01 +4.4267e-02 +6.2509e-01 +5.8508e-01 +6.9560e-01 +4.8600e-03 +8.8201e-01
1597 +3.272322202e+05 +3.272322202e+05 +3.272635902e+05 +3.272635902e+05 +6.9998e-01 +1.4735e-01 +6.8916e-01 +9.9612e-01 +2.2160e-01 +6.4582e-01 +4.2110e-02 +3.5488e-01 +3.8573e-01 +1.3307e-01 +2.7059e-02 +8.8272e-01 +7.4614e-01 +4.0348e-01 +3.5895e-02 +8.7132e-01 +4.8272e-01 +3.2367e-02 +7.5094e-02 +5.7938e-01
3421 +3.210815510e+05 +3.210815510e+05 +3.211129210e+05 +3.211129210e+05 +9.9589e-01 +1.4735e-01 +6.8916e-01 +9.9612e-01 +2.2160e-01 +6.4582e-01 +4.2110e-02 +3.5488e-01 +3.8573e-01 +1.3307e-01 +2.7059e-02 +8.8272e-01 +7.4614e-01 +4.0348e-01 +3.5895e-02 +8.7132e-01 +4.8272e-01 +3.2367e-02 +7.5094e-02 +5.7938e-01
7349 +3.160851975e+05 +3.160851975e+05 +3.161165675e+05 +3.161165675e+05 +6.3713e-01 +4.2502e-01 +3.7645e-02 +5.9811e-01 +1.7021e-02 +9.6723e-02 +1.9453e-01 +3.5488e-01 +3.8573e-01 +1.3307e-01 +2.7059e-02 +8.8272e-01 +7.4614e-01 +4.0348e-01 +3.5895e-02 +8.7132e-01 +4.8272e-01 +3.2367e-02 +6.4946e-03 +5.7938e-01
39925 +3.082911794e+05 +3.082911794e+05 +3.083225494e+05 +3.083225494e+05 +9.3970e-01 +5.1264e-02 +9.7197e-03 +5.9811e-01 +1.7021e-02 +9.6723e-02 +1.9453e-01 +3.5488e-01 +3.8573e-01 +1.3307e-01 +2.7059e-02 +8.8272e-01 +7.4614e-01 +4.0348e-01 +3.5895e-02 +8.7132e-01 +4.8272e-01 +3.2367e-02 +6.4946e-03 +1.6481e-01
75030 +2.974672884e+05 +2.974672884e+05 +2.974986584e+05 +2.974986584e+05 +9.9593e-01 +2.5027e-01 +3.7645e-02 +9.8515e-01 +1.6233e-01 +3.5183e-02 +4.2758e-02 +9.9239e-01 +5.7470e-01 +2.1570e-01 +1.5878e-01 +4.6230e-01 +3.4796e-01 +6.6646e-01 +3.5647e-01 +8.7132e-01 +3.9987e-02 +1.7782e-02 +5.0677e-02 +2.7400e-01
% function evaluation | noise-free fitness - Fopt (-1.000000000000e+03) | best noise-free fitness - Fopt | measured fitness | best measured fitness | x1 | x2...
1 +3.286849989e+05 +3.286849989e+05 +3.276849989e+05 +3.276849989e+05 +0.0000e+00 +0.0000e+00 +0.0000e+00 +0.0000e+00 +0.0000e+00 +0.0000e+00 +0.0000e+00 +0.0000e+00 +0.0000e+00 +0.0000e+00 +0.0000e+00 +0.0000e+00 +0.0000e+00 +0.0000e+00 +0.0000e+00 +0.0000e+00 +0.0000e+00 +0.0000e+00 +0.0000e+00 +0.0000e+00
2 +3.209173405e+05 +3.209173405e+05 +3.199173405e+05 +3.199173405e+05 +5.4910e-01 +4.8960e-01 +9.5382e-01 +6.1106e-01 +1.2311e-01 +5.9233e-01 +8.4272e-01 +7.2155e-01 +1.8726e-01 +6.2998e-02 +7.0665e-01 +6.1370e-02 +4.5943e-01 +5.2390e-01 +6.7404e-01 +4.2278e-01 +6.6022e-01 +9.6902e-01 +8.2176e-01 +9.1281e-02
3 +3.126367962e+05 +3.126367962e+05 +3.116367962e+05 +3.116367962e+05 +7.1217e-01 +2.5266e-01 +5.2313e-02 +7.8055e-01 +9.8364e-01 +1.7450e-01 +1.7572e-01 +1.0864e-01 +2.4993e-01 +8.4297e-01 +2.4322e-01 +7.1922e-01 +7.4500e-01 +4.7957e-01 +8.3321e-01 +4.3687e-01 +6.9479e-01 +5.3286e-02 +8.1210e-02 +4.8560e-01
8 +3.082363647e+05 +3.082363647e+05 +3.072363647e+05 +3.072363647e+05 +2.7399e-02 +5.1022e-01 +3.7383e-01 +8.7428e-02 +7.0743e-01 +1.7658e-01 +8.0793e-01 +8.5021e-01 +2.6386e-01 +4.2246e-01 +5.0799e-01 +1.6721e-01 +4.0044e-01 +7.6067e-01 +8.5426e-01 +6.0128e-01 +6.4495e-01 +8.6939e-01 +1.8400e-01 +1.1289e-01
10 +2.992014741e+05 +2.992014741e+05 +2.982014741e+05 +2.982014741e+05 +8.2569e-01 +6.9902e-01 +7.4989e-01 +1.6376e-01 +3.2873e-01 +5.6207e-02 +1.3571e-01 +1.3731e-01 +2.2527e-01 +7.3479e-01 +2.1978e-01 +7.2991e-01 +6.0563e-01 +6.3707e-01 +9.0365e-01 +6.8277e-02 +2.5379e-02 +2.5340e-01 +3.4462e-01 +8.3796e-01
13 +2.796504668e+05 +2.796504668e+05 +2.786504668e+05 +2.786504668e+05 +8.1310e-01 +6.7143e-01 +3.8895e-01 +2.1455e-01 +3.9873e-01 +6.7863e-01 +6.5164e-01 +4.9734e-01 +7.5421e-01 +7.8596e-01 +4.6404e-01 +9.4818e-01 +3.0363e-01 +5.5258e-02 +2.3653e-01 +8.1096e-01 +4.3383e-01 +6.6799e-01 +7.5092e-02 +4.3612e-01
20 +2.705013372e+05 +2.705013372e+05 +2.695013372e+05 +2.695013372e+05 +7.4513e-01 +2.9292e-03 +6.0145e-01 +8.5388e-01 +2.0570e-01 +9.2327e-01 +6.6847e-01 +9.6028e-01 +9.0335e-01 +9.8934e-01 +7.9505e-01 +5.6304e-01 +1.7811e-01 +3.4177e-01 +6.6293e-01 +5.5481e-01 +2.5635e-01 +5.8059e-01 +7.1877e-01 +6.7247e-01
35 +2.585583863e+05 +2.585583863e+05 +2.575583863e+05 +2.575583863e+05 +4.4226e-01 +7.2953e-01 +9.5233e-01 +1.4487e-01 +2.6201e-02 +6.0377e-01 +3.3243e-01 +4.6035e-01 +7.0771e-01 +8.0406e-01 +4.1914e-01 +4.8920e-01 +4.3893e-01 +4.0733e-01 +5.7085e-01 +7.8789e-03 +7.9995e-01 +7.9457e-01 +3.3396e-01 +8.9978e-01
48 +2.520349612e+05 +2.520349612e+05 +2.510349612e+05 +2.510349612e+05 +8.3863e-01 +9.2811e-01 +7.6985e-01 +4.5995e-01 +4.7313e-02 +4.2666e-01 +5.8380e-01 +6.5298e-01 +1.8181e-01 +6.4438e-01 +6.2272e-01 +6.1650e-01 +3.7125e-01 +4.1027e-01 +5.2901e-01 +4.1132e-01 +5.1730e-01 +6.6522e-01 +5.7069e-03 +9.9440e-01
126 +2.489047160e+05 +2.489047160e+05 +2.479047160e+05 +2.479047160e+05 +4.6521e-01 +7.5712e-02 +5.0665e-01 +6.2449e-01 +9.9882e-01 +5.6952e-01 +9.9381e-01 +7.0903e-01 +8.1784e-01 +9.9023e-01 +8.8676e-01 +1.6755e-01 +6.1857e-01 +4.7989e-01 +3.9100e-01 +5.2662e-01 +7.9910e-01 +9.5619e-01 +3.4268e-01 +8.3431e-01
191 +2.377777856e+05 +2.377777856e+05 +2.367777856e+05 +2.367777856e+05 +4.5447e-01 +4.0745e-01 +3.3725e-02 +4.9405e-01 +5.3110e-01 +2.8653e-01 +8.3741e-01 +7.3791e-01 +5.4660e-01 +8.7241e-01 +5.5662e-01 +9.0915e-01 +3.1997e-01 +4.4891e-01 +6.5909e-01 +2.4926e-01 +4.6788e-01 +6.4275e-01 +5.2622e-02 +7.9105e-01
231 +2.310175924e+05 +2.310175924e+05 +2.300175924e+05 +2.300175924e+05 +7.2343e-01 +1.4330e-01 +1.5841e-01 +4.3488e-01 +7.2711e-01 +8.4635e-01 +1.7372e-01 +3.5124e-01 +8.0302e-01 +6.9184e-01 +1.0018e-01 +9.2411e-02 +4.8201e-01 +6.0898e-01 +1.6538e-01 +1.2393e-01 +3.1610e-01 +9.4750e-01 +2.9563e-01 +8.6666e-01
3565 +2.095054345e+05 +2.095054345e+05 +2.085054345e+05 +2.085054345e+05 +6.0084e-01 +2.9224e-01 +8.6573e-03 +4.2310e-01 +9.1626e-01 +3.3034e-01 +8.9219e-01 +2.8957e-01 +8.4446e-01 +4.8787e-01 +1.3583e-01 +5.2345e-01 +1.5983e-01 +9.2707e-01 +2.5670e-01 +3.8541e-01 +5.8653e-02 +9.2524e-01 +5.4286e-03 +9.5620e-01
5605 +2.046873965e+05 +2.046873965e+05 +2.036873965e+05 +2.036873965e+05 +5.1470e-01 +6.4305e-02 +7.3608e-02 +8.3780e-01 +3.6989e-01 +8.8960e-01 +2.5805e-01 +8.0019e-01 +1.6157e-01 +8.5025e-01 +1.3583e-01 +5.2345e-01 +1.5983e-01 +9.2707e-01 +2.5670e-01 +3.8541e-01 +5.8653e-02 +9.2524e-01 +5.4286e-03 +9.5620e-01
13100 +1.974282698e+05 +1.974282698e+05 +1.964282698e+05 +1.964282698e+05 +3.8465e-01 +2.7168e-01 +3.2033e-01 +1.8788e-01 +1.6756e-01 +8.1054e-01 +8.1013e-01 +5.1389e-01 +9.3794e-01 +8.5025e-01 +1.3583e-01 +5.2345e-01 +1.5983e-01 +9.2707e-01 +2.5670e-01 +3.8541e-01 +5.8653e-02 +6.6376e-01 +5.4286e-03 +9.9703e-01
17815 +1.944664948e+05 +1.944664948e+05 +1.934664948e+05 +1.934664948e+05 +3.9081e-01 +5.8240e-01 +2.3427e-01 +6.3293e-01 +1.0986e-01 +8.3177e-01 +5.2391e-01 +8.5162e-01 +7.7441e-01 +8.8642e-01 +2.3073e-01 +4.8271e-01 +6.4678e-01 +8.4617e-01 +3.9100e-01 +2.1016e-02 +5.8653e-02 +9.2524e-01 +5.4286e-03 +9.5620e-01
51023 +1.891773821e+05 +1.891773821e+05 +1.881773821e+05 +1.881773821e+05 +6.7845e-01 +7.2325e-01 +3.6122e-01 +9.8605e-01 +3.1653e-01 +2.1421e-01 +9.7799e-01 +6.2968e-01 +8.0302e-01 +9.8128e-01 +3.1200e-01 +3.3626e-01 +1.1421e-01 +9.2707e-01 +5.8726e-01 +2.1016e-02 +5.8653e-02 +9.2524e-01 +5.4286e-03 +9.5620e-01
75760 +1.815790117e+05 +1.815790117e+05 +1.805790117e+05 +1.805790117e+05 +6.4490e-01 +2.0258e-01 +4.2229e-01 +8.2388e-01 +3.0961e-01 +9.4886e-01 +7.7418e-01 +7.3027e-01 +8.4338e-01 +9.9594e-01 +6.5651e-01 +9.5967e-01 +1.4139e-01 +7.1772e-01 +3.4766e-02 +6.2420e-02 +2.6840e-01 +9.9060e-01 +1.7615e-02 +9.5620e-01
85757 +1.767942547e+05 +1.767942547e+05 +1.757942547e+05 +1.757942547e+05 +9.8180e-01 +6.0590e-01 +6.3761e-02 +4.0521e-01 +3.0961e-01 +9.4886e-01 +8.4119e-01 +7.3027e-01 +8.4338e-01 +9.9594e-01 +6.5651e-01 +9.5967e-01 +1.4139e-01 +7.1772e-01 +3.4766e-02 +6.2420e-02 +2.6840e-01 +9.9060e-01 +1.7615e-02 +9.5620e-01
% function evaluation | noise-free fitness - Fopt (1.319200000000e+02) | best noise-free fitness - Fopt | measured fitness | best measured fitness | x1 | x2...
1 +1.000870275e+06 +1.000870275e+06 +1.001002195e+06 +1.001002195e+06 +0.0000e+00 +0.0000e+00 +0.0000e+00 +0.0000e+00 +0.0000e+00 +0.0000e+00 +0.0000e+00 +0.0000e+00 +0.0000e+00 +0.0000e+00 +0.0000e+00 +0.0000e+00 +0.0000e+00 +0.0000e+00 +0.0000e+00 +0.0000e+00 +0.0000e+00 +0.0000e+00 +0.0000e+00 +0.0000e+00
3 +9.382719495e+05 +9.382719495e+05 +9.384038695e+05 +9.384038695e+05 +5.9734e-01 +2.4978e-01 +1.4055e-01 +2.3497e-02 +8.2729e-02 +6.8212e-01 +6.6789e-01 +5.8868e-01 +4.1498e-01 +5.4198e-01 +1.7062e-01 +5.6003e-01 +9.4208e-02 +8.6883e-01 +8.4944e-01 +3.1886e-02 +8.0366e-01 +2.9771e-01 +3.5703e-01 +2.8843e-01
11 +8.738737006e+05 +8.738737006e+05 +8.740056206e+05 +8.740056206e+05 +7.9398e-01 +3.5509e-01 +2.9258e-01 +7.4823e-02 +1.8690e-01 +1.7249e-01 +6.6503e-02 +1.0479e-01 +4.8049e-02 +4.6850e-01 +9.1168e-01 +9.9150e-01 +3.1694e-01 +9.1138e-01 +3.2540e-01 +2.9703e-01 +6.5452e-01 +4.9852e-01 +3.6519e-02 +2.3291e-01
22 +8.645707289e+05 +8.645707289e+05 +8.647026489e+05 +8.647026489e+05 +4.0962e-01 +6.7344e-01 +1.5930e-01 +9.4646e-01 +6.8208e-01 +6.7341e-04 +8.2493e-01 +2.1058e-01 +1.7104e-01 +9.8846e-01 +4.2599e-01 +8.0668e-01 +1.7643e-02 +3.1408e-01 +5.9330e-01 +2.2406e-01 +4.2641e-01 +8.5450e-01 +5.0504e-01 +6.6950e-01
31 +8.319654611e+05 +8.319654611e+05 +8.320973811e+05 +8.320973811e+05 +1.1679e-01 +6.8849e-01 +4.3876e-02 +1.9449e-01 +2.1758e-01 +3.5864e-01 +4.6852e-02 +9.4904e-02 +9.4019e-02 +4.2063e-02 +4.3803e-01 +7.4000e-01 +2.7654e-01 +9.2718e-01 +5.8554e-01 +2.3233e-01 +3.5528e-01 +4.1553e-01 +4.5311e-01 +3.6170e-01
119 +8.180249126e+05 +8.180249126e+05 +8.181568326e+05 +8.181568326e+05 +2.6916e-01 +7.6667e-01 +2.4793e-01 +8.2997e-01 +3.9914e-01 +1.5232e-01 +4.9335e-01 +7.3194e-01 +4.0819e-01 +1.7071e-01 +2.1525e-01 +6.5201e-01 +2.6225e-01 +8.7672e-01 +4.4003e-01 +1.8859e-01 +8.5201e-01 +1.2932e-01 +9.4368e-01 +6.4552e-01
262 +7.748421373e+05 +7.748421373e+05 +7.749740573e+05 +7.749740573e+05 +3.5814e-01 +8.9274e-01 +2.7863e-01 +1.8939e-01 +1.9232e-01 +1.6579e-02 +5.5865e-01 +8.9269e-01 +5.9273e-02 +2.8853e-01 +9.0470e-01 +2.9626e-01 +1.6875e-01 +9.0297e-01 +7.7798e-01 +1.0079e-01 +9.7801e-01 +8.0925e-01 +8.3655e-01 +7.7607e-01
859 +7.529440897e+05 +7.529440897e+05 +7.530760097e+05 +7.530760097e+05 +4.9069e-02 +8.4639e-01 +3.1688e-01 +5.9520e-01 +1.1592e-01 +8.8791e-01 +1.9267e-01 +8.6087e-01 +3.6907e-02 +8.4636e-01 +8.6984e-01 +9.6361e-01 +1.1765e-01 +9.9566e-01 +4.1231e-01 +3.2214e-01 +1.7514e-01 +5.7369e-01 +1.3039e-01 +8.6926e-01
2444 +7.392392545e+05 +7.392392545e+05 +7.393711745e+05 +7.393711745e+05 +4.8740e-01 +5.7103e-01 +1.9301e-01 +4.1841e-01 +7.7294e-01 +3.1775e-01 +4.3379e-02 +6.6021e-01 +9.3092e-01 +9.0235e-01 +7.3639e-01 +6.1059e-01 +1.3334e-01 +9.6726e-01 +3.4641e-02 +8.3849e-02 +8.6754e-01 +9.4133e-01 +1.4077e-01 +8.3710e-01
9303 +7.008641897e+05 +7.008641897e+05 +7.009961097e+05 +7.009961097e+05 +1.6801e-01 +8.8220e-01 +3.4970e-03 +6.1835e-01 +6.9794e-01 +6.3604e-01 +1.7963e-01 +6.6021e-01 +9.3092e-01 +9.0235e-01 +7.3639e-01 +6.1059e-01 +1.3334e-01 +9.6726e-01 +3.4641e-02 +8.3849e-02 +8.6754e-01 +9.4133e-01 +1.4077e-01 +8.3710e-01
11280 +6.886369135e+05 +6.886369135e+05 +6.887688335e+05 +6.887688335e+05 +1.1954e-01 +9.8507e-01 +1.9301e-01 +4.1841e-01 +7.7294e-01 +3.1775e-01 +4.3379e-02 +6.6021e-01 +9.3092e-01 +9.0235e-01 +7.3639e-01 +6.1059e-01 +1.3334e-01 +9.6726e-01 +3.4641e-02 +8.3849e-02 +8.0783e-01 +7.2627e-01 +2.2934e-01 +9.9066e-01
24751 +6.714265879e+05 +6.714265879e+05 +6.715585079e+05 +6.715585079e+05 +1.3005e-01 +6.6002e-01 +1.2213e-01 +1.2842e-01 +8.6448e-01 +1.6128e-01 +9.8834e-02 +8.6577e-01 +1.0704e-01 +9.0235e-01 +7.3639e-01 +6.1059e-01 +1.3334e-01 +9.6726e-01 +3.4641e-02 +8.3849e-02 +8.0783e-01 +7.2627e-01 +2.2934e-01 +9.9066e-01
36016 +6.572706110e+05 +6.572706110e+05 +6.574025310e+05 +6.574025310e+05 +1.3005e-01 +9.0247e-01 +2.2851e-01 +7.4282e-01 +8.6448e-01 +1.6128e-01 +9.8834e-02 +8.6577e-01 +1.0704e-01 +9.0235e-01 +7.3639e-01 +6.1059e-01 +1.3334e-01 +9.6726e-01 +3.4641e-02 +8.3849e-02 +8.0783e-01 +7.2627e-01 +2.2934e-01 +9.9066e-01
50317 +6.383657423e+05 +6.383657423e+05 +6.384976623e+05 +6.384976623e+05 +2.3514e-01 +7.5527e-01 +2.1558e-02 +6.4520e-01 +3.9764e-01 +6.7343e-02 +9.8834e-02 +8.6577e-01 +1.0704e-01 +9.0235e-01 +7.3639e-01 +6.1059e-01 +1.3334e-01 +9.6726e-01 +3.4641e-02 +8.3849e-02 +8.0783e-01 +7.2627e-01 +2.2934e-01 +9.9066e-01
% function evaluation | noise-free fitness - Fopt (5.908400000000e+02) | best noise-free fitness - Fopt | measured fitness | best measured fitness | x1 | x2...
1 +1.310552413e+05 +1.310552413e+05 +1.316460813e+05 +1.316460813e+05 +0.0000e+00 +0.0000e+00 +0.0000e+00 +0.0000e+00 +0.0000e+00 +0.0000e+00 +0.0000e+00 +0.0000e+00 +0.0000e+00 +0.0000e+00 +0.0000e+00 +0.0000e+00 +0.0000e+00 +0.0000e+00 +0.0000e+00 +0.0000e+00 +0.0000e+00 +0.0000e+00 +0.0000e+00 +0.0000e+00
7 +1.201806275e+05 +1.201806275e+05 +1.207714675e+05 +1.207714675e+05 +4.4619e-01 +3.1721e-01 +1.6450e-01 +1.4716e-01 +9.0579e-01 +2.7998e-01 +6.1472e-01 +5.4133e-01 +6.3466e-01 +4.7191e-01 +6.7226e-01 +8.3354e-01 +1.5152e-01 +3.9968e-01 +6.0985e-01 +2.2783e-01 +4.4005e-01 +4.6913e-01 +4.0542e-01 +9.5555e-01
9 +9.957418434e+04 +9.957418434e+04 +1.001650243e+05 +1.001650243e+05 +3.5971e-01 +6.7596e-01 +6.1797e-01 +6.3167e-01 +4.2159e-01 +3.9716e-01 +9.8934e-01 +1.4877e-01 +1.8697e-01 +3.2805e-01 +1.5576e-01 +1.2342e-02 +5.1949e-01 +8.8916e-01 +3.1947e-01 +1.8949e-02 +5.2295e-02 +6.5068e-01 +6.8082e-01 +3.7587e-01
33 +9.025856653e+04 +9.025856653e+04 +9.084940653e+04 +9.084940653e+04 +2.8019e-01 +1.0735e-01 +7.6746e-01 +2.1385e-01 +7.2637e-01 +4.2939e-03 +8.2319e-01 +1.1425e-01 +6.4252e-01 +5.6676e-01 +2.5495e-01 +8.6156e-01 +7.7116e-01 +9.5040e-01 +9.2235e-01 +5.9859e-01 +3.4113e-01 +8.7544e-01 +9.2379e-01 +1.3132e-01
169 +8.684611905e+04 +8.684611905e+04 +8.743695905e+04 +8.743695905e+04 +5.1268e-01 +1.8606e-01 +4.2370e-01 +6.0155e-01 +9.6864e-01 +5.1035e-01 +8.8876e-03 +4.5960e-01 +6.7161e-01 +4.5593e-01 +1.4006e-01 +4.3993e-01 +7.6096e-01 +3.0965e-01 +6.9845e-01 +1.1304e-02 +2.8673e-01 +1.5860e-01 +9.7694e-01 +2.4337e-01
775 +8.262077829e+04 +8.262077829e+04 +8.321161829e+04 +8.321161829e+04 +7.3003e-01 +2.0510e-01 +6.0716e-01 +6.5065e-01 +6.4915e-01 +5.3532e-01 +8.6138e-01 +4.3224e-01 +8.0726e-01 +2.5337e-01 +2.9853e-01 +1.5867e-01 +3.0679e-01 +2.8225e-01 +6.6510e-01 +2.8747e-01 +5.4093e-03 +6.5538e-01 +9.3498e-01 +7.9891e-01
2418 +8.102846844e+04 +8.102846844e+04 +8.161930844e+04 +8.161930844e+04 +4.3773e-01 +5.0323e-01 +8.9724e-01 +5.9295e-01 +7.7151e-01 +1.9711e-01 +9.1988e-01 +5.4661e-01 +2.6846e-01 +8.6215e-01 +3.7231e-01 +7.0972e-01 +9.2130e-01 +6.4388e-01 +9.7716e-01 +4.8467e-02 +1.4464e-01 +5.1683e-01 +9.0283e-01 +1.7985e-01
2652 +7.584829520e+04 +7.584829520e+04 +7.643913520e+04 +7.643913520e+04 +2.2645e-01 +7.3275e-02 +1.4982e-01 +8.5675e-01 +4.9794e-01 +8.0496e-01 +6.1261e-01 +1.1529e-01 +6.2418e-01 +7.6145e-01 +1.4006e-01 +4.3993e-01 +7.6096e-01 +3.0965e-01 +6.9845e-01 +1.1304e-02 +2.8673e-01 +1.5860e-01 +8.9144e-01 +5.8866e-01
3667 +6.750481826e+04 +6.750481826e+04 +6.809565826e+04 +6.809565826e+04 +2.6632e-01 +9.3205e-02 +7.3335e-01 +9.6013e-01 +9.7592e-01 +1.0904e-01 +9.4045e-01 +1.7396e-01 +8.5527e-01 +4.1057e-01 +4.2591e-01 +9.6876e-01 +4.0131e-01 +8.4140e-01 +5.3882e-01 +4.7157e-02 +1.3081e-01 +1.9678e-01 +5.0639e-01 +2.8700e-01
5388 +6.512622855e+04 +6.512622855e+04 +6.571706855e+04 +6.571706855e+04 +2.5582e-02 +9.3205e-02 +7.3335e-01 +9.6013e-01 +9.7592e-01 +1.0904e-01 +9.4045e-01 +1.7396e-01 +8.5527e-01 +4.1057e-01 +4.2591e-01 +9.6876e-01 +4.0131e-01 +8.4140e-01 +5.3882e-01 +4.7157e-02 +1.3081e-01 +1.9678e-01 +5.0639e-01 +2.8700e-01
8221 +6.443218152e+04 +6.443218152e+04 +6.502302152e+04 +6.502302152e+04 +2.5582e-02 +9.3205e-02 +7.3335e-01 +9.6013e-01 +9.7592e-01 +1.0904e-01 +9.4045e-01 +1.7396e-01 +8.5527e-01 +4.1057e-01 +4.2591e-01 +9.6876e-01 +4.0131e-01 +8.4140e-01 +5.3882e-01 +4.7157e-02 +1.3081e-01 +1.9678e-01 +5.7196e-01 +3.4174e-02
13844 +6.182708198e+04 +6.182708198e+04 +6.241792198e+04 +6.241792198e+04 +9.6164e-02 +4.8711e-02 +4.6201e-01 +9.3023e-01 +9.6864e-01 +4.3801e-01 +9.5590e-01 +1.1939e-01 +9.9593e-01 +7.2621e-01 +2.4460e-01 +5.6916e-01 +7.7421e-01 +7.9877e-01 +5.3368e-01 +2.5416e-02 +1.4101e-01 +6.0168e-01 +9.7694e-01 +2.4337e-01
42601 +6.164890955e+04 +6.164890955e+04 +6.223974955e+04 +6.223974955e+04 +9.6164e-02 +4.8711e-02 +4.6201e-01 +9.3023e-01 +9.6864e-01 +4.3801e-01 +9.5590e-01 +1.1939e-01 +9.9593e-01 +7.2621e-01 +2.4460e-01 +5.6916e-01 +7.7421e-01 +7.9877e-01 +5.3368e-01 +2.5416e-02 +1.4101e-01 +6.0272e-01 +9.9543e-01 +1.2607e-01
% function evaluation | noise-free fitness - Fopt (5.115000000000e+01) | best noise-free fitness - Fopt | measured fitness | best measured fitness | x1 | x2...
1 +5.715515726e+05 +5.715515726e+05 +5.716027226e+05 +5.716027226e+05 +0.0000e+00 +0.0000e+00 +0.0000e+00 +0.0000e+00 +0.0000e+00 +0.0000e+00 +0.0000e+00 +0.0000e+00 +0.0000e+00 +0.0000e+00 +0.0000e+00 +0.0000e+00 +0.0000e+00 +0.0000e+00 +0.0000e+00 +0.0000e+00 +0.0000e+00 +0.0000e+00 +0.0000e+00 +0.0000e+00
3 +5.488439537e+05 +5.488439537e+05 +5.488951037e+05 +5.488951037e+05 +8.9507e-01 +1.7855e-01 +1.7869e-01 +9.1319e-01 +6.8947e-01 +6.9929e-01 +7.8102e-01 +6.5153e-01 +1.2374e-01 +1.8829e-01 +7.4222e-01 +9.2220e-01 +8.3431e-01 +2.3963e-02 +2.6210e-02 +2.5801e-01 +5.0051e-01 +2.4405e-01 +1.4925e-02 +7.8366e-01
6 +5.253840760e+05 +5.253840760e+05 +5.254352260e+05 +5.254352260e+05 +2.6244e-01 +9.5278e-01 +3.2429e-02 +6.8064e-01 +8.1506e-01 +4.9644e-01 +8.5228e-01 +2.5725e-01 +8.7510e-01 +9.5781e-01 +3.3887e-01 +7.9595e-01 +4.8382e-02 +1.6262e-01 +4.1571e-01 +1.3131e-01 +3.3577e-01 +7.9465e-01 +8.6791e-01 +2.2350e-01
8 +4.887530003e+05 +4.887530003e+05 +4.888041503e+05 +4.888041503e+05 +1.8968e-01 +6.3471e-01 +3.0301e-01 +1.1195e-01 +6.1131e-01 +2.4517e-01 +9.9407e-01 +7.2486e-01 +8.9362e-01 +8.8270e-01 +5.2320e-01 +2.7325e-01 +6.9040e-01 +5.7407e-01 +9.9156e-01 +5.7681e-01 +9.8482e-01 +4.3686e-01 +6.8917e-01 +2.8343e-01
20 +4.709450280e+05 +4.709450280e+05 +4.709961780e+05 +4.709961780e+05 +5.9855e-01 +6.8148e-01 +5.4588e-02 +4.7268e-01 +8.4458e-01 +1.2036e-01 +8.4880e-01 +4.0887e-01 +7.9654e-02 +5.7402e-01 +6.4951e-01 +6.7097e-01 +6.9629e-01 +3.0714e-01 +4.9026e-01 +3.8936e-01 +6.0751e-01 +9.7127e-01 +2.4346e-01 +1.5078e-01
71 +4.632800790e+05 +4.632800790e+05 +4.633312290e+05 +4.633312290e+05 +4.2675e-02 +5.6873e-01 +5.4078e-01 +4.3276e-02 +3.7655e-01 +1.0428e-01 +8.1136e-01 +1.5648e-01 +8.9241e-01 +5.1549e-01 +4.2196e-01 +8.4480e-01 +2.4185e-01 +9.4973e-01 +4.2771e-01 +4.4576e-01 +3.4267e-01 +7.8318e-01 +1.2395e-03 +3.8194e-01
75 +4.479546149e+05 +4.479546149e+05 +4.480057649e+05 +4.480057649e+05 +8.7156e-01 +7.2474e-01 +2.6938e-02 +3.2471e-01 +1.4859e-01 +6.3010e-01 +8.6916e-01 +2.2479e-01 +8.5916e-02 +6.7084e-01 +8.5674e-01 +9.2746e-01 +2.7271e-01 +1.4833e-01 +4.5580e-01 +6.1689e-01 +1.2644e-01 +4.8110e-02 +8.3224e-01 +2.1168e-01
127 +4.408167254e+05 +4.408167254e+05 +4.408678754e+05 +4.408678754e+05 +2.4918e-01 +5.8224e-01 +5.3903e-01 +6.7141e-03 +6.9052e-01 +5.3253e-01 +9.1725e-01 +1.3053e-01 +4.1373e-01 +9.3054e-01 +1.3010e-01 +1.1379e-01 +7.1399e-01 +8.6000e-01 +2.4341e-01 +8.2567e-01 +8.9148e-01 +2.6006e-01 +8.5852e-01 +6.7837e-02
151 +4.336005016e+05 +4.336005016e+05 +4.336516516e+05 +4.336516516e+05 +2.8180e-01 +9.0124e-01 +4.1750e-01 +5.0741e-01 +7.8840e-01 +2.6430e-01 +8.8425e-01 +5.6592e-02 +4.6064e-02 +8.7681e-01 +7.2194e-01 +6.0339e-01 +1.9690e-01 +1.7688e-01 +4.3469e-01 +9.8010e-01 +3.1030e-01 +3.6022e-01 +2.5364e-01 +6.3326e-01
174 +4.246841131e+05 +4.246841131e+05 +4.247352631e+05 +4.247352631e+05 +3.6091e-01 +3.8841e-01 +3.1148e-01 +6.7045e-02 +8.6693e-01 +5.6129e-01 +7.9185e-01 +1.5709e-01 +8.3037e-01 +9.8540e-01 +8.5427e-01 +3.6198e-01 +8.2878e-01 +5.9200e-01 +9.6509e-01 +6.4310e-01 +1.6586e-01 +6.8386e-01 +2.4971e-01 +8.0916e-01
417 +3.914034123e+05 +3.914034123e+05 +3.914545623e+05 +3.914545623e+05 +9.9742e-01 +9.1995e-01 +8.6063e-01 +1.3782e-02 +4.2408e-02 +5.6311e-01 +9.5267e-01 +3.6843e-01 +8.1852e-01 +9.8339e-01 +8.8287e-01 +7.2208e-01 +9.0914e-01 +5.9622e-01 +3.4404e-02 +9.7732e-01 +3.4388e-01 +4.8718e-01 +9.8577e-02 +1.1797e-01
877 +3.769498353e+05 +3.769498353e+05 +3.770009853e+05 +3.770009853e+05 +2.9734e-01 +3.8917e-01 +7.2686e-01 +5.7997e-02 +2.7574e-01 +5.6311e-01 +9.5267e-01 +3.6843e-01 +8.1852e-01 +9.8339e-01 +8.8287e-01 +7.2208e-01 +9.0914e-01 +5.9622e-01 +3.4404e-02 +9.7732e-01 +3.4388e-01 +4.8718e-01 +9.8577e-02 +1.1797e-01
10453 +3.653520366e+05 +3.653520366e+05 +3.654031866e+05 +3.654031866e+05 +8.3810e-01 +4.9711e-02 +5.4595e-01 +5.7997e-02 +2.7574e-01 +5.6311e-01 +9.5267e-01 +3.6843e-01 +8.1852e-01 +9.8339e-01 +8.8287e-01 +7.2208e-01 +9.0914e-01 +5.9622e-01 +3.4404e-02 +9.7732e-01 +3.4388e-01 +4.8718e-01 +3.8126e-03 +1.7040e-01
26505 +3.562168176e+05 +3.562168176e+05 +3.562679676e+05 +3.562679676e+05 +9.3698e-01 +5.9669e-01 +1.8902e-01 +3.0294e-01 +8.6756e-01 +3.5765e-01 +8.9464e-01 +1.4969e-02 +8.1251e-01 +9.8339e-01 +8.8287e-01 +7.2208e-01 +9.0914e-01 +5.9622e-01 +3.4404e-02 +9.7732e-01 +3.4388e-01 +5.6123e-01 +3.8126e-03 +1.7040e-01
38053 +3.539635461e+05 +3.539635461e+05 +3.540146961e+05 +3.540146961e+05 +5.1119e-01 +9.7899e-02 +1.7622e-01 +7.5893e-02 +2.0179e-01 +3.7029e-01 +8.7651e-01 +1.5706e-01 +5.2482e-01 +9.8339e-01 +8.8287e-01 +7.2208e-01 +9.0914e-01 +5.9622e-01 +3.4404e-02 +9.7732e-01 +3.4388e-01 +5.6123e-01 +3.8126e-03 +1.7040e-01
67374 +3.405715690e+05 +3.405715690e+05 +3.406227190e+05 +3.406227190e+05 +3.0135e-01 +2.2923e-01 +9.2368e-02 +1.1834e-01 +8.7402e-02 +6.2671e-01 +9.5267e-01 +1.4969e-02 +2.6970e-01 +9.3264e-01 +9.3168e-01 +9.9729e-01 +9.0914e-01 +5.8636e-01 +2.0616e-02 +9.9897e-01 +3.4388e-01 +5.6123e-01 +3.8126e-03 +1.4744e-01
81076 +3.377491542e+05 +3.377491542e+05 +3.378003042e+05 +3.378003042e+05 +4.5152e-01 +1.3652e-01 +4.5367e-01 +7.6624e-03 +4.0318e-01 +2.5893e-01 +9.5267e-01 +1.4969e-02 +2.6970e-01 +9.3264e-01 +9.3168e-01 +9.9729e-01 +9.0914e-01 +5.8636e-01 +2.0616e-02 +9.9897e-01 +3.4388e-01 +5.6123e-01 +3.8126e-03 +1.4744e-01
% function evaluation | noise-free fitness - Fopt (2.917300000000e+02) | best noise-free fitness - Fopt | measured fitness | best measured fitness | x1 | x2...
1 +6.965927240e+05 +6.965927240e+05 +6.968844540e+05 +6.968844540e+05 +0.0000e+00 +0.0000e+00 +0.0000e+00 +0.0000e+00 +0.0000e+00 +0.0000e+00 +0.0000e+00 +0.0000e+00 +0.0000e+00 +0.0000e+00 +0.0000e+00 +0.0000e+00 +0.0000e+00 +0.0000e+00 +0.0000e+00 +0.0000e+00 +0.0000e+00 +0.0000e+00 +0.0000e+00 +0.0000e+00
5371 +6.813690044e+05 +6.813690044e+05 +6.816607344e+05 +6.816607344e+05 +2.1888e-01 +8.4135e-01 +2.0517e-01 +1.0570e-02 +7.5247e-01 +1.8412e-01 +8.6592e-02 +1.7495e-01 +1.0503e-01 +3.6456e-02 +3.2573e-01 +2.0578e-02 +5.9248e-01 +7.5859e-01 +2.4450e-01 +9.0165e-01 +4.2843e-01 +4.7725e-01 +1.6510e-01 +4.5691e-02
7302 +6.656410478e+05 +6.656410478e+05 +6.659327778e+05 +6.659327778e+05 +8.1069e-02 +3.9400e-02 +4.4463e-01 +3.7996e-02 +5.7767e-01 +9.7025e-01 +2.4148e-01 +8.9675e-02 +8.6130e-02 +1.1278e-01 +5.1199e-02 +5.0248e-01 +9.6541e-01 +3.1888e-01 +6.0552e-01 +9.3314e-01 +3.4473e-01 +6.5519e-01 +3.3637e-01 +2.4370e-01
9541 +6.557884273e+05 +6.557884273e+05 +6.560801573e+05 +6.560801573e+05 +7.5072e-02 +9.5525e-01 +4.4463e-01 +3.7996e-02 +5.7767e-01 +9.7025e-01 +2.4148e-01 +8.9675e-02 +8.6130e-02 +1.1278e-01 +5.1199e-02 +5.0248e-01 +9.6541e-01 +3.1888e-01 +6.0552e-01 +9.3314e-01 +3.4473e-01 +6.5519e-01 +3.3637e-01 +2.4370e-01
10264 +6.239907992e+05 +6.239907992e+05 +6.242825292e+05 +6.242825292e+05 +8.1069e-02 +3.9400e-02 +4.4463e-01 +3.7996e-02 +5.7767e-01 +9.7025e-01 +2.4148e-01 +8.9675e-02 +8.6130e-02 +1.1278e-01 +5.1199e-02 +5.0248e-01 +9.6541e-01 +1.0699e-03 +1.3973e-02 +3.6293e-01 +5.7280e-01 +8.6335e-01 +4.9971e-01 +3.4596e-01
42484 +6.155484568e+05 +6.155484568e+05 +6.158401868e+05 +6.158401868e+05 +8.5462e-02 +6.5271e-01 +1.3840e-01 +1.0657e-01 +7.9123e-01 +8.3113e-01 +2.8389e-01 +3.5725e-02 +8.6130e-02 +1.1278e-01 +4.1113e-02 +5.0248e-01 +9.6541e-01 +1.0699e-03 +5.5738e-02 +3.6293e-01 +5.7280e-01 +6.2845e-01 +5.1278e-01 +3.1700e-01
70509 +6.020326345e+05 +6.020326345e+05 +6.023243645e+05 +6.023243645e+05 +8.5462e-02 +6.5271e-01 +1.3840e-01 +1.0657e-01 +7.9123e-01 +8.3113e-01 +2.8389e-01 +3.5725e-02 +8.6130e-02 +1.1278e-01 +4.1113e-02 +2.0107e-01 +9.7678e-01 +3.6550e-01 +1.3973e-02 +3.7278e-01 +5.5435e-01 +7.6516e-01 +6.9903e-01 +4.7230e-02
% function evaluation | noise-free fitness - Fopt (3.567200000000e+02) | best noise-free fitness - Fopt | measured fitness | best measured fitness | x1 | x2...
1 +5.585631197e+05 +5.585631197e+05 +5.589198397e+05 +5.589198397e+05 +0.0000e+00 +0.0000e+00 +0.0000e+00 +0.0000e+00 +0.0000e+00 +0.0000e+00 +0.0000e+00 +0.0000e+00 +0.0000e+00 +0.0000e+00 +0.0000e+00 +0.0000e+00 +0.0000e+00 +0.0000e+00 +0.0000e+00 +0.0000e+00 +0.0000e+00 +0.0000e+00 +0.0000e+00 +0.0000e+00
4 +5.431918960e+05 +5.431918960e+05 +5.435486160e+05 +5.435486160e+05 +6.9683e-01 +2.0789e-02 +6.9132e-01 +7.2107e-02 +2.9168e-01 +8.9616e-01 +2.6559e-01 +8.4741e-02 +4.7840e-01 +3.2353e-01 +2.0194e-01 +1.9919e-02 +5.4975e-01 +3.2110e-01 +3.3383e-01 +5.5711e-01 +6.9634e-02 +5.6884e-01 +9.8555e-01 +1.9317e-01
8 +5.228688847e+05 +5.228688847e+05 +5.232256047e+05 +5.232256047e+05 +1.5896e-01 +1.6317e-01 +2.8203e-01 +5.6973e-02 +5.3273e-01 +1.2429e-01 +8.8190e-01 +1.5862e-01 +8.5536e-01 +7.4043e-01 +6.3510e-01 +1.9590e-01 +2.6961e-01 +7.3602e-01 +5.3744e-01 +3.8033e-02 +7.7961e-01 +2.1216e-01 +5.7879e-01 +4.2625e-01
14 +4.897837843e+05 +4.897837843e+05 +4.901405043e+05 +4.901405043e+05 +6.2960e-01 +7.4953e-03 +8.0186e-01 +1.8734e-01 +9.8859e-01 +5.8506e-01 +2.8000e-02 +6.7993e-02 +9.9690e-01 +5.0103e-01 +7.9072e-01 +7.0420e-01 +3.3018e-01 +5.2070e-01 +3.3277e-01 +9.7511e-01 +8.7492e-01 +8.6680e-01 +5.9242e-01 +7.3373e-01
15 +4.374570728e+05 +4.374570728e+05 +4.378137928e+05 +4.378137928e+05 +5.2180e-01 +6.9442e-01 +1.4692e-01 +2.8439e-01 +5.7497e-01 +7.8920e-01 +1.7364e-02 +1.7673e-01 +3.8598e-01 +2.2692e-01 +7.0613e-01 +1.3145e-01 +1.6888e-01 +8.6288e-01 +4.7681e-01 +8.3122e-03 +6.9035e-01 +6.9811e-01 +1.1698e-02 +8.1447e-01
375 +4.187268276e+05 +4.187268276e+05 +4.190835476e+05 +4.190835476e+05 +4.9249e-01 +1.6787e-01 +1.6190e-01 +3.7077e-01 +9.5464e-01 +5.2229e-01 +3.3186e-01 +5.7655e-02 +7.7073e-01 +3.6130e-01 +2.3091e-01 +2.1297e-01 +9.8515e-01 +6.0483e-01 +4.0200e-01 +6.3613e-02 +5.7964e-01 +7.3979e-01 +9.8997e-01 +7.8813e-01
6265 +4.159195092e+05 +4.159195092e+05 +4.162762292e+05 +4.162762292e+05 +9.1787e-01 +1.3635e-01 +1.8332e-02 +5.3760e-02 +8.5116e-01 +4.5898e-02 +2.1067e-01 +1.7526e-01 +1.2715e-01 +3.3865e-01 +1.9994e-02 +7.5807e-01 +5.8645e-01 +8.8257e-01 +5.9954e-01 +3.7818e-02 +9.8211e-01 +8.9402e-01 +3.2733e-01 +6.1585e-01
8302 +3.978171881e+05 +3.978171881e+05 +3.981739081e+05 +3.981739081e+05 +9.2460e-01 +5.0377e-01 +1.1397e-01 +7.0611e-01 +7.0786e-01 +6.8501e-01 +1.5105e-01 +1.0532e-01 +6.4193e-01 +2.2933e-01 +1.7311e-01 +5.5674e-02 +2.0006e-01 +9.7637e-01 +2.5558e-01 +1.7460e-01 +8.5652e-01 +1.4481e-01 +3.8502e-01 +6.2681e-01
9326 +3.850085947e+05 +3.850085947e+05 +3.853653147e+05 +3.853653147e+05 +9.2460e-01 +4.1928e-01 +1.1397e-01 +7.0611e-01 +7.0786e-01 +6.8501e-01 +1.3469e-01 +1.0532e-01 +6.4193e-01 +1.1440e-01 +1.7311e-01 +5.5674e-02 +2.0006e-01 +9.7637e-01 +2.5558e-01 +1.7460e-01 +8.7690e-01 +1.4481e-01 +3.8502e-01 +9.3018e-01
23622 +3.778636795e+05 +3.778636795e+05 +3.782203995e+05 +3.782203995e+05 +9.2460e-01 +4.1928e-01 +1.1397e-01 +8.5217e-01 +5.5159e-01 +4.0290e-01 +3.3357e-03 +1.3901e-01 +6.4193e-01 +1.1440e-01 +1.7311e-01 +5.5674e-02 +2.0006e-01 +9.7637e-01 +2.5558e-01 +1.3638e-01 +9.9808e-01 +2.9662e-01 +3.1791e-01 +4.4199e-01
27433 +3.660004649e+05 +3.660004649e+05 +3.663571849e+05 +3.663571849e+05 +9.2460e-01 +4.1928e-01 +1.1397e-01 +8.5217e-01 +5.5159e-01 +4.0290e-01 +3.3357e-03 +1.3901e-01 +6.4193e-01 +1.1440e-01 +1.7311e-01 +5.5674e-02 +2.0006e-01 +9.7637e-01 +2.5558e-01 +1.3638e-01 +9.9808e-01 +7.1956e-01 +3.1699e-01 +3.1938e-02
28290 +3.544938877e+05 +3.544938877e+05 +3.548506077e+05 +3.548506077e+05 +9.2460e-01 +4.1928e-01 +1.1397e-01 +8.5217e-01 +5.5159e-01 +4.0290e-01 +3.3357e-03 +1.3901e-01 +6.4193e-01 +1.1440e-01 +1.7311e-01 +5.5674e-02 +2.0006e-01 +9.7637e-01 +2.5558e-01 +1.3638e-01 +9.9808e-01 +7.1956e-01 +2.8687e-02 +6.3303e-01
43761 +3.442795933e+05 +3.442795933e+05 +3.446363133e+05 +3.446363133e+05 +6.0810e-01 +7.0288e-01 +2.9075e-03 +1.5327e-01 +9.0500e-01 +4.0290e-01 +3.3357e-03 +1.3901e-01 +6.4193e-01 +1.1440e-01 +1.7311e-01 +5.5674e-02 +2.0006e-01 +9.7637e-01 +2.5558e-01 +1.3638e-01 +9.9808e-01 +8.7737e-01 +8.2379e-01 +9.7177e-01
44944 +3.337758153e+05 +3.337758153e+05 +3.341325353e+05 +3.341325353e+05 +7.5818e-01 +9.9541e-03 +2.9075e-03 +1.5327e-01 +9.0500e-01 +4.0290e-01 +3.3357e-03 +1.3901e-01 +6.4193e-01 +1.1440e-01 +1.7311e-01 +5.5674e-02 +2.0006e-01 +9.7637e-01 +2.5558e-01 +1.3638e-01 +9.9808e-01 +8.7737e-01 +8.2379e-01 +9.7177e-01
% function evaluation | noise-free fitness - Fopt (2.512400000000e+02) | best noise-free fitness - Fopt | measured fitness | best measured fitness | x1 | x2...
1 +5.791223571e+05 +5.791223571e+05 +5.793735971e+05 +5.793735971e+05 +0.0000e+00 +0.0000e+00 +0.0000e+00 +0.0000e+00 +0.0000e+00 +0.0000e+00 +0.0000e+00 +0.0000e+00 +0.0000e+00 +0.0000e+00 +0.0000e+00 +0.0000e+00 +0.0000e+00 +0.0000e+00 +0.0000e+00 +0.0000e+00 +0.0000e+00 +0.0000e+00 +0.0000e+00 +0.0000e+00
45 +5.700576444e+05 +5.700576444e+05 +5.703088844e+05 +5.703088844e+05 +1.2292e-01 +7.5022e-02 +5.8278e-01 +8.4540e-01 +2.5348e-01 +7.4756e-01 +4.5115e-03 +9.9222e-01 +8.4931e-01 +2.6938e-01 +2.3307e-01 +2.3788e-01 +4.8284e-02 +6.9388e-02 +3.9923e-01 +2.4352e-01 +2.0863e-01 +9.1376e-01 +4.9871e-01 +9.6642e-01
12034 +5.553507295e+05 +5.553507295e+05 +5.556019695e+05 +5.556019695e+05 +7.9780e-01 +9.3193e-01 +4.2742e-01 +9.3235e-01 +6.9157e-02 +9.1858e-01 +6.3081e-03 +5.2880e-01 +6.4633e-01 +7.5084e-02 +3.2094e-01 +2.4370e-02 +6.1543e-01 +2.4031e-01 +3.3401e-01 +3.3809e-01 +2.1347e-01 +8.7362e-01 +4.9141e-01 +9.9362e-01
15041 +5.376701682e+05 +5.376701682e+05 +5.379214082e+05 +5.379214082e+05 +8.9215e-02 +8.8569e-01 +4.2742e-01 +9.3235e-01 +6.9157e-02 +9.1858e-01 +6.3081e-03 +5.2880e-01 +6.4633e-01 +7.5084e-02 +3.2094e-01 +2.4370e-02 +6.1543e-01 +2.4031e-01 +3.3401e-01 +3.3809e-01 +2.1347e-01 +8.7362e-01 +4.9141e-01 +9.9362e-01
45406 +5.126545997e+05 +5.126545997e+05 +5.129058397e+05 +5.129058397e+05 +8.9215e-02 +8.8569e-01 +4.2742e-01 +9.3235e-01 +6.9157e-02 +9.1858e-01 +6.3081e-03 +5.2880e-01 +6.4633e-01 +7.5084e-02 +3.2094e-01 +2.4370e-02 +6.1543e-01 +2.4031e-01 +3.3401e-01 +3.3809e-01 +9.6274e-03 +6.1256e-01 +7.9042e-01 +7.8509e-01
69230 +4.993312593e+05 +4.993312593e+05 +4.995824993e+05 +4.995824993e+05 +8.9215e-02 +8.8569e-01 +4.2742e-01 +9.3235e-01 +6.9157e-02 +9.1858e-01 +6.3081e-03 +9.4828e-01 +8.3648e-01 +7.5084e-02 +3.2094e-01 +2.4370e-02 +6.1543e-01 +2.4031e-01 +3.3401e-01 +3.3809e-01 +9.6274e-03 +6.1256e-01 +9.6079e-01 +8.0897e-01
78826 +4.835859327e+05 +4.835859327e+05 +4.838371727e+05 +4.838371727e+05 +8.9215e-02 +8.8569e-01 +4.2742e-01 +9.3235e-01 +6.9157e-02 +9.1858e-01 +6.3081e-03 +9.4828e-01 +8.5448e-01 +2.0630e-02 +4.4858e-01 +2.4370e-02 +5.3424e-01 +3.4204e-01 +3.2086e-02 +3.3809e-01 +3.8541e-03 +6.1256e-01 +9.6079e-01 +4.4094e-01
90395 +4.785533200e+05 +4.785533200e+05 +4.788045600e+05 +4.788045600e+05 +3.2637e-01 +9.3793e-01 +6.9493e-01 +9.3235e-01 +6.9157e-02 +9.1858e-01 +4.5640e-03 +9.4828e-01 +8.5448e-01 +2.0630e-02 +4.4858e-01 +2.4370e-02 +5.3424e-01 +3.4204e-01 +3.2086e-02 +3.3809e-01 +3.8541e-03 +7.8787e-01 +9.5172e-01 +4.4847e-01
% function evaluation | noise-free fitness - Fopt (9.903300000000e+02) | best noise-free fitness - Fopt | measured fitness | best measured fitness | x1 | x2...
1 +6.886463764e+05 +6.886463764e+05 +6.896367064e+05 +6.896367064e+05 +0.0000e+00 +0.0000e+00 +0.0000e+00 +0.0000e+00 +0.0000e+00 +0.0000e+00 +0.0000e+00 +0.0000e+00 +0.0000e+00 +0.0000e+00 +0.0000e+00 +0.0000e+00 +0.0000e+00 +0.0000e+00 +0.0000e+00 +0.0000e+00 +0.0000e+00 +0.0000e+00 +0.0000e+00 +0.0000e+00
322 +6.597300184e+05 +6.597300184e+05 +6.607203484e+05 +6.607203484e+05 +2.4806e-01 +8.0214e-01 +7.0360e-01 +5.6679e-01 +3.9638e-01 +5.0300e-02 +4.5632e-03 +5.1853e-01 +2.1614e-01 +2.8216e-01 +2.3959e-01 +9.1676e-01 +9.9202e-01 +5.1088e-01 +3.6011e-01 +6.8716e-02 +1.2594e-01 +2.7132e-01 +8.7142e-02 +4.1208e-01
1805 +6.310021092e+05 +6.310021092e+05 +6.319924392e+05 +6.319924392e+05 +4.4809e-01 +7.1098e-01 +6.4412e-01 +3.6939e-01 +1.7834e-01 +9.7957e-01 +3.1276e-01 +8.5379e-02 +7.5977e-01 +9.6695e-02 +2.3959e-01 +9.1676e-01 +9.9202e-01 +5.1088e-01 +3.6011e-01 +6.8716e-02 +1.2594e-01 +2.7132e-01 +8.7142e-02 +4.1208e-01
9255 +6.250982969e+05 +6.250982969e+05 +6.260886269e+05 +6.260886269e+05 +1.3877e-02 +2.1543e-01 +1.6181e-01 +6.2827e-01 +7.6406e-01 +8.5881e-02 +3.1276e-01 +8.5379e-02 +7.5977e-01 +9.6695e-02 +2.3959e-01 +9.1676e-01 +9.9202e-01 +5.1088e-01 +3.6011e-01 +6.8716e-02 +1.2594e-01 +2.7132e-01 +3.9360e-01 +9.9830e-01
12260 +6.134334176e+05 +6.134334176e+05 +6.144237476e+05 +6.144237476e+05 +1.3877e-02 +2.1543e-01 +1.6181e-01 +6.2827e-01 +7.6406e-01 +8.5881e-02 +3.1276e-01 +8.5379e-02 +7.5977e-01 +9.6695e-02 +2.3959e-01 +9.1676e-01 +9.9202e-01 +5.1088e-01 +3.6011e-01 +6.8716e-02 +1.2594e-01 +2.7132e-01 +3.9360e-01 +9.3414e-02
39093 +5.984536222e+05 +5.984536222e+05 +5.994439522e+05 +5.994439522e+05 +1.4556e-01 +3.5508e-01 +1.0269e-01 +5.6352e-01 +2.1056e-01 +2.2902e-01 +1.2240e-01 +8.5379e-02 +7.5977e-01 +9.6695e-02 +2.3959e-01 +9.1676e-01 +9.9202e-01 +4.6134e-01 +3.6011e-01 +1.5143e-02 +1.9561e-01 +8.7171e-01 +2.8252e-01 +1.8653e-02
% function evaluation | noise-free fitness - Fopt (2.898000000000e+01) | best noise-free fitness - Fopt | measured fitness | best measured fitness | x1 | x2...
1 +1.051972152e+06 +1.051972152e+06 +1.052001132e+06 +1.052001132e+06 +0.0000e+00 +0.0000e+00 +0.0000e+00 +0.0000e+00 +0.0000e+00 +0.0000e+00 +0.0000e+00 +0.0000e+00 +0.0000e+00 +0.0000e+00 +0.0000e+00 +0.0000e+00 +0.0000e+00 +0.0000e+00 +0.0000e+00 +0.0000e+00 +0.0000e+00 +0.0000e+00 +0.0000e+00 +0.0000e+00
6497 +1.037918323e+06 +1.037918323e+06 +1.037947303e+06 +1.037947303e+06 +8.0088e-01 +1.0253e-01 +1.9626e-01 +7.0198e-02 +2.7280e-02 +7.4516e-01 +4.3334e-02 +3.5979e-01 +7.1043e-01 +3.3099e-01 +1.5287e-01 +2.3814e-01 +1.2179e-01 +5.4083e-01 +7.6295e-02 +3.3840e-02 +5.6230e-01 +4.0131e-01 +9.7737e-01 +4.8297e-01
18853 +1.018663190e+06 +1.018663190e+06 +1.018692170e+06 +1.018692170e+06 +8.0088e-01 +1.0253e-01 +1.9626e-01 +7.0198e-02 +2.7280e-02 +7.4516e-01 +4.3334e-02 +3.5979e-01 +7.1043e-01 +3.3099e-01 +1.5287e-01 +2.3814e-01 +1.2179e-01 +5.4083e-01 +7.6295e-02 +3.3840e-02 +8.2431e-01 +9.5407e-01 +8.9327e-01 +6.9558e-01
55238 +9.967004700e+05 +9.967004700e+05 +9.967294500e+05 +9.967294500e+05 +9.9696e-01 +1.3321e-02 +4.1204e-01 +3.4813e-01 +5.0473e-01 +2.4328e-01 +9.6248e-01 +3.9769e-01 +7.1043e-01 +3.3099e-01 +1.5287e-01 +2.3814e-01 +1.2179e-01 +5.4083e-01 +7.6295e-02 +3.3840e-02 +8.2431e-01 +9.5407e-01 +8.9327e-01 +6.9558e-01
% function evaluation | noise-free fitness - Fopt (2.054400000000e+02) | best noise-free fitness - Fopt | measured fitness | best measured fitness | x1 | x2...
1 +6.126385058e+05 +6.126385058e+05 +6.128439458e+05 +6.128439458e+05 +0.0000e+00 +0.0000e+00 +0.0000e+00 +0.0000e+00 +0.0000e+00 +0.0000e+00 +0.0000e+00 +0.0000e+00 +0.0000e+00 +0.0000e+00 +0.0000e+00 +0.0000e+00 +0.0000e+00 +0.0000e+00 +0.0000e+00 +0.0000e+00 +0.0000e+00 +0.0000e+00 +0.0000e+00 +0.0000e+00
2 +5.945417056e+05 +5.945417056e+05 +5.947471456e+05 +5.947471456e+05 +5.7624e-02 +1.3880e-01 +8.6318e-02 +5.1831e-01 +3.3620e-01 +4.5707e-01 +4.3693e-01 +3.2501e-01 +6.9716e-01 +2.4960e-01 +1.3648e-01 +3.1569e-02 +1.0387e-01 +8.3496e-01 +8.3175e-01 +4.9887e-01 +1.6554e-01 +5.9913e-01 +9.5667e-01 +8.2616e-01
6 +5.722680328e+05 +5.722680328e+05 +5.724734728e+05 +5.724734728e+05 +3.5350e-01 +4.2314e-01 +5.0021e-01 +6.0137e-01 +8.9299e-02 +9.9800e-01 +6.8361e-01 +9.8134e-01 +5.3552e-01 +4.1745e-01 +3.8868e-02 +6.3564e-01 +3.2155e-01 +5.9265e-03 +4.3003e-02 +8.3486e-01 +1.0156e-01 +6.3191e-03 +7.8928e-01 +5.3553e-01
4630 +5.600341020e+05 +5.600341020e+05 +5.602395420e+05 +5.602395420e+05 +8.5220e-01 +7.8902e-01 +8.3882e-01 +7.2242e-01 +3.5761e-02 +9.9670e-01 +4.3950e-01 +6.9375e-01 +1.8489e-01 +1.6416e-01 +9.4195e-01 +6.5225e-01 +4.9811e-02 +1.6003e-01 +9.5802e-01 +9.5675e-01 +7.5641e-02 +2.0855e-01 +4.7405e-01 +6.6156e-02
7442 +5.416626110e+05 +5.416626110e+05 +5.418680510e+05 +5.418680510e+05 +4.6629e-02 +4.3939e-01 +7.9284e-01 +7.3270e-01 +2.8291e-02 +7.3856e-01 +4.5248e-01 +8.4755e-01 +9.7287e-01 +1.7039e-01 +7.6201e-01 +5.4077e-01 +5.0057e-01 +5.7881e-01 +2.1169e-01 +8.1804e-01 +1.3376e-01 +7.3171e-01 +1.0743e-03 +7.5738e-01
36095 +5.347414340e+05 +5.347414340e+05 +5.349468740e+05 +5.349468740e+05 +4.9412e-01 +7.0987e-01 +9.2453e-01 +7.3270e-01 +2.8291e-02 +7.3856e-01 +4.5248e-01 +8.4755e-01 +9.7287e-01 +1.7039e-01 +5.2785e-01 +2.9656e-01 +6.4769e-02 +2.7881e-01 +6.6810e-01 +9.5083e-01 +3.7937e-01 +3.0494e-01 +2.0834e-01 +8.2419e-01
84754 +5.232322623e+05 +5.232322623e+05 +5.234377023e+05 +5.234377023e+05 +1.7762e-01 +1.5524e-01 +6.9284e-01 +7.4901e-01 +2.8291e-02 +5.4382e-01 +7.4734e-01 +9.9611e-01 +9.8924e-01 +1.9057e-01 +8.0531e-01 +9.8245e-01 +6.4769e-02 +5.3077e-02 +6.6810e-01 +9.5083e-01 +4.9390e-01 +6.4914e-01 +1.7552e-01 +9.5306e-01
% function evaluation | noise-free fitness - Fopt (-5.930000000000e+01) | best noise-free fitness - Fopt | measured fitness | best measured fitness | x1 | x2...
1 +6.203498948e+05 +6.203498948e+05 +6.202905948e+05 +6.202905948e+05 +0.0000e+00 +0.0000e+00 +0.0000e+00 +0.0000e+00 +0.0000e+00 +0.0000e+00 +0.0000e+00 +0.0000e+00 +0.0000e+00 +0.0000e+00 +0.0000e+00 +0.0000e+00 +0.0000e+00 +0.0000e+00 +0.0000e+00 +0.0000e+00 +0.0000e+00 +0.0000e+00 +0.0000e+00 +0.0000e+00
2 +6.072551463e+05 +6.072551463e+05 +6.071958463e+05 +6.071958463e+05 +3.0537e-01 +6.7155e-01 +1.9210e-02 +1.6313e-01 +1.0215e-01 +3.9284e-01 +4.7063e-01 +8.0621e-01 +7.3243e-01 +6.7468e-01 +3.2387e-01 +5.3791e-01 +1.1454e-02 +5.1563e-01 +5.2987e-01 +8.1491e-01 +2.7501e-01 +4.4455e-01 +1.2292e-01 +6.7231e-01
4 +5.935608066e+05 +5.935608066e+05 +5.935015066e+05 +5.935015066e+05 +7.5662e-01 +5.1897e-01 +4.1113e-01 +3.7482e-01 +1.1496e-01 +4.2009e-01 +2.4316e-01 +3.3580e-01 +7.3990e-01 +2.3735e-01 +7.6416e-02 +4.5221e-01 +8.9945e-01 +6.8384e-01 +2.0936e-01 +4.7569e-01 +6.1879e-01 +1.5186e-01 +2.1228e-01 +8.4834e-01
5 +5.806476646e+05 +5.806476646e+05 +5.805883646e+05 +5.805883646e+05 +7.0046e-02 +7.2166e-01 +9.3037e-01 +7.5648e-01 +5.9286e-01 +4.5939e-01 +2.8639e-01 +4.5683e-01 +3.5412e-01 +9.6680e-01 +8.7422e-02 +9.7051e-01 +4.3759e-03 +7.4532e-01 +9.1487e-01 +3.9944e-01 +8.5222e-01 +7.6857e-01 +1.5103e-01 +1.4515e-01
16 +5.744164266e+05 +5.744164266e+05 +5.743571266e+05 +5.743571266e+05 +5.1755e-01 +2.9024e-01 +1.6382e-01 +8.3556e-01 +8.6078e-01 +9.0385e-01 +1.8323e-01 +1.0793e-01 +2.9029e-01 +5.6145e-01 +6.8634e-01 +1.3909e-02 +3.9475e-01 +4.2534e-01 +7.3979e-01 +6.4914e-01 +8.8784e-01 +9.2949e-01 +9.9019e-03 +5.9700e-01
272 +5.464303426e+05 +5.464303426e+05 +5.463710426e+05 +5.463710426e+05 +1.0452e-01 +5.6108e-01 +2.8648e-02 +8.4629e-01 +5.4906e-01 +7.2641e-02 +7.8070e-03 +8.2531e-01 +1.4981e-01 +1.4758e-01 +1.4411e-01 +9.8993e-01 +5.4759e-01 +5.6554e-01 +2.1410e-01 +4.2475e-01 +8.8698e-01 +3.0168e-02 +1.8795e-01 +8.9480e-01
10302 +5.269830715e+05 +5.269830715e+05 +5.269237715e+05 +5.269237715e+05 +1.0452e-01 +5.6108e-01 +2.8648e-02 +8.4629e-01 +5.4906e-01 +2.7757e-02 +7.8070e-03 +8.2531e-01 +1.4981e-01 +1.4758e-01 +1.4411e-01 +3.4495e-02 +6.4628e-01 +7.1653e-01 +9.8842e-01 +3.9944e-01 +8.5222e-01 +7.6857e-01 +3.0577e-02 +8.8764e-01
14079 +5.223251996e+05 +5.223251996e+05 +5.222658996e+05 +5.222658996e+05 +1.0452e-01 +5.6108e-01 +2.8648e-02 +8.4629e-01 +5.4906e-01 +2.7757e-02 +7.8070e-03 +8.2531e-01 +1.4981e-01 +1.4758e-01 +1.4411e-01 +3.4495e-02 +6.4628e-01 +7.1653e-01 +9.8842e-01 +3.9944e-01 +8.5222e-01 +7.6857e-01 +3.0577e-02 +5.9264e-01
55365 +4.846856493e+05 +4.846856493e+05 +4.846263493e+05 +4.846263493e+05 +1.2310e-01 +4.9581e-01 +6.3366e-02 +9.2467e-01 +7.7301e-01 +9.5430e-01 +2.6415e-03 +9.7876e-01 +1.2424e-01 +1.5352e-01 +2.6198e-01 +5.8674e-01 +4.9497e-01 +5.8541e-01 +9.8085e-01 +6.6409e-01 +8.0462e-01 +8.7820e-01 +2.0072e-01 +1.9539e-01
% function evaluation | noise-free fitness - Fopt (-4.759000000000e+01) | best noise-free fitness - Fopt | measured fitness | best measured fitness | x1 | x2...
1 +4.508233811e+05 +4.508233811e+05 +4.507757911e+05 +4.507757911e+05 +0.0000e+00 +0.0000e+00 +0.0000e+00 +0.0000e+00 +0.0000e+00 +0.0000e+00 +0.0000e+00 +0.0000e+00 +0.0000e+00 +0.0000e+00 +0.0000e+00 +0.0000e+00 +0.0000e+00 +0.0000e+00 +0.0000e+00 +0.0000e+00 +0.0000e+00 +0.0000e+00 +0.0000e+00 +0.0000e+00
74 +4.148554048e+05 +4.148554048e+05 +4.148078148e+05 +4.148078148e+05 +9.3980e-01 +9.7990e-01 +6.9348e-01 +6.0007e-02 +9.9271e-01 +8.2840e-01 +1.2908e-01 +9.4348e-01 +6.0134e-01 +7.3909e-01 +3.9261e-01 +2.6366e-01 +8.9813e-01 +1.1192e-01 +5.3548e-01 +1.0293e-01 +4.5450e-01 +9.8905e-01 +6.3341e-01 +2.3640e-02
174 +3.808661811e+05 +3.808661811e+05 +3.808185911e+05 +3.808185911e+05 +2.8626e-01 +6.0425e-01 +1.4234e-01 +3.5310e-01 +8.0150e-01 +1.7631e-01 +8.9521e-01 +9.1422e-01 +4.2587e-01 +4.5207e-01 +7.3310e-01 +1.6106e-01 +4.6407e-01 +5.8155e-01 +9.4440e-01 +1.3829e-01 +4.6161e-01 +3.8851e-01 +8.5267e-01 +2.0208e-01
655 +3.571718113e+05 +3.571718113e+05 +3.571242213e+05 +3.571242213e+05 +3.4800e-01 +8.5325e-01 +1.7321e-01 +3.7292e-01 +9.7657e-01 +1.3633e-01 +4.0138e-01 +9.7691e-01 +4.7854e-01 +4.5207e-01 +7.3310e-01 +1.6106e-01 +4.6407e-01 +5.8155e-01 +9.4440e-01 +1.3829e-01 +4.6161e-01 +3.8851e-01 +8.5267e-01 +2.0208e-01
21502 +3.484935500e+05 +3.484935500e+05 +3.484459600e+05 +3.484459600e+05 +1.2727e-01 +9.6191e-01 +5.4198e-02 +4.7742e-01 +9.9903e-01 +1.3967e-02 +3.0713e-01 +8.3778e-01 +3.2208e-01 +8.2304e-01 +8.5187e-01 +8.1868e-02 +1.8172e-01 +5.9980e-01 +7.7797e-02 +2.0661e-01 +1.4651e-01 +9.9531e-02 +6.5452e-01 +1.5453e-01
35980 +3.365593655e+05 +3.365593655e+05 +3.365117755e+05 +3.365117755e+05 +4.6382e-02 +3.3515e-01 +8.1402e-02 +3.7292e-01 +9.7657e-01 +1.3633e-01 +3.0670e-02 +8.5296e-01 +4.7854e-01 +8.3447e-01 +6.5590e-01 +3.8836e-03 +2.6433e-01 +7.2138e-01 +8.6511e-01 +2.3584e-02 +1.1153e-01 +5.2468e-01 +9.3920e-01 +6.7810e-02
45383 +3.268286832e+05 +3.268286832e+05 +3.267810932e+05 +3.267810932e+05 +1.2727e-01 +9.7462e-01 +5.4198e-02 +4.7742e-01 +9.9903e-01 +1.3967e-02 +3.0713e-01 +8.3778e-01 +3.2208e-01 +3.6712e-01 +2.4886e-01 +1.6106e-01 +4.6407e-01 +3.2028e-02 +8.4918e-01 +5.9053e-02 +3.8373e-02 +2.7089e-03 +8.7023e-01 +2.9261e-01
91297 +3.229462413e+05 +3.229462413e+05 +3.228986513e+05 +3.228986513e+05 +8.6162e-02 +9.3084e-01 +2.0476e-01 +2.2206e-01 +9.1794e-01 +1.3633e-01 +6.5532e-01 +9.7691e-01 +5.7029e-01 +7.0837e-01 +3.1492e-01 +2.6559e-02 +4.4228e-01 +2.0698e-01 +9.4440e-01 +1.3829e-01 +2.1470e-02 +1.5944e-01 +9.9900e-01 +2.5765e-03
% function evaluation | noise-free fitness - Fopt (-8.284000000000e+01) | best noise-free fitness - Fopt | measured fitness | best measured fitness | x1 | x2...
1 +2.443811453e+05 +2.443811453e+05 +2.442983053e+05 +2.442983053e+05 +0.0000e+00 +0.0000e+00 +0.0000e+00 +0.0000e+00 +0.0000e+00 +0.0000e+00 +0.0000e+00 +0.0000e+00 +0.0000e+00 +0.0000e+00 +0.0000e+00 +0.0000e+00 +0.0000e+00 +0.0000e+00 +0.0000e+00 +0.0000e+00 +0.0000e+00 +0.0000e+00 +0.0000e+00 +0.0000e+00
5 +2.364316105e+05 +2.364316105e+05 +2.363487705e+05 +2.363487705e+05 +5.0621e-01 +8.5337e-01 +3.5756e-01 +1.6753e-01 +7.7863e-02 +9.0010e-01 +7.1181e-01 +6.8916e-01 +8.9334e-01 +2.3005e-01 +9.7960e-01 +9.6179e-01 +8.7227e-01 +1.2916e-01 +1.7463e-01 +6.2259e-02 +6.5959e-01 +9.5752e-01 +6.6774e-02 +9.0491e-01
30 +2.097659338e+05 +2.097659338e+05 +2.096830938e+05 +2.096830938e+05 +9.3903e-01 +9.3925e-02 +2.1035e-01 +6.4677e-01 +1.2775e-01 +9.2760e-01 +4.2173e-01 +5.8590e-01 +9.4848e-01 +4.2267e-01 +3.8121e-01 +1.5401e-01 +7.2130e-01 +5.3730e-01 +1.8321e-01 +8.8997e-01 +6.9837e-01 +4.8858e-02 +8.8796e-02 +9.2675e-01
273 +1.998912663e+05 +1.998912663e+05 +1.998084263e+05 +1.998084263e+05 +7.1058e-02 +1.7980e-03 +6.3086e-01 +1.2153e-01 +1.5013e-01 +4.6683e-01 +4.5959e-01 +9.3884e-01 +2.9282e-01 +5.6353e-02 +2.9193e-01 +3.6866e-01 +6.4843e-01 +2.8808e-01 +9.6601e-01 +9.4870e-01 +5.6304e-01 +2.8343e-01 +5.8660e-01 +1.2261e-01
335 +1.966268338e+05 +1.966268338e+05 +1.965439938e+05 +1.965439938e+05 +2.5066e-02 +3.2975e-01 +8.9988e-02 +4.6395e-01 +1.4144e-01 +4.9262e-01 +7.8596e-01 +8.1343e-01 +5.0211e-01 +2.9560e-01 +4.2129e-01 +3.5622e-01 +6.4655e-01 +2.0562e-01 +8.0974e-01 +7.6633e-01 +9.1796e-01 +8.3831e-02 +2.2794e-01 +7.4502e-01
3741 +1.927895314e+05 +1.927895314e+05 +1.927066914e+05 +1.927066914e+05 +4.4944e-01 +1.2854e-01 +8.0680e-01 +5.6742e-01 +1.7614e-01 +8.7528e-01 +1.9921e-01 +5.1184e-01 +2.5003e-01 +1.1669e-01 +6.3492e-01 +6.3875e-01 +9.7138e-01 +6.4156e-01 +8.4522e-01 +6.6810e-01 +7.6342e-01 +5.5543e-01 +8.8674e-02 +6.4831e-01
5270 +1.887187354e+05 +1.887187354e+05 +1.886358954e+05 +1.886358954e+05 +1.0565e-01 +5.5235e-01 +1.7939e-01 +6.7313e-01 +2.4602e-02 +2.0585e-01 +8.2537e-01 +6.0469e-01 +2.7299e-01 +1.5692e-01 +9.1527e-01 +2.3182e-01 +8.4281e-01 +2.4709e-01 +8.7188e-01 +9.1025e-01 +3.0014e-01 +1.9706e-02 +5.7977e-02 +9.5702e-01
19880 +1.852366547e+05 +1.852366547e+05 +1.851538147e+05 +1.851538147e+05 +2.5066e-02 +3.2975e-01 +8.9988e-02 +4.6395e-01 +1.4144e-01 +7.9208e-01 +6.0620e-01 +9.9104e-01 +4.5491e-02 +1.4213e-01 +8.9525e-01 +9.3980e-01 +7.8552e-01 +1.3817e-01 +8.2693e-01 +6.9678e-01 +5.3579e-01 +4.4238e-01 +1.0445e-01 +7.7416e-01
39894 +1.805243857e+05 +1.805243857e+05 +1.804415457e+05 +1.804415457e+05 +3.2773e-02 +3.5505e-01 +1.9151e-01 +9.7841e-02 +1.4144e-01 +7.9208e-01 +6.0620e-01 +9.9104e-01 +4.5491e-02 +1.4213e-01 +8.9525e-01 +9.3980e-01 +7.8552e-01 +1.3817e-01 +8.2693e-01 +6.9678e-01 +7.3128e-01 +2.4497e-03 +2.5793e-01 +7.0221e-01
50535 +1.776992500e+05 +1.776992500e+05 +1.776164100e+05 +1.776164100e+05 +3.2773e-02 +3.5505e-01 +1.9151e-01 +9.7841e-02 +1.4144e-01 +7.9208e-01 +6.0620e-01 +9.9104e-01 +4.5491e-02 +1.2259e-01 +8.9525e-01 +2.7398e-01 +9.3355e-01 +6.8408e-02 +4.0277e-01 +9.6343e-01 +5.9790e-01 +3.4835e-01 +1.3203e-01 +4.9878e-01
51175 +1.736300247e+05 +1.736300247e+05 +1.735471847e+05 +1.735471847e+05 +3.2773e-02 +3.5505e-01 +1.9151e-01 +9.7841e-02 +1.4144e-01 +7.9208e-01 +6.0620e-01 +9.9104e-01 +4.5491e-02 +1.2259e-01 +8.9525e-01 +2.7398e-01 +9.3355e-01 +6.8408e-02 +4.0277e-01 +9.6343e-01 +5.9790e-01 +2.4497e-03 +2.5793e-01 +8.3123e-01
79062 +1.674590670e+05 +1.674590670e+05 +1.673762270e+05 +1.673762270e+05 +3.3216e-03 +5.9779e-03 +5.7543e-01 +2.6318e-01 +8.9930e-02 +9.8816e-01 +2.7609e-01 +8.5088e-01 +1.5064e-01 +1.4213e-01 +1.9964e-01 +2.8480e-01 +9.3355e-01 +6.8408e-02 +4.0277e-01 +9.6343e-01 +5.9790e-01 +2.4497e-03 +2.5793e-01 +8.3123e-01
