rank	gen	depth	min     	avg     	max     	std    
3   	0  	100  	-9034.04	-2422.12	-2121.65	619.319
3   	1  	100  	-48245.2	-2412.52	-2092.69	2143.72
3   	2  	100  	-38432.2	-2289.51	-2091.51	1622.74
3   	3  	100  	-9286.75	-2214.85	-2090.93	350.359
3   	4  	100  	-23338.2	-2281.53	-2084.29	1296.22
3   	5  	100  	-8557.61	-2181.29	-2084.29	319.64 
3   	6  	100  	-4641.57	-2160.66	-2084.22	205.141
3   	7  	100  	-3413.22	-2144.92	-2084.22	130.461
3   	8  	100  	-3506.58	-2135.13	-2084.22	122.06 
3   	9  	100  	-6113.49	-2142.37	-2078.75	233.522
3   	10 	100  	-4149.25	-2128.78	-2076.08	145.284
3   	11 	100  	-5097.89	-2122.35	-2071.97	157.384
3   	12 	100  	-4784.75	-2128.15	-2071.97	174.617
3   	13 	100  	-5007.13	-2131.19	-2071.81	233.214
3   	14 	100  	-4551.86	-2122.44	-2071.81	165.02 
3   	15 	100  	-5392.21	-2133.42	-2068.88	239.24 
3   	16 	100  	-5774.81	-2123.83	-2067.7 	227.643
3   	17 	100  	-4256.59	-2106.4 	-2063.7 	136.67 
3   	18 	100  	-5025.27	-2122.5 	-2063.7 	221.874
3   	19 	100  	-5360.88	-2109.82	-2063.57	177.596
3   	20 	100  	-4112.93	-2101.35	-2063.57	135.628
3   	21 	100  	-3880.22	-2103.87	-2062.05	139.155
3   	22 	100  	-3117.6 	-2096.19	-2062.05	88.6363
3   	23 	100  	-3365.79	-2096.18	-2060.45	101.041
3   	24 	100  	-3829.23	-2111.46	-2058.83	166.112
3   	25 	100  	-13829.6	-2131.77	-2057.05	552.694
3   	26 	100  	-3762.01	-2091.93	-2057.05	106.208
3   	27 	100  	-3278.54	-2091.96	-2056.08	102.329
3   	28 	100  	-2884.81	-2084.49	-2053.29	71.6981
3   	29 	100  	-3210.73	-2084.77	-2053.29	91.5447
3   	30 	100  	-4444.87	-2093.84	-2052.8 	161.488
3   	31 	100  	-3172.38	-2082.07	-2051.6 	82.3849
3   	32 	100  	-3237.39	-2087.73	-2051.6 	118.641
3   	33 	100  	-3004.76	-2076.34	-2051.6 	73.3414
3   	34 	100  	-3068.84	-2076.08	-2051.52	67.4067
3   	35 	100  	-2436.47	-2067.77	-2050.17	33.6264
3   	36 	100  	-3631.06	-2077.79	-2050.17	91.7031
3   	37 	100  	-2903.97	-2077.55	-2049.37	72.6974
3   	38 	100  	-3285.42	-2074.32	-2049.37	87.0505
3   	39 	100  	-4978.26	-2087.65	-2048.54	188.669
3   	40 	100  	-3328.53	-2079.28	-2047.77	98.4749
3   	41 	100  	-3166.79	-2075.62	-2047.08	96.4276
3   	42 	100  	-17617.6	-2103.27	-2047.08	699.419
3   	43 	100  	-3167.2 	-2070.11	-2047.08	77.1124
3   	44 	100  	-3090.19	-2070.67	-2047.08	74.0618
3   	45 	100  	-3025.33	-2068.36	-2047.02	68.5892
3   	46 	100  	-3496.58	-2070.88	-2046.5 	106.857
3   	47 	100  	-5033.97	-2077.08	-2046.5 	177.292
3   	48 	100  	-2447.74	-2064.35	-2045.75	38.759 
3   	49 	100  	-2611.13	-2066.39	-2045.75	50.6417
3   	50 	100  	-4144.51	-2077.76	-2045.05	164.154
3   	51 	100  	-2456.88	-2066.87	-2043.36	53.8254
3   	52 	100  	-4573.15	-2075.53	-2043.36	152.561
3   	53 	100  	-3519.52	-2065.62	-2041.91	94.7707
3   	54 	100  	-2854.82	-2066.84	-2041.91	74.5409
3   	55 	100  	-4512.55	-2071.73	-2041.91	130.063
3   	56 	100  	-2848.01	-2060.96	-2041.91	56.2319
3   	57 	100  	-3736.32	-2063.48	-2041.4 	92.5211
3   	58 	100  	-4719.1 	-2076.02	-2040.97	167.249
3   	59 	100  	-7745.27	-2089   	-2040.97	355.742
3   	60 	100  	-2905.11	-2064.41	-2040.27	73.6155
3   	61 	100  	-3197.48	-2063.42	-2040.27	82.4441
3   	62 	100  	-3605.25	-2067.29	-2040.27	105.384
3   	63 	100  	-5358.66	-2061.91	-2040.27	166.864
3   	64 	100  	-2729.96	-2059.84	-2040.27	63.0826
3   	65 	100  	-3163.76	-2064.75	-2040.27	98.5422
3   	66 	100  	-2950.92	-2055.74	-2040.27	54.7077
3   	67 	100  	-3312.84	-2059.25	-2040.27	85.0154
3   	68 	100  	-3730.25	-2061.81	-2039.74	102.421
3   	69 	100  	-3984   	-2061.53	-2039.74	114.065
3   	70 	100  	-8277.18	-2085.54	-2039.74	339.08 
3   	71 	100  	-2795.65	-2051.45	-2039.57	44.9827
3   	72 	100  	-2431.94	-2055.21	-2039.54	44.201 
3   	73 	100  	-2841.35	-2055.18	-2039.31	52.6628
3   	74 	100  	-3181.38	-2058.11	-2039.04	69.2176
3   	75 	100  	-3250.01	-2061.33	-2039.04	91.7599
3   	76 	100  	-2488.66	-2051.29	-2038.76	35.5479
3   	77 	100  	-2995.46	-2059.04	-2038.36	81.2063
3   	78 	100  	-2503.37	-2052.99	-2038.36	39.7681
3   	79 	100  	-2823.56	-2053.19	-2038.36	55.4462
3   	80 	100  	-3542.26	-2059.35	-2037.48	95.4954
3   	81 	100  	-2614.82	-2052.89	-2037.48	43.0104
3   	82 	100  	-4030.77	-2054.93	-2037.48	104.608
3   	83 	100  	-2387.57	-2050.07	-2037.48	33.9803
3   	84 	100  	-2747.42	-2056.22	-2037.48	59.7246
3   	85 	100  	-3119.37	-2051.54	-2037.48	60.3073
3   	86 	100  	-2838.9 	-2055.77	-2037.39	59.4004
3   	87 	100  	-2805.45	-2052.94	-2037.36	53.1798
3   	88 	100  	-2329.02	-2049.81	-2037.36	31.7365
3   	89 	100  	-3785.31	-2053.04	-2037.36	97.6388
3   	90 	100  	-3031.73	-2051.28	-2037.36	58.4045
3   	91 	100  	-2678.91	-2051.48	-2036.92	50.1657
3   	92 	100  	-3192.87	-2055.54	-2036.47	82.0867
3   	93 	100  	-2920.45	-2052.14	-2036.47	65.7617
3   	94 	100  	-2960.74	-2051.8 	-2036.47	60.9417
3   	95 	100  	-2444.17	-2048.82	-2035.97	37.379 
3   	96 	100  	-3761.33	-2054.91	-2035.97	104.166
3   	97 	100  	-2156.03	-2044.68	-2035.97	15.6633
3   	98 	100  	-6437.45	-2062.57	-2035.97	212.64 
3   	99 	100  	-2423.57	-2049.39	-2035.97	40.3849
rank	gen	depth	min     	avg     	max     	std    
3   	0  	100  	-71856.6	-2681.64	-2103.69	3927.21
3   	1  	100  	-4698.61	-2293.93	-2103.69	238.39 
3   	2  	100  	-15302.4	-2357.93	-2097.95	900.362
3   	3  	100  	-7128.8 	-2231.75	-2095.53	300.421
3   	4  	100  	-8270.69	-2233.5 	-2095.19	378.393
3   	5  	100  	-6576.16	-2197.54	-2086.42	264.375
3   	6  	100  	-6796.55	-2186.59	-2086.42	273.712
3   	7  	100  	-17195.8	-2221.12	-2084.14	763.928
3   	8  	100  	-6838.93	-2160.08	-2083.44	262.539
3   	9  	100  	-4706.79	-2148.5 	-2080.02	194.634
3   	10 	100  	-12509.5	-2157.01	-2080.02	476.841
3   	11 	100  	-9481.2 	-2161.15	-2076.74	380.183
3   	12 	100  	-8072.96	-2159.5 	-2073.68	361.865
3   	13 	100  	-4170.72	-2133.97	-2073.68	177.545
3   	14 	100  	-9033.2 	-2139.1 	-2070.08	337.177
3   	15 	100  	-4584.63	-2125.34	-2068.66	161.279
3   	16 	100  	-5323.53	-2120.55	-2068.66	175.733
3   	17 	100  	-9045.34	-2143.07	-2067.45	365.096
3   	18 	100  	-2884.7 	-2105.46	-2063.88	84.2361
3   	19 	100  	-3368.51	-2102.99	-2063.88	85.8343
3   	20 	100  	-3433.6 	-2112.69	-2063.88	140.507
3   	21 	100  	-3086.04	-2116.24	-2063.88	129.116
3   	22 	100  	-5114.88	-2126.45	-2062.89	229.906
3   	23 	100  	-3072.52	-2104.9 	-2062.89	94.8429
3   	24 	100  	-4224.73	-2114.46	-2062.36	165.973
3   	25 	100  	-5209.64	-2118.39	-2061.22	210.566
3   	26 	100  	-14374.8	-2157.98	-2061.19	673.936
3   	27 	100  	-8270.6 	-2164.15	-2058.95	518.166
3   	28 	100  	-3488.43	-2099.54	-2058.95	95.4983
3   	29 	100  	-4351.53	-2111.9 	-2058.95	174.767
3   	30 	100  	-3004.69	-2096.19	-2057.79	78.1301
3   	31 	100  	-4229.09	-2102.83	-2057.79	133.403
3   	32 	100  	-3528.98	-2099.29	-2057.43	121.943
3   	33 	100  	-2952.64	-2089.19	-2056.79	80.5831
3   	34 	100  	-5318.1 	-2101.21	-2055.97	173.758
3   	35 	100  	-5087.8 	-2105.98	-2053.07	212.181
3   	36 	100  	-3524.46	-2090.35	-2053.07	107.038
3   	37 	100  	-5205.59	-2103.77	-2051.73	216.48 
3   	38 	100  	-4620.97	-2094.69	-2051.73	155.047
3   	39 	100  	-7767.84	-2104.71	-2051.26	299.588
3   	40 	100  	-4065.72	-2105.44	-2051.26	194.271
3   	41 	100  	-3034.24	-2080.6 	-2049.65	68.3681
3   	42 	100  	-8086.65	-2095.58	-2049.65	282.091
3   	43 	100  	-3454.03	-2082.45	-2049.65	91.3112
3   	44 	100  	-3407.96	-2086.07	-2049.65	114.27 
3   	45 	100  	-5000.79	-2095.9 	-2047.51	186.5  
3   	46 	100  	-2550.21	-2074.38	-2047.51	54.8726
3   	47 	100  	-4517.23	-2089.68	-2047.51	179.815
3   	48 	100  	-5074.87	-2090.59	-2047.51	196.379
3   	49 	100  	-11498.8	-2103   	-2046.68	456.776
3   	50 	100  	-2786.52	-2074.31	-2046.68	63.8445
3   	51 	100  	-3510.16	-2078.83	-2045.46	98.3771
3   	52 	100  	-2754.82	-2078.83	-2044.97	74.5637
3   	53 	100  	-27421.2	-2132.71	-2044.29	1143.97
3   	54 	100  	-2747.79	-2071.75	-2044.29	59.8375
3   	55 	100  	-3246.62	-2072.54	-2044.29	79.0109
3   	56 	100  	-3378.5 	-2076.3 	-2044.29	99.6342
3   	57 	100  	-2639.31	-2066.38	-2044.29	55.1308
3   	58 	100  	-3695.51	-2075.52	-2044.02	97.7221
3   	59 	100  	-2520.56	-2066.29	-2044.02	43.3401
3   	60 	100  	-2866.42	-2069.2 	-2044.02	63.7891
3   	61 	100  	-3355.33	-2073.66	-2043.89	90.1867
3   	62 	100  	-4199.21	-2077.21	-2043.89	125.7  
3   	63 	100  	-3780.51	-2077.59	-2042.83	119.771
3   	64 	100  	-3906.08	-2073.44	-2042.83	123.775
3   	65 	100  	-2878.8 	-2067.43	-2042.83	70.0198
3   	66 	100  	-2848.81	-2069.93	-2042.73	79.3879
3   	67 	100  	-3403.81	-2068.2 	-2042.73	83.8074
3   	68 	100  	-2527.16	-2064.65	-2042.73	49.277 
3   	69 	100  	-6879.5 	-2083.42	-2041.44	242.714
3   	70 	100  	-3420.41	-2070.9 	-2041.44	93.0885
3   	71 	100  	-2396.65	-2060.47	-2041.44	33.8892
3   	72 	100  	-2700.69	-2064.27	-2041.44	57.5286
3   	73 	100  	-4645.84	-2085.88	-2041.44	207.963
3   	74 	100  	-2800.32	-2069.01	-2040.62	69.1578
3   	75 	100  	-4063.85	-2079.03	-2040.62	163.547
3   	76 	100  	-4332.04	-2067.01	-2040.62	116.493
3   	77 	100  	-2541.73	-2063.41	-2040.62	51.0125
3   	78 	100  	-4209.18	-2078.71	-2040.62	147.302
3   	79 	100  	-3106.69	-2071.34	-2040.62	99.955 
3   	80 	100  	-3716.73	-2070.21	-2040.62	122.469
3   	81 	100  	-3306.51	-2067.32	-2040.62	96.7582
3   	82 	100  	-5743.13	-2073.82	-2040.55	190.526
3   	83 	100  	-3560   	-2072.58	-2040.31	122.088
3   	84 	100  	-4449.39	-2068.75	-2040.24	130.705
3   	85 	100  	-2425.05	-2059.3 	-2040.24	41.5161
3   	86 	100  	-2767.32	-2061.2 	-2040.24	57.3049
3   	87 	100  	-2398.25	-2060.51	-2040.24	41.4446
3   	88 	100  	-2585.85	-2060.52	-2040.24	50.0895
3   	89 	100  	-2835.73	-2061.59	-2040.05	64.2078
3   	90 	100  	-4692.41	-2069.35	-2040.05	143.901
3   	91 	100  	-2923.29	-2062.04	-2040.05	64.2136
3   	92 	100  	-5007.53	-2068.69	-2039.54	154.011
3   	93 	100  	-5877.69	-2075.3 	-2039.14	198.59 
3   	94 	100  	-2661.22	-2062.01	-2039.14	56.0016
3   	95 	100  	-2748.53	-2060.11	-2038.54	61.2157
3   	96 	100  	-3314.7 	-2066.2 	-2038.54	99.3074
3   	97 	100  	-2738.97	-2059.41	-2038.18	60.7602
3   	98 	100  	-2536.26	-2057.38	-2038.18	45.0139
3   	99 	100  	-2666.05	-2058.18	-2037.12	54.8768
rank	gen	depth	min     	avg     	max     	std    
3   	0  	100  	-37411.4	-2528.22	-2104.93	1821.63
3   	1  	100  	-8727.94	-2371.97	-2104.93	563.841
3   	2  	100  	-7411.51	-2295.66	-2104.93	407.604
3   	3  	100  	-35181.1	-2335.82	-2104.93	1503.34
3   	4  	100  	-28957.8	-2317   	-2104.93	1263.53
3   	5  	100  	-13253.6	-2328.72	-2100.52	800.056
3   	6  	100  	-6943.92	-2237.44	-2098.66	291.073
3   	7  	100  	-9649.9 	-2256.84	-2098.66	445.311
3   	8  	100  	-5713.85	-2233.72	-2098.66	319.592
3   	9  	100  	-5970.91	-2241.06	-2088.8 	359.796
3   	10 	100  	-9825.61	-2259.34	-2088.8 	537.402
3   	11 	100  	-9805.13	-2246.5 	-2088.8 	559.088
3   	12 	100  	-13254  	-2236.2 	-2084.41	596.412
3   	13 	100  	-8754.43	-2264.96	-2084.41	598.771
3   	14 	100  	-7893.71	-2228.44	-2084.41	484.855
3   	15 	100  	-8683.62	-2214.04	-2084.41	484.324
3   	16 	100  	-9066.21	-2268.18	-2079.02	575.973
3   	17 	100  	-21966.3	-2232.73	-2079.02	981.65 
3   	18 	100  	-9231.62	-2227.65	-2078.62	499.449
3   	19 	100  	-4278.06	-2173.62	-2077.45	186.052
3   	20 	100  	-4926.8 	-2176.74	-2076.55	225.779
3   	21 	100  	-6745.88	-2195.52	-2072.15	343.556
3   	22 	100  	-4686.37	-2169.43	-2072.15	194.7  
3   	23 	100  	-7210.92	-2186.68	-2072.15	377.962
3   	24 	100  	-13135.7	-2189.05	-2072.15	547.007
3   	25 	100  	-5861.62	-2184.96	-2072.15	310.009
3   	26 	100  	-11554.5	-2203.08	-2072.15	543.607
3   	27 	100  	-15681.5	-2233.15	-2072.15	806.482
3   	28 	100  	-5629.45	-2168.67	-2072.15	226.618
3   	29 	100  	-7282.9 	-2180.09	-2072.15	348.21 
3   	30 	100  	-15894.3	-2202.61	-2072.15	703.24 
3   	31 	100  	-15588.2	-2194.28	-2072.15	661.626
3   	32 	100  	-5563.47	-2186.48	-2072.15	285.834
3   	33 	100  	-13417.1	-2191.93	-2072.15	701.563
3   	34 	100  	-4110.09	-2166.09	-2072.15	241.799
3   	35 	100  	-10641.4	-2212.84	-2072.15	641.362
3   	36 	100  	-17334.2	-2235.19	-2071.85	845.913
3   	37 	100  	-4802.74	-2148.96	-2069.96	191.176
3   	38 	100  	-14342.6	-2194.44	-2066.28	624.887
3   	39 	100  	-7847.86	-2179.97	-2066.28	371.2  
3   	40 	100  	-4610.17	-2153.7 	-2066.28	229.474
3   	41 	100  	-13562.7	-2183.55	-2066.28	636.456
3   	42 	100  	-5643.33	-2152.27	-2066.28	271.833
3   	43 	100  	-3749.91	-2138.74	-2062.98	161.208
3   	44 	100  	-10817.2	-2171.01	-2062.98	458.109
3   	45 	100  	-10301.3	-2158.82	-2062.98	395.997
3   	46 	100  	-7004.32	-2160.13	-2062.98	291.539
3   	47 	100  	-5731.92	-2143.83	-2062.98	233.645
3   	48 	100  	-8308.46	-2172.14	-2062.98	415.414
3   	49 	100  	-6517.75	-2159.41	-2061.65	355.04 
3   	50 	100  	-4735.34	-2129.96	-2061.65	167.439
3   	51 	100  	-4343.24	-2138   	-2061.52	210.683
3   	52 	100  	-4530.39	-2139.54	-2060.47	193.581
3   	53 	100  	-27056.1	-2238.49	-2060.47	1320.55
3   	54 	100  	-6496.58	-2136.77	-2060.08	233.587
3   	55 	100  	-6277.09	-2167.39	-2060.08	334.023
3   	56 	100  	-3637.38	-2142.36	-2059.23	177.714
3   	57 	100  	-5589.13	-2132.82	-2059.23	221.742
3   	58 	100  	-12106.6	-2167.72	-2059.23	592.845
3   	59 	100  	-3648.29	-2121.57	-2058.7 	136.301
3   	60 	100  	-4125.08	-2142.24	-2058.7 	209.279
3   	61 	100  	-3816.21	-2128.32	-2058.7 	160.909
3   	62 	100  	-5849.03	-2134.98	-2058.7 	236.135
3   	63 	100  	-3736.08	-2131.39	-2058.7 	162.392
3   	64 	100  	-4737   	-2144.09	-2058.7 	243.396
3   	65 	100  	-4902.76	-2150.54	-2058   	271.511
3   	66 	100  	-4514.18	-2138.23	-2058   	211.278
3   	67 	100  	-11335.3	-2143.26	-2057.3 	442.299
3   	68 	100  	-4107.44	-2137.2 	-2054.91	198.864
3   	69 	100  	-7158.02	-2141.6 	-2054.1 	329.387
3   	70 	100  	-3846.87	-2116.83	-2054.1 	144.163
3   	71 	100  	-6855.36	-2145.03	-2054.1 	316.987
3   	72 	100  	-6358.56	-2151.47	-2054.1 	347.872
3   	73 	100  	-4991.56	-2152.78	-2054.1 	281.591
3   	74 	100  	-13344.7	-2184.96	-2054.1 	645.534
3   	75 	100  	-6786.26	-2150.97	-2053.74	407.636
3   	76 	100  	-4740.28	-2124.78	-2052.45	198.538
3   	77 	100  	-3049.23	-2110.63	-2052.45	106.843
3   	78 	100  	-20349.2	-2162.52	-2052.45	843.005
3   	79 	100  	-5860.61	-2129.28	-2052.45	248.242
3   	80 	100  	-3780.28	-2116.04	-2051.89	144.103
3   	81 	100  	-13636.4	-2162.89	-2051.89	647.502
3   	82 	100  	-3301.95	-2113.37	-2051.35	115.53 
3   	83 	100  	-8064.59	-2151.38	-2051.35	395.794
3   	84 	100  	-4756.32	-2115.34	-2051.35	171.857
3   	85 	100  	-6952.77	-2133.84	-2051.35	293.213
3   	86 	100  	-5308.53	-2126.39	-2051.35	231.98 
3   	87 	100  	-3461.93	-2102.31	-2051.07	122.646
3   	88 	100  	-5413.38	-2122.63	-2051.07	227.704
3   	89 	100  	-9704.98	-2124.08	-2051.07	375.531
3   	90 	100  	-11462.3	-2145.41	-2050.35	493.322
3   	91 	100  	-14721.7	-2160.35	-2050.35	653.373
3   	92 	100  	-9630.68	-2132.33	-2050.35	420.873
3   	93 	100  	-12844.3	-2137.87	-2050.35	532.09 
3   	94 	100  	-5085.69	-2116.96	-2050.35	219.537
3   	95 	100  	-4939.46	-2108.21	-2050.07	176.429
3   	96 	100  	-11258  	-2133.15	-2050.07	512.383
3   	97 	100  	-7208.96	-2118.01	-2050.07	282    
3   	98 	100  	-8286.23	-2112.47	-2048.63	317.93 
3   	99 	100  	-7904.97	-2146.78	-2048.63	436.536
rank	gen	depth	min     	avg     	max     	std    
3   	0  	100  	-8450.86	-2449.55	-2120.11	561.35 
3   	1  	100  	-8413.2 	-2315.58	-2116.66	414.987
3   	2  	100  	-30030.4	-2447.13	-2109.98	1789.69
3   	3  	100  	-14045.9	-2306.88	-2089.18	672.301
3   	4  	100  	-10547.1	-2244.66	-2087.15	457.052
3   	5  	100  	-6060.7 	-2233.91	-2080.37	326.132
3   	6  	100  	-4928   	-2211   	-2080.37	245.142
3   	7  	100  	-5075.73	-2209.94	-2079.66	282.77 
3   	8  	100  	-9251.36	-2228.29	-2076.88	498.487
3   	9  	100  	-14837.2	-2242.23	-2076.88	722.899
3   	10 	100  	-18577.2	-2233.36	-2075.17	823.083
3   	11 	100  	-6910.5 	-2170.42	-2073.1 	275.436
3   	12 	100  	-8459.13	-2188.65	-2073.1 	492.584
3   	13 	100  	-3392.47	-2157.87	-2073.1 	158.791
3   	14 	100  	-7202.67	-2163.78	-2073.1 	327.688
3   	15 	100  	-5119.39	-2165.63	-2073.1 	238.928
3   	16 	100  	-10644.6	-2170.09	-2071.05	467.802
3   	17 	100  	-12457.2	-2207.6 	-2069.37	588.17 
3   	18 	100  	-5836.31	-2147.84	-2069.35	223.408
3   	19 	100  	-6247.76	-2167.38	-2069.35	345.778
3   	20 	100  	-7829.67	-2160.68	-2068.15	343.359
3   	21 	100  	-5863.71	-2163.57	-2068.15	275.528
3   	22 	100  	-7273.04	-2173.02	-2068.15	396.659
3   	23 	100  	-4947.9 	-2150.36	-2067.79	247.584
3   	24 	100  	-20132.5	-2238.38	-2067.79	1098.67
3   	25 	100  	-4644.84	-2150.32	-2064.83	237.856
3   	26 	100  	-4876.73	-2139.87	-2060.45	225.725
3   	27 	100  	-3094.68	-2111.89	-2060.45	82.7503
3   	28 	100  	-10812.2	-2160.1 	-2054.17	498.527
3   	29 	100  	-14221.6	-2153.1 	-2053.26	568.305
3   	30 	100  	-8943.97	-2173.26	-2053.26	421.768
3   	31 	100  	-6742.84	-2143.99	-2053.08	285.198
3   	32 	100  	-4091.98	-2127.84	-2053.08	184.252
3   	33 	100  	-7019.96	-2133.49	-2053.08	291.178
3   	34 	100  	-4316.83	-2126.71	-2053.08	193.274
3   	35 	100  	-4314.09	-2118.12	-2053.08	154.338
3   	36 	100  	-7264.55	-2135.5 	-2053.08	340.755
3   	37 	100  	-6600.5 	-2131.46	-2052.1 	319.019
3   	38 	100  	-8066.86	-2128.3 	-2052.1 	312.328
3   	39 	100  	-12468.9	-2149.45	-2051.47	570.661
3   	40 	100  	-6214.24	-2119.41	-2051.1 	244.795
3   	41 	100  	-5651.29	-2136.28	-2051.1 	297.621
3   	42 	100  	-3833.04	-2099.53	-2051.1 	114.942
3   	43 	100  	-3751.44	-2109.98	-2051.1 	139.326
3   	44 	100  	-4550.06	-2105.52	-2048.12	177.591
3   	45 	100  	-15996.4	-2137.62	-2048.12	672.891
3   	46 	100  	-3942.85	-2102.43	-2048.12	134.531
3   	47 	100  	-9786.33	-2134.24	-2048.12	489.654
3   	48 	100  	-3263.47	-2100.38	-2048.12	119.307
3   	49 	100  	-4864.1 	-2118.51	-2048.12	253.973
3   	50 	100  	-26601.9	-2189.76	-2048.12	1435.46
3   	51 	100  	-11304.6	-2139.1 	-2048.12	515.084
3   	52 	100  	-4324.73	-2097.87	-2048.12	149.884
3   	53 	100  	-5161.52	-2104.04	-2048.12	195.195
3   	54 	100  	-5316.72	-2108.53	-2048.12	209.63 
3   	55 	100  	-3152.32	-2093.78	-2047.7 	109.768
3   	56 	100  	-4635.09	-2100.28	-2047.7 	177.144
3   	57 	100  	-18189  	-2127.48	-2047.7 	739.321
3   	58 	100  	-3005.06	-2093.1 	-2047.7 	108.924
3   	59 	100  	-5272.15	-2110.5 	-2047.7 	274.686
3   	60 	100  	-5045.4 	-2109.66	-2047.7 	200.066
3   	61 	100  	-3097.7 	-2092.06	-2047.7 	101.313
3   	62 	100  	-3316.53	-2095.45	-2047.7 	117.324
3   	63 	100  	-3789.68	-2096.09	-2047.7 	133.516
3   	64 	100  	-4378.97	-2089.83	-2047.45	123.983
3   	65 	100  	-3001.81	-2083.21	-2046.88	76.2363
3   	66 	100  	-13614.6	-2139.91	-2046.88	631.951
3   	67 	100  	-3619.14	-2083.65	-2046.88	106.205
3   	68 	100  	-3376.52	-2095.28	-2046.88	118.382
3   	69 	100  	-5747.45	-2111.78	-2046.88	268.068
3   	70 	100  	-4532.38	-2096.76	-2045.36	163.793
3   	71 	100  	-5052.72	-2089.23	-2045.36	154.361
3   	72 	100  	-3314.85	-2089.57	-2045.36	106.518
3   	73 	100  	-2924.49	-2089.34	-2045.36	110.542
3   	74 	100  	-4323.37	-2096.47	-2045.36	156.722
3   	75 	100  	-4196.36	-2086.65	-2045.36	136.154
3   	76 	100  	-3245.45	-2080.21	-2045.11	82.9961
3   	77 	100  	-4307.69	-2117.62	-2044.97	256.536
3   	78 	100  	-3048.9 	-2084.37	-2044.97	95.5829
3   	79 	100  	-3233.57	-2080.54	-2044.97	87.7579
3   	80 	100  	-10216.7	-2130.5 	-2044.97	502.017
3   	81 	100  	-4785.32	-2083.89	-2044.97	148.341
3   	82 	100  	-3592.54	-2085.14	-2044.97	104.148
3   	83 	100  	-3684.95	-2085.86	-2044.97	111.279
3   	84 	100  	-3115.12	-2080.05	-2043.57	84.6502
3   	85 	100  	-3596.77	-2083.57	-2043.57	112.963
3   	86 	100  	-7723.93	-2099.72	-2043.57	303.19 
3   	87 	100  	-3778.01	-2082.03	-2043.57	117.729
3   	88 	100  	-5228.89	-2081.97	-2043.57	154.029
3   	89 	100  	-2749.08	-2082.35	-2043.57	76.8424
3   	90 	100  	-2653.34	-2073.92	-2043.57	50.3087
3   	91 	100  	-8766.78	-2109.93	-2043.43	426.444
3   	92 	100  	-3067.81	-2081.38	-2043.43	81.877 
3   	93 	100  	-6138.48	-2112.78	-2043.43	308.426
3   	94 	100  	-3551.61	-2084.26	-2043.43	120.485
3   	95 	100  	-4267.31	-2088.05	-2043.43	136.358
3   	96 	100  	-4605.65	-2084.38	-2043.39	164.052
3   	97 	100  	-4498.72	-2087.16	-2043.39	161.193
3   	98 	100  	-4854.53	-2083.8 	-2043.39	149.519
3   	99 	100  	-3114.22	-2072.43	-2043.39	75.1114
rank	gen	depth	min     	avg     	max     	std    
3   	0  	100  	-7757.96	-2385.01	-2116.88	442.971
3   	1  	100  	-4952.11	-2251.26	-2116.88	164.182
3   	2  	100  	-9784.93	-2242.53	-2103.32	399.456
3   	3  	100  	-3149.52	-2178.46	-2090.26	89.9838
3   	4  	100  	-8871.31	-2199.8 	-2090.26	429.644
3   	5  	100  	-2594.45	-2145.75	-2088.16	53.044 
3   	6  	100  	-4258.29	-2142.79	-2086.64	148.252
3   	7  	100  	-3010.9 	-2130.37	-2080.87	81.744 
3   	8  	100  	-3495.12	-2122.34	-2080.24	84.8459
3   	9  	100  	-6183.06	-2128.08	-2080.24	213.435
3   	10 	100  	-4068.21	-2114.07	-2077.8 	133.392
3   	11 	100  	-3481.36	-2108.24	-2072.83	105.066
3   	12 	100  	-4754.76	-2104.68	-2072.83	136.431
3   	13 	100  	-3363.93	-2106.38	-2072.58	95.8831
3   	14 	100  	-3186.34	-2100.71	-2069.19	91.4914
3   	15 	100  	-3020   	-2098.87	-2069.19	76.9305
3   	16 	100  	-3044.33	-2099.07	-2067.86	87.5636
3   	17 	100  	-2861.07	-2088.26	-2066.67	56.5468
3   	18 	100  	-3104   	-2093.68	-2064.3 	86.9407
3   	19 	100  	-3367.5 	-2085.45	-2060.71	69.485 
3   	20 	100  	-2985.15	-2087.54	-2060.71	69.0791
3   	21 	100  	-2545.6 	-2082.42	-2060.71	37.6986
3   	22 	100  	-3244.41	-2088.38	-2060.71	89.5452
3   	23 	100  	-2761.96	-2081.77	-2059.77	54.4845
3   	24 	100  	-3586.18	-2080.48	-2058.61	90.43  
3   	25 	100  	-2438.23	-2073.6 	-2056.29	30.3242
3   	26 	100  	-6715.6 	-2083.4 	-2055.92	211.8  
3   	27 	100  	-12595.2	-2105.26	-2054.43	495.817
3   	28 	100  	-5317.03	-2087.55	-2054.43	203.8  
3   	29 	100  	-2705.52	-2072.81	-2054.2 	47.2102
3   	30 	100  	-3225.54	-2073.97	-2053.5 	81.1212
3   	31 	100  	-3671.59	-2068.97	-2052.88	75.8942
3   	32 	100  	-2392.9 	-2065.04	-2052.8 	31.7266
3   	33 	100  	-2555.3 	-2066.14	-2052.61	44.3838
3   	34 	100  	-2835.17	-2070.54	-2050.61	69.411 
3   	35 	100  	-2947.37	-2070.45	-2050.08	83.2812
3   	36 	100  	-2723.3 	-2066.91	-2049.89	59.1424
3   	37 	100  	-2720.77	-2064.83	-2049.89	49.2246
3   	38 	100  	-2789.36	-2062.89	-2049.89	44.9937
3   	39 	100  	-2604.9 	-2063.19	-2049.89	50.7682
3   	40 	100  	-2666.63	-2061.19	-2049.89	43.4588
3   	41 	100  	-3531.51	-2069.72	-2049.36	106.152
3   	42 	100  	-2612.35	-2059.18	-2049.34	38.3016
3   	43 	100  	-2438.64	-2060.55	-2049.34	36.9239
3   	44 	100  	-4293.14	-2072.38	-2049.21	141.936
3   	45 	100  	-2842.75	-2062.21	-2048.66	52.6903
3   	46 	100  	-5546.12	-2069.37	-2048.5 	166.406
3   	47 	100  	-3010.68	-2063.03	-2047.17	60.2771
3   	48 	100  	-3835.51	-2067.52	-2047.17	107.022
3   	49 	100  	-2995.27	-2063.18	-2046.87	69.1435
3   	50 	100  	-2724   	-2059.97	-2046.87	49.0669
3   	51 	100  	-2297.11	-2055.15	-2046.38	21.4112
3   	52 	100  	-2475.93	-2055.43	-2046.38	33.6043
3   	53 	100  	-3062.26	-2061.59	-2046.17	68.3399
3   	54 	100  	-2596.57	-2057.58	-2045.8 	42.5811
3   	55 	100  	-5294.58	-2063.89	-2045.16	159.446
3   	56 	100  	-5340.22	-2065.91	-2044.1 	175.506
3   	57 	100  	-2436.26	-2052.67	-2044.1 	23.9577
3   	58 	100  	-4127.18	-2056.79	-2044.1 	95.7732
3   	59 	100  	-5272.83	-2068.59	-2042.73	181.039
3   	60 	100  	-2992.41	-2056.7 	-2042.73	61.7846
3   	61 	100  	-2252.79	-2053.16	-2042.73	24.0934
3   	62 	100  	-2382.87	-2053.57	-2042.73	30.9325
3   	63 	100  	-2635.69	-2052.55	-2042.73	33.7778
3   	64 	100  	-4859.34	-2067.51	-2042.37	190.498
3   	65 	100  	-3053.77	-2057.06	-2042.29	74.9672
3   	66 	100  	-3483.97	-2061.8 	-2041.79	102.374
3   	67 	100  	-2326.49	-2049.45	-2041.66	21.9082
3   	68 	100  	-3158.61	-2060.74	-2041.66	86.6315
3   	69 	100  	-3138.61	-2054.52	-2041.66	66.2131
3   	70 	100  	-2616.26	-2051.57	-2041.49	44.7821
3   	71 	100  	-22849.9	-2094.37	-2041.19	930.828
3   	72 	100  	-2881.59	-2051.84	-2041.04	52.3964
3   	73 	100  	-2845.48	-2051.51	-2040.98	50.6543
3   	74 	100  	-2589.64	-2052.21	-2040.89	44.7934
3   	75 	100  	-2296.93	-2046.87	-2040.89	18.1967
3   	76 	100  	-2846.15	-2052.66	-2040.86	51.4567
3   	77 	100  	-2156.12	-2046.41	-2040.62	14.7365
3   	78 	100  	-2611.55	-2050.5 	-2040.56	42.4839
3   	79 	100  	-6942.07	-2061.47	-2040.56	228.918
3   	80 	100  	-2580.32	-2049.21	-2040.45	37.2241
3   	81 	100  	-3509.7 	-2055.25	-2040.36	94.5829
3   	82 	100  	-2267.46	-2046.25	-2040.36	17.5353
3   	83 	100  	-2390.69	-2047.67	-2040.13	30.1012
3   	84 	100  	-2353.65	-2046.29	-2039.88	19.805 
3   	85 	100  	-2227.21	-2045.91	-2039.88	16.6175
3   	86 	100  	-3525.44	-2052.93	-2039.84	84.9362
3   	87 	100  	-2709.09	-2050.41	-2039.55	43.7572
3   	88 	100  	-2628.29	-2045.67	-2039.55	29.218 
3   	89 	100  	-4042   	-2056.57	-2039.52	111.553
3   	90 	100  	-3024.74	-2049.53	-2039.31	56.988 
3   	91 	100  	-3682.78	-2053.01	-2038.99	88.7569
3   	92 	100  	-2252.33	-2044.89	-2038.99	17.6842
3   	93 	100  	-2901.35	-2048.12	-2038.35	45.9557
3   	94 	100  	-3049.93	-2050.17	-2038.35	56.7989
3   	95 	100  	-2298.87	-2047.31	-2038.35	25.951 
3   	96 	100  	-2313.63	-2046.48	-2038.35	23.3641
3   	97 	100  	-2837.49	-2047.69	-2037.7 	43.7954
3   	98 	100  	-2217.44	-2043.34	-2037.7 	12.8133
3   	99 	100  	-2635.96	-2048.33	-2037.7 	50.7198
rank	gen	depth	min     	avg     	max     	std    
3   	0  	100  	-29711  	-2484.34	-2110.41	1416.69
3   	1  	100  	-11294.9	-2386.26	-2110.41	725.806
3   	2  	100  	-32051.1	-2411.09	-2104.26	1630.2 
3   	3  	100  	-6849.03	-2265.67	-2101.44	358.997
3   	4  	100  	-17370.8	-2298.16	-2100.45	900.115
3   	5  	100  	-33555  	-2305.03	-2096.64	1525.15
3   	6  	100  	-5571.97	-2190.18	-2094.22	211.097
3   	7  	100  	-6756.68	-2194.27	-2089.99	264.921
3   	8  	100  	-6472.45	-2182.5 	-2089.09	265.029
3   	9  	100  	-12023.9	-2191.22	-2079.88	514.157
3   	10 	100  	-8275.67	-2182.33	-2079.88	371.404
3   	11 	100  	-5231.01	-2169.92	-2071.77	263.399
3   	12 	100  	-6137.41	-2169.88	-2071.77	277.802
3   	13 	100  	-23417  	-2196.08	-2065.04	988.717
3   	14 	100  	-9995.79	-2173.18	-2065.04	430.016
3   	15 	100  	-6733.97	-2166.39	-2064.57	333.083
3   	16 	100  	-22069.2	-2212.38	-2064.57	956.021
3   	17 	100  	-5233.14	-2145.32	-2064.57	233.45 
3   	18 	100  	-3510.83	-2127.11	-2064.52	124.571
3   	19 	100  	-8441.58	-2138.55	-2062.66	353.771
3   	20 	100  	-5295.11	-2134.72	-2059.29	251.881
3   	21 	100  	-8011.01	-2126.87	-2058.77	295.956
3   	22 	100  	-4212.49	-2123.59	-2058.13	183.451
3   	23 	100  	-4763.03	-2119.36	-2057.38	173.719
3   	24 	100  	-3744.93	-2113.49	-2057.38	141.463
3   	25 	100  	-4685.04	-2118.45	-2056.32	186.669
3   	26 	100  	-7682.53	-2115.14	-2056.32	302.909
3   	27 	100  	-4198.25	-2101.92	-2056.32	141.042
3   	28 	100  	-5169.92	-2129.36	-2054.87	253.296
3   	29 	100  	-3946.96	-2100.28	-2054.87	125.21 
3   	30 	100  	-5236.57	-2135.33	-2054.87	296.444
3   	31 	100  	-2776.62	-2098.94	-2054.69	85.6877
3   	32 	100  	-2995.15	-2094.37	-2054.69	81.8771
3   	33 	100  	-15869.5	-2152.62	-2053.62	744.063
3   	34 	100  	-4247.38	-2101   	-2053.62	154.621
3   	35 	100  	-3853.02	-2104.91	-2053.62	164.104
3   	36 	100  	-4381.99	-2097.88	-2053.62	156.962
3   	37 	100  	-6181.6 	-2122.99	-2053.62	283.101
3   	38 	100  	-4701.32	-2106.14	-2052.92	179.556
3   	39 	100  	-9947.33	-2119.47	-2051.82	374.854
3   	40 	100  	-3537.92	-2103.69	-2051.82	147.19 
3   	41 	100  	-5041.31	-2111.63	-2051.82	181.786
3   	42 	100  	-4504.35	-2104.24	-2051.82	161.465
3   	43 	100  	-7320.78	-2119.76	-2050.92	306.436
3   	44 	100  	-4086.24	-2100.64	-2050.92	152.397
3   	45 	100  	-4810.67	-2113.74	-2050.92	204.338
3   	46 	100  	-6026.73	-2105.31	-2050.92	217.765
3   	47 	100  	-3940.55	-2095.65	-2050.92	153.738
3   	48 	100  	-6868.82	-2105.61	-2050.92	268.591
3   	49 	100  	-5726.42	-2102.93	-2050.44	217.012
3   	50 	100  	-5421.14	-2100.47	-2048.84	183.729
3   	51 	100  	-4018.98	-2087.94	-2048.84	115.198
3   	52 	100  	-7394.93	-2108.01	-2048.84	337.933
3   	53 	100  	-10872.8	-2137.94	-2048.67	514.817
3   	54 	100  	-4087.43	-2090.48	-2048.67	122.153
3   	55 	100  	-5999.96	-2089.98	-2048.63	188.012
3   	56 	100  	-3605.39	-2094.38	-2047.02	124.797
3   	57 	100  	-5953.47	-2089.91	-2047.02	192.216
3   	58 	100  	-3138.85	-2084.46	-2047.02	86.3961
3   	59 	100  	-3696.78	-2089.65	-2047.02	119.559
3   	60 	100  	-9231.36	-2119.53	-2047.02	456.434
3   	61 	100  	-5536.28	-2089.43	-2046.24	178.606
3   	62 	100  	-3220.54	-2083.85	-2046.24	102.87 
3   	63 	100  	-3136.3 	-2079.73	-2046.24	89.0896
3   	64 	100  	-5089.39	-2100.29	-2046.18	217.824
3   	65 	100  	-15953.3	-2117.33	-2046.18	640.292
3   	66 	100  	-3858.38	-2081.93	-2046.18	110.584
3   	67 	100  	-5950.36	-2088.07	-2046.18	189.253
3   	68 	100  	-5030.08	-2080.12	-2046.18	150.213
3   	69 	100  	-9368.13	-2107.86	-2046.18	351.558
3   	70 	100  	-3748.01	-2085.59	-2045.8 	118.335
3   	71 	100  	-42186.5	-2161.06	-2045.8 	1798.45
3   	72 	100  	-2784.52	-2075.16	-2045.46	66.7263
3   	73 	100  	-4150.32	-2092.85	-2044.62	154.195
3   	74 	100  	-3504.96	-2091.43	-2044.62	122.556
3   	75 	100  	-5577.78	-2089.13	-2044.62	180.082
3   	76 	100  	-2958.38	-2074.86	-2044.49	69.6994
3   	77 	100  	-3915.72	-2086.26	-2044.49	125.314
3   	78 	100  	-4101.76	-2088.39	-2044.49	151.903
3   	79 	100  	-4115.12	-2086.92	-2044.49	169.238
3   	80 	100  	-3078.27	-2078.5 	-2043.76	81.0674
3   	81 	100  	-14755.2	-2126.49	-2043.76	624.046
3   	82 	100  	-3444.07	-2079.96	-2043.76	100.434
3   	83 	100  	-3899.74	-2087.2 	-2043.76	129.835
3   	84 	100  	-2805.96	-2077.14	-2043.76	74.6523
3   	85 	100  	-5726.11	-2089.07	-2042.35	208.275
3   	86 	100  	-4131.08	-2079.51	-2042.35	132.029
3   	87 	100  	-4337.07	-2087.45	-2042.1 	179.901
3   	88 	100  	-4398.52	-2091.67	-2042.1 	202.84 
3   	89 	100  	-3615.19	-2073.55	-2041.55	103.881
3   	90 	100  	-7627.69	-2086.27	-2041.55	259.977
3   	91 	100  	-4613.13	-2090.58	-2041.55	208.156
3   	92 	100  	-6459.93	-2084.48	-2041.55	239.71 
3   	93 	100  	-4409.87	-2074.79	-2041.55	125.453
3   	94 	100  	-5689.36	-2091.77	-2041.17	252.198
3   	95 	100  	-3344.63	-2071.01	-2040.89	86.3528
3   	96 	100  	-2732.54	-2070.95	-2040.89	61.04  
3   	97 	100  	-3691.07	-2077.13	-2040.89	124.987
3   	98 	100  	-3889.74	-2071.65	-2040.89	109.332
3   	99 	100  	-3217.43	-2072.22	-2040.89	86.0258
rank	gen	depth	min     	avg     	max     	std    
3   	0  	100  	-9263.65	-2388.4 	-2107.21	534.763
3   	1  	100  	-8187.54	-2283.58	-2102.79	359.732
3   	2  	100  	-6196.78	-2240.6 	-2102.79	267.346
3   	3  	100  	-4275.52	-2208.12	-2100.17	183.153
3   	4  	100  	-5354.01	-2205.2 	-2094.39	279.683
3   	5  	100  	-5902.28	-2177.17	-2091.09	233.456
3   	6  	100  	-6293.21	-2204.08	-2087.47	314.506
3   	7  	100  	-5476.95	-2172.13	-2080.83	251.411
3   	8  	100  	-5857.54	-2174.03	-2080.83	287.597
3   	9  	100  	-7495.97	-2182.28	-2079.34	394.398
3   	10 	100  	-5333.05	-2171.54	-2079.31	283.161
3   	11 	100  	-11729.4	-2190.65	-2079.31	594.44 
3   	12 	100  	-8045.77	-2177.5 	-2074.72	388.927
3   	13 	100  	-4392.84	-2143.86	-2074.72	193.253
3   	14 	100  	-4760.17	-2136.23	-2074.72	197.088
3   	15 	100  	-4860.4 	-2152.61	-2073.54	259.893
3   	16 	100  	-12629.5	-2149.09	-2071.66	505.488
3   	17 	100  	-5879.47	-2128.05	-2068.59	227.535
3   	18 	100  	-3452.81	-2118.86	-2068.59	121.478
3   	19 	100  	-4489.87	-2146.94	-2060.88	257.482
3   	20 	100  	-4216.63	-2123.47	-2060.88	168.236
3   	21 	100  	-4808.56	-2140.13	-2060.88	251.98 
3   	22 	100  	-4608.9 	-2121.06	-2060.88	174.378
3   	23 	100  	-6715.1 	-2128.4 	-2060.88	274.969
3   	24 	100  	-5595.95	-2112.06	-2059.8 	229.815
3   	25 	100  	-10841.2	-2130.27	-2059.8 	440.833
3   	26 	100  	-3747.08	-2108.38	-2059.05	131.647
3   	27 	100  	-4817.76	-2118.27	-2058.84	242.388
3   	28 	100  	-2815.28	-2096.43	-2058.76	70.9575
3   	29 	100  	-4231.65	-2113.14	-2057.5 	182.305
3   	30 	100  	-5733.27	-2121.11	-2057.32	289.213
3   	31 	100  	-3965.12	-2095.64	-2057.32	124.3  
3   	32 	100  	-3970.76	-2098.01	-2055.24	144.825
3   	33 	100  	-3765.46	-2097.14	-2055.24	118.548
3   	34 	100  	-7998.41	-2119.06	-2054.28	381.015
3   	35 	100  	-3509.33	-2090.77	-2054.05	105.985
3   	36 	100  	-3442.78	-2087.87	-2054.05	106.559
3   	37 	100  	-3487.46	-2089.76	-2054.05	101.196
3   	38 	100  	-71226.8	-2269.69	-2054.05	3150.58
3   	39 	100  	-3415.5 	-2094.19	-2053   	117.94 
3   	40 	100  	-15582.1	-2148.2 	-2052.48	858.051
3   	41 	100  	-4116.09	-2096.01	-2052.08	148.93 
3   	42 	100  	-7954.15	-2122.77	-2051.68	431.914
3   	43 	100  	-5446.54	-2100.79	-2050.31	219.751
3   	44 	100  	-14072.6	-2118.65	-2050.31	560.082
3   	45 	100  	-5531.57	-2088.3 	-2050.31	181.348
3   	46 	100  	-2791.22	-2081.55	-2049.95	77.7206
3   	47 	100  	-5377.98	-2098.99	-2049.95	239.441
3   	48 	100  	-6667.15	-2088.51	-2049.39	244.245
3   	49 	100  	-2898   	-2077.4 	-2048.71	70.7033
3   	50 	100  	-2898.93	-2079.66	-2048.11	80.2444
3   	51 	100  	-3629.48	-2095.75	-2047.97	165.371
3   	52 	100  	-4411.8 	-2086.64	-2047.97	144.26 
3   	53 	100  	-12269.2	-2106.4 	-2047.76	476.797
3   	54 	100  	-4939.65	-2087.64	-2046.65	171.246
3   	55 	100  	-6783.97	-2085.81	-2046.65	222.642
3   	56 	100  	-3622.68	-2078.55	-2046.48	99.8457
3   	57 	100  	-4541.41	-2092.18	-2046.48	186.018
3   	58 	100  	-4052.6 	-2089.06	-2046.23	157.95 
3   	59 	100  	-5057.99	-2088.95	-2046.22	180.808
3   	60 	100  	-4330.59	-2082.59	-2044.38	168.725
3   	61 	100  	-3753.36	-2080.07	-2044.38	102.613
3   	62 	100  	-18298.4	-2120.29	-2044.33	786.399
3   	63 	100  	-16333  	-2119.14	-2044.33	707.338
3   	64 	100  	-3033.9 	-2072.47	-2044.28	77.0745
3   	65 	100  	-4400.26	-2070.99	-2044.08	116.68 
3   	66 	100  	-3396.34	-2074.29	-2044.08	94.5586
3   	67 	100  	-3314.35	-2069.09	-2043.68	79.7203
3   	68 	100  	-4307.06	-2073.18	-2043.68	116.081
3   	69 	100  	-5399.53	-2082.02	-2043.26	176.954
3   	70 	100  	-2540.29	-2063.61	-2042.98	49.2165
3   	71 	100  	-3194.58	-2070.28	-2042.86	87.9366
3   	72 	100  	-8517.54	-2082.25	-2042.68	298.496
3   	73 	100  	-3819.51	-2069.96	-2042.68	98.044 
3   	74 	100  	-28383.6	-2130.22	-2042.68	1193.26
3   	75 	100  	-3874.43	-2072.25	-2042.68	108.104
3   	76 	100  	-3620.61	-2069.42	-2042.19	107.88 
3   	77 	100  	-3272.14	-2067.75	-2042.19	82.5104
3   	78 	100  	-3119.72	-2068.9 	-2041.99	90.4898
3   	79 	100  	-2760.55	-2066.47	-2041.16	70.2653
3   	80 	100  	-4239.67	-2068.26	-2041.16	118.132
3   	81 	100  	-2947.55	-2067.69	-2040.42	70.9729
3   	82 	100  	-7296.15	-2084.8 	-2040.06	306.036
3   	83 	100  	-3669.75	-2069.43	-2040.06	106.46 
3   	84 	100  	-5566.83	-2070.77	-2040.06	165.59 
3   	85 	100  	-3158.63	-2068.16	-2040.06	77.5344
3   	86 	100  	-3093.22	-2062.9 	-2040.06	64.052 
3   	87 	100  	-2789.64	-2060.74	-2039.35	57.1456
3   	88 	100  	-3283.19	-2061.26	-2039.35	69.3558
3   	89 	100  	-4328.61	-2067.95	-2038.98	139.858
3   	90 	100  	-5107.45	-2074.17	-2038.72	187.027
3   	91 	100  	-2803.27	-2059.22	-2038.72	55.3296
3   	92 	100  	-15510.7	-2103.04	-2038.32	699.565
3   	93 	100  	-3836.48	-2069.57	-2038.32	131.865
3   	94 	100  	-7781.02	-2085.5 	-2038.32	342.614
3   	95 	100  	-2606.26	-2058.22	-2038.32	50.5973
3   	96 	100  	-3056.56	-2064.1 	-2038.19	77.2946
3   	97 	100  	-4318.73	-2065.36	-2037.84	138.989
3   	98 	100  	-3095.96	-2060.07	-2037.84	76.841 
3   	99 	100  	-3134.43	-2056.51	-2037.84	62.2476
rank	gen	depth	min     	avg     	max     	std    
3   	0  	100  	-18180.3	-2459.03	-2123.89	855.159
3   	1  	100  	-9890.77	-2315.45	-2120.57	500.234
3   	2  	100  	-4387.16	-2230.65	-2107.2 	162.073
3   	3  	100  	-14922.2	-2261.83	-2096.11	777.186
3   	4  	100  	-8685.24	-2210.96	-2096.11	410.484
3   	5  	100  	-4878.52	-2196.37	-2096.11	267.082
3   	6  	100  	-3858.37	-2160.98	-2095.21	145.078
3   	7  	100  	-3441.44	-2147.69	-2087.54	97.1672
3   	8  	100  	-3336.96	-2145.34	-2075.53	132.032
3   	9  	100  	-3967.03	-2148   	-2072.86	142.383
3   	10 	100  	-3880.29	-2142.31	-2072.86	151.452
3   	11 	100  	-8384.72	-2151.01	-2072.86	370.818
3   	12 	100  	-3939.55	-2123.65	-2072.86	128.827
3   	13 	100  	-44260.6	-2207.58	-2069.31	1891.19
3   	14 	100  	-4703.25	-2116.01	-2068.22	163.225
3   	15 	100  	-5404.12	-2123.82	-2068.16	230.788
3   	16 	100  	-3456.1 	-2100.19	-2065.38	84.1419
3   	17 	100  	-3024.22	-2098.91	-2064.11	68.8778
3   	18 	100  	-4596.1 	-2122.76	-2064.11	210.086
3   	19 	100  	-3818.67	-2105.3 	-2064.11	132.106
3   	20 	100  	-2921.69	-2097.55	-2063.51	86.5302
3   	21 	100  	-9780.18	-2117.79	-2063.51	380.991
3   	22 	100  	-3143.95	-2093.73	-2063.38	83.0784
3   	23 	100  	-5287.82	-2103.12	-2062.68	177.676
3   	24 	100  	-5099.91	-2099.68	-2061.98	207.441
3   	25 	100  	-11485.9	-2113.81	-2060.63	435.346
3   	26 	100  	-4646.35	-2098.7 	-2060.63	153.465
3   	27 	100  	-3528.81	-2088.6 	-2057.24	105.735
3   	28 	100  	-2887.62	-2090.86	-2057.24	77.7535
3   	29 	100  	-3926.11	-2097.44	-2057.24	166.465
3   	30 	100  	-9723.1 	-2113.03	-2056.34	425.955
3   	31 	100  	-3027.74	-2087.63	-2055.98	79.3767
3   	32 	100  	-3306.05	-2093.54	-2055.48	120.705
3   	33 	100  	-3687.05	-2099.75	-2055.48	167.433
3   	34 	100  	-3321.21	-2088.37	-2055.28	107.549
3   	35 	100  	-3462.94	-2077.64	-2052.26	77.9857
3   	36 	100  	-4125.08	-2087.99	-2052.26	141.955
3   	37 	100  	-2812.34	-2078.19	-2052.26	63.4403
3   	38 	100  	-3072.55	-2079.22	-2052.23	77.6928
3   	39 	100  	-6920.32	-2094.71	-2052.23	248.247
3   	40 	100  	-3723.72	-2083.78	-2049.74	130.28 
3   	41 	100  	-12352.3	-2091.16	-2049.74	461.055
3   	42 	100  	-2693.52	-2075.04	-2049.62	61.1744
3   	43 	100  	-4233.63	-2088.06	-2049.62	159.096
3   	44 	100  	-2687.74	-2068.15	-2049.12	50.5691
3   	45 	100  	-2331.74	-2067.75	-2048.98	38.3578
3   	46 	100  	-3359.05	-2072.85	-2048.15	86.1967
3   	47 	100  	-3390.63	-2073.86	-2048.15	89.0157
3   	48 	100  	-3030.27	-2068.67	-2046.74	65.3123
3   	49 	100  	-6180.2 	-2075.76	-2046.7 	193.164
3   	50 	100  	-2550.59	-2064.88	-2046.7 	43.845 
3   	51 	100  	-2761.69	-2066.07	-2046.38	58.3667
3   	52 	100  	-2667.96	-2068.49	-2045.61	55.2066
3   	53 	100  	-3454.29	-2073.96	-2045.61	110.008
3   	54 	100  	-3831.7 	-2069.28	-2045.23	101.737
3   	55 	100  	-4074.66	-2069.82	-2043.99	115.833
3   	56 	100  	-3687.78	-2066.43	-2043.99	88.3114
3   	57 	100  	-2579.77	-2064.04	-2043.73	55.0103
3   	58 	100  	-2640.69	-2063.29	-2043.73	54.3899
3   	59 	100  	-3832.67	-2064.94	-2043.61	93.5949
3   	60 	100  	-3620.72	-2072.83	-2042.93	119.872
3   	61 	100  	-2345.85	-2058.6 	-2042.93	32.3582
3   	62 	100  	-7277.12	-2079.21	-2042.93	272.178
3   	63 	100  	-3916.91	-2067.45	-2042.93	103.678
3   	64 	100  	-3540.11	-2062.71	-2042.21	87.0669
3   	65 	100  	-3434.04	-2059.89	-2042.21	74.3844
3   	66 	100  	-5991.15	-2074.39	-2041.83	219.761
3   	67 	100  	-2951.24	-2059.09	-2041.83	64.8236
3   	68 	100  	-4780.09	-2069.05	-2040.51	164.463
3   	69 	100  	-3203.67	-2056.94	-2040.51	59.7327
3   	70 	100  	-2924.31	-2058.87	-2040.51	76.8297
3   	71 	100  	-2553.4 	-2058.52	-2040.3 	52.8836
3   	72 	100  	-2623.66	-2054.37	-2040.04	38.5525
3   	73 	100  	-3668.21	-2061.6 	-2039.7 	99.3706
3   	74 	100  	-3530.44	-2058.32	-2039.7 	78.2318
3   	75 	100  	-2380.06	-2053.05	-2039.54	36.7223
3   	76 	100  	-3393.32	-2057.52	-2038.51	73.1085
3   	77 	100  	-4564.68	-2063.95	-2038.11	145.258
3   	78 	100  	-3938.46	-2055.82	-2038.11	96.9733
3   	79 	100  	-2346.76	-2052.68	-2038.11	37.2492
3   	80 	100  	-2790.35	-2052.6 	-2038.04	46.5233
3   	81 	100  	-5358.3 	-2062.16	-2038.04	160.858
3   	82 	100  	-2584.15	-2051.9 	-2037.91	45.3676
3   	83 	100  	-2669.33	-2053.46	-2037.91	47.4194
3   	84 	100  	-4326.95	-2061.15	-2037.73	156.961
3   	85 	100  	-4934.48	-2061.71	-2037.73	143.203
3   	86 	100  	-3587.1 	-2056.6 	-2037.73	104.838
3   	87 	100  	-3664.15	-2055.44	-2037.47	89.2529
3   	88 	100  	-3160.61	-2055.77	-2037.4 	84.1074
3   	89 	100  	-3108.46	-2054.07	-2037.26	74.7366
3   	90 	100  	-2605.33	-2049.97	-2036.94	39.4956
3   	91 	100  	-4179.77	-2059.49	-2036.94	119.625
3   	92 	100  	-2414.48	-2049.55	-2036.4 	35.4028
3   	93 	100  	-2772.56	-2050.86	-2036.4 	44.9809
3   	94 	100  	-2614.78	-2046.68	-2036.4 	31.3342
3   	95 	100  	-3021.29	-2055.2 	-2036.34	75.535 
3   	96 	100  	-4868   	-2058.14	-2036.16	154.2  
3   	97 	100  	-3990.76	-2054.24	-2036.12	99.8351
3   	98 	100  	-5656.69	-2061.38	-2035.94	178.03 
3   	99 	100  	-2974.96	-2052.8 	-2035.77	68.5001
rank	gen	depth	min     	avg     	max     	std    
3   	0  	100  	-9430.36	-2460.76	-2114.73	600.764
3   	1  	100  	-44691.5	-2575   	-2114.73	2661.68
3   	2  	100  	-7340.22	-2335.21	-2114.73	381.815
3   	3  	100  	-42326.2	-2430.66	-2114.73	1928.18
3   	4  	100  	-8465.74	-2313.81	-2114.73	481.853
3   	5  	100  	-9020.98	-2291.03	-2114.73	456.049
3   	6  	100  	-13695.6	-2348.38	-2114.62	971.488
3   	7  	100  	-8505.7 	-2283.41	-2108.94	524.815
3   	8  	100  	-11473  	-2263.49	-2108.94	551.497
3   	9  	100  	-6540.99	-2258.06	-2100.29	432.698
3   	10 	100  	-40892.1	-2306.94	-2092.89	1759.15
3   	11 	100  	-11175.2	-2242.23	-2092.86	519.933
3   	12 	100  	-6311.39	-2234.98	-2092.86	369.866
3   	13 	100  	-5776.56	-2215.25	-2087.93	321.648
3   	14 	100  	-15473.6	-2235.62	-2085.26	740.816
3   	15 	100  	-49023.1	-2301.86	-2085.26	2117.7 
3   	16 	100  	-9738.77	-2207.63	-2085.26	412.685
3   	17 	100  	-10835.8	-2233.76	-2085.26	553.031
3   	18 	100  	-6094.1 	-2192.75	-2085.26	325.648
3   	19 	100  	-23188.4	-2236.72	-2085.26	1013.82
3   	20 	100  	-15396.4	-2201.32	-2085.26	620.976
3   	21 	100  	-12960.5	-2261.7 	-2083.46	851.775
3   	22 	100  	-13234.2	-2216.9 	-2083.07	601.773
3   	23 	100  	-7247.28	-2224.97	-2081.79	493.006
3   	24 	100  	-6398.67	-2190.17	-2079.16	287.061
3   	25 	100  	-6260.02	-2191.06	-2074.46	315.068
3   	26 	100  	-27786.2	-2303.49	-2074.11	1361.44
3   	27 	100  	-9666.37	-2214.76	-2074.11	499.735
3   	28 	100  	-37425.8	-2255.83	-2073.41	1628.65
3   	29 	100  	-21006.3	-2194.85	-2073.41	868.58 
3   	30 	100  	-25256.1	-2247.09	-2069.05	1261.28
3   	31 	100  	-10535.2	-2193.4 	-2069.05	489.818
3   	32 	100  	-5354.49	-2151.66	-2069.05	242.874
3   	33 	100  	-4580.9 	-2156.58	-2069.05	229.519
3   	34 	100  	-5634.67	-2167.43	-2068.79	298.054
3   	35 	100  	-6061.5 	-2152.46	-2068.79	288.075
3   	36 	100  	-4992.08	-2161.93	-2068.79	262.912
3   	37 	100  	-6927.74	-2173.47	-2067.5 	365.887
3   	38 	100  	-12377  	-2173.45	-2066.8 	527.167
3   	39 	100  	-17207.2	-2190.54	-2066.8 	736.526
3   	40 	100  	-5156.9 	-2162.39	-2066.8 	298.873
3   	41 	100  	-16894.8	-2193.71	-2064.6 	751.645
3   	42 	100  	-5874.68	-2167.87	-2064.6 	309.64 
3   	43 	100  	-5776.52	-2177.77	-2064.6 	366.606
3   	44 	100  	-9694.15	-2156.74	-2064.6 	410.843
3   	45 	100  	-7480.84	-2149.91	-2064.6 	294.798
3   	46 	100  	-7221.71	-2171.05	-2064.6 	382.563
3   	47 	100  	-8550.56	-2155.67	-2064.6 	358.305
3   	48 	100  	-4950.18	-2138.04	-2064.6 	186.399
3   	49 	100  	-13231.5	-2160.55	-2060.66	537.005
3   	50 	100  	-4417.59	-2130.07	-2060.66	156.057
3   	51 	100  	-44544.2	-2217.98	-2060.66	1904.58
3   	52 	100  	-5694.58	-2139.09	-2060.66	246.957
3   	53 	100  	-5134.35	-2145.3 	-2060.66	225.852
3   	54 	100  	-8453.71	-2168.04	-2059.98	457.609
3   	55 	100  	-8659.7 	-2147.53	-2059.98	351.4  
3   	56 	100  	-4882.9 	-2153.96	-2058.4 	280.709
3   	57 	100  	-3975.3 	-2127.69	-2058.06	163.768
3   	58 	100  	-5101.03	-2147.69	-2056.63	256.689
3   	59 	100  	-3641.59	-2128.02	-2056.63	170.857
3   	60 	100  	-11592.8	-2145.81	-2056.33	448.623
3   	61 	100  	-7726.57	-2158.08	-2055.81	406.752
3   	62 	100  	-6952.96	-2132.99	-2055.81	280.405
3   	63 	100  	-6858.85	-2139.72	-2055.81	276.538
3   	64 	100  	-5490.29	-2126.18	-2055.81	203.654
3   	65 	100  	-131193 	-2386.57	-2055.81	5770.7 
3   	66 	100  	-4613.55	-2123.63	-2055.81	200.258
3   	67 	100  	-3942.56	-2120.74	-2055.81	150.283
3   	68 	100  	-5581.78	-2123.03	-2055.81	240.53 
3   	69 	100  	-16345.2	-2166.39	-2055.51	718.429
3   	70 	100  	-9623.53	-2134.99	-2055.51	383.33 
3   	71 	100  	-5239.6 	-2125.27	-2055.51	193.158
3   	72 	100  	-4529.67	-2116.59	-2055.51	163.123
3   	73 	100  	-5934.7 	-2125.42	-2054.81	268.298
3   	74 	100  	-17515.8	-2175.5 	-2054.81	804.863
3   	75 	100  	-17000.7	-2158.8 	-2054.81	747.168
3   	76 	100  	-5067.99	-2122.34	-2053.61	193.323
3   	77 	100  	-7340.93	-2139.64	-2052.8 	319.12 
3   	78 	100  	-6788.3 	-2115.81	-2052.8 	241.86 
3   	79 	100  	-3214.24	-2106.09	-2052.8 	101.055
3   	80 	100  	-6556.44	-2122.7 	-2052.8 	256.147
3   	81 	100  	-3438.44	-2107.67	-2052.8 	117.768
3   	82 	100  	-4296.87	-2127.08	-2052.8 	198.114
3   	83 	100  	-18379.5	-2173.28	-2052.8 	911.471
3   	84 	100  	-4844.36	-2134.01	-2052.8 	254.053
3   	85 	100  	-6239.72	-2128.06	-2052.8 	307.525
3   	86 	100  	-6354.02	-2117.58	-2052.8 	222.796
3   	87 	100  	-4682.29	-2128.01	-2052.8 	226.108
3   	88 	100  	-6069.49	-2111.78	-2052.36	203.069
3   	89 	100  	-4577.61	-2117.68	-2052.36	176.197
3   	90 	100  	-4834.15	-2118.74	-2052.36	189.942
3   	91 	100  	-6056.47	-2139.53	-2052.36	290.939
3   	92 	100  	-3310.34	-2103.56	-2052.36	104.548
3   	93 	100  	-12475.3	-2134.09	-2052.01	486.874
3   	94 	100  	-2818.01	-2100.54	-2052.01	85.7559
3   	95 	100  	-3430.65	-2115.57	-2052.01	158.739
3   	96 	100  	-4179   	-2116.21	-2051.66	178.264
3   	97 	100  	-5785.88	-2116.62	-2051.01	237.265
3   	98 	100  	-9279.07	-2131.06	-2050.42	419.741
3   	99 	100  	-5910.23	-2117.04	-2050.42	225.305
rank	gen	depth	min     	avg     	max     	std    
3   	0  	100  	-3505.19	-2321.94	-2106.43	167.088
3   	1  	100  	-2621.77	-2228.3 	-2105.45	68.5131
3   	2  	100  	-2338.17	-2180.08	-2099.35	36.8765
3   	3  	100  	-2265.03	-2155.88	-2091.2 	27.3895
3   	4  	100  	-2417.06	-2141.35	-2082.35	28.4496
3   	5  	100  	-2833.11	-2126.46	-2082.35	39.2766
3   	6  	100  	-2221.63	-2112.86	-2082.35	15.3063
3   	7  	100  	-2210.36	-2103.71	-2075.39	13.4871
3   	8  	100  	-3013.9 	-2098.73	-2072.31	46.4487
3   	9  	100  	-2225.81	-2090.77	-2071.63	11.4202
3   	10 	100  	-2382.1 	-2086.5 	-2068   	17.9212
3   	11 	100  	-2723.96	-2086.1 	-2066.11	42.4155
3   	12 	100  	-2557.52	-2079.44	-2064.42	23.9136
3   	13 	100  	-2479.21	-2076.85	-2060.53	26.5299
3   	14 	100  	-2301.73	-2073.87	-2060.08	17.231 
3   	15 	100  	-2260.61	-2069.69	-2059.79	10.784 
3   	16 	100  	-2540.57	-2069.14	-2058.65	30.3356
3   	17 	100  	-2198.18	-2065.24	-2056.53	11.8519
3   	18 	100  	-2125.14	-2063.19	-2055.83	6.14143
3   	19 	100  	-2425.19	-2063.98	-2054.25	25.1415
3   	20 	100  	-2317.64	-2060.96	-2054.25	15.8144
3   	21 	100  	-2266.19	-2059.86	-2053.84	11.786 
3   	22 	100  	-2198.1 	-2058.31	-2053.07	7.59022
3   	23 	100  	-2256.95	-2058.1 	-2052.85	13.2962
3   	24 	100  	-2252.88	-2057.04	-2052.78	12.7592
3   	25 	100  	-2086.33	-2055.01	-2051.75	2.55088
3   	26 	100  	-2115.89	-2054.77	-2051.45	4.77108
3   	27 	100  	-2147.84	-2054.64	-2050.92	7.72991
3   	28 	100  	-2156.47	-2054.02	-2050.92	6.55424
3   	29 	100  	-2201.76	-2054.09	-2050.01	9.92136
3   	30 	100  	-2217.39	-2053.21	-2050.01	8.70388
3   	31 	100  	-2242.03	-2053.05	-2050.01	10.4097
3   	32 	100  	-2122.91	-2051.98	-2049.98	4.67495
3   	33 	100  	-2324.85	-2052.63	-2048.87	15.3348
3   	34 	100  	-2266.31	-2052.19	-2048.66	11.9797
3   	35 	100  	-2142.28	-2051.49	-2048.39	7.5901 
3   	36 	100  	-2501.66	-2051.46	-2048.18	20.7   
3   	37 	100  	-2203.43	-2050.45	-2047.84	8.6746 
3   	38 	100  	-2112.84	-2049.83	-2047.49	5.32506
3   	39 	100  	-2121.11	-2049.6 	-2047.49	5.40404
3   	40 	100  	-2151.32	-2049.16	-2047.49	6.65196
3   	41 	100  	-2084.27	-2048.62	-2047.14	2.99261
3   	42 	100  	-3254.4 	-2051.67	-2047.11	54.4918
3   	43 	100  	-2284.81	-2049.45	-2046.55	12.5689
3   	44 	100  	-2213.38	-2048.36	-2046.55	7.73999
3   	45 	100  	-2126.44	-2048.38	-2046.21	5.60362
3   	46 	100  	-2322.46	-2049.06	-2046.06	17.7356
3   	47 	100  	-2413.36	-2048.93	-2045.15	18.1001
3   	48 	100  	-2619.38	-2050.42	-2045.15	34.0263
3   	49 	100  	-2233.78	-2048.43	-2045.15	11.6576
3   	50 	100  	-2602.97	-2048.62	-2044.96	25.8923
3   	51 	100  	-2149.22	-2047.06	-2044.96	6.98128
3   	52 	100  	-2147.32	-2047.09	-2044.96	7.59345
3   	53 	100  	-2143.31	-2046.43	-2044.96	6.01203
3   	54 	100  	-2173.12	-2046.56	-2044.43	8.68472
3   	55 	100  	-2110.95	-2046.44	-2044.43	6.45956
3   	56 	100  	-2137.17	-2046.14	-2044.43	6.91606
3   	57 	100  	-2164.3 	-2046.02	-2044.43	7.00078
3   	58 	100  	-2496.75	-2048.57	-2044.26	30.8468
3   	59 	100  	-2186.17	-2045.86	-2044.26	8.6421 
3   	60 	100  	-2096.1 	-2045.05	-2044.23	3.22123
3   	61 	100  	-2571.91	-2046.59	-2044.23	26.7975
3   	62 	100  	-2139.06	-2045.11	-2044.23	5.54675
3   	63 	100  	-2099.91	-2045.1 	-2044.23	5.25193
3   	64 	100  	-2100.12	-2044.86	-2043.86	4.05879
3   	65 	100  	-2163.53	-2045.18	-2043.53	7.16414
3   	66 	100  	-2073.63	-2044.56	-2043.53	2.37331
3   	67 	100  	-2216.35	-2046.14	-2043.53	13.787 
3   	68 	100  	-2167.83	-2045.33	-2043.53	9.36313
3   	69 	100  	-2091.44	-2044.62	-2043.53	3.20916
3   	70 	100  	-2097.56	-2044.78	-2043.53	5.04376
3   	71 	100  	-2192.28	-2045.29	-2043.06	10.7116
3   	72 	100  	-2119.39	-2044.62	-2042.76	5.28777
3   	73 	100  	-2149.56	-2044.45	-2042.76	7.29917
3   	74 	100  	-2078.92	-2044.15	-2042.76	3.85   
3   	75 	100  	-2222.79	-2044.19	-2042.74	8.51975
3   	76 	100  	-2311.19	-2044.21	-2042.74	12.216 
3   	77 	100  	-2174.82	-2044.14	-2042.74	8.82042
3   	78 	100  	-2484.61	-2045.4 	-2042.14	24.1144
3   	79 	100  	-2143.99	-2043.53	-2041.74	5.64922
3   	80 	100  	-2121.73	-2043.82	-2041.35	5.62444
3   	81 	100  	-2234.55	-2044.3 	-2041.35	10.8986
3   	82 	100  	-2202.39	-2043.77	-2041.35	8.97221
3   	83 	100  	-2092   	-2042.88	-2041.04	4.28523
3   	84 	100  	-2593.09	-2043.52	-2041.04	24.8824
3   	85 	100  	-2083.72	-2042.24	-2041.04	3.81209
3   	86 	100  	-2076.36	-2041.82	-2041.04	2.58353
3   	87 	100  	-2168.87	-2042.3 	-2040.68	7.74382
3   	88 	100  	-2084.68	-2041.9 	-2040.52	4.40112
3   	89 	100  	-2158.17	-2041.96	-2040.52	7.03659
3   	90 	100  	-2586.99	-2043.36	-2039.74	26.1253
3   	91 	100  	-2064.86	-2041.25	-2039.74	1.89237
3   	92 	100  	-2275.48	-2041.66	-2039.74	10.9044
3   	93 	100  	-2098.37	-2041.31	-2039.74	4.59413
3   	94 	100  	-2108.54	-2041.38	-2039.74	5.50907
3   	95 	100  	-2115.92	-2041.19	-2039.35	6.04933
3   	96 	100  	-2095.53	-2040.51	-2039.35	3.64322
3   	97 	100  	-2083.67	-2040.54	-2039.35	4.21653
3   	98 	100  	-2107.3 	-2040.25	-2039.14	3.73639
3   	99 	100  	-2631.9 	-2044.02	-2038.98	45.0449
