rank	gen	depth	min     	avg     	max     	std    
3   	0  	100  	-4228.52	-2311.92	-2112.16	183.44 
3   	1  	100  	-2561   	-2212.36	-2087.03	61.4301
3   	2  	100  	-2342.72	-2171.8 	-2086.57	38.4759
3   	3  	100  	-2276.86	-2145.2 	-2085.87	27.7733
3   	4  	100  	-2201.08	-2126.4 	-2082.22	22.0651
3   	5  	100  	-2164.76	-2108.85	-2077.83	16.0343
3   	6  	100  	-2142.36	-2096.96	-2077.34	10.7783
3   	7  	100  	-2339.05	-2091.69	-2075.2 	18.0823
3   	8  	100  	-2206.2 	-2086.46	-2074.06	9.36402
3   	9  	100  	-2377.06	-2085.23	-2070.5 	20.8251
3   	10 	100  	-2220.59	-2082.55	-2066.85	9.74252
3   	11 	100  	-2299.13	-2080.8 	-2066.49	12.9122
3   	12 	100  	-2117.77	-2077.46	-2064.41	5.53482
3   	13 	100  	-2332.95	-2075.88	-2064.06	16.2158
3   	14 	100  	-2203.05	-2073.24	-2061.35	9.87487
3   	15 	100  	-2122.4 	-2070.71	-2061.35	5.26768
3   	16 	100  	-2174.61	-2068.87	-2059.63	8.20046
3   	17 	100  	-2136.06	-2066.78	-2059.28	6.09809
3   	18 	100  	-2359.96	-2066.16	-2058.16	16.5885
3   	19 	100  	-2140.33	-2064.2 	-2056.49	7.73554
3   	20 	100  	-2151.41	-2062.25	-2055.42	5.71862
3   	21 	100  	-2137.56	-2061.06	-2055.42	5.99944
3   	22 	100  	-2106.98	-2059.63	-2053.91	4.11655
3   	23 	100  	-2209.52	-2059   	-2053.85	8.92989
3   	24 	100  	-2533.52	-2058.63	-2052.87	21.7917
3   	25 	100  	-3132.96	-2059.06	-2052.87	49.088 
3   	26 	100  	-2191.61	-2056.06	-2052.85	7.11469
3   	27 	100  	-2149.02	-2055.53	-2051.8 	6.64796
3   	28 	100  	-2179.86	-2054.69	-2050.59	6.54854
3   	29 	100  	-2223.57	-2054.85	-2050.59	12.4377
3   	30 	100  	-2903.54	-2055.55	-2050.28	38.4385
3   	31 	100  	-2123.04	-2053.25	-2050.28	5.57076
3   	32 	100  	-2159.4 	-2053.45	-2049.82	9.20424
3   	33 	100  	-2219.25	-2052.63	-2049.3 	9.46642
3   	34 	100  	-2136.69	-2051.92	-2049.25	6.04197
3   	35 	100  	-2172.54	-2051.45	-2049.25	7.94361
3   	36 	100  	-2192.52	-2051.21	-2049.12	8.16504
3   	37 	100  	-2074.24	-2050.26	-2049.12	1.94964
3   	38 	100  	-2091.4 	-2050.12	-2047.77	3.04948
3   	39 	100  	-2358.31	-2050.46	-2047.64	14.3706
3   	40 	100  	-2129.07	-2049.7 	-2047.37	4.63146
3   	41 	100  	-2065.29	-2049.11	-2047.25	1.4321 
3   	42 	100  	-2092.55	-2049.1 	-2046.55	3.78354
3   	43 	100  	-2153.94	-2048.86	-2046.55	5.86246
3   	44 	100  	-2197.53	-2048.93	-2045.89	8.28312
3   	45 	100  	-4994.69	-2057.48	-2045.85	158.978
3   	46 	100  	-2150.83	-2047.82	-2045.03	6.60069
3   	47 	100  	-2122.76	-2047.04	-2045.03	3.93631
3   	48 	100  	-2115.16	-2046.94	-2044.33	5.01121
3   	49 	100  	-2146.65	-2046.25	-2044.33	4.69065
3   	50 	100  	-2219.88	-2046.37	-2043.93	9.06898
3   	51 	100  	-2092.01	-2045.63	-2043.93	3.58016
3   	52 	100  	-2075.52	-2045.36	-2043.77	2.91873
3   	53 	100  	-2072.98	-2045.14	-2043.48	2.45266
3   	54 	100  	-2325.6 	-2046.01	-2043.48	15.168 
3   	55 	100  	-2259.4 	-2045.23	-2042.93	11.4243
3   	56 	100  	-2122.08	-2044.53	-2042.93	6.37339
3   	57 	100  	-2096.32	-2044.15	-2042.78	3.64293
3   	58 	100  	-2154.66	-2044.32	-2042.78	7.66935
3   	59 	100  	-2060.52	-2043.46	-2042.78	1.65095
3   	60 	100  	-2477.69	-2045.82	-2042.78	26.8291
3   	61 	100  	-2375.31	-2044.24	-2042.78	16.0821
3   	62 	100  	-2210.14	-2043.86	-2042.78	9.49108
3   	63 	100  	-2088.59	-2043.09	-2042.78	2.57864
3   	64 	100  	-2122.53	-2043.22	-2042.53	4.13795
3   	65 	100  	-2425.35	-2044.03	-2042.53	18.5579
3   	66 	100  	-2243.36	-2044.08	-2042.53	12.0245
3   	67 	100  	-2216.47	-2043.92	-2042.38	11.1984
3   	68 	100  	-2217.95	-2044.46	-2042.38	12.3584
3   	69 	100  	-2067.89	-2042.81	-2042.38	1.7498 
3   	70 	100  	-2118.49	-2043.06	-2042.38	4.73296
3   	71 	100  	-2097.38	-2043.1 	-2042.15	4.58704
3   	72 	100  	-2110.76	-2043.07	-2042.15	4.94538
3   	73 	100  	-2092.26	-2042.91	-2041.83	3.96446
3   	74 	100  	-2191.24	-2043.72	-2041.83	10.4189
3   	75 	100  	-2204.31	-2043.37	-2041.75	9.17817
3   	76 	100  	-2214.13	-2043.25	-2041.75	10.2737
3   	77 	100  	-2054.51	-2042.27	-2041.6 	1.0457 
3   	78 	100  	-2106.47	-2042.34	-2041.13	3.21224
3   	79 	100  	-2084.72	-2042.32	-2041.13	3.59121
3   	80 	100  	-2076.54	-2042.07	-2040.95	2.95107
3   	81 	100  	-2467.34	-2043.09	-2040.4 	19.4642
3   	82 	100  	-2226.4 	-2042.26	-2040.39	9.18674
3   	83 	100  	-2062.57	-2041.56	-2039.93	1.57162
3   	84 	100  	-2138.42	-2041.82	-2039.93	5.83594
3   	85 	100  	-2066.88	-2041.22	-2039.8 	1.83901
3   	86 	100  	-2140.83	-2041.26	-2039.4 	5.24366
3   	87 	100  	-2090.12	-2040.86	-2039.34	3.33853
3   	88 	100  	-2076.28	-2040.39	-2039.34	2.26221
3   	89 	100  	-2064.85	-2040.19	-2039.34	2.29236
3   	90 	100  	-2101.79	-2039.93	-2039.2 	2.95879
3   	91 	100  	-2106.46	-2039.93	-2039.2 	3.73819
3   	92 	100  	-2081.7 	-2039.9 	-2039.2 	3.61586
3   	93 	100  	-2272.03	-2040.22	-2039.2 	11.0785
3   	94 	100  	-2080.12	-2039.58	-2039.2 	2.49722
3   	95 	100  	-2101.34	-2039.74	-2039.2 	4.25563
3   	96 	100  	-2113.08	-2039.81	-2039.2 	5.15985
3   	97 	100  	-2178.17	-2039.89	-2039.2 	7.76224
3   	98 	100  	-2095.75	-2039.77	-2039.2 	4.17797
3   	99 	100  	-2068.53	-2039.37	-2039.2 	1.55365
rank	gen	depth	min     	avg     	max     	std    
3   	0  	100  	-4096.94	-2321.47	-2120.09	204.62 
3   	1  	100  	-11636.4	-2307.27	-2114.94	578.54 
3   	2  	100  	-4204.75	-2218.45	-2110.32	166.004
3   	3  	100  	-15402.7	-2240.25	-2100.3 	708.208
3   	4  	100  	-10622.2	-2228.78	-2100.3 	536.361
3   	5  	100  	-4362.09	-2183.33	-2095.69	208.948
3   	6  	100  	-4775.61	-2164.33	-2082.55	154.218
3   	7  	100  	-4768.34	-2182.89	-2082.5 	251.291
3   	8  	100  	-6686.62	-2174.7 	-2081.87	280.404
3   	9  	100  	-3635.36	-2137.04	-2081.77	110.645
3   	10 	100  	-4399.48	-2148.3 	-2078.91	192.261
3   	11 	100  	-6409.28	-2144.63	-2073.64	276.652
3   	12 	100  	-8662.89	-2136.33	-2069.02	312.424
3   	13 	100  	-3566.8 	-2126.69	-2069.02	138.789
3   	14 	100  	-3518.01	-2117.26	-2066.67	109.932
3   	15 	100  	-3683.87	-2125.94	-2066.67	141.664
3   	16 	100  	-4592.14	-2118.98	-2066.09	175.425
3   	17 	100  	-4500.14	-2112.36	-2065.04	155.546
3   	18 	100  	-4590.74	-2116.58	-2064.39	206.304
3   	19 	100  	-2777.87	-2101.17	-2062.67	85.185 
3   	20 	100  	-5739   	-2120.93	-2062.67	262.853
3   	21 	100  	-3993.79	-2104.14	-2058.24	159.645
3   	22 	100  	-3507   	-2094.28	-2058.24	108.16 
3   	23 	100  	-3241.52	-2092.38	-2058.24	98.0695
3   	24 	100  	-3516.82	-2093.59	-2057.84	110.239
3   	25 	100  	-3209.06	-2088.48	-2055.16	83.3571
3   	26 	100  	-3604.25	-2095.79	-2055.16	127.661
3   	27 	100  	-3620.41	-2092.39	-2052.83	119.692
3   	28 	100  	-3916.44	-2087.67	-2052.83	107.578
3   	29 	100  	-2870.01	-2080.09	-2052.1 	66.5603
3   	30 	100  	-5985.18	-2089   	-2052.1 	193.032
3   	31 	100  	-2797.75	-2080.14	-2052.1 	76.3227
3   	32 	100  	-9466.58	-2107.87	-2051.18	397.918
3   	33 	100  	-3495.36	-2079.77	-2051.1 	98.3292
3   	34 	100  	-3858.63	-2085.8 	-2049.82	131.22 
3   	35 	100  	-3053.21	-2074.64	-2048.99	70.5819
3   	36 	100  	-5208.1 	-2088.77	-2046.96	190.332
3   	37 	100  	-2661.47	-2072.97	-2046.96	57.8929
3   	38 	100  	-2632.47	-2070.03	-2045.77	52.4832
3   	39 	100  	-3548.48	-2076.83	-2045.77	114.62 
3   	40 	100  	-5475.21	-2079.37	-2045.68	175.511
3   	41 	100  	-2997.8 	-2068.43	-2043.26	69.6275
3   	42 	100  	-2438.82	-2063.1 	-2043.26	37.7808
3   	43 	100  	-2953.3 	-2069.31	-2043.22	68.2333
3   	44 	100  	-3385.3 	-2074.6 	-2041.9 	128.014
3   	45 	100  	-3436.65	-2068.51	-2041.9 	86.9542
3   	46 	100  	-2798.17	-2065.84	-2041.9 	67.8134
3   	47 	100  	-3011.02	-2063.06	-2041.9 	68.8533
3   	48 	100  	-2447.29	-2058.67	-2041.07	39.5052
3   	49 	100  	-3469.98	-2067.05	-2041.07	98.8502
3   	50 	100  	-2575.84	-2057.1 	-2041.07	40.9627
3   	51 	100  	-3821.51	-2063.6 	-2041.07	98.6146
3   	52 	100  	-3469.2 	-2063.6 	-2040.93	90.0656
3   	53 	100  	-2846.17	-2061.82	-2039.81	70.4769
3   	54 	100  	-3066.07	-2059.24	-2039.81	68.3412
3   	55 	100  	-2902.97	-2061.75	-2039.81	79.4499
3   	56 	100  	-4870.74	-2066.3 	-2039.32	144.649
3   	57 	100  	-3353.54	-2059.66	-2039.32	76.9306
3   	58 	100  	-7195.22	-2072.55	-2039.32	272.158
3   	59 	100  	-2792.06	-2058.34	-2039.09	63.4832
3   	60 	100  	-2522.65	-2059.91	-2039.09	49.7487
3   	61 	100  	-3171.97	-2061.87	-2039.09	83.7545
3   	62 	100  	-2715.76	-2056.8 	-2039.09	50.467 
3   	63 	100  	-10173.3	-2076.15	-2038.63	377.327
3   	64 	100  	-4546.55	-2062.29	-2038.63	139.169
3   	65 	100  	-2837.06	-2052.38	-2038.24	46.6433
3   	66 	100  	-3227.33	-2057.35	-2038.1 	83.5858
3   	67 	100  	-2534.46	-2052.72	-2038.1 	38.0402
3   	68 	100  	-2450.27	-2053.11	-2038.1 	39.0944
3   	69 	100  	-3141.95	-2059.68	-2038.1 	78.4619
3   	70 	100  	-3883.7 	-2057.83	-2038.07	115.294
3   	71 	100  	-2892.79	-2055.44	-2037.47	57.8171
3   	72 	100  	-2734.14	-2052.19	-2037.07	44.4053
3   	73 	100  	-2881.95	-2053.78	-2037.07	57.9203
3   	74 	100  	-3654.31	-2060.96	-2037.07	116.91 
3   	75 	100  	-6454.9 	-2070.68	-2037.07	284.824
3   	76 	100  	-2415.28	-2051.08	-2037.07	35.6238
3   	77 	100  	-3017.91	-2053.82	-2037.07	64.7894
3   	78 	100  	-2664.99	-2053.98	-2036.98	50.4433
3   	79 	100  	-6247.32	-2068.76	-2036.26	270.799
3   	80 	100  	-2718.84	-2054.09	-2036.26	46.8453
3   	81 	100  	-2656.43	-2053.36	-2036.26	51.6238
3   	82 	100  	-2566.47	-2051.37	-2036.26	39.3168
3   	83 	100  	-2450.6 	-2051.54	-2036.26	40.2626
3   	84 	100  	-2556.79	-2052.37	-2036.26	46.5615
3   	85 	100  	-3009.22	-2051.55	-2036.26	61.5018
3   	86 	100  	-4602.19	-2054.28	-2036.26	119.553
3   	87 	100  	-2744.26	-2053.58	-2035.64	57.4719
3   	88 	100  	-2732.15	-2052.31	-2035.64	50.9273
3   	89 	100  	-2812.63	-2051.52	-2035.64	50.4816
3   	90 	100  	-5663.46	-2062.02	-2035.64	177.779
3   	91 	100  	-2406.73	-2047.08	-2035.64	27.5409
3   	92 	100  	-3280.01	-2054.96	-2035.07	79.0744
3   	93 	100  	-3086.34	-2055.25	-2035.07	85.3069
3   	94 	100  	-3449.96	-2054.72	-2035.07	96.6104
3   	95 	100  	-5098.58	-2054.03	-2035.07	141.224
3   	96 	100  	-3450.6 	-2049.3 	-2034.88	67.7151
3   	97 	100  	-2433.46	-2046.59	-2034.88	29.8529
3   	98 	100  	-3093.8 	-2053.15	-2034.84	71.8035
3   	99 	100  	-2412.1 	-2046.56	-2034.81	28.9815
rank	gen	depth	min     	avg     	max     	std    
3   	0  	100  	-13480.4	-2433.57	-2113.52	771.881
3   	1  	100  	-18704.8	-2348.95	-2111.64	852.705
3   	2  	100  	-20020.7	-2292.47	-2107.49	852.069
3   	3  	100  	-5538.09	-2225.89	-2106.07	240.192
3   	4  	100  	-4173.43	-2225.41	-2099.71	248.314
3   	5  	100  	-9980.67	-2234.86	-2098.83	603.753
3   	6  	100  	-6159.24	-2221.75	-2089.66	326.06 
3   	7  	100  	-4086.44	-2184.61	-2085.52	180.904
3   	8  	100  	-11530.5	-2195.1 	-2084.72	457.283
3   	9  	100  	-16247.2	-2235.44	-2081.02	741.918
3   	10 	100  	-20100.7	-2234.01	-2081.02	903.292
3   	11 	100  	-3616.11	-2165.06	-2081.02	174.772
3   	12 	100  	-11146.1	-2176.91	-2080.32	485.528
3   	13 	100  	-6298.49	-2174.6 	-2080.32	280.677
3   	14 	100  	-13398.4	-2227.62	-2079.62	707.283
3   	15 	100  	-4627.55	-2163.05	-2079.62	201.838
3   	16 	100  	-4570.45	-2169.67	-2079.62	252.838
3   	17 	100  	-10417.7	-2181.1 	-2077.22	553.346
3   	18 	100  	-5534.72	-2171.49	-2075.14	301.875
3   	19 	100  	-3893.55	-2147.97	-2074.57	182.044
3   	20 	100  	-5633.52	-2161.14	-2074.26	273.353
3   	21 	100  	-9238.97	-2165.02	-2073.4 	387.771
3   	22 	100  	-6721.57	-2159.18	-2072.32	286.915
3   	23 	100  	-4711.09	-2155.64	-2071.28	237.832
3   	24 	100  	-4358.83	-2144.8 	-2071.28	198.855
3   	25 	100  	-8866.93	-2160.91	-2071.28	398.319
3   	26 	100  	-4152.65	-2132.68	-2068.83	143.598
3   	27 	100  	-3474.75	-2125.23	-2068.83	122.765
3   	28 	100  	-4377.08	-2142.83	-2068.83	202.554
3   	29 	100  	-10351.4	-2181.67	-2067.09	539.023
3   	30 	100  	-6025.76	-2144.81	-2067.09	264.682
3   	31 	100  	-4133.01	-2127.26	-2066.28	160.03 
3   	32 	100  	-7090.41	-2128.59	-2064.91	259.542
3   	33 	100  	-3838.35	-2125.74	-2062.4 	157.495
3   	34 	100  	-12916.7	-2167.78	-2062.4 	746.537
3   	35 	100  	-5202.54	-2127.39	-2062.4 	187.07 
3   	36 	100  	-3666.35	-2110.22	-2060.08	110.828
3   	37 	100  	-5489.28	-2124.49	-2060.08	205.157
3   	38 	100  	-3767.58	-2109.45	-2060.08	114.69 
3   	39 	100  	-4175.08	-2118.11	-2060.08	181.785
3   	40 	100  	-7799.4 	-2163.62	-2060.08	434.154
3   	41 	100  	-3470.7 	-2111.52	-2058.53	126.575
3   	42 	100  	-4583.71	-2130.16	-2058.53	211.393
3   	43 	100  	-5869.51	-2138.58	-2057.23	294.718
3   	44 	100  	-5971.47	-2123.92	-2056.41	246.745
3   	45 	100  	-6751   	-2134.73	-2056.41	320.54 
3   	46 	100  	-3949.65	-2122.56	-2056.41	184.789
3   	47 	100  	-3384.56	-2107.28	-2055.71	117.588
3   	48 	100  	-3715.68	-2106.95	-2055.71	137.069
3   	49 	100  	-3172.7 	-2102.65	-2055.71	104.406
3   	50 	100  	-3850.7 	-2105.9 	-2055.36	141.365
3   	51 	100  	-4139.71	-2109.72	-2053.41	153.039
3   	52 	100  	-4578.62	-2103.72	-2052.69	171.303
3   	53 	100  	-3055.63	-2099.16	-2052.56	98.38  
3   	54 	100  	-5304.57	-2116.69	-2051.99	209.167
3   	55 	100  	-5677.7 	-2111.28	-2051.99	214.384
3   	56 	100  	-4377.52	-2115.81	-2051.99	187.575
3   	57 	100  	-5835.71	-2111.8 	-2050.84	241.811
3   	58 	100  	-6438.04	-2112.23	-2049.3 	269.235
3   	59 	100  	-4251.09	-2096.9 	-2049.3 	148.895
3   	60 	100  	-6895.11	-2102.2 	-2049.3 	255.016
3   	61 	100  	-5546.2 	-2114.4 	-2049.3 	250.279
3   	62 	100  	-4323.73	-2097.11	-2049.3 	152.999
3   	63 	100  	-4377.7 	-2095.16	-2049.3 	154.966
3   	64 	100  	-4034.05	-2094.63	-2048.56	124.901
3   	65 	100  	-5585.32	-2102.43	-2048.56	219.424
3   	66 	100  	-2976.3 	-2087.22	-2048.56	80.4511
3   	67 	100  	-2718.25	-2087.91	-2048   	75.0535
3   	68 	100  	-5655.01	-2105.66	-2048   	223.868
3   	69 	100  	-9041.49	-2137.29	-2048   	468.955
3   	70 	100  	-4668.66	-2100.31	-2047.22	175.924
3   	71 	100  	-4525.95	-2097.23	-2047.22	167.224
3   	72 	100  	-9418.56	-2105.07	-2047.22	342.397
3   	73 	100  	-4908.71	-2093.33	-2047.22	156.756
3   	74 	100  	-8239.9 	-2112.73	-2046.43	321.983
3   	75 	100  	-5730.61	-2093.9 	-2046.43	188.334
3   	76 	100  	-6295.16	-2101.25	-2046.43	256.38 
3   	77 	100  	-3401.33	-2087.6 	-2046.43	103.048
3   	78 	100  	-10358.3	-2117.15	-2046.43	427.911
3   	79 	100  	-5480.52	-2105.18	-2046.43	215.416
3   	80 	100  	-3423.67	-2096.67	-2046.43	124.099
3   	81 	100  	-5653.88	-2098.51	-2046.43	224.634
3   	82 	100  	-4866.46	-2099.6 	-2044.71	177.188
3   	83 	100  	-4446.31	-2094.67	-2044.71	168.945
3   	84 	100  	-3826.3 	-2089.2 	-2044.71	113.934
3   	85 	100  	-3465.04	-2091.89	-2044.71	116.489
3   	86 	100  	-10770.2	-2119.92	-2044.71	458.538
3   	87 	100  	-5759.74	-2098.4 	-2044.71	207.87 
3   	88 	100  	-3100.59	-2085.2 	-2044.71	112.671
3   	89 	100  	-5116.97	-2101.86	-2043.22	240.126
3   	90 	100  	-11560.6	-2125.18	-2043.13	611.574
3   	91 	100  	-3263.36	-2086.28	-2043.13	110.711
3   	92 	100  	-3063.01	-2085   	-2041.78	97.9359
3   	93 	100  	-3081.63	-2078.94	-2041.78	83.2054
3   	94 	100  	-6465.6 	-2097.31	-2041.78	261.117
3   	95 	100  	-3559.34	-2085.45	-2041.32	128.591
3   	96 	100  	-2681.81	-2074.39	-2041.32	64.9382
3   	97 	100  	-19008  	-2138.54	-2041.32	848.558
3   	98 	100  	-5273.98	-2088.5 	-2041.32	182.015
3   	99 	100  	-3041.04	-2077.82	-2041.32	76.8576
rank	gen	depth	min     	avg     	max     	std    
3   	0  	100  	-5483.85	-2319.48	-2113.9 	227.252
3   	1  	100  	-7740.46	-2258.9 	-2113.9 	358.641
3   	2  	100  	-4297.71	-2216.11	-2100.01	188.22 
3   	3  	100  	-3437.64	-2172.39	-2096.88	98.1523
3   	4  	100  	-2912.24	-2159.21	-2086.63	79.8408
3   	5  	100  	-4142.36	-2159.11	-2086.2 	163.607
3   	6  	100  	-6064.73	-2147.39	-2083.61	208.461
3   	7  	100  	-3353.34	-2129.55	-2081.75	97.0883
3   	8  	100  	-2936.08	-2115.9 	-2081.75	58.028 
3   	9  	100  	-2828.85	-2114.41	-2077.07	67.9831
3   	10 	100  	-2886.7 	-2112.16	-2073.95	74.0806
3   	11 	100  	-3265.89	-2109.38	-2073.66	89.6315
3   	12 	100  	-8424.79	-2119.13	-2073.3 	301.93 
3   	13 	100  	-4294.13	-2109.57	-2067.79	154.279
3   	14 	100  	-2755.16	-2098.3 	-2067.79	73.9853
3   	15 	100  	-4784.44	-2095.04	-2065.17	130.069
3   	16 	100  	-2810.11	-2090.53	-2065.17	59.7163
3   	17 	100  	-2808.56	-2085.28	-2060.05	56.9979
3   	18 	100  	-2826.88	-2084.63	-2060.05	67.4466
3   	19 	100  	-2721.76	-2080.62	-2060.05	44.3107
3   	20 	100  	-4877.07	-2087.5 	-2057.49	135.906
3   	21 	100  	-2811.26	-2079.76	-2057.49	57.4157
3   	22 	100  	-2640.02	-2080.49	-2056.93	63.0848
3   	23 	100  	-11079.9	-2098.04	-2055.69	410.4  
3   	24 	100  	-4159.14	-2081.46	-2054.38	120.893
3   	25 	100  	-2866.02	-2078.11	-2054.26	72.9813
3   	26 	100  	-3488.24	-2072.94	-2053.75	77.1073
3   	27 	100  	-9837.91	-2087.98	-2053.59	351.647
3   	28 	100  	-2581.71	-2070.58	-2053.59	49.5829
3   	29 	100  	-2404.96	-2065.91	-2052.79	33.1416
3   	30 	100  	-2373.24	-2065.33	-2051.49	28.9018
3   	31 	100  	-2605.35	-2066.98	-2050.93	38.7373
3   	32 	100  	-4713.72	-2075.89	-2050.93	131.627
3   	33 	100  	-2919.53	-2069.87	-2049.94	65.3953
3   	34 	100  	-5448.97	-2083.99	-2049.31	192.482
3   	35 	100  	-2603.5 	-2066.14	-2048.95	51.3358
3   	36 	100  	-3949.88	-2074.87	-2048.02	138.062
3   	37 	100  	-2746.47	-2061.79	-2046.24	42.1026
3   	38 	100  	-2459.03	-2061.57	-2045.13	38.2815
3   	39 	100  	-5152.12	-2072.72	-2045.13	162.691
3   	40 	100  	-3748.07	-2069.64	-2045.13	120.189
3   	41 	100  	-2513.73	-2058.91	-2045.13	38.1473
3   	42 	100  	-3514.02	-2060.85	-2044.44	72.1588
3   	43 	100  	-2513.68	-2059.57	-2044.44	41.5544
3   	44 	100  	-3932.81	-2065.4 	-2044.25	111.54 
3   	45 	100  	-2647.17	-2059.25	-2043.38	49.2971
3   	46 	100  	-2533.47	-2057.08	-2042.92	40.9592
3   	47 	100  	-2837.52	-2057.04	-2042.08	48.9014
3   	48 	100  	-2789.13	-2054.59	-2041.59	51.0317
3   	49 	100  	-6127.85	-2062.24	-2041.59	186.653
3   	50 	100  	-3606.67	-2058.61	-2041.42	102.379
3   	51 	100  	-2488.83	-2051.51	-2041.42	30.3989
3   	52 	100  	-3263.08	-2054.99	-2041.02	69.1442
3   	53 	100  	-2591.68	-2055.19	-2041.02	51.7093
3   	54 	100  	-2728.21	-2050.94	-2040.51	45.054 
3   	55 	100  	-2654.09	-2050.25	-2040.51	37.0264
3   	56 	100  	-4712.31	-2056.36	-2040.02	122.08 
3   	57 	100  	-2267.1 	-2047.08	-2039.62	17.3762
3   	58 	100  	-2306.68	-2049.45	-2039.62	25.5905
3   	59 	100  	-2810.04	-2049.65	-2039.62	41.4291
3   	60 	100  	-2448.62	-2048.33	-2039.33	32.5074
3   	61 	100  	-3112.16	-2051.46	-2038.47	68.1696
3   	62 	100  	-2544.92	-2051.34	-2038.06	39.9859
3   	63 	100  	-2408.97	-2046.91	-2038.06	23.946 
3   	64 	100  	-2248.14	-2047.39	-2037.63	24.0486
3   	65 	100  	-2628.03	-2048.07	-2037.02	44.4338
3   	66 	100  	-2362.44	-2046.46	-2037.02	24.0086
3   	67 	100  	-2389.46	-2046.87	-2037.02	28.7222
3   	68 	100  	-2349.23	-2046.95	-2036.81	28.9779
3   	69 	100  	-2422.71	-2045.81	-2036.81	27.7777
3   	70 	100  	-2280.67	-2044.53	-2036.81	19.1254
3   	71 	100  	-2394.16	-2044.27	-2036.81	24.6681
3   	72 	100  	-2521.95	-2045.07	-2036.66	31.8054
3   	73 	100  	-2496.54	-2046.17	-2036.36	39.8109
3   	74 	100  	-2295.1 	-2043.13	-2036.36	17.8012
3   	75 	100  	-2615.3 	-2046.46	-2036.08	42.2235
3   	76 	100  	-2212.56	-2043.12	-2035.76	17.587 
3   	77 	100  	-2656.88	-2044.42	-2035.68	38.2766
3   	78 	100  	-2503.59	-2045.59	-2035.68	36.077 
3   	79 	100  	-2233.09	-2043.02	-2035.31	18.7614
3   	80 	100  	-3532.19	-2045.65	-2035.06	68.4442
3   	81 	100  	-2414.16	-2043.6 	-2035.06	29.5574
3   	82 	100  	-2711.13	-2045.09	-2035.06	46.0504
3   	83 	100  	-2524.83	-2042.62	-2035.06	26.885 
3   	84 	100  	-6661.03	-2052.89	-2034.87	209.271
3   	85 	100  	-2984.74	-2045.57	-2034.87	53.9351
3   	86 	100  	-34986.4	-2118.05	-2034.67	1478.78
3   	87 	100  	-2293.6 	-2042.91	-2034.67	24.4536
3   	88 	100  	-2530.91	-2044.75	-2034.42	41.4428
3   	89 	100  	-2978.02	-2043.59	-2034.21	52.2321
3   	90 	100  	-2354.51	-2042.07	-2034.21	25.0428
3   	91 	100  	-2912.07	-2046.67	-2033.92	74.0816
3   	92 	100  	-3153.44	-2043.17	-2033.92	56.4113
3   	93 	100  	-2231.83	-2040.66	-2033.92	20.781 
3   	94 	100  	-2273.85	-2040.3 	-2033.92	19.2802
3   	95 	100  	-2514.06	-2045.33	-2033.72	40.1889
3   	96 	100  	-2292.63	-2039.16	-2033.72	18.3957
3   	97 	100  	-2435.27	-2040.55	-2033.72	26.375 
3   	98 	100  	-2206.31	-2039.28	-2033.57	15.3182
3   	99 	100  	-2577.09	-2041.78	-2033.57	36.8105
rank	gen	depth	min     	avg     	max     	std    
3   	0  	100  	-5041.96	-2319.93	-2108.66	228.003
3   	1  	100  	-3633.14	-2214.43	-2108.66	111.041
3   	2  	100  	-7684.33	-2200.4 	-2097.61	337.722
3   	3  	100  	-3039.24	-2154.27	-2097.51	60.2449
3   	4  	100  	-3645.94	-2151.67	-2092.8 	120.246
3   	5  	100  	-4856.96	-2151.12	-2078.64	203.924
3   	6  	100  	-3249.09	-2119.74	-2076.61	59.7725
3   	7  	100  	-3855.72	-2122.73	-2075.79	118.538
3   	8  	100  	-4071.1 	-2117.56	-2075.79	139.842
3   	9  	100  	-2828.11	-2100.61	-2075.56	51.612 
3   	10 	100  	-5259.14	-2110.77	-2068.42	167.683
3   	11 	100  	-3465.19	-2101.1 	-2068.42	94.256 
3   	12 	100  	-2855.24	-2088.78	-2064.3 	47.0779
3   	13 	100  	-2329.68	-2086.59	-2061.81	29.4518
3   	14 	100  	-2732.89	-2087.95	-2059.58	63.3118
3   	15 	100  	-2528.81	-2082.72	-2054.29	45.5429
3   	16 	100  	-3111.08	-2079.93	-2054.29	58.0166
3   	17 	100  	-3190.98	-2076.96	-2054.29	64.151 
3   	18 	100  	-2325.44	-2068.24	-2054.16	20.4054
3   	19 	100  	-2382.82	-2069.63	-2052.44	33.776 
3   	20 	100  	-2796.24	-2070.62	-2052.44	57.0632
3   	21 	100  	-2669.01	-2062.73	-2051.47	34.1041
3   	22 	100  	-3035.75	-2066.46	-2050.64	58.9399
3   	23 	100  	-2480.8 	-2061.08	-2050.45	26.0075
3   	24 	100  	-3171.99	-2061.45	-2050.45	53.0283
3   	25 	100  	-2466.46	-2060.97	-2049.83	37.4547
3   	26 	100  	-3748.15	-2066.56	-2048.85	93.3084
3   	27 	100  	-3931.46	-2063.33	-2048.62	94.3657
3   	28 	100  	-2350.48	-2057.01	-2047.58	24.3602
3   	29 	100  	-5460.69	-2067.43	-2047.53	162.532
3   	30 	100  	-2380.81	-2055.41	-2047.04	20.6051
3   	31 	100  	-2533.37	-2056.48	-2045.88	34.5987
3   	32 	100  	-2285.18	-2055.43	-2045.88	22.5483
3   	33 	100  	-3717.69	-2057.63	-2044.86	79.5918
3   	34 	100  	-6722.46	-2065.27	-2044.84	218.899
3   	35 	100  	-2531.98	-2053.28	-2044.73	31.7298
3   	36 	100  	-3135.25	-2055.39	-2044.73	56.1843
3   	37 	100  	-2338.65	-2051.94	-2044.63	25.9683
3   	38 	100  	-2606.9 	-2053.78	-2044.63	45.1823
3   	39 	100  	-2362.98	-2049.77	-2044.44	20.6803
3   	40 	100  	-2733.39	-2053.13	-2044.17	44.0408
3   	41 	100  	-2488.13	-2052.38	-2043.77	37.539 
3   	42 	100  	-4692.7 	-2064.95	-2043.34	157.069
3   	43 	100  	-2982.45	-2057.85	-2043.07	75.0289
3   	44 	100  	-3636.43	-2053.64	-2042.34	78.032 
3   	45 	100  	-2162.77	-2048.34	-2042.34	14.5916
3   	46 	100  	-2256.96	-2048.79	-2042.34	19.8647
3   	47 	100  	-3813.06	-2053.08	-2041.49	85.6509
3   	48 	100  	-2477.41	-2051.3 	-2040.38	36.2394
3   	49 	100  	-2388.85	-2047.15	-2040.38	18.9857
3   	50 	100  	-2592.89	-2050.31	-2040.38	39.9463
3   	51 	100  	-2346.91	-2048.05	-2040.38	25.5201
3   	52 	100  	-2855.18	-2051.75	-2040.38	53.7213
3   	53 	100  	-2368.67	-2046.23	-2040.38	20.7624
3   	54 	100  	-2705.54	-2047.55	-2039.98	37.5463
3   	55 	100  	-2370   	-2048.39	-2039.64	35.2561
3   	56 	100  	-2213.29	-2045.69	-2039.64	18.1152
3   	57 	100  	-2590.27	-2047.12	-2039.59	38.2596
3   	58 	100  	-2492.61	-2047.03	-2039.3 	31.0527
3   	59 	100  	-2188.63	-2044.21	-2039.1 	14.5135
3   	60 	100  	-2757.8 	-2045.08	-2039.1 	34.4345
3   	61 	100  	-2361.01	-2044.16	-2038.99	18.8014
3   	62 	100  	-2301.65	-2044.31	-2038.94	17.0554
3   	63 	100  	-2428.7 	-2044.92	-2038.69	24.4236
3   	64 	100  	-2573.86	-2046.5 	-2038.14	37.2633
3   	65 	100  	-2591.15	-2045.46	-2037.99	33.8419
3   	66 	100  	-2376.34	-2044.51	-2037.8 	25.7574
3   	67 	100  	-2594.49	-2046.43	-2037.69	40.572 
3   	68 	100  	-2551.06	-2044.96	-2037.57	29.9573
3   	69 	100  	-3524.33	-2048.12	-2036.94	81.853 
3   	70 	100  	-2506.33	-2042.92	-2036.94	28.0673
3   	71 	100  	-2677.73	-2046.33	-2036.88	41.8803
3   	72 	100  	-2927.92	-2044.96	-2036.88	50.2267
3   	73 	100  	-2227.02	-2041.44	-2036.88	15.6666
3   	74 	100  	-2207.36	-2041.84	-2036.88	14.2593
3   	75 	100  	-3653.36	-2048.08	-2036.18	78.447 
3   	76 	100  	-2187.11	-2040.62	-2036.18	13.7371
3   	77 	100  	-2558.16	-2041.83	-2036.18	28.3962
3   	78 	100  	-2189.16	-2039.84	-2035.48	12.5454
3   	79 	100  	-2317.44	-2040.29	-2035.48	19.7829
3   	80 	100  	-2235.88	-2041.61	-2035.48	20.4772
3   	81 	100  	-2434.64	-2041.84	-2035.48	27.6189
3   	82 	100  	-3565.04	-2044.01	-2035.01	75.3236
3   	83 	100  	-7020.57	-2049.58	-2035.01	223.222
3   	84 	100  	-2371.22	-2040.79	-2035.01	26.5439
3   	85 	100  	-2580.86	-2040.98	-2035.01	30.1739
3   	86 	100  	-2342.79	-2041   	-2035.01	23.7057
3   	87 	100  	-2183.47	-2039.21	-2035.01	14.863 
3   	88 	100  	-2457.45	-2039.7 	-2034.6 	22.132 
3   	89 	100  	-2319.44	-2040.16	-2034.6 	23.3368
3   	90 	100  	-2504.71	-2039.64	-2034.49	25.3335
3   	91 	100  	-2331.11	-2038.94	-2034.38	16.8087
3   	92 	100  	-2263.42	-2039.87	-2034.31	19.3897
3   	93 	100  	-2311.87	-2038.39	-2034.31	17.543 
3   	94 	100  	-2574.94	-2039.31	-2034.2 	31.1425
3   	95 	100  	-2140.75	-2037.97	-2034.2 	11.7724
3   	96 	100  	-2650.29	-2041.42	-2034.2 	39.7287
3   	97 	100  	-2207.59	-2037.85	-2034.2 	14.752 
3   	98 	100  	-2164.73	-2037.52	-2034.2 	11.5018
3   	99 	100  	-2233.67	-2037.87	-2034.2 	14.8548
rank	gen	depth	min     	avg     	max     	std    
3   	0  	100  	-3754.63	-2316.81	-2114.13	176.272
3   	1  	100  	-6957.66	-2231.92	-2104.87	240.854
3   	2  	100  	-3554.4 	-2182.28	-2104.8 	82.1859
3   	3  	100  	-9625.59	-2172.4 	-2087.11	337.196
3   	4  	100  	-2651.82	-2139.38	-2079   	41.1669
3   	5  	100  	-2530.65	-2125.12	-2079   	38.9048
3   	6  	100  	-2626.84	-2116.95	-2077.3 	50.2419
3   	7  	100  	-4037.15	-2106.93	-2071.04	92.3796
3   	8  	100  	-3629.51	-2103.48	-2070.37	96.7331
3   	9  	100  	-2562.53	-2090.73	-2068.99	33.8762
3   	10 	100  	-2533.33	-2087.2 	-2066.53	35.2439
3   	11 	100  	-2385.09	-2081.8 	-2063.62	22.7551
3   	12 	100  	-2352.15	-2078.2 	-2062.09	21.9642
3   	13 	100  	-3630.62	-2080.21	-2061.27	78.584 
3   	14 	100  	-2441.07	-2075.54	-2057.52	30.9461
3   	15 	100  	-2337.69	-2070.4 	-2057.52	17.3283
3   	16 	100  	-2261.76	-2067.26	-2055.29	13.22  
3   	17 	100  	-4165.36	-2069.97	-2055.29	96.0011
3   	18 	100  	-2139.88	-2062.53	-2055.29	7.11343
3   	19 	100  	-2338.82	-2063.89	-2054.78	23.6858
3   	20 	100  	-2277.8 	-2062.52	-2053.45	20.3901
3   	21 	100  	-2505.64	-2061.85	-2053.45	29.546 
3   	22 	100  	-2191.7 	-2058.55	-2053.45	11.5072
3   	23 	100  	-2551.46	-2060.67	-2050.91	37.8721
3   	24 	100  	-2208.13	-2057.01	-2050.91	12.7339
3   	25 	100  	-2375.23	-2057.17	-2050.7 	19.2325
3   	26 	100  	-2675.84	-2060.11	-2050.7 	45.9782
3   	27 	100  	-2632.85	-2057.24	-2049.77	30.3715
3   	28 	100  	-2707.53	-2056.42	-2049.08	32.3521
3   	29 	100  	-2899.65	-2056.04	-2048.39	40.4581
3   	30 	100  	-2995.19	-2055.01	-2047.74	44.8922
3   	31 	100  	-3252.48	-2056.72	-2046.99	59.5728
3   	32 	100  	-2318.91	-2051.9 	-2046.98	14.8039
3   	33 	100  	-2123.04	-2050.73	-2046.19	7.12418
3   	34 	100  	-2323.67	-2050.56	-2045.84	14.9834
3   	35 	100  	-2845.95	-2054.01	-2045.39	50.341 
3   	36 	100  	-2198.31	-2049.61	-2044.23	11.1016
3   	37 	100  	-2151.62	-2048.69	-2044.23	9.82022
3   	38 	100  	-2296.73	-2048.52	-2043.97	13.8852
3   	39 	100  	-2226.29	-2048.02	-2043.41	14.0639
3   	40 	100  	-2273.3 	-2047.89	-2041.93	16.6677
3   	41 	100  	-2558.52	-2050.93	-2041.1 	39.6787
3   	42 	100  	-2190.09	-2046.3 	-2041.1 	9.07121
3   	43 	100  	-2355.55	-2046.66	-2041.1 	18.8301
3   	44 	100  	-2151.15	-2044.39	-2041.1 	7.56651
3   	45 	100  	-2652.91	-2047.82	-2040.31	41.9952
3   	46 	100  	-2125.69	-2043.74	-2040.31	7.15845
3   	47 	100  	-2402.56	-2044.83	-2039.6 	20.604 
3   	48 	100  	-2146.72	-2043.02	-2039.03	9.15829
3   	49 	100  	-2116.68	-2042.55	-2039.03	6.77522
3   	50 	100  	-2175.94	-2042.09	-2039.03	7.36192
3   	51 	100  	-2423.2 	-2043.71	-2037.92	28.7815
3   	52 	100  	-2168.98	-2042.05	-2037.92	10.8188
3   	53 	100  	-2145.05	-2041.18	-2037.92	8.2687 
3   	54 	100  	-2145.99	-2040.7 	-2037.92	7.81376
3   	55 	100  	-2108.93	-2040.28	-2037.63	6.81555
3   	56 	100  	-2240.44	-2041.25	-2037.63	15.8766
3   	57 	100  	-2140.52	-2039.42	-2037.63	6.14761
3   	58 	100  	-2250.92	-2039.83	-2037.63	12.0311
3   	59 	100  	-2254.61	-2039.89	-2037.22	12.6876
3   	60 	100  	-2169.05	-2039.16	-2037.07	8.07689
3   	61 	100  	-2189   	-2039.78	-2037.07	10.2068
3   	62 	100  	-2296.83	-2038.93	-2037.07	12.1381
3   	63 	100  	-2103.75	-2038.48	-2036.98	5.60344
3   	64 	100  	-2134.8 	-2038.93	-2036.93	7.92765
3   	65 	100  	-2137.21	-2038.61	-2036.57	6.96096
3   	66 	100  	-2204.21	-2039.34	-2036.57	12.0065
3   	67 	100  	-2754.54	-2039.77	-2036.37	32.8227
3   	68 	100  	-2228.48	-2039.1 	-2036.37	12.9668
3   	69 	100  	-2175.69	-2038.61	-2036.37	10.4532
3   	70 	100  	-2110.49	-2037.85	-2036.17	6.00235
3   	71 	100  	-2460.66	-2039.16	-2035.88	21.6463
3   	72 	100  	-2071.98	-2037.24	-2035.88	3.48375
3   	73 	100  	-2318.53	-2038.53	-2035.88	15.3134
3   	74 	100  	-2176.24	-2038.35	-2035.55	11.9578
3   	75 	100  	-2556.71	-2039   	-2035.49	25.0672
3   	76 	100  	-2164.94	-2038   	-2035.49	10.4502
3   	77 	100  	-2394.31	-2038.2 	-2035.47	18.5093
3   	78 	100  	-2233.6 	-2037.97	-2035.47	14.2797
3   	79 	100  	-2080.22	-2036.63	-2035   	4.18578
3   	80 	100  	-2111.79	-2036.86	-2035   	5.5509 
3   	81 	100  	-2299.03	-2037.97	-2035   	15.5436
3   	82 	100  	-2079.2 	-2036.25	-2035   	3.68312
3   	83 	100  	-2181.65	-2037.85	-2034.9 	12.9643
3   	84 	100  	-2103.35	-2036.79	-2034.6 	6.73417
3   	85 	100  	-2122.6 	-2036.25	-2034.6 	6.07164
3   	86 	100  	-2067.66	-2035.8 	-2034.6 	3.36501
3   	87 	100  	-2132.68	-2036.3 	-2034.6 	6.94307
3   	88 	100  	-2882.83	-2038.89	-2034.51	48.7406
3   	89 	100  	-2318.77	-2036.71	-2034.51	16.6698
3   	90 	100  	-2131.71	-2036.25	-2034.24	8.17861
3   	91 	100  	-2263.13	-2037.1 	-2034.24	15.7134
3   	92 	100  	-3344.39	-2038.77	-2034.24	59.3988
3   	93 	100  	-2095.16	-2035.81	-2034.24	5.29936
3   	94 	100  	-2155.96	-2036.33	-2034.18	10.4074
3   	95 	100  	-2136.94	-2035.37	-2034.18	6.22873
3   	96 	100  	-2086.07	-2035.39	-2033.92	5.07913
3   	97 	100  	-2677.06	-2036.44	-2033.81	28.9973
3   	98 	100  	-2278.64	-2035.67	-2033.81	12.0734
3   	99 	100  	-2224.23	-2035.69	-2033.54	10.9533
rank	gen	depth	min     	avg     	max     	std    
3   	0  	100  	-8243.55	-2335.9 	-2111.39	342.199
3   	1  	100  	-6065.09	-2242.93	-2107.67	272.683
3   	2  	100  	-12535.6	-2209.03	-2102.62	505.83 
3   	3  	100  	-6411.8 	-2190.6 	-2101.07	350.326
3   	4  	100  	-3279.87	-2151.6 	-2096.69	113.013
3   	5  	100  	-3696.35	-2137.58	-2078.54	102.332
3   	6  	100  	-3848.38	-2139.22	-2078.54	147.59 
3   	7  	100  	-2678.53	-2118.05	-2072.64	46.0003
3   	8  	100  	-2754.28	-2116.69	-2072.64	62.6967
3   	9  	100  	-11106.4	-2128.02	-2071.64	408.262
3   	10 	100  	-2888.6 	-2109.28	-2066.25	66.6724
3   	11 	100  	-3418.8 	-2097.47	-2066.25	71.9115
3   	12 	100  	-3356.77	-2094.93	-2066.25	83.1847
3   	13 	100  	-3650.14	-2098.11	-2061.65	96.1521
3   	14 	100  	-3909.11	-2087.27	-2061.65	96.7068
3   	15 	100  	-3776.76	-2086.78	-2061.65	98.0089
3   	16 	100  	-2216.15	-2076.64	-2060.17	22.678 
3   	17 	100  	-2875.71	-2078.81	-2060.17	58.1326
3   	18 	100  	-2901.53	-2079.3 	-2059.43	62.8439
3   	19 	100  	-6038.77	-2083.15	-2057.91	181.991
3   	20 	100  	-2633.79	-2072.43	-2056.71	39.5137
3   	21 	100  	-4092.23	-2078.87	-2056.45	138.274
3   	22 	100  	-2669   	-2072.81	-2053.84	54.5129
3   	23 	100  	-2897.68	-2077.04	-2053.84	79.1144
3   	24 	100  	-3176.8 	-2073.24	-2053.84	73.1956
3   	25 	100  	-2751.54	-2068.99	-2052.45	50.9837
3   	26 	100  	-3246.9 	-2072.91	-2051.58	89.8683
3   	27 	100  	-4894.58	-2071.52	-2050.38	138.069
3   	28 	100  	-3063.77	-2069.4 	-2050.38	71.3091
3   	29 	100  	-3132.64	-2069.35	-2049.85	80.1864
3   	30 	100  	-2543.02	-2061.94	-2047.75	38.8791
3   	31 	100  	-2513.19	-2060.89	-2047.75	34.0817
3   	32 	100  	-2479.45	-2059.78	-2046.8 	37.297 
3   	33 	100  	-2340.13	-2058.15	-2046.8 	27.4524
3   	34 	100  	-2799.82	-2060.29	-2046.1 	48.0037
3   	35 	100  	-2973.97	-2057.75	-2045.8 	49.7442
3   	36 	100  	-2801.26	-2060.05	-2044.5 	57.1419
3   	37 	100  	-2713.55	-2058.16	-2043.99	44.6666
3   	38 	100  	-2777.34	-2054.73	-2043.66	40.3914
3   	39 	100  	-5796.87	-2063.64	-2043.66	175.792
3   	40 	100  	-3547.73	-2057.04	-2042.82	72.9625
3   	41 	100  	-2369.53	-2053.89	-2042.82	30.5818
3   	42 	100  	-2486.14	-2052.37	-2042.45	31.283 
3   	43 	100  	-2339.78	-2051.28	-2042.23	24.2232
3   	44 	100  	-2372.83	-2049.96	-2041.78	22.105 
3   	45 	100  	-3262.41	-2053.11	-2041.08	61.4976
3   	46 	100  	-2841.05	-2050.64	-2040.39	41.0031
3   	47 	100  	-2771.44	-2051.54	-2040.38	41.6089
3   	48 	100  	-3179.69	-2052.14	-2040.1 	72.4071
3   	49 	100  	-2447.19	-2050.26	-2039.91	35.5689
3   	50 	100  	-3612.97	-2049.84	-2039.21	72.5846
3   	51 	100  	-2250.9 	-2045.9 	-2039.21	16.6564
3   	52 	100  	-2452.04	-2046.89	-2038.61	33.1723
3   	53 	100  	-2352.21	-2048.34	-2038.09	33.1436
3   	54 	100  	-2315.44	-2046.56	-2037.91	23.273 
3   	55 	100  	-2269.47	-2044.71	-2037.11	18.3321
3   	56 	100  	-2282.62	-2045.32	-2037.11	21.716 
3   	57 	100  	-2238.4 	-2043.66	-2037.11	15.6304
3   	58 	100  	-2256.52	-2044.68	-2036.97	21.1824
3   	59 	100  	-2903.33	-2045.91	-2036.41	44.9706
3   	60 	100  	-2215.73	-2042.42	-2036.41	15.8478
3   	61 	100  	-2602.64	-2049.04	-2036.37	54.0745
3   	62 	100  	-2279.68	-2042.35	-2036.37	17.8995
3   	63 	100  	-2923.86	-2045.38	-2036.19	49.6939
3   	64 	100  	-2309.3 	-2041.87	-2035.71	22.1548
3   	65 	100  	-3171.5 	-2043.5 	-2035.67	53.3382
3   	66 	100  	-2457.18	-2041.99	-2035.44	25.9739
3   	67 	100  	-2438.51	-2043.71	-2034.62	31.787 
3   	68 	100  	-2366.56	-2042.63	-2034.48	28.448 
3   	69 	100  	-4352.19	-2050.21	-2034.48	124.428
3   	70 	100  	-2703.74	-2041.26	-2034.48	33.518 
3   	71 	100  	-4007.97	-2047.14	-2034.48	99.9329
3   	72 	100  	-3188.38	-2043.6 	-2034.32	63.1293
3   	73 	100  	-2465.22	-2042.13	-2034.32	31.7349
3   	74 	100  	-2186.78	-2039.8 	-2034.32	15.487 
3   	75 	100  	-2276.23	-2039.87	-2034.32	19.6946
3   	76 	100  	-2208.67	-2038.42	-2034.32	13.5043
3   	77 	100  	-2323.55	-2040.25	-2034.18	22.9441
3   	78 	100  	-2289.67	-2039.53	-2033.97	18.784 
3   	79 	100  	-2330.08	-2040.65	-2033.97	25.5432
3   	80 	100  	-2374.6 	-2040.85	-2033.97	26.6834
3   	81 	100  	-2306.88	-2041.37	-2033.92	28.68  
3   	82 	100  	-2247.6 	-2039.28	-2033.92	16.5983
3   	83 	100  	-2259.62	-2038.87	-2033.92	18.4714
3   	84 	100  	-2344.34	-2040.44	-2033.92	25.509 
3   	85 	100  	-2288.19	-2038.48	-2033.92	16.0894
3   	86 	100  	-2193.43	-2038.98	-2033.92	15.5664
3   	87 	100  	-2189.18	-2038.64	-2033.74	13.3215
3   	88 	100  	-2644.8 	-2039.6 	-2033.68	35.2434
3   	89 	100  	-2145.48	-2038.22	-2033.44	12.5836
3   	90 	100  	-2423.49	-2038.88	-2033.22	26.0483
3   	91 	100  	-2258.16	-2038.57	-2033.22	19.5551
3   	92 	100  	-2158.15	-2037.81	-2033.22	13.1741
3   	93 	100  	-2421.44	-2039.19	-2033.22	25.8541
3   	94 	100  	-2571.1 	-2039.94	-2033.05	33.6496
3   	95 	100  	-3683.62	-2041.99	-2033.05	76.6537
3   	96 	100  	-2261.81	-2037.13	-2032.92	13.5299
3   	97 	100  	-3038.72	-2041.26	-2032.68	52.2577
3   	98 	100  	-2765.8 	-2038.45	-2032.68	35.2256
3   	99 	100  	-2406.88	-2039.06	-2032.68	23.6132
rank	gen	depth	min     	avg     	max     	std    
3   	0  	100  	-9456.28	-2357.4 	-2103.38	463.108
3   	1  	100  	-4768.24	-2254.53	-2101.56	192.705
3   	2  	100  	-6490.89	-2222.07	-2101.56	231.782
3   	3  	100  	-4636.28	-2205.89	-2096.74	232.152
3   	4  	100  	-3500.86	-2193.95	-2096.74	184.372
3   	5  	100  	-4095.26	-2183.24	-2094.82	211.307
3   	6  	100  	-4386.16	-2161.1 	-2089.94	195    
3   	7  	100  	-9506.87	-2186.98	-2085.18	470.915
3   	8  	100  	-3756.89	-2151.88	-2080.48	166.607
3   	9  	100  	-8625.81	-2156.93	-2080.48	333.988
3   	10 	100  	-13308.1	-2153.63	-2077.92	527.869
3   	11 	100  	-7303.11	-2159.01	-2077.25	334.711
3   	12 	100  	-4567.76	-2137.83	-2068.72	197.287
3   	13 	100  	-4701.67	-2133.5 	-2068.72	181.564
3   	14 	100  	-3397.61	-2121.62	-2068.72	123.902
3   	15 	100  	-4688.34	-2123.09	-2068.72	165.555
3   	16 	100  	-3382.45	-2113.25	-2066.88	113.077
3   	17 	100  	-3422.15	-2119.16	-2066.88	137.355
3   	18 	100  	-3938.48	-2119.33	-2064.62	162.538
3   	19 	100  	-3010.76	-2104.39	-2064.62	88.3642
3   	20 	100  	-3953.49	-2108.04	-2062.62	133.86 
3   	21 	100  	-9649.05	-2116.5 	-2061.31	352.936
3   	22 	100  	-4171.1 	-2114.14	-2060.83	172.287
3   	23 	100  	-13637.5	-2157.93	-2060.83	734.281
3   	24 	100  	-5659.49	-2109.71	-2060.83	207.663
3   	25 	100  	-6730.93	-2123.16	-2059.05	326.598
3   	26 	100  	-4311.29	-2088.39	-2057.94	110.688
3   	27 	100  	-5300.07	-2100.1 	-2056.53	171.632
3   	28 	100  	-3545.32	-2099.62	-2054.82	136.487
3   	29 	100  	-3757.14	-2091.22	-2054.07	130.823
3   	30 	100  	-3150.18	-2090.01	-2053.94	92.1027
3   	31 	100  	-3351.95	-2086.51	-2053.94	96.5877
3   	32 	100  	-3803.87	-2082.6 	-2053.26	105.378
3   	33 	100  	-10910  	-2112.72	-2053.26	446.631
3   	34 	100  	-2883.49	-2080.26	-2051.33	76.0202
3   	35 	100  	-9186.12	-2094.72	-2051.27	328.226
3   	36 	100  	-3053.78	-2075.1 	-2049.59	64.7048
3   	37 	100  	-4909.41	-2087.74	-2049.48	189.918
3   	38 	100  	-3379.32	-2083.65	-2049.48	105.989
3   	39 	100  	-7064.25	-2098.85	-2049.34	282.936
3   	40 	100  	-3520.53	-2075.01	-2047.88	98.6493
3   	41 	100  	-5034.08	-2092.56	-2047.88	223.226
3   	42 	100  	-3087.21	-2074.09	-2047.88	76.0321
3   	43 	100  	-8792.27	-2089.4 	-2046.72	330.304
3   	44 	100  	-5262.71	-2084.7 	-2046.72	162.987
3   	45 	100  	-3531.37	-2075.12	-2046.72	123.196
3   	46 	100  	-3589.24	-2076.68	-2045.24	120.25 
3   	47 	100  	-4215.04	-2073.2 	-2045.24	121.031
3   	48 	100  	-3298.33	-2066.74	-2045.24	72.9534
3   	49 	100  	-3360.89	-2072.16	-2044.6 	94.685 
3   	50 	100  	-4195.01	-2073.71	-2043.5 	120.105
3   	51 	100  	-3384.14	-2071.24	-2043.5 	95.7205
3   	52 	100  	-3608.84	-2067.8 	-2043.5 	100.818
3   	53 	100  	-3180   	-2063.58	-2042.49	62.1089
3   	54 	100  	-3553.93	-2061.92	-2042.49	73.1475
3   	55 	100  	-9795.8 	-2092.77	-2042.49	393.445
3   	56 	100  	-4616.29	-2073.27	-2041.99	157.581
3   	57 	100  	-3237.59	-2066.02	-2041.12	98.9279
3   	58 	100  	-3283.49	-2067.06	-2041.12	87.4623
3   	59 	100  	-2731.51	-2059.66	-2041.01	55.0261
3   	60 	100  	-3055.91	-2062.26	-2040.1 	65.6611
3   	61 	100  	-2919.45	-2063.98	-2039.97	71.357 
3   	62 	100  	-5648.68	-2062.89	-2039.96	164.774
3   	63 	100  	-2486.24	-2056.33	-2039.82	41.8896
3   	64 	100  	-2776.87	-2058.82	-2039.27	61.6622
3   	65 	100  	-3407.12	-2059.95	-2039.27	75.7444
3   	66 	100  	-3619.65	-2064.43	-2039.27	125.411
3   	67 	100  	-2478.4 	-2056.92	-2038.32	44.6568
3   	68 	100  	-3700.88	-2066.99	-2038.32	114.167
3   	69 	100  	-4051.59	-2064.96	-2038.32	127.953
3   	70 	100  	-3051.34	-2053.89	-2038.32	53.8244
3   	71 	100  	-3333.86	-2057.46	-2038.32	83.3601
3   	72 	100  	-3420.38	-2056.96	-2038.32	76.0755
3   	73 	100  	-2560.82	-2056.2 	-2038.01	51.3845
3   	74 	100  	-3120.85	-2056.36	-2037.86	67.7681
3   	75 	100  	-2732.58	-2052.76	-2037.86	50.3216
3   	76 	100  	-2494.2 	-2053.16	-2037.86	44.7618
3   	77 	100  	-3290.03	-2057.35	-2037.06	84.7753
3   	78 	100  	-5851.31	-2062.26	-2037.06	180.02 
3   	79 	100  	-4299.87	-2064.39	-2037.06	145.679
3   	80 	100  	-3441   	-2053.93	-2037.06	82.1556
3   	81 	100  	-2730.59	-2048.76	-2036.96	36.0051
3   	82 	100  	-2697.66	-2053.64	-2036.96	56.1053
3   	83 	100  	-3568.51	-2056.73	-2036.93	83.5747
3   	84 	100  	-2859.48	-2051.41	-2036.36	53.5551
3   	85 	100  	-4318.6 	-2055.57	-2036.23	112.341
3   	86 	100  	-2660.1 	-2053.3 	-2036.23	51.467 
3   	87 	100  	-3306.87	-2055.97	-2036.23	93.4948
3   	88 	100  	-2797.02	-2053.58	-2036.23	58.7196
3   	89 	100  	-3969.16	-2054.49	-2035.98	98.9338
3   	90 	100  	-2472.98	-2048.46	-2035.98	33.2404
3   	91 	100  	-2828.57	-2050.39	-2035.79	50.2813
3   	92 	100  	-3853.15	-2057.91	-2035.39	127.458
3   	93 	100  	-2391.24	-2048.56	-2034.74	33.6499
3   	94 	100  	-2897.13	-2052   	-2034.74	66.5226
3   	95 	100  	-2588.2 	-2047.54	-2034.74	38.5712
3   	96 	100  	-2544.52	-2048.93	-2034.74	37.5782
3   	97 	100  	-2449.28	-2045.22	-2034.73	30.3604
3   	98 	100  	-3274.75	-2054.42	-2034.39	93.873 
3   	99 	100  	-3860.67	-2057.72	-2034.39	124.827
rank	gen	depth	min     	avg     	max     	std    
3   	0  	100  	-4251.41	-2357.78	-2093.64	258.09 
3   	1  	100  	-5888.93	-2303.56	-2090.72	366.526
3   	2  	100  	-9015.17	-2229.91	-2088.44	338.745
3   	3  	100  	-4169.7 	-2195.11	-2084.32	172.806
3   	4  	100  	-17929.6	-2237.39	-2084.32	775.476
3   	5  	100  	-5363.83	-2177.39	-2081   	235.695
3   	6  	100  	-3485.2 	-2150.78	-2080.88	147.694
3   	7  	100  	-15498.5	-2174.31	-2076.47	634.339
3   	8  	100  	-3194.3 	-2126.01	-2074.25	106.891
3   	9  	100  	-3822.83	-2137.35	-2074.25	162.332
3   	10 	100  	-6025.15	-2125.24	-2073.61	198.838
3   	11 	100  	-3566.44	-2113.64	-2066.87	109.428
3   	12 	100  	-4944.49	-2127.49	-2065.04	197.056
3   	13 	100  	-2640.66	-2106.86	-2065.04	76.8566
3   	14 	100  	-3569.58	-2126.78	-2062.61	163.519
3   	15 	100  	-4439.83	-2115.94	-2062.61	173.36 
3   	16 	100  	-5990.14	-2107.13	-2060.88	191.374
3   	17 	100  	-4453.48	-2102.65	-2059.49	137.052
3   	18 	100  	-4743.38	-2117.82	-2059.49	220.34 
3   	19 	100  	-3659.81	-2102.65	-2059.09	129.033
3   	20 	100  	-4864.19	-2105.39	-2056.27	188.684
3   	21 	100  	-9179.05	-2120.46	-2051.82	354.153
3   	22 	100  	-4024.69	-2100.8 	-2051.1 	134.175
3   	23 	100  	-3311.34	-2095.41	-2050.28	95.6009
3   	24 	100  	-7900.19	-2103.09	-2049.58	286.045
3   	25 	100  	-4222.91	-2091.16	-2049.58	125.671
3   	26 	100  	-3437.15	-2088.94	-2049.58	104.057
3   	27 	100  	-2840.4 	-2082.33	-2049.58	76.1871
3   	28 	100  	-3913.5 	-2087.83	-2049.58	135.754
3   	29 	100  	-3466.96	-2080.11	-2048.87	85.9344
3   	30 	100  	-2807.77	-2083.25	-2048.49	78.8048
3   	31 	100  	-3376.28	-2079.49	-2048.06	87.4271
3   	32 	100  	-3301.42	-2087.49	-2047.6 	111.587
3   	33 	100  	-6122.09	-2086.54	-2047.6 	212.59 
3   	34 	100  	-4250.74	-2077.75	-2046.97	114.096
3   	35 	100  	-2617.62	-2072.28	-2046.97	56.7844
3   	36 	100  	-3604.07	-2078.45	-2046.14	113.289
3   	37 	100  	-2748.04	-2076.34	-2046.14	80.8307
3   	38 	100  	-2692.57	-2068.47	-2045.85	53.9825
3   	39 	100  	-16671.8	-2102.4 	-2045.85	657.874
3   	40 	100  	-2493.45	-2068.51	-2045.85	54.586 
3   	41 	100  	-2735.87	-2066.44	-2045.32	45.3996
3   	42 	100  	-4493.28	-2078   	-2044.22	148.38 
3   	43 	100  	-2732.25	-2068.36	-2044.22	58.9954
3   	44 	100  	-2856.21	-2066.33	-2043.92	50.8254
3   	45 	100  	-9566   	-2084.28	-2043.92	345.277
3   	46 	100  	-3564.24	-2067.63	-2043.92	91.0822
3   	47 	100  	-2456.47	-2065.66	-2043.65	48.3121
3   	48 	100  	-3381.84	-2069.89	-2043.11	93.1569
3   	49 	100  	-15172  	-2092.61	-2043.11	589.092
3   	50 	100  	-3341.94	-2070.2 	-2042.83	96.4118
3   	51 	100  	-3805.54	-2066.13	-2042.04	95.6496
3   	52 	100  	-3843.83	-2068.88	-2041.55	104.391
3   	53 	100  	-2971.1 	-2065.99	-2041.55	80.8204
3   	54 	100  	-2722.69	-2066.64	-2041.21	71.6122
3   	55 	100  	-2945.74	-2068.45	-2041.21	85.3619
3   	56 	100  	-3072.09	-2064.08	-2041.21	78.9936
3   	57 	100  	-2438.75	-2060.36	-2041.21	42.3967
3   	58 	100  	-2739.77	-2058.44	-2041.21	50.2002
3   	59 	100  	-2608.59	-2061.5 	-2040.54	50.6389
3   	60 	100  	-6251.35	-2068.18	-2040.39	194.247
3   	61 	100  	-4413.94	-2066.47	-2040.39	130.026
3   	62 	100  	-4754.79	-2069.93	-2040.39	173.016
3   	63 	100  	-2852.67	-2057.93	-2039.79	53.4506
3   	64 	100  	-2926.87	-2057.09	-2039.79	54.3474
3   	65 	100  	-2868.38	-2058.94	-2039.69	60.659 
3   	66 	100  	-3559.75	-2059.4 	-2039.42	77.1031
3   	67 	100  	-2569.87	-2056.87	-2039.42	45.8782
3   	68 	100  	-7104.02	-2069.2 	-2039.17	239.911
3   	69 	100  	-3638.73	-2064.93	-2038.82	112.591
3   	70 	100  	-2770.65	-2055.3 	-2038.73	43.3793
3   	71 	100  	-3496.02	-2059.12	-2038.48	89.1434
3   	72 	100  	-3593.22	-2059.8 	-2038.18	89.2909
3   	73 	100  	-3181.7 	-2058.07	-2038.18	83.1467
3   	74 	100  	-2457.04	-2054.67	-2038.18	42.1406
3   	75 	100  	-4209.75	-2066.09	-2038.18	150.102
3   	76 	100  	-2385.29	-2054.61	-2038.18	38.4696
3   	77 	100  	-12330.3	-2099.48	-2037.65	616.828
3   	78 	100  	-2607.66	-2051.45	-2037.53	35.2058
3   	79 	100  	-2683.35	-2053.35	-2037.53	46.8831
3   	80 	100  	-2656.3 	-2056.25	-2037.17	49.802 
3   	81 	100  	-4033.89	-2063.45	-2036.47	122.294
3   	82 	100  	-3548.32	-2055.5 	-2036.47	74.2906
3   	83 	100  	-2698.34	-2052.92	-2036.47	45.1713
3   	84 	100  	-5321.17	-2067.25	-2036.47	164.348
3   	85 	100  	-4089.65	-2063.35	-2036.47	113.452
3   	86 	100  	-3658.79	-2055.21	-2036.47	85.1579
3   	87 	100  	-3559.71	-2057.43	-2036.47	93.8454
3   	88 	100  	-2607.64	-2052.87	-2036.37	46.4368
3   	89 	100  	-6229.83	-2061.86	-2035.37	192.649
3   	90 	100  	-3262.32	-2054.85	-2035.37	73.1701
3   	91 	100  	-2810.38	-2051.44	-2034.67	45.2119
3   	92 	100  	-5021.36	-2054.84	-2034.67	135.888
3   	93 	100  	-2257.98	-2047.59	-2034.67	23.6039
3   	94 	100  	-3000.51	-2053.31	-2034.67	64.2612
3   	95 	100  	-2299.38	-2048.21	-2034.67	28.102 
3   	96 	100  	-4560.03	-2057.65	-2034.57	127.495
3   	97 	100  	-3045.41	-2053.29	-2034.49	77.0636
3   	98 	100  	-2841.79	-2047.84	-2034.09	48.0663
3   	99 	100  	-2646.3 	-2048.6 	-2034.09	41.5104
rank	gen	depth	min     	avg     	max     	std    
3   	0  	100  	-10662.8	-2408.4 	-2099.11	696.423
3   	1  	100  	-7349.21	-2271.46	-2097.26	358.648
3   	2  	100  	-11848.4	-2244.56	-2097.26	477.607
3   	3  	100  	-5058.58	-2198.25	-2089.22	230.907
3   	4  	100  	-3487.29	-2177.76	-2089.04	145.102
3   	5  	100  	-41815.1	-2244.71	-2088.65	1780.74
3   	6  	100  	-3918.67	-2162.6 	-2088.43	170.786
3   	7  	100  	-14640.9	-2195.56	-2085.33	643.797
3   	8  	100  	-28595.4	-2218.01	-2085.33	1221.54
3   	9  	100  	-7641.07	-2157.73	-2083.38	356.125
3   	10 	100  	-5881.55	-2152.66	-2076.88	248.702
3   	11 	100  	-7133.52	-2156.8 	-2076.88	357.549
3   	12 	100  	-5166.11	-2139.83	-2076.88	196.172
3   	13 	100  	-15978.7	-2179.94	-2076.22	734.227
3   	14 	100  	-4915.31	-2130.48	-2076.22	183.049
3   	15 	100  	-5597.04	-2123.15	-2070.11	182.087
3   	16 	100  	-5321.72	-2130.97	-2067.5 	184.589
3   	17 	100  	-3843.28	-2118.44	-2067.5 	138.856
3   	18 	100  	-4265.18	-2124.15	-2067.5 	161.339
3   	19 	100  	-3921.52	-2113.3 	-2062.83	141.366
3   	20 	100  	-5303.95	-2125.01	-2062.83	240.289
3   	21 	100  	-4047.81	-2129.28	-2062.83	204.824
3   	22 	100  	-7679.16	-2114.75	-2061.6 	313.87 
3   	23 	100  	-3448.09	-2101.35	-2060.84	117.613
3   	24 	100  	-11134.3	-2147.95	-2060.84	529.606
3   	25 	100  	-3056.22	-2092.69	-2059.63	83.9258
3   	26 	100  	-3380.68	-2096.75	-2057.72	104.054
3   	27 	100  	-5458.14	-2119.09	-2056.9 	232.534
3   	28 	100  	-4402.4 	-2101.39	-2054.72	165.955
3   	29 	100  	-4333.83	-2088.93	-2054.71	137.605
3   	30 	100  	-2469.57	-2079.55	-2052.32	44.7741
3   	31 	100  	-2845.58	-2080.14	-2052.32	58.0111
3   	32 	100  	-5663.67	-2110.76	-2052.32	274.896
3   	33 	100  	-2888.4 	-2081.3 	-2052.32	66.8635
3   	34 	100  	-4114.26	-2085.24	-2052.32	129.662
3   	35 	100  	-3512.51	-2093.82	-2052.32	139.063
3   	36 	100  	-2764.08	-2080.59	-2051.87	69.1211
3   	37 	100  	-4752.93	-2087.66	-2051.87	170.454
3   	38 	100  	-3580.2 	-2088.88	-2051.17	132.855
3   	39 	100  	-3111.42	-2078.07	-2050.95	75.3997
3   	40 	100  	-3424.39	-2085.36	-2050.65	119.142
3   	41 	100  	-3860.29	-2083.87	-2050.2 	130.352
3   	42 	100  	-2975.1 	-2072.03	-2050.01	60.9579
3   	43 	100  	-3874.48	-2079.4 	-2049.91	107.409
3   	44 	100  	-3099.03	-2078.91	-2048.63	86.6048
3   	45 	100  	-6358.21	-2086.89	-2048.36	214.728
3   	46 	100  	-4204.42	-2081.91	-2048.36	142.874
3   	47 	100  	-2997.57	-2073.41	-2048.19	72.7708
3   	48 	100  	-2940.68	-2077.2 	-2047   	90.8441
3   	49 	100  	-4732.2 	-2081.58	-2047   	171.676
3   	50 	100  	-4006.06	-2081.9 	-2046.21	149.656
3   	51 	100  	-4521.88	-2080.36	-2046.21	156.178
3   	52 	100  	-3314.1 	-2078.32	-2046.07	103.111
3   	53 	100  	-3833.34	-2078.82	-2045.11	114.339
3   	54 	100  	-6704.14	-2110.73	-2045.11	350.522
3   	55 	100  	-2617.31	-2064.58	-2045.11	44.6812
3   	56 	100  	-3669.86	-2080.34	-2045.11	136.116
3   	57 	100  	-4831.39	-2076.53	-2043.99	147.107
3   	58 	100  	-2734.76	-2071.43	-2043.99	63.5013
3   	59 	100  	-2663.71	-2064.01	-2043.64	49.1677
3   	60 	100  	-3043.61	-2070.17	-2043.64	80.8607
3   	61 	100  	-3583.24	-2075.59	-2043.64	114.764
3   	62 	100  	-2853.52	-2069.36	-2043.34	74.9908
3   	63 	100  	-3217.03	-2069.33	-2042.74	83.3904
3   	64 	100  	-7938.2 	-2079.07	-2042.25	277.163
3   	65 	100  	-2676.29	-2062.91	-2042.25	55.0899
3   	66 	100  	-9670.86	-2083.53	-2042.21	352.887
3   	67 	100  	-5704.85	-2077.64	-2042.21	234.631
3   	68 	100  	-2494.16	-2059.7 	-2042.21	37.7963
3   	69 	100  	-3194.22	-2063.01	-2041.83	74.4852
3   	70 	100  	-5222.19	-2068.03	-2041.52	160.533
3   	71 	100  	-5235.08	-2068.39	-2039.82	157.508
3   	72 	100  	-5796.49	-2071.89	-2039.82	188.417
3   	73 	100  	-3895.99	-2070.53	-2038.57	140.113
3   	74 	100  	-7504.48	-2076.61	-2038.57	275.611
3   	75 	100  	-2523.83	-2055.77	-2038.35	41.774 
3   	76 	100  	-4725.54	-2069.41	-2038.35	173.14 
3   	77 	100  	-2593.16	-2055.63	-2038.35	47.8078
3   	78 	100  	-2705.25	-2056.57	-2038.24	55.7736
3   	79 	100  	-3940.81	-2068.58	-2037.92	140.969
3   	80 	100  	-5857.94	-2069.03	-2037.82	219.29 
3   	81 	100  	-2660.6 	-2051.58	-2037.82	40.6231
3   	82 	100  	-3618.83	-2070.52	-2037.82	139.929
3   	83 	100  	-3037.83	-2054.48	-2037.68	56.0407
3   	84 	100  	-2846.66	-2054.26	-2037.52	49.4326
3   	85 	100  	-3205.09	-2055.71	-2037.52	65.5343
3   	86 	100  	-2987.89	-2053.14	-2036.85	63.591 
3   	87 	100  	-2861.07	-2054.52	-2036.8 	60.454 
3   	88 	100  	-3083.31	-2056.79	-2036.55	74.9002
3   	89 	100  	-3350.24	-2055.59	-2036.11	83.4996
3   	90 	100  	-4038.56	-2059.13	-2036.11	115.878
3   	91 	100  	-4135.24	-2055.46	-2036.11	103.328
3   	92 	100  	-2703.74	-2053.19	-2035.95	51.3743
3   	93 	100  	-3724.31	-2058.12	-2035.95	103.633
3   	94 	100  	-3043.61	-2052.15	-2035.95	61.0932
3   	95 	100  	-2407.76	-2051.65	-2035.55	35.5281
3   	96 	100  	-2590.3 	-2048.94	-2035.55	32.6299
3   	97 	100  	-2705.5 	-2053.33	-2035.55	61.9125
3   	98 	100  	-2209.24	-2046.97	-2035.55	18.651 
3   	99 	100  	-2942.49	-2052.01	-2035.55	55.8766
