rank	gen	depth	min     	avg     	max     	std    
3   	0  	100  	-2293.29	-1697.32	-1616.63	76.7682
3   	1  	100  	-1994.2 	-1657.51	-1614.58	32.2964
3   	2  	100  	-2003.02	-1640.9 	-1614.58	28.9764
3   	3  	100  	-1877.73	-1631.32	-1613.54	19.2772
3   	4  	100  	-1768.01	-1625.72	-1612.4 	13.9653
3   	5  	100  	-1846.3 	-1621.66	-1609.44	13.9496
3   	6  	100  	-2170.85	-1621.95	-1609.44	36.3722
3   	7  	100  	-1934.37	-1618.73	-1609.11	18.1405
3   	8  	100  	-1738.8 	-1616.03	-1608.42	10.3583
3   	9  	100  	-1886.24	-1615.19	-1608.24	20.4361
3   	10 	100  	-2400.32	-1615.75	-1607.44	43.8212
3   	11 	100  	-1734.32	-1611.68	-1607.44	9.69088
3   	12 	100  	-1871.8 	-1612.49	-1607.27	18.0314
3   	13 	100  	-2167.34	-1612.23	-1606.7 	28.6596
3   	14 	100  	-2030.26	-1611.67	-1606.7 	26.0783
3   	15 	100  	-1924.11	-1610.56	-1605.64	20.7539
3   	16 	100  	-1690.9 	-1609.38	-1605.64	8.09719
3   	17 	100  	-1840.2 	-1609.77	-1605.32	15.7336
3   	18 	100  	-1667.79	-1608.23	-1605.32	4.76893
3   	19 	100  	-1639.75	-1607.36	-1605.14	3.05277
3   	20 	100  	-1794.68	-1608.92	-1604.94	14.5426
3   	21 	100  	-1905.96	-1607.59	-1604.94	16.0736
3   	22 	100  	-1712.34	-1606.74	-1604.94	6.66978
3   	23 	100  	-1996.55	-1608.22	-1604.94	22.3196
3   	24 	100  	-2140.36	-1607.52	-1604.49	25.169 
3   	25 	100  	-1794.63	-1607.1 	-1604.32	11.0814
3   	26 	100  	-1686.28	-1606.31	-1604.32	6.15373
3   	27 	100  	-1967.13	-1607.05	-1604.32	18.2964
3   	28 	100  	-1879.65	-1606.91	-1604.24	16.6086
3   	29 	100  	-1711.64	-1606.32	-1604.24	8.19372
3   	30 	100  	-1759.72	-1606.23	-1604.24	10.7399
3   	31 	100  	-1771.96	-1605.78	-1604.24	9.97662
3   	32 	100  	-1712.05	-1605.48	-1603.62	6.95257
3   	33 	100  	-1656.23	-1605.4 	-1603.62	4.85864
3   	34 	100  	-2522.43	-1609.12	-1603.62	46.5299
3   	35 	100  	-2098.16	-1606.08	-1603.54	22.5728
3   	36 	100  	-2143.26	-1606.96	-1603.54	27.8372
3   	37 	100  	-1669.85	-1605.19	-1603.54	5.62872
3   	38 	100  	-1729.28	-1606.08	-1603.54	11.7806
3   	39 	100  	-2046.79	-1605.76	-1603.54	20.3675
3   	40 	100  	-1695.43	-1604.72	-1603.54	6.30317
3   	41 	100  	-1779.44	-1605.02	-1603.54	9.41779
3   	42 	100  	-2883.59	-1607.16	-1603.54	57.378 
3   	43 	100  	-1670.99	-1604.9 	-1603.54	6.43381
3   	44 	100  	-1721.31	-1605.03	-1603.54	7.49726
3   	45 	100  	-1933.57	-1606.81	-1603.54	24.6221
3   	46 	100  	-1647.58	-1604.33	-1603.54	3.89575
3   	47 	100  	-1767.57	-1605.42	-1603.54	11.0041
3   	48 	100  	-1662.59	-1604.17	-1603.54	3.49608
3   	49 	100  	-1713.56	-1604.49	-1603.54	6.00249
3   	50 	100  	-1644.28	-1604.55	-1603.54	3.97021
3   	51 	100  	-1658.33	-1604.75	-1603.54	5.84191
3   	52 	100  	-1771.86	-1605.57	-1603.54	11.7418
3   	53 	100  	-1791.65	-1605.09	-1603.54	10.5136
3   	54 	100  	-1776.45	-1605.17	-1603.54	11.5851
3   	55 	100  	-1969.13	-1605.87	-1603.54	20.5676
3   	56 	100  	-1723.7 	-1604.89	-1603.54	9.08281
3   	57 	100  	-1859.51	-1605.22	-1603.54	12.752 
3   	58 	100  	-1706.49	-1605.13	-1603.54	7.98292
3   	59 	100  	-1637.52	-1604.59	-1603.54	4.3003 
3   	60 	100  	-1737.4 	-1605.12	-1603.54	9.66334
3   	61 	100  	-1850.6 	-1605.41	-1603.54	13.6467
3   	62 	100  	-1671.54	-1604.66	-1603.54	5.70832
3   	63 	100  	-1659.74	-1604.47	-1603.54	4.27272
3   	64 	100  	-1659.62	-1604.68	-1603.54	5.1272 
3   	65 	100  	-1678.5 	-1604.42	-1603.54	4.55313
3   	66 	100  	-1764.32	-1605.35	-1603.54	10.2919
3   	67 	100  	-1702.08	-1604.55	-1603.54	5.80803
3   	68 	100  	-1800.79	-1605.04	-1603.54	12.8931
3   	69 	100  	-2335.83	-1606.22	-1603.54	34.0203
3   	70 	100  	-1860.98	-1605   	-1603.54	13.0679
3   	71 	100  	-1681.83	-1604.6 	-1603.54	5.11027
3   	72 	100  	-1641.69	-1604.42	-1603.54	3.60118
3   	73 	100  	-1679.49	-1604.5 	-1603.54	5.09134
3   	74 	100  	-1830.03	-1605.69	-1603.54	14.3347
3   	75 	100  	-2139.96	-1606.45	-1603.54	27.8887
3   	76 	100  	-1640.48	-1603.99	-1603.54	2.32465
3   	77 	100  	-1698   	-1605.12	-1603.54	7.24032
3   	78 	100  	-1646.72	-1604.58	-1603.54	4.40791
3   	79 	100  	-1736.41	-1605.04	-1603.54	8.14347
3   	80 	100  	-1964.13	-1605.83	-1603.54	20.0834
3   	81 	100  	-1672.12	-1604.86	-1603.54	6.3475 
3   	82 	100  	-1825.04	-1605.05	-1603.54	11.1259
3   	83 	100  	-1821.57	-1605.52	-1603.54	13.6523
3   	84 	100  	-1761.89	-1604.88	-1603.54	8.73412
3   	85 	100  	-1665.92	-1604.44	-1603.54	4.70951
3   	86 	100  	-1673.23	-1604.96	-1603.54	6.11359
3   	87 	100  	-1895.75	-1604.9 	-1603.54	13.8813
3   	88 	100  	-1678.2 	-1604.5 	-1603.54	5.37399
3   	89 	100  	-1657.63	-1604.33	-1603.54	3.87922
3   	90 	100  	-2053.44	-1605.45	-1603.54	20.938 
3   	91 	100  	-1664.87	-1604.3 	-1603.54	4.29608
3   	92 	100  	-1683.76	-1604.35	-1603.54	4.88827
3   	93 	100  	-1793.81	-1604.85	-1603.54	10.7291
3   	94 	100  	-1859.98	-1605.37	-1603.54	14.0324
3   	95 	100  	-1694.02	-1604.57	-1603.54	5.74335
3   	96 	100  	-1688.28	-1604.73	-1603.54	6.10155
3   	97 	100  	-1713.49	-1605.03	-1603.54	8.18299
3   	98 	100  	-1832.85	-1605.19	-1603.54	12.4759
3   	99 	100  	-1811.37	-1605.33	-1603.54	12.221 
rank	gen	depth	min     	avg     	max     	std    
3   	0  	100  	-2322.66	-1692.86	-1618.36	72.9624
3   	1  	100  	-2326.63	-1653.15	-1615.84	39.2617
3   	2  	100  	-1842.06	-1638.49	-1615.36	16.6798
3   	3  	100  	-1817.27	-1631.31	-1614.65	12.5722
3   	4  	100  	-1852.15	-1626.87	-1612.54	15.7721
3   	5  	100  	-1723.25	-1622.28	-1610.97	8.74154
3   	6  	100  	-1719.42	-1619.35	-1610.84	6.725  
3   	7  	100  	-1988.81	-1618.84	-1609.55	22.4861
3   	8  	100  	-1844.34	-1616.72	-1608.44	15.9897
3   	9  	100  	-1762.35	-1614.49	-1608.41	9.01515
3   	10 	100  	-1715.63	-1613.2 	-1608.24	8.34222
3   	11 	100  	-1722.18	-1612.32	-1607.03	8.41554
3   	12 	100  	-1721.61	-1611.47	-1607.03	8.51166
3   	13 	100  	-1721.47	-1610.71	-1606.63	7.62317
3   	14 	100  	-1718.27	-1610.08	-1606.63	8.0286 
3   	15 	100  	-1797.06	-1609.77	-1606.4 	10.5717
3   	16 	100  	-1669.52	-1609.33	-1606.22	5.98449
3   	17 	100  	-2167.39	-1610.68	-1605.64	28.5862
3   	18 	100  	-1641.53	-1607.9 	-1605.64	3.23708
3   	19 	100  	-1712.17	-1608.12	-1605.4 	7.76725
3   	20 	100  	-1791.08	-1607.79	-1604.32	8.99733
3   	21 	100  	-1660.23	-1607.17	-1604.32	3.6725 
3   	22 	100  	-1764.77	-1607.35	-1604.32	7.94593
3   	23 	100  	-1918.12	-1607.56	-1604.32	14.384 
3   	24 	100  	-1656   	-1606.54	-1604.24	3.73874
3   	25 	100  	-1688.25	-1606.53	-1604.24	5.892  
3   	26 	100  	-1733.94	-1606.2 	-1603.74	7.07533
3   	27 	100  	-1715.63	-1606.25	-1603.62	7.95044
3   	28 	100  	-2085.61	-1607.17	-1603.62	28.3191
3   	29 	100  	-1634.22	-1605.15	-1603.62	2.87929
3   	30 	100  	-1709.59	-1605.49	-1603.62	6.93301
3   	31 	100  	-1657.99	-1604.93	-1603.54	4.68292
3   	32 	100  	-1673.59	-1604.62	-1603.54	4.53086
3   	33 	100  	-1895.93	-1605.29	-1603.54	14.3892
3   	34 	100  	-1705.37	-1604.45	-1603.54	5.20528
3   	35 	100  	-1632.42	-1604.18	-1603.54	2.46938
3   	36 	100  	-1689.27	-1604.54	-1603.54	5.55011
3   	37 	100  	-1640   	-1604.01	-1603.54	2.77799
3   	38 	100  	-2033.88	-1605.71	-1603.54	23.2039
3   	39 	100  	-1990.93	-1606.16	-1603.54	26.1012
3   	40 	100  	-1688.77	-1604.39	-1603.54	6.29995
3   	41 	100  	-1908.61	-1605.16	-1603.54	17.3415
3   	42 	100  	-1677.8 	-1604.39	-1603.54	5.31818
3   	43 	100  	-1698.64	-1604.4 	-1603.54	6.17974
3   	44 	100  	-1628.71	-1604.03	-1603.54	2.57232
3   	45 	100  	-1697.7 	-1604.14	-1603.54	4.89373
3   	46 	100  	-1653.26	-1604.27	-1603.54	4.13348
3   	47 	100  	-3458.27	-1608.22	-1603.54	83.5192
3   	48 	100  	-1858.51	-1605.33	-1603.54	13.2058
3   	49 	100  	-1653.87	-1604.13	-1603.54	3.53582
3   	50 	100  	-1692.42	-1604.18	-1603.54	4.63332
3   	51 	100  	-1643.91	-1603.99	-1603.54	2.82021
3   	52 	100  	-1959.44	-1605   	-1603.54	16.6918
3   	53 	100  	-1781.83	-1604.59	-1603.54	9.27748
3   	54 	100  	-1690.35	-1604.28	-1603.54	5.6416 
3   	55 	100  	-2033.36	-1604.99	-1603.54	19.4611
3   	56 	100  	-1647.42	-1604.12	-1603.54	3.53808
3   	57 	100  	-1720.26	-1604.89	-1603.54	8.36855
3   	58 	100  	-1863.52	-1605.45	-1603.54	14.7226
3   	59 	100  	-1645.73	-1604.09	-1603.54	2.87881
3   	60 	100  	-1677.33	-1604.63	-1603.54	6.27358
3   	61 	100  	-1672.12	-1604.58	-1603.54	5.99049
3   	62 	100  	-1919.72	-1605   	-1603.54	16.7208
3   	63 	100  	-1634.84	-1604.18	-1603.54	3.0257 
3   	64 	100  	-1674.9 	-1604.09	-1603.54	4.15914
3   	65 	100  	-1989.93	-1606.05	-1603.54	23.0145
3   	66 	100  	-1732.38	-1604.71	-1603.54	8.17614
3   	67 	100  	-1806.48	-1604.7 	-1603.54	11.014 
3   	68 	100  	-1667.86	-1604.2 	-1603.54	4.67585
3   	69 	100  	-1729.28	-1604.47	-1603.54	6.4798 
3   	70 	100  	-1712.47	-1604.53	-1603.54	6.96155
3   	71 	100  	-1694.62	-1604.27	-1603.54	5.80142
3   	72 	100  	-1677.1 	-1604.3 	-1603.54	5.13014
3   	73 	100  	-1654.24	-1604.24	-1603.54	4.02254
3   	74 	100  	-1682.29	-1604.78	-1603.54	7.25331
3   	75 	100  	-1701.2 	-1604.43	-1603.54	6.70777
3   	76 	100  	-1645.03	-1604.44	-1603.54	4.31668
3   	77 	100  	-1965.53	-1604.97	-1603.54	16.7824
3   	78 	100  	-1920.19	-1605.1 	-1603.54	15.5017
3   	79 	100  	-1749.08	-1604.41	-1603.54	7.44677
3   	80 	100  	-1693.57	-1604.36	-1603.54	5.51342
3   	81 	100  	-1703.78	-1604.29	-1603.54	5.67656
3   	82 	100  	-1662.05	-1604.11	-1603.54	3.46701
3   	83 	100  	-1681.2 	-1604.16	-1603.54	4.7788 
3   	84 	100  	-3078.53	-1608.37	-1603.54	68.1962
3   	85 	100  	-1674.91	-1603.99	-1603.54	3.65046
3   	86 	100  	-1641.9 	-1604.2 	-1603.54	3.33191
3   	87 	100  	-1629.54	-1603.9 	-1603.54	2.0794 
3   	88 	100  	-1752.31	-1604.74	-1603.54	9.42091
3   	89 	100  	-1656.79	-1604.12	-1603.54	3.55268
3   	90 	100  	-2375.91	-1606.6 	-1603.54	36.828 
3   	91 	100  	-1795.25	-1604.92	-1603.54	10.2431
3   	92 	100  	-1914.61	-1605.23	-1603.54	17.3138
3   	93 	100  	-1758.13	-1605.11	-1603.54	9.83795
3   	94 	100  	-1630.32	-1603.98	-1603.54	2.32418
3   	95 	100  	-1635.95	-1604.06	-1603.54	2.75127
3   	96 	100  	-1684.46	-1604.05	-1603.54	4.44742
3   	97 	100  	-1739.25	-1604.39	-1603.54	7.28467
3   	98 	100  	-1674.67	-1604.12	-1603.54	3.99227
3   	99 	100  	-1824.57	-1605.53	-1603.54	14.0614
rank	gen	depth	min     	avg     	max     	std    
3   	0  	100  	-2148.26	-1683.15	-1622.23	60.4105
3   	1  	100  	-1723.23	-1649.63	-1615.57	16.6796
3   	2  	100  	-1715.71	-1639.19	-1615.57	12.2057
3   	3  	100  	-1755.14	-1632.79	-1614.6 	11.9609
3   	4  	100  	-1928.75	-1628.05	-1612.92	16.8052
3   	5  	100  	-1756.65	-1624.13	-1612.05	9.59955
3   	6  	100  	-2146.12	-1623.76	-1610.36	35.4859
3   	7  	100  	-1989.9 	-1618.96	-1610.36	17.5558
3   	8  	100  	-1790.71	-1616.82	-1609.06	9.84483
3   	9  	100  	-1825.18	-1615.48	-1608.72	12.4347
3   	10 	100  	-1649.96	-1613.47	-1608.02	3.64197
3   	11 	100  	-1723.53	-1613.42	-1607.57	9.18302
3   	12 	100  	-1771.93	-1611.82	-1607.14	8.56848
3   	13 	100  	-1662.01	-1610.88	-1606.21	4.61006
3   	14 	100  	-1678.91	-1610.38	-1606.21	5.50106
3   	15 	100  	-1743.48	-1610.07	-1605.76	8.35576
3   	16 	100  	-2155   	-1611.07	-1605.76	28.1002
3   	17 	100  	-1704.96	-1608.39	-1605.76	6.77321
3   	18 	100  	-1697.34	-1608.31	-1604.97	6.54274
3   	19 	100  	-2975.96	-1610.54	-1604.97	61.8132
3   	20 	100  	-1653.37	-1607.04	-1604.94	3.09031
3   	21 	100  	-1698.08	-1607.09	-1604.94	5.04191
3   	22 	100  	-1980.74	-1608.34	-1604.48	19.4369
3   	23 	100  	-1663.18	-1606.56	-1604.32	4.332  
3   	24 	100  	-1674.16	-1606.2 	-1604.27	4.29834
3   	25 	100  	-1662.75	-1605.81	-1604.24	3.55972
3   	26 	100  	-1851.54	-1605.98	-1603.62	11.4237
3   	27 	100  	-1674.35	-1605.45	-1603.62	5.35019
3   	28 	100  	-1700.69	-1605.34	-1603.62	6.20796
3   	29 	100  	-1658.91	-1605.01	-1603.62	3.76976
3   	30 	100  	-1633.85	-1604.86	-1603.54	2.89329
3   	31 	100  	-1660.03	-1604.85	-1603.54	4.49199
3   	32 	100  	-1633.87	-1604.25	-1603.54	2.09909
3   	33 	100  	-1704.08	-1604.55	-1603.54	6.22734
3   	34 	100  	-1724.1 	-1604.52	-1603.54	7.03522
3   	35 	100  	-1671.36	-1604.37	-1603.54	4.51858
3   	36 	100  	-1833.03	-1604.5 	-1603.54	10.7334
3   	37 	100  	-1672.82	-1604.12	-1603.54	4.08459
3   	38 	100  	-1667.01	-1603.94	-1603.54	3.21173
3   	39 	100  	-1662.89	-1604.1 	-1603.54	3.99064
3   	40 	100  	-1698.35	-1604.28	-1603.54	5.70181
3   	41 	100  	-1757.81	-1604.55	-1603.54	7.83646
3   	42 	100  	-1716.68	-1604.48	-1603.54	8.11792
3   	43 	100  	-1798.46	-1604.63	-1603.54	9.7596 
3   	44 	100  	-1728.58	-1604.19	-1603.54	6.32323
3   	45 	100  	-1694.71	-1604.26	-1603.54	5.45267
3   	46 	100  	-1791.81	-1604.51	-1603.54	9.75013
3   	47 	100  	-1655.64	-1604.01	-1603.54	3.46845
3   	48 	100  	-1656.63	-1604.2 	-1603.54	4.02967
3   	49 	100  	-1846   	-1604.59	-1603.54	12.0144
3   	50 	100  	-1736.96	-1604.04	-1603.54	6.26926
3   	51 	100  	-1891.93	-1605.35	-1603.54	15.9208
3   	52 	100  	-1633.98	-1604.03	-1603.54	2.68532
3   	53 	100  	-1719.26	-1604.61	-1603.54	8.71578
3   	54 	100  	-1746.63	-1604.41	-1603.54	7.47326
3   	55 	100  	-1635.83	-1603.87	-1603.54	2.35677
3   	56 	100  	-1625.27	-1603.79	-1603.54	1.66487
3   	57 	100  	-1675.51	-1604.23	-1603.54	4.39691
3   	58 	100  	-1751.04	-1604.45	-1603.54	7.60859
3   	59 	100  	-1628.22	-1603.99	-1603.54	2.49951
3   	60 	100  	-1628.22	-1603.86	-1603.54	1.95731
3   	61 	100  	-1648.2 	-1604.34	-1603.54	4.06383
3   	62 	100  	-1678.2 	-1604.25	-1603.54	5.28314
3   	63 	100  	-1683.77	-1604.38	-1603.54	5.60782
3   	64 	100  	-1729.88	-1604.4 	-1603.54	6.97634
3   	65 	100  	-1652.22	-1603.96	-1603.54	3.03458
3   	66 	100  	-1640.56	-1603.89	-1603.54	2.37531
3   	67 	100  	-1666.86	-1604.04	-1603.54	3.91866
3   	68 	100  	-1685.06	-1604.45	-1603.54	6.30621
3   	69 	100  	-1863.27	-1605.07	-1603.54	16.5092
3   	70 	100  	-1892.09	-1604.88	-1603.54	14.2604
3   	71 	100  	-1710.65	-1604.16	-1603.54	5.43375
3   	72 	100  	-1650.82	-1604.27	-1603.54	4.2357 
3   	73 	100  	-1747.34	-1604.22	-1603.54	7.02197
3   	74 	100  	-1645.32	-1604.14	-1603.54	3.54378
3   	75 	100  	-1638.12	-1603.98	-1603.54	2.56911
3   	76 	100  	-1686.8 	-1604.37	-1603.54	5.81123
3   	77 	100  	-1720.02	-1604.24	-1603.54	6.75602
3   	78 	100  	-1666.57	-1604.26	-1603.54	5.10202
3   	79 	100  	-1682.16	-1603.99	-1603.54	3.8038 
3   	80 	100  	-1707.51	-1604.31	-1603.54	5.53773
3   	81 	100  	-1628.01	-1603.96	-1603.54	2.36203
3   	82 	100  	-1623.72	-1603.8 	-1603.54	1.51292
3   	83 	100  	-1625.27	-1603.87	-1603.54	1.92511
3   	84 	100  	-1655.23	-1604.38	-1603.54	4.7662 
3   	85 	100  	-1686.57	-1604.29	-1603.54	5.10344
3   	86 	100  	-1674.84	-1604.14	-1603.54	4.06653
3   	87 	100  	-1642.52	-1604.03	-1603.54	3.0861 
3   	88 	100  	-1691.03	-1603.96	-1603.54	4.2366 
3   	89 	100  	-1741.24	-1604.43	-1603.54	8.04403
3   	90 	100  	-1628.65	-1603.94	-1603.54	2.16626
3   	91 	100  	-1723.13	-1604.07	-1603.54	5.54713
3   	92 	100  	-1644.33	-1604.16	-1603.54	3.30668
3   	93 	100  	-1644.74	-1604.02	-1603.54	3.30393
3   	94 	100  	-1666.16	-1604.09	-1603.54	4.00482
3   	95 	100  	-1625.7 	-1603.93	-1603.54	2.14707
3   	96 	100  	-1653.49	-1603.94	-1603.54	2.79504
3   	97 	100  	-1703.06	-1604.63	-1603.54	7.90335
3   	98 	100  	-1638.08	-1604.12	-1603.54	3.23042
3   	99 	100  	-1650.97	-1603.93	-1603.54	3.2955 
rank	gen	depth	min     	avg     	max     	std    
3   	0  	100  	-3796.71	-1706.91	-1617.69	161.976
3   	1  	100  	-13832.6	-1700.7 	-1617.69	592.469
3   	2  	100  	-3128.82	-1658.52	-1617.2 	96.3755
3   	3  	100  	-3050.9 	-1648.08	-1614.22	105.601
3   	4  	100  	-2649.45	-1640.97	-1614.22	72.6288
3   	5  	100  	-2565.64	-1638.6 	-1612.46	74.0948
3   	6  	100  	-2610.3 	-1641.13	-1612.46	86.8017
3   	7  	100  	-3550.68	-1637.3 	-1612.46	120.986
3   	8  	100  	-6126.14	-1638.04	-1612.08	205.357
3   	9  	100  	-2906.22	-1628.21	-1610.32	66.2915
3   	10 	100  	-3107.12	-1630.94	-1609.84	95.8043
3   	11 	100  	-2734.01	-1629.83	-1609.84	75.1197
3   	12 	100  	-4355.51	-1643.79	-1609.36	205.208
3   	13 	100  	-2559.72	-1626.07	-1609.14	59.9048
3   	14 	100  	-1889.98	-1624.04	-1608.94	35.1214
3   	15 	100  	-3949.63	-1630.33	-1608.94	137.015
3   	16 	100  	-5274.39	-1628.79	-1608.25	171.358
3   	17 	100  	-2035.36	-1620.29	-1608.14	37.7389
3   	18 	100  	-1915.3 	-1617.74	-1607.38	26.5675
3   	19 	100  	-2782.82	-1624.48	-1607.38	71.3465
3   	20 	100  	-2249.43	-1621.38	-1606.72	51.9502
3   	21 	100  	-2788.94	-1622.41	-1606.02	76.6528
3   	22 	100  	-1983.81	-1618.42	-1605.85	31.7671
3   	23 	100  	-1777.77	-1615.78	-1605.85	21.8718
3   	24 	100  	-6032.45	-1632.44	-1605.85	265.385
3   	25 	100  	-1998.8 	-1614.37	-1605.14	27.5725
3   	26 	100  	-1954.95	-1614.16	-1605.14	29.3464
3   	27 	100  	-2136.46	-1615.27	-1605.14	41.4688
3   	28 	100  	-1811.3 	-1613.11	-1605.02	21.6686
3   	29 	100  	-2186.03	-1615.47	-1604.94	42.3846
3   	30 	100  	-2017.78	-1613.91	-1604.44	34.6024
3   	31 	100  	-2645.9 	-1619.06	-1604.44	80.261 
3   	32 	100  	-1905.72	-1610.91	-1604.27	19.7754
3   	33 	100  	-2451.86	-1614.06	-1604.27	45.9558
3   	34 	100  	-2935.49	-1618.09	-1604.27	75.4856
3   	35 	100  	-1888.53	-1610.58	-1604.19	21.918 
3   	36 	100  	-2048.27	-1613.82	-1603.8 	41.0913
3   	37 	100  	-2284.56	-1614.37	-1603.8 	52.4299
3   	38 	100  	-1800.89	-1609.43	-1603.8 	16.6638
3   	39 	100  	-1971.13	-1610.14	-1603.78	21.3264
3   	40 	100  	-1718.76	-1608.37	-1603.54	11.4608
3   	41 	100  	-2162.35	-1609.91	-1603.54	28.0894
3   	42 	100  	-3044.38	-1615.21	-1603.54	77.0512
3   	43 	100  	-1973.65	-1611.04	-1603.54	30.1954
3   	44 	100  	-1788.12	-1608.92	-1603.54	14.2761
3   	45 	100  	-1994.9 	-1608.85	-1603.54	20.7929
3   	46 	100  	-1894.23	-1610.25	-1603.54	25.197 
3   	47 	100  	-1737.95	-1608.29	-1603.54	13.9681
3   	48 	100  	-1855.18	-1608.58	-1603.54	18.2773
3   	49 	100  	-1769.82	-1607.3 	-1603.54	12.139 
3   	50 	100  	-2843.44	-1614.06	-1603.54	75.3506
3   	51 	100  	-1815.46	-1609.25	-1603.54	20.9914
3   	52 	100  	-1782.66	-1607.71	-1603.54	14.6575
3   	53 	100  	-2298.55	-1611.5 	-1603.54	44.7008
3   	54 	100  	-1971.83	-1609.34	-1603.54	27.615 
3   	55 	100  	-2817.91	-1614.28	-1603.54	82.2147
3   	56 	100  	-1720.72	-1607.81	-1603.54	12.6222
3   	57 	100  	-1800.79	-1609.03	-1603.54	20.3833
3   	58 	100  	-1778.84	-1608.01	-1603.54	15.221 
3   	59 	100  	-3229.88	-1612.36	-1603.54	76.2693
3   	60 	100  	-2086.31	-1610.06	-1603.54	30.5762
3   	61 	100  	-1804.61	-1609.38	-1603.54	20.0276
3   	62 	100  	-1852.59	-1609.28	-1603.54	23.0792
3   	63 	100  	-2535.73	-1609.98	-1603.54	44.2504
3   	64 	100  	-2070.72	-1608.71	-1603.54	31.0585
3   	65 	100  	-1940.32	-1609.89	-1603.54	27.8287
3   	66 	100  	-3387.15	-1615.07	-1603.54	95.1561
3   	67 	100  	-1793.11	-1608.39	-1603.54	18.4731
3   	68 	100  	-2895.81	-1612.39	-1603.54	62.8127
3   	69 	100  	-2218.6 	-1609.84	-1603.54	35.1138
3   	70 	100  	-1705.97	-1606.44	-1603.54	8.60378
3   	71 	100  	-1876.8 	-1608.04	-1603.54	19.969 
3   	72 	100  	-2084.85	-1607.82	-1603.54	24.1159
3   	73 	100  	-1721.96	-1607.21	-1603.54	11.9351
3   	74 	100  	-2695.5 	-1613.26	-1603.54	65.7593
3   	75 	100  	-2140.96	-1608.24	-1603.54	31.1252
3   	76 	100  	-2011.08	-1609.47	-1603.54	28.7648
3   	77 	100  	-4960   	-1617.84	-1603.54	153.742
3   	78 	100  	-2076.12	-1609.31	-1603.54	29.3042
3   	79 	100  	-1794.23	-1608.87	-1603.54	17.8351
3   	80 	100  	-2231.42	-1609.61	-1603.54	35.1768
3   	81 	100  	-1813.89	-1607.73	-1603.54	15.3745
3   	82 	100  	-1903.44	-1608.26	-1603.54	21.0497
3   	83 	100  	-1765.32	-1607.47	-1603.54	13.2231
3   	84 	100  	-2165.25	-1610.83	-1603.54	36.478 
3   	85 	100  	-2111.29	-1609.38	-1603.54	33.2088
3   	86 	100  	-2040.1 	-1610.69	-1603.54	32.5416
3   	87 	100  	-1864.07	-1607.31	-1603.54	16.0215
3   	88 	100  	-1918.89	-1608.6 	-1603.54	22.7523
3   	89 	100  	-1926.18	-1608.55	-1603.54	24.3699
3   	90 	100  	-1842.11	-1607.91	-1603.54	17.9911
3   	91 	100  	-2509.26	-1609.2 	-1603.54	43.4662
3   	92 	100  	-2811.61	-1609.54	-1603.54	54.9284
3   	93 	100  	-1843.61	-1607.83	-1603.54	16.8718
3   	94 	100  	-1667.85	-1606.85	-1603.54	9.17636
3   	95 	100  	-1957.44	-1607.45	-1603.54	18.5694
3   	96 	100  	-1811.6 	-1606.96	-1603.54	13.5704
3   	97 	100  	-1912.6 	-1608.22	-1603.54	24.4226
3   	98 	100  	-1947.46	-1607.82	-1603.54	19.6549
3   	99 	100  	-1809.67	-1607.83	-1603.54	17.1171
rank	gen	depth	min     	avg     	max     	std    
3   	0  	100  	-3284.45	-1703   	-1619.59	116.831
3   	1  	100  	-4384.52	-1674.88	-1615.6 	148.588
3   	2  	100  	-3040.26	-1657.57	-1615.34	96.6156
3   	3  	100  	-2494.52	-1648.47	-1615.34	80.8491
3   	4  	100  	-2989.16	-1642.98	-1612.94	96.2696
3   	5  	100  	-5861.99	-1652.77	-1612.5 	260.542
3   	6  	100  	-2338.05	-1632.46	-1610.95	54.0447
3   	7  	100  	-3264.75	-1633.83	-1610.95	83.4335
3   	8  	100  	-2891.03	-1630.94	-1610.35	73.3237
3   	9  	100  	-1971.53	-1623.03	-1610.35	28.3204
3   	10 	100  	-5828.07	-1633.14	-1610.18	191.706
3   	11 	100  	-3639.66	-1634.71	-1609.72	127.804
3   	12 	100  	-2689.38	-1629.68	-1609.27	80.2517
3   	13 	100  	-2723.86	-1624.84	-1609.27	72.9489
3   	14 	100  	-2018.93	-1621.87	-1608.89	37.3282
3   	15 	100  	-2215.64	-1622.08	-1608.89	39.8492
3   	16 	100  	-2406.54	-1621.17	-1608.19	49.2264
3   	17 	100  	-2552.39	-1621.35	-1607.59	52.6566
3   	18 	100  	-2223.73	-1623.77	-1607.57	52.2445
3   	19 	100  	-2513.23	-1623.79	-1607.57	66.219 
3   	20 	100  	-4974.46	-1634.14	-1606.7 	196.426
3   	21 	100  	-2887.21	-1618.76	-1606.67	66.4615
3   	22 	100  	-2185.18	-1619.36	-1606   	43.4149
3   	23 	100  	-3298.39	-1624.8 	-1606   	98.3567
3   	24 	100  	-1972.05	-1615.6 	-1606   	29.8238
3   	25 	100  	-2488.27	-1616.89	-1606   	45.5881
3   	26 	100  	-2271.09	-1618.84	-1606   	46.1234
3   	27 	100  	-2220.82	-1616.54	-1606   	42.8266
3   	28 	100  	-1927.48	-1613.8 	-1605.84	27.0503
3   	29 	100  	-2540.87	-1615.89	-1605.84	55.1713
3   	30 	100  	-1817.34	-1612.86	-1605.32	20.6842
3   	31 	100  	-7392.46	-1626.83	-1604.7 	262.876
3   	32 	100  	-4930.95	-1619.33	-1604.62	150.43 
3   	33 	100  	-2300.42	-1617.81	-1604.44	51.4028
3   	34 	100  	-5018.28	-1624.63	-1604.44	165.376
3   	35 	100  	-1935.5 	-1612.67	-1604.44	27.0289
3   	36 	100  	-1874.96	-1611.09	-1604.27	19.1153
3   	37 	100  	-2378.81	-1612.96	-1604.27	43.3123
3   	38 	100  	-2798.03	-1619.56	-1604.11	89.348 
3   	39 	100  	-3025.07	-1613.41	-1604.11	66.6713
3   	40 	100  	-2045.83	-1610.19	-1603.74	24.5165
3   	41 	100  	-1801.22	-1610.66	-1603.57	20.3782
3   	42 	100  	-2273.97	-1613.21	-1603.57	45.287 
3   	43 	100  	-2038.45	-1610.46	-1603.57	24.7178
3   	44 	100  	-1689.49	-1607.65	-1603.57	8.6447 
3   	45 	100  	-1773.45	-1608.33	-1603.57	13.7068
3   	46 	100  	-2568.06	-1612.31	-1603.57	52.144 
3   	47 	100  	-1925.18	-1609.13	-1603.57	25.027 
3   	48 	100  	-2033.76	-1611.68	-1603.54	35.6103
3   	49 	100  	-1950.58	-1608.31	-1603.54	22.4295
3   	50 	100  	-2004.66	-1610.22	-1603.54	29.0284
3   	51 	100  	-1836.72	-1607.91	-1603.54	17.5075
3   	52 	100  	-2037.75	-1609.76	-1603.54	30.8115
3   	53 	100  	-1921.19	-1610.04	-1603.54	28.832 
3   	54 	100  	-2175.94	-1610.17	-1603.54	35.5242
3   	55 	100  	-4727.6 	-1617.55	-1603.54	153.448
3   	56 	100  	-1832.17	-1607.27	-1603.54	16.7846
3   	57 	100  	-1797.7 	-1607.42	-1603.54	14.4141
3   	58 	100  	-1754.2 	-1608.36	-1603.54	14.3007
3   	59 	100  	-1830.18	-1607.69	-1603.54	16.785 
3   	60 	100  	-2032.06	-1607.95	-1603.54	23.0607
3   	61 	100  	-3306.79	-1611.44	-1603.54	78.2403
3   	62 	100  	-2002.92	-1608.72	-1603.54	24.2945
3   	63 	100  	-1884.34	-1609.5 	-1603.54	23.4304
3   	64 	100  	-1959.84	-1608.45	-1603.54	24.4212
3   	65 	100  	-2140.93	-1608.2 	-1603.54	26.3049
3   	66 	100  	-5251.04	-1620.37	-1603.54	188.823
3   	67 	100  	-1825.87	-1607.98	-1603.54	16.4916
3   	68 	100  	-1948.85	-1608.65	-1603.54	23.8969
3   	69 	100  	-2030.02	-1608.41	-1603.54	27.5722
3   	70 	100  	-1821.75	-1607.05	-1603.54	15.9801
3   	71 	100  	-1882.64	-1607.99	-1603.54	20.2706
3   	72 	100  	-1862.28	-1607.94	-1603.54	18.3885
3   	73 	100  	-1919.19	-1608.81	-1603.54	25.0297
3   	74 	100  	-3076.63	-1609.95	-1603.54	70.1991
3   	75 	100  	-2095.3 	-1608.92	-1603.54	35.0792
3   	76 	100  	-1901.92	-1606.7 	-1603.54	17.9529
3   	77 	100  	-1766.77	-1608.28	-1603.54	16.6251
3   	78 	100  	-1790.41	-1608.76	-1603.54	18.4676
3   	79 	100  	-2380.11	-1608.33	-1603.54	36.696 
3   	80 	100  	-1846.7 	-1608.04	-1603.54	20.3938
3   	81 	100  	-1756.29	-1607.83	-1603.54	14.4779
3   	82 	100  	-2308.85	-1609.23	-1603.54	34.7494
3   	83 	100  	-2687.5 	-1610.98	-1603.54	55.782 
3   	84 	100  	-1772.75	-1607.8 	-1603.54	15.7321
3   	85 	100  	-1938.87	-1608.36	-1603.54	24.6418
3   	86 	100  	-2241.89	-1609.7 	-1603.54	35.2737
3   	87 	100  	-2141.96	-1609.46	-1603.54	32.6784
3   	88 	100  	-1721.32	-1606.53	-1603.54	9.79748
3   	89 	100  	-1816.36	-1607.07	-1603.54	15.2475
3   	90 	100  	-1779.21	-1608.01	-1603.54	15.1457
3   	91 	100  	-1912.5 	-1608.09	-1603.54	21.1817
3   	92 	100  	-2277.87	-1609.5 	-1603.54	34.8896
3   	93 	100  	-2040.75	-1608.78	-1603.54	28.0365
3   	94 	100  	-1725.6 	-1607.17	-1603.54	12.0559
3   	95 	100  	-1895.62	-1608.53	-1603.54	22.4276
3   	96 	100  	-1843.31	-1609   	-1603.54	22.0064
3   	97 	100  	-1940.42	-1608.2 	-1603.54	23.0231
3   	98 	100  	-1829.63	-1608.38	-1603.54	19.1312
3   	99 	100  	-1834.32	-1607.75	-1603.54	16.6016
rank	gen	depth	min     	avg     	max     	std    
3   	0  	100  	-4275.02	-1737.95	-1623.96	229.095
3   	1  	100  	-4131.51	-1695.9 	-1621.9 	161.141
3   	2  	100  	-2804   	-1670.91	-1621.9 	94.74  
3   	3  	100  	-2610.81	-1665.99	-1616.03	96.3569
3   	4  	100  	-3381.87	-1662.93	-1616.03	132.912
3   	5  	100  	-4580.99	-1658.36	-1616.03	156.291
3   	6  	100  	-4102.22	-1657.1 	-1616.03	150.746
3   	7  	100  	-4539.58	-1652.42	-1613.92	171.375
3   	8  	100  	-2764.59	-1652.66	-1613.92	92.0905
3   	9  	100  	-10395.9	-1667.41	-1613.92	404.217
3   	10 	100  	-2776.33	-1655.71	-1613.62	122.848
3   	11 	100  	-4042.31	-1649.48	-1612.44	159.051
3   	12 	100  	-3379.49	-1642.14	-1612.44	113.311
3   	13 	100  	-4359.42	-1657.29	-1612.18	188.663
3   	14 	100  	-5405.74	-1653.14	-1611.14	204.116
3   	15 	100  	-4017.92	-1642.98	-1611   	138.336
3   	16 	100  	-3955.62	-1649.02	-1610.88	160.73 
3   	17 	100  	-4279.76	-1645.01	-1610.34	151.148
3   	18 	100  	-4960.37	-1656.19	-1610.34	238.142
3   	19 	100  	-2468.48	-1629.81	-1609.81	51.8449
3   	20 	100  	-2351.22	-1628.45	-1608.92	42.7204
3   	21 	100  	-2431.78	-1634.07	-1608.81	69.1529
3   	22 	100  	-2607.98	-1636.79	-1607.36	86.8112
3   	23 	100  	-2374.43	-1631.05	-1607.36	58.8419
3   	24 	100  	-19627.8	-1676.56	-1607.36	813.609
3   	25 	100  	-2834.1 	-1635.79	-1606.46	91.2726
3   	26 	100  	-2264.29	-1631.8 	-1606.46	73.4815
3   	27 	100  	-3809.97	-1628.45	-1606.46	103.566
3   	28 	100  	-13259.2	-1670.31	-1606.46	635.896
3   	29 	100  	-2825.53	-1625.66	-1606.32	70.6156
3   	30 	100  	-3626.44	-1629.21	-1606.27	120.806
3   	31 	100  	-2958.31	-1627.93	-1606.27	80.2682
3   	32 	100  	-2824.17	-1629.07	-1606.27	77.3006
3   	33 	100  	-2573.55	-1621.52	-1606.01	56.4731
3   	34 	100  	-2515.54	-1626.63	-1605.84	59.7332
3   	35 	100  	-4205.98	-1636.18	-1605.84	163.892
3   	36 	100  	-2211.46	-1622.46	-1605.84	44.4598
3   	37 	100  	-4045.71	-1631.53	-1605.84	130.678
3   	38 	100  	-3368.91	-1629.83	-1605.84	97.9569
3   	39 	100  	-2650.22	-1624.2 	-1605.52	65.6569
3   	40 	100  	-2140.49	-1622.83	-1605.52	44.7047
3   	41 	100  	-3189.42	-1632.49	-1605.52	121.635
3   	42 	100  	-3819.15	-1634.12	-1605.25	137.862
3   	43 	100  	-1936.27	-1620.45	-1605.25	35.332 
3   	44 	100  	-2300.83	-1618.54	-1605.25	38.0815
3   	45 	100  	-3064.68	-1626.54	-1604.94	84.0693
3   	46 	100  	-2495.37	-1622.7 	-1604.94	53.2963
3   	47 	100  	-3788.06	-1626.5 	-1604.8 	110.002
3   	48 	100  	-2342.65	-1623.41	-1604.8 	51.6264
3   	49 	100  	-2577.81	-1623.94	-1604.8 	59.9728
3   	50 	100  	-2773.69	-1621.34	-1604.8 	66.8794
3   	51 	100  	-3929.55	-1631.45	-1604.8 	135.418
3   	52 	100  	-3086.92	-1625.06	-1604.62	86.3153
3   	53 	100  	-2229.52	-1620.49	-1604.62	50.245 
3   	54 	100  	-4048.11	-1630.67	-1604.24	139.392
3   	55 	100  	-2164.04	-1618   	-1604.24	36.5383
3   	56 	100  	-6365.64	-1641.04	-1604.24	305.665
3   	57 	100  	-2100   	-1618.78	-1604.24	41.219 
3   	58 	100  	-5005.87	-1627.39	-1604.22	169.76 
3   	59 	100  	-2242.69	-1616.37	-1604.22	36.2158
3   	60 	100  	-2109.61	-1619.14	-1604.05	43.9678
3   	61 	100  	-4708.01	-1630.72	-1604.05	188.271
3   	62 	100  	-3606.19	-1622.29	-1604.05	98.4694
3   	63 	100  	-2184.63	-1620.97	-1604.05	51.1708
3   	64 	100  	-6968.94	-1630.68	-1604.05	244.285
3   	65 	100  	-2593.92	-1619.06	-1604.05	58.8716
3   	66 	100  	-2557.72	-1623.64	-1603.54	71.3116
3   	67 	100  	-2358.52	-1619.25	-1603.54	50.2055
3   	68 	100  	-2331.53	-1615.84	-1603.54	45.1559
3   	69 	100  	-8861.06	-1644.86	-1603.54	357.527
3   	70 	100  	-10748.7	-1639.28	-1603.54	416.079
3   	71 	100  	-4027.14	-1624.82	-1603.54	131.132
3   	72 	100  	-2789.62	-1621.7 	-1603.54	75.5932
3   	73 	100  	-3105.88	-1622.56	-1603.54	98.6881
3   	74 	100  	-2469.46	-1620.52	-1603.54	60.427 
3   	75 	100  	-4846.01	-1626.25	-1603.54	161.644
3   	76 	100  	-2574.71	-1617.19	-1603.54	59.9316
3   	77 	100  	-9035.65	-1635.29	-1603.54	342.841
3   	78 	100  	-2424.78	-1619.87	-1603.54	61.8688
3   	79 	100  	-4722   	-1619.63	-1603.54	140.91 
3   	80 	100  	-2611.22	-1617.93	-1603.54	65.8621
3   	81 	100  	-2344.63	-1618.01	-1603.54	61.6052
3   	82 	100  	-3252.3 	-1618.93	-1603.54	96.8753
3   	83 	100  	-2638.08	-1618.24	-1603.54	67.2551
3   	84 	100  	-2094.01	-1615.13	-1603.54	37.5284
3   	85 	100  	-2379.81	-1619.46	-1603.54	62.7484
3   	86 	100  	-2140.96	-1615.45	-1603.54	32.5293
3   	87 	100  	-1996.4 	-1613.09	-1603.54	26.5874
3   	88 	100  	-2148.6 	-1615.21	-1603.54	43.0653
3   	89 	100  	-2264.1 	-1615.76	-1603.54	42.4318
3   	90 	100  	-2255.1 	-1618.96	-1603.54	50.9205
3   	91 	100  	-2065.25	-1617.28	-1603.54	46.1091
3   	92 	100  	-3204.89	-1617.78	-1603.54	79.135 
3   	93 	100  	-1852.12	-1612.9 	-1603.54	25.2095
3   	94 	100  	-1819.06	-1612.71	-1603.54	20.7974
3   	95 	100  	-1851.34	-1611.71	-1603.54	19.6749
3   	96 	100  	-4682.51	-1630.32	-1603.54	172.498
3   	97 	100  	-2532.69	-1619.5 	-1603.54	65.1009
3   	98 	100  	-3964.02	-1616.02	-1603.54	106.684
3   	99 	100  	-1988.51	-1614.17	-1603.54	33.1763
rank	gen	depth	min     	avg     	max     	std    
3   	0  	100  	-2764.6 	-1700.41	-1615.61	106.789
3   	1  	100  	-2853.37	-1661.36	-1613.67	69.6627
3   	2  	100  	-1790.09	-1640.11	-1610.82	18.0597
3   	3  	100  	-1890.78	-1632.49	-1610.82	22.2824
3   	4  	100  	-1835.67	-1627   	-1610.82	17.9636
3   	5  	100  	-2271.28	-1624.48	-1610.82	38.9682
3   	6  	100  	-2950.89	-1626.45	-1609.95	73.3629
3   	7  	100  	-2721.11	-1622.69	-1609.95	61.565 
3   	8  	100  	-1760.31	-1616   	-1608.24	10.4298
3   	9  	100  	-1775.73	-1616.5 	-1608.24	16.1007
3   	10 	100  	-1819.04	-1614.33	-1608.24	13.3924
3   	11 	100  	-2233.42	-1618.28	-1607.9 	44.4506
3   	12 	100  	-1777.54	-1613.42	-1607.55	11.9483
3   	13 	100  	-2002.46	-1615.68	-1607.55	32.7013
3   	14 	100  	-2039.51	-1612.93	-1607.14	25.9072
3   	15 	100  	-1784.59	-1612.35	-1606.68	16.8073
3   	16 	100  	-2044.67	-1614.15	-1606.54	35.9157
3   	17 	100  	-1876.48	-1610.99	-1606.54	16.6069
3   	18 	100  	-1857.85	-1610.9 	-1606.49	18.2442
3   	19 	100  	-1748.44	-1610.65	-1606.1 	11.4516
3   	20 	100  	-1785.89	-1609.82	-1605.14	11.3954
3   	21 	100  	-1752.34	-1609.75	-1605.14	12.0997
3   	22 	100  	-1702.74	-1608.96	-1605.14	8.53907
3   	23 	100  	-1965.41	-1609.7 	-1605.14	19.7015
3   	24 	100  	-2026.82	-1609.83	-1605.09	24.4781
3   	25 	100  	-1698.33	-1607.7 	-1604.94	8.11489
3   	26 	100  	-3242.58	-1611.53	-1604.27	74.5764
3   	27 	100  	-1750.97	-1607.49	-1604.24	9.93021
3   	28 	100  	-1832.28	-1608.04	-1604.05	16.0401
3   	29 	100  	-1762.54	-1607.09	-1603.57	10.787 
3   	30 	100  	-1999.92	-1607.69	-1603.57	20.9219
3   	31 	100  	-1762.94	-1606.5 	-1603.57	9.73174
3   	32 	100  	-2387.45	-1608.43	-1603.54	37.4718
3   	33 	100  	-1672.53	-1605.8 	-1603.54	6.38919
3   	34 	100  	-1879.79	-1606.6 	-1603.54	16.7378
3   	35 	100  	-1896.63	-1606.65	-1603.54	20.507 
3   	36 	100  	-2265.17	-1609.01	-1603.54	43.9049
3   	37 	100  	-1794.3 	-1605.77	-1603.54	12.932 
3   	38 	100  	-1798.24	-1605.78	-1603.54	12.9316
3   	39 	100  	-1739.08	-1605.51	-1603.54	9.62317
3   	40 	100  	-1752.61	-1605.05	-1603.54	8.32252
3   	41 	100  	-1858.13	-1606.37	-1603.54	17.8709
3   	42 	100  	-1732.57	-1605.93	-1603.54	10.8286
3   	43 	100  	-1978.42	-1607.24	-1603.54	26.6164
3   	44 	100  	-1681.02	-1604.88	-1603.54	6.51305
3   	45 	100  	-1728.11	-1605.59	-1603.54	9.16771
3   	46 	100  	-1716.86	-1604.99	-1603.54	7.76179
3   	47 	100  	-1656.23	-1604.64	-1603.54	4.86859
3   	48 	100  	-1775.58	-1605.22	-1603.54	10.2521
3   	49 	100  	-1709.65	-1605.1 	-1603.54	7.41707
3   	50 	100  	-1686.75	-1605.26	-1603.54	7.58591
3   	51 	100  	-1656.93	-1605.05	-1603.54	6.01552
3   	52 	100  	-2275.87	-1607.78	-1603.54	37.5071
3   	53 	100  	-1796.25	-1605.99	-1603.54	13.0087
3   	54 	100  	-2360.16	-1609.99	-1603.54	54.4608
3   	55 	100  	-1799   	-1606.02	-1603.54	14.7733
3   	56 	100  	-1906.21	-1605.68	-1603.54	16.6333
3   	57 	100  	-1773.75	-1605.47	-1603.54	10.6112
3   	58 	100  	-1934   	-1606.14	-1603.54	17.6829
3   	59 	100  	-1699.92	-1605.16	-1603.54	8.91273
3   	60 	100  	-1804.38	-1606.02	-1603.54	13.1875
3   	61 	100  	-1803.39	-1605.96	-1603.54	12.878 
3   	62 	100  	-1942.01	-1605.62	-1603.54	17.1775
3   	63 	100  	-1738.55	-1605.23	-1603.54	9.94293
3   	64 	100  	-1746.53	-1605.06	-1603.54	9.26858
3   	65 	100  	-1752.91	-1605.19	-1603.54	9.4689 
3   	66 	100  	-1853.99	-1605.42	-1603.54	12.7482
3   	67 	100  	-1644.11	-1604.49	-1603.54	3.86268
3   	68 	100  	-1649.53	-1604.54	-1603.54	4.18464
3   	69 	100  	-1684.06	-1604.91	-1603.54	6.77517
3   	70 	100  	-1783.73	-1604.97	-1603.54	9.17054
3   	71 	100  	-1677.93	-1604.67	-1603.54	6.25703
3   	72 	100  	-1947.16	-1607.42	-1603.54	25.3054
3   	73 	100  	-1767.47	-1605.6 	-1603.54	12.2728
3   	74 	100  	-2264.57	-1607.02	-1603.54	34.3243
3   	75 	100  	-2322.84	-1609.36	-1603.54	42.2335
3   	76 	100  	-1753.86	-1605.09	-1603.54	8.91088
3   	77 	100  	-2055.56	-1607.25	-1603.54	26.3042
3   	78 	100  	-1685.86	-1605.06	-1603.54	7.13173
3   	79 	100  	-1641.7 	-1604.46	-1603.54	3.67527
3   	80 	100  	-1662.59	-1604.76	-1603.54	5.23081
3   	81 	100  	-1986.46	-1605.94	-1603.54	19.339 
3   	82 	100  	-1965.66	-1605.5 	-1603.54	17.3179
3   	83 	100  	-1914.02	-1606.02	-1603.54	18.6254
3   	84 	100  	-1812.62	-1605.52	-1603.54	11.6919
3   	85 	100  	-1735.87	-1605.66	-1603.54	11.1374
3   	86 	100  	-1790.71	-1605.44	-1603.54	12.3462
3   	87 	100  	-1693.95	-1605.35	-1603.54	8.83801
3   	88 	100  	-1737.4 	-1605.23	-1603.54	9.003  
3   	89 	100  	-1733.65	-1605.06	-1603.54	8.14673
3   	90 	100  	-2938.62	-1608.3 	-1603.54	61.4996
3   	91 	100  	-2098.7 	-1607.92	-1603.54	30.6498
3   	92 	100  	-1654.36	-1604.66	-1603.54	4.61652
3   	93 	100  	-1669.14	-1604.87	-1603.54	5.50718
3   	94 	100  	-1869.96	-1605.21	-1603.54	13.5925
3   	95 	100  	-1738.85	-1606.15	-1603.54	11.7908
3   	96 	100  	-1903.44	-1605.87	-1603.54	16.8676
3   	97 	100  	-2062.33	-1606.97	-1603.54	25.9217
3   	98 	100  	-1713.94	-1605.42	-1603.54	9.62688
3   	99 	100  	-6974.79	-1617.01	-1603.54	241.178
rank	gen	depth	min     	avg     	max     	std    
3   	0  	100  	-5284.79	-1721.17	-1617.73	199.315
3   	1  	100  	-4048.43	-1677.94	-1617.73	133.877
3   	2  	100  	-2604.41	-1661.63	-1617.42	89.6326
3   	3  	100  	-2600.75	-1653.12	-1617.03	87.9472
3   	4  	100  	-2413.59	-1641.08	-1614.71	63.1802
3   	5  	100  	-2479.67	-1636.71	-1614.71	62.9355
3   	6  	100  	-3151.19	-1637.55	-1612.24	96.6615
3   	7  	100  	-2429.48	-1632.29	-1608.32	52.8713
3   	8  	100  	-2126.12	-1625.53	-1608.32	32.4912
3   	9  	100  	-1922.89	-1624.53	-1608.32	31.4862
3   	10 	100  	-2895.21	-1628.3 	-1608.32	89.3033
3   	11 	100  	-2377.7 	-1624.87	-1608.32	52.4206
3   	12 	100  	-2316.99	-1620.5 	-1607.63	36.5011
3   	13 	100  	-2190.25	-1619.61	-1607.63	33.9866
3   	14 	100  	-6627.38	-1644.7 	-1607.42	336.511
3   	15 	100  	-2441.52	-1618.89	-1606.93	49.136 
3   	16 	100  	-2705.4 	-1620.17	-1605.93	69.6036
3   	17 	100  	-6859.68	-1628.93	-1605.93	245.861
3   	18 	100  	-2427.3 	-1617.26	-1605.93	47.9032
3   	19 	100  	-2042.97	-1617.86	-1605.85	38.5022
3   	20 	100  	-2107.99	-1615.17	-1605.62	36.7293
3   	21 	100  	-2329.5 	-1614.29	-1605.62	38.2309
3   	22 	100  	-1830.91	-1612.56	-1605.23	21.208 
3   	23 	100  	-2321.64	-1616.44	-1605.23	54.4726
3   	24 	100  	-3867.39	-1626.81	-1604.97	146.933
3   	25 	100  	-1975.65	-1614.53	-1604.92	29.9379
3   	26 	100  	-3260.99	-1618.32	-1604.92	85.2531
3   	27 	100  	-1909.13	-1611.41	-1604.27	21.6591
3   	28 	100  	-1882.17	-1613.15	-1604.27	27.9836
3   	29 	100  	-2014.18	-1612.16	-1603.57	29.6386
3   	30 	100  	-2350.82	-1612.34	-1603.57	38.3249
3   	31 	100  	-2050.14	-1612.55	-1603.57	32.4648
3   	32 	100  	-2181.76	-1611.46	-1603.57	38.9566
3   	33 	100  	-2531.77	-1613.87	-1603.54	50.3783
3   	34 	100  	-1775.15	-1609.52	-1603.54	15.811 
3   	35 	100  	-2546.34	-1614.74	-1603.54	68.8066
3   	36 	100  	-2021.6 	-1612.99	-1603.54	33.4815
3   	37 	100  	-2036.89	-1610.83	-1603.54	31.5376
3   	38 	100  	-1876.48	-1609.02	-1603.54	20.4566
3   	39 	100  	-1819.76	-1610.46	-1603.54	22.2862
3   	40 	100  	-1787.02	-1608.92	-1603.54	16.5355
3   	41 	100  	-1736.18	-1607.86	-1603.54	11.5935
3   	42 	100  	-1757.98	-1609.04	-1603.54	16.6532
3   	43 	100  	-1859.81	-1608.18	-1603.54	18.2918
3   	44 	100  	-1773.9 	-1609.47	-1603.54	19.0236
3   	45 	100  	-4111.6 	-1615.14	-1603.54	117.68 
3   	46 	100  	-2084.71	-1609.29	-1603.54	27.4156
3   	47 	100  	-2788.32	-1611.94	-1603.54	64.2121
3   	48 	100  	-3674.48	-1614.84	-1603.54	102.575
3   	49 	100  	-2047.05	-1608.92	-1603.54	26.1136
3   	50 	100  	-1728.29	-1608.4 	-1603.54	14.4814
3   	51 	100  	-1693.85	-1607.56	-1603.54	11.0629
3   	52 	100  	-1930.18	-1608.31	-1603.54	22.0496
3   	53 	100  	-2328.76	-1609.27	-1603.54	35.7855
3   	54 	100  	-1968.45	-1609.63	-1603.54	23.47  
3   	55 	100  	-1814.37	-1607.8 	-1603.54	15.4612
3   	56 	100  	-1968.95	-1609.37	-1603.54	24.3542
3   	57 	100  	-3218.49	-1614.41	-1603.54	90.3723
3   	58 	100  	-1821.75	-1607.57	-1603.54	14.0559
3   	59 	100  	-2171.64	-1610.5 	-1603.54	33.7421
3   	60 	100  	-2207.61	-1611.01	-1603.54	35.6792
3   	61 	100  	-1886.64	-1607.61	-1603.54	16.7244
3   	62 	100  	-1717.92	-1607.8 	-1603.54	12.9708
3   	63 	100  	-1882.24	-1609.99	-1603.54	26.9347
3   	64 	100  	-1916.2 	-1608.5 	-1603.54	23.9059
3   	65 	100  	-1683.77	-1606.42	-1603.54	7.98783
3   	66 	100  	-1815.46	-1607.97	-1603.54	17.2186
3   	67 	100  	-2467.98	-1608.52	-1603.54	40.1708
3   	68 	100  	-1743.59	-1607.32	-1603.54	11.9323
3   	69 	100  	-1807.98	-1607.36	-1603.54	16.1925
3   	70 	100  	-2142.8 	-1609.33	-1603.54	29.9624
3   	71 	100  	-2347.22	-1609.69	-1603.54	41.6763
3   	72 	100  	-2126.67	-1609.24	-1603.54	32.6022
3   	73 	100  	-1799.09	-1608.23	-1603.54	17.6059
3   	74 	100  	-1684.17	-1605.83	-1603.54	6.77265
3   	75 	100  	-2108.39	-1608.74	-1603.54	26.8355
3   	76 	100  	-2299.15	-1608.48	-1603.54	33.403 
3   	77 	100  	-1955.15	-1608.45	-1603.54	22.7053
3   	78 	100  	-1822.5 	-1608.77	-1603.54	19.065 
3   	79 	100  	-1931.48	-1607.76	-1603.54	18.4918
3   	80 	100  	-1796.1 	-1606.93	-1603.54	12.7702
3   	81 	100  	-1911.5 	-1608.31	-1603.54	20.7181
3   	82 	100  	-1974.17	-1609.06	-1603.54	28.5562
3   	83 	100  	-1731.1 	-1607.1 	-1603.54	11.2275
3   	84 	100  	-2008.43	-1607.25	-1603.54	26.4431
3   	85 	100  	-2591.53	-1612.45	-1603.54	56.1466
3   	86 	100  	-1715.93	-1607.73	-1603.54	12.9585
3   	87 	100  	-2025.89	-1610.92	-1603.54	34.1551
3   	88 	100  	-2000.79	-1609.4 	-1603.54	28.9589
3   	89 	100  	-2174.46	-1607.6 	-1603.54	27.5445
3   	90 	100  	-1756.8 	-1608.11	-1603.54	13.861 
3   	91 	100  	-2490.6 	-1612.16	-1603.54	53.046 
3   	92 	100  	-1950.16	-1608.91	-1603.54	24.5038
3   	93 	100  	-1983.82	-1606.94	-1603.54	18.8185
3   	94 	100  	-1703.97	-1606.16	-1603.54	8.29989
3   	95 	100  	-1756.5 	-1607.36	-1603.54	13.4332
3   	96 	100  	-2275.09	-1611   	-1603.54	47.6734
3   	97 	100  	-2025.07	-1609.84	-1603.54	27.9944
3   	98 	100  	-1878.35	-1607.51	-1603.54	16.9802
3   	99 	100  	-2109.51	-1610.66	-1603.54	36.9617
rank	gen	depth	min     	avg     	max     	std    
3   	0  	100  	-2366.05	-1701.54	-1621.79	90.7439
3   	1  	100  	-1978.49	-1656.47	-1617.39	33.4163
3   	2  	100  	-2519.31	-1644.88	-1609.67	50.048 
3   	3  	100  	-1925.89	-1633.86	-1609.6 	18.5166
3   	4  	100  	-1937.98	-1631.4 	-1609.6 	27.3603
3   	5  	100  	-2910.1 	-1633.78	-1609.19	96.1918
3   	6  	100  	-1865.53	-1622.25	-1608.94	16.2148
3   	7  	100  	-1966.96	-1620.99	-1608.94	22.1567
3   	8  	100  	-2188.33	-1617.44	-1608.48	27.0893
3   	9  	100  	-1858.32	-1614.62	-1608.24	14.5567
3   	10 	100  	-2054.36	-1613.87	-1605.84	23.1139
3   	11 	100  	-1695.52	-1610.78	-1605.79	5.89843
3   	12 	100  	-2031.38	-1613.19	-1605.14	26.9426
3   	13 	100  	-1909.83	-1611.1 	-1605.14	17.3536
3   	14 	100  	-2016.65	-1610.46	-1605.02	20.1229
3   	15 	100  	-1762.78	-1608.99	-1604.94	8.72565
3   	16 	100  	-1773.91	-1607.94	-1604.94	8.97772
3   	17 	100  	-2329.71	-1609.03	-1604.94	33.5376
3   	18 	100  	-1889.53	-1607.64	-1604.44	15.9373
3   	19 	100  	-1687.45	-1606.63	-1604.44	7.18087
3   	20 	100  	-1708.54	-1606.51	-1604.32	6.56028
3   	21 	100  	-1891.75	-1607.4 	-1604.32	16.4591
3   	22 	100  	-1648.31	-1605.94	-1604.32	4.27255
3   	23 	100  	-1964.66	-1607.76	-1604.27	25.4762
3   	24 	100  	-1789.24	-1606.93	-1604.24	12.2626
3   	25 	100  	-1676.93	-1605.67	-1603.74	5.78969
3   	26 	100  	-1972.42	-1607.08	-1603.74	20.02  
3   	27 	100  	-1779.27	-1607.09	-1603.74	16.4526
3   	28 	100  	-1793.24	-1606.67	-1603.62	14.3592
3   	29 	100  	-1775.15	-1605.91	-1603.62	13.2804
3   	30 	100  	-1682.08	-1605.4 	-1603.62	5.87213
3   	31 	100  	-1651.33	-1605.06	-1603.62	4.22571
3   	32 	100  	-1671.64	-1605.2 	-1603.62	5.6278 
3   	33 	100  	-1728.58	-1605.23	-1603.57	8.13891
3   	34 	100  	-1779.87	-1605.09	-1603.57	10.3969
3   	35 	100  	-1691.13	-1605.02	-1603.54	7.14362
3   	36 	100  	-1870.35	-1605.46	-1603.54	13.05  
3   	37 	100  	-1654.14	-1604.56	-1603.54	4.17387
3   	38 	100  	-1685.18	-1604.94	-1603.54	6.82204
3   	39 	100  	-1768.57	-1604.83	-1603.54	8.91506
3   	40 	100  	-1781.14	-1604.74	-1603.54	8.99488
3   	41 	100  	-1773.15	-1604.89	-1603.54	8.69889
3   	42 	100  	-1902.03	-1605.98	-1603.54	19.0364
3   	43 	100  	-1734.86	-1604.86	-1603.54	8.81432
3   	44 	100  	-1661.44	-1604.43	-1603.54	4.91727
3   	45 	100  	-1716.8 	-1604.79	-1603.54	7.78256
3   	46 	100  	-1692.24	-1604.65	-1603.54	5.68425
3   	47 	100  	-1700.69	-1604.37	-1603.54	5.25337
3   	48 	100  	-1792.11	-1604.95	-1603.54	10.0712
3   	49 	100  	-1668.68	-1604.5 	-1603.54	5.29018
3   	50 	100  	-1636.14	-1604.08	-1603.54	2.83922
3   	51 	100  	-1670.79	-1604.43	-1603.54	5.02377
3   	52 	100  	-1638.39	-1604.19	-1603.54	2.89132
3   	53 	100  	-1936.87	-1605.3 	-1603.54	15.9862
3   	54 	100  	-1632.29	-1604.11	-1603.54	2.5169 
3   	55 	100  	-1656.77	-1604.33	-1603.54	4.41227
3   	56 	100  	-1781.83	-1605.32	-1603.54	13.8444
3   	57 	100  	-1704.77	-1604.71	-1603.54	6.99828
3   	58 	100  	-1681.31	-1604.63	-1603.54	6.38738
3   	59 	100  	-1868.57	-1604.82	-1603.54	12.4843
3   	60 	100  	-1677.8 	-1604.57	-1603.54	5.66107
3   	61 	100  	-1743.64	-1604.74	-1603.54	8.0836 
3   	62 	100  	-1653.15	-1604.36	-1603.54	4.09829
3   	63 	100  	-1669.95	-1604.37	-1603.54	4.73272
3   	64 	100  	-1793.11	-1604.56	-1603.54	9.01567
3   	65 	100  	-1714.44	-1605.05	-1603.54	8.88609
3   	66 	100  	-1650.98	-1604.42	-1603.54	3.86753
3   	67 	100  	-1747.52	-1604.9 	-1603.54	9.27044
3   	68 	100  	-1687.93	-1604.23	-1603.54	5.01152
3   	69 	100  	-1665.92	-1604.23	-1603.54	3.67451
3   	70 	100  	-1906.01	-1605.61	-1603.54	18.6543
3   	71 	100  	-1734.11	-1605.09	-1603.54	9.76345
3   	72 	100  	-3294.77	-1608.87	-1603.54	76.7934
3   	73 	100  	-1704.48	-1604.66	-1603.54	7.25937
3   	74 	100  	-1647.02	-1604.44	-1603.54	3.8856 
3   	75 	100  	-1912.25	-1605.25	-1603.54	15.2662
3   	76 	100  	-1687.45	-1604.56	-1603.54	5.87219
3   	77 	100  	-1708.59	-1604.52	-1603.54	6.27869
3   	78 	100  	-1635.84	-1604.29	-1603.54	3.16908
3   	79 	100  	-1957.84	-1605.78	-1603.54	18.4578
3   	80 	100  	-1760.86	-1605.48	-1603.54	10.6339
3   	81 	100  	-1807.78	-1605.72	-1603.54	15.2113
3   	82 	100  	-1661.72	-1604.19	-1603.54	3.69677
3   	83 	100  	-2323.66	-1606.64	-1603.54	34.6608
3   	84 	100  	-1787.12	-1604.6 	-1603.54	9.18664
3   	85 	100  	-1766.24	-1604.83	-1603.54	9.55731
3   	86 	100  	-1722.71	-1605.41	-1603.54	11.0519
3   	87 	100  	-1713.19	-1604.85	-1603.54	8.36317
3   	88 	100  	-1754.5 	-1604.73	-1603.54	8.25086
3   	89 	100  	-1646.75	-1604.37	-1603.54	3.51688
3   	90 	100  	-1690.54	-1604.45	-1603.54	5.5902 
3   	91 	100  	-1650.84	-1604.25	-1603.54	4.1253 
3   	92 	100  	-1724.6 	-1604.9 	-1603.54	8.51306
3   	93 	100  	-2045.67	-1605.86	-1603.54	21.1914
3   	94 	100  	-1656.63	-1604.55	-1603.54	5.06888
3   	95 	100  	-2346.65	-1606.86	-1603.54	37.334 
3   	96 	100  	-1670.01	-1604.63	-1603.54	6.44835
3   	97 	100  	-1716.98	-1604.97	-1603.54	9.01349
3   	98 	100  	-1638.4 	-1604.22	-1603.54	2.96391
3   	99 	100  	-1805.78	-1605.26	-1603.54	11.8462
rank	gen	depth	min     	avg     	max     	std    
3   	0  	100  	-6133.6 	-1719.45	-1621.89	248.57 
3   	1  	100  	-9627.32	-1681.38	-1618.99	359.841
3   	2  	100  	-2793.29	-1657.74	-1618.99	87.2443
3   	3  	100  	-34335.7	-1721.91	-1616.01	1467.89
3   	4  	100  	-2956.87	-1651.64	-1613.68	98.1774
3   	5  	100  	-2679.4 	-1646.92	-1613.68	88.1867
3   	6  	100  	-2863.37	-1646.16	-1610.8 	94.9512
3   	7  	100  	-2831.93	-1649.9 	-1610.8 	119.27 
3   	8  	100  	-2989.57	-1640.11	-1610.32	100.201
3   	9  	100  	-9809.64	-1664.48	-1610.32	437.841
3   	10 	100  	-2693.88	-1638.71	-1610.14	88.2032
3   	11 	100  	-6893.66	-1653.15	-1610.14	308.684
3   	12 	100  	-5274.37	-1632.45	-1608.41	166.908
3   	13 	100  	-2182.16	-1625.97	-1608.41	45.1483
3   	14 	100  	-14130.9	-1662.51	-1608.29	584.797
3   	15 	100  	-2152.4 	-1623.23	-1608.16	38.5024
3   	16 	100  	-4907.23	-1641.18	-1608.03	202.268
3   	17 	100  	-2428.04	-1626.3 	-1608.03	62.7302
3   	18 	100  	-2263.93	-1623.29	-1607.62	46.1331
3   	19 	100  	-3309.21	-1627.08	-1607.62	99.4041
3   	20 	100  	-3108.27	-1624.51	-1607.62	82.4404
3   	21 	100  	-3488.19	-1628.21	-1607.24	102.984
3   	22 	100  	-2687.01	-1624.59	-1606.8 	68.1025
3   	23 	100  	-2057.08	-1619.91	-1606.72	35.4469
3   	24 	100  	-2565.16	-1622.03	-1606.1 	62.7197
3   	25 	100  	-2425.01	-1624.4 	-1606.01	65.559 
3   	26 	100  	-2863.82	-1625.88	-1606.01	83.243 
3   	27 	100  	-2391.15	-1623.6 	-1605.79	64.7225
3   	28 	100  	-5610.36	-1651   	-1605.79	288.543
3   	29 	100  	-2109.91	-1620.15	-1605.02	44.5502
3   	30 	100  	-2290.22	-1617.78	-1604.49	48.6951
3   	31 	100  	-4042.66	-1634.03	-1604.49	163.813
3   	32 	100  	-2130.07	-1615.95	-1604.32	36.0003
3   	33 	100  	-1895.55	-1615.84	-1604.32	28.3627
3   	34 	100  	-2461.98	-1621.18	-1604.32	66.5271
3   	35 	100  	-2137.21	-1615.45	-1604.24	37.0836
3   	36 	100  	-2483.5 	-1615.82	-1604.24	46.4471
3   	37 	100  	-2739.34	-1618.18	-1604.24	68.2539
3   	38 	100  	-2187.25	-1617.53	-1604.24	51.6219
3   	39 	100  	-1910.83	-1613.04	-1604.24	25.3367
3   	40 	100  	-1772.86	-1611.82	-1604.24	16.474 
3   	41 	100  	-2322.11	-1617.5 	-1604.24	53.9943
3   	42 	100  	-1832.08	-1610.68	-1604.24	16.203 
3   	43 	100  	-1913.5 	-1613   	-1604.24	28.2091
3   	44 	100  	-2334.75	-1613.54	-1604.24	45.0645
3   	45 	100  	-2099.22	-1614.54	-1603.62	41.3924
3   	46 	100  	-1934.57	-1610.61	-1603.54	23.0417
3   	47 	100  	-1965.39	-1611.44	-1603.54	24.1098
3   	48 	100  	-2227.7 	-1613.75	-1603.54	43.1299
3   	49 	100  	-1956.8 	-1613.1 	-1603.54	30.6016
3   	50 	100  	-2139.27	-1615.37	-1603.54	43.4895
3   	51 	100  	-1805.38	-1611.4 	-1603.54	21.0131
3   	52 	100  	-1945.46	-1612.97	-1603.54	31.7919
3   	53 	100  	-2320.84	-1616.06	-1603.54	52.3054
3   	54 	100  	-2182.99	-1613.41	-1603.54	35.7814
3   	55 	100  	-1790.11	-1609.08	-1603.54	14.5212
3   	56 	100  	-1781.99	-1609.25	-1603.54	14.6497
3   	57 	100  	-2027.83	-1611.9 	-1603.54	27.0435
3   	58 	100  	-1779.62	-1609.95	-1603.54	16.8774
3   	59 	100  	-2474.03	-1615.04	-1603.54	63.819 
3   	60 	100  	-1887.16	-1609.2 	-1603.54	18.7315
3   	61 	100  	-2441.14	-1610.9 	-1603.54	40.9388
3   	62 	100  	-2382.98	-1613.91	-1603.54	49.041 
3   	63 	100  	-1795.28	-1610.48	-1603.54	19.2431
3   	64 	100  	-1817.06	-1609.33	-1603.54	18.3643
3   	65 	100  	-1796.2 	-1609.63	-1603.54	17.6807
3   	66 	100  	-2282.08	-1611.09	-1603.54	39.1501
3   	67 	100  	-1743.64	-1610.05	-1603.54	18.9645
3   	68 	100  	-2201.14	-1612.68	-1603.54	40.6496
3   	69 	100  	-1871.63	-1610.05	-1603.54	22.5346
3   	70 	100  	-2048.74	-1610.33	-1603.54	25.9445
3   	71 	100  	-1966.23	-1609.62	-1603.54	25.5137
3   	72 	100  	-2109.58	-1611.73	-1603.54	35.5039
3   	73 	100  	-1972.93	-1610.14	-1603.54	27.5868
3   	74 	100  	-2604.2 	-1612.2 	-1603.54	55.5658
3   	75 	100  	-2413.19	-1613.5 	-1603.54	57.2028
3   	76 	100  	-1846.53	-1608.82	-1603.54	17.9427
3   	77 	100  	-2626.69	-1612.4 	-1603.54	61.2517
3   	78 	100  	-2363.12	-1612.61	-1603.54	52.1703
3   	79 	100  	-2178.93	-1609.36	-1603.54	30.0221
3   	80 	100  	-2189.63	-1610.72	-1603.54	39.7485
3   	81 	100  	-1945.74	-1610.62	-1603.54	29.8923
3   	82 	100  	-1794.4 	-1608.58	-1603.54	15.757 
3   	83 	100  	-1957.54	-1609.4 	-1603.54	20.6231
3   	84 	100  	-1923.41	-1609.1 	-1603.54	21.1793
3   	85 	100  	-1877.38	-1610.27	-1603.54	23.7452
3   	86 	100  	-2082.71	-1610.2 	-1603.54	30.7387
3   	87 	100  	-2272.04	-1611.08	-1603.54	39.3309
3   	88 	100  	-1732.57	-1607.58	-1603.54	12.5522
3   	89 	100  	-1894.45	-1608.73	-1603.54	19.1727
3   	90 	100  	-2089.11	-1611.52	-1603.54	36.2229
3   	91 	100  	-3135.51	-1612.23	-1603.54	72.1294
3   	92 	100  	-1805.14	-1608.51	-1603.54	17.0833
3   	93 	100  	-2282.39	-1612.45	-1603.54	44.9696
3   	94 	100  	-1985.94	-1610.79	-1603.54	30.2185
3   	95 	100  	-2033.11	-1608.05	-1603.54	21.8163
3   	96 	100  	-2122.98	-1609.76	-1603.54	28.877 
3   	97 	100  	-2040.75	-1610.1 	-1603.54	32.8904
3   	98 	100  	-1906.03	-1609.1 	-1603.54	21.1076
3   	99 	100  	-1939.16	-1609.26	-1603.54	26.2552
