gen	depth	min     	avg     	max     	std    
   	25   	-644.802	-599.451	-551.822	17.4955
   	25   	-651.407	-590.651	-539.356	17.276 
   	25   	-649.143	-589.529	-539.356	17.6569
   	25   	-645.04 	-587.99 	-539.356	17.9182
   	25   	-658.057	-595.682	-539.356	20.3802
   	25   	-649.386	-593.918	-539.356	18.3554
   	25   	-652.043	-595.775	-539.356	20.1966
   	25   	-672.748	-601.214	-539.356	21.6948
   	25   	-651.065	-597.153	-539.356	23.9637
   	25   	-661.531	-597.969	-539.356	18.5259
   	25   	-652.672	-599.938	-539.356	19.4738
   	25   	-656.309	-595.03 	-539.356	22.0517
   	25   	-670.059	-598.229	-539.356	22.4992
   	25   	-664.181	-611.764	-539.356	23.0824
   	25   	-666.648	-614.166	-539.356	20.6818
   	25   	-659.186	-608.651	-539.356	20.2053
   	25   	-670.024	-611.24 	-539.356	24.1424
   	25   	-677.221	-606.042	-539.356	21.1277
   	25   	-673.075	-601.328	-539.356	16.487 
   	25   	-657.369	-598.26 	-539.356	18.3355
   	25   	-671.873	-625.946	-539.356	24.4729
   	25   	-682.964	-621.524	-539.356	20.9188
   	25   	-667.896	-609.982	-539.356	21.0812
   	25   	-656.423	-613.883	-539.356	18.4591
   	25   	-700.369	-629.345	-539.356	29.7976
   	25   	-680.331	-615.119	-539.356	19.1002
   	25   	-672.591	-622.723	-539.356	19.0712
   	25   	-688.558	-616.898	-539.356	22.8338
   	25   	-677.95 	-624.483	-539.356	18.9622
   	25   	-666.45 	-621.752	-539.356	17.7684
   	25   	-687.735	-626.567	-539.356	20.5014
   	25   	-682.389	-617.126	-539.356	22.4899
   	25   	-668.845	-616.41 	-539.356	19.787 
   	25   	-683.834	-617.715	-539.356	25.1587
   	25   	-688.228	-620.923	-539.356	20.545 
   	25   	-658.304	-606.136	-539.356	16.9497
   	25   	-681.037	-616.731	-539.356	19.5728
   	25   	-686.428	-622.071	-539.356	22.5856
   	25   	-670.056	-606.717	-539.356	17.0986
   	25   	-669.515	-604.882	-539.356	21.7671
   	25   	-668.845	-619.362	-539.356	20.4126
   	25   	-690.928	-619.687	-539.356	23.2764
   	25   	-671.241	-617.266	-539.356	21.936 
   	25   	-678.664	-638.688	-539.356	18.2127
   	25   	-698.499	-611.563	-539.356	19.4844
   	25   	-691.715	-608.391	-539.356	14.6367
   	25   	-653.338	-611.051	-539.356	15.3145
   	25   	-674.236	-587.357	-539.356	16.3177
   	25   	-697.22 	-644    	-539.356	26.846 
   	25   	-677.079	-633.141	-539.356	18.9346
   	25   	-661.529	-619.624	-539.356	15.4588
   	25   	-649.041	-611.264	-539.356	13.5738
   	25   	-683.229	-632.521	-539.356	24.5289
   	25   	-662.318	-612.433	-539.356	15.1987
   	25   	-675.537	-625.013	-539.356	18.7273
   	25   	-673.347	-621.824	-539.356	18.8526
   	25   	-681.794	-640.007	-539.356	23.503 
   	25   	-682.124	-633.687	-539.356	17.689 
   	25   	-664.578	-623.854	-539.356	15.2792
   	25   	-657.198	-613.62 	-539.356	17.7885
   	25   	-670.378	-625.327	-539.356	19.311 
   	25   	-678.901	-631.157	-539.356	19.0491
   	25   	-668.917	-624.51 	-539.356	20.3155
   	25   	-665.067	-609.767	-539.356	18.7603
   	25   	-669.232	-615.678	-539.356	21.2114
   	25   	-665.562	-618.854	-539.356	19.4957
   	25   	-665.687	-624.407	-539.356	15.6254
   	25   	-633.197	-589.327	-539.356	18.2966
   	25   	-654.543	-614.571	-539.356	21.8386
   	25   	-668.274	-618.836	-539.356	18.123 
   	25   	-630.889	-592.578	-539.356	13.5345
   	25   	-690.964	-619.245	-539.356	25.8634
   	25   	-646.902	-601.711	-539.356	14.1225
   	25   	-660.798	-592.606	-539.356	21.9843
   	25   	-669.862	-625.47 	-539.356	15.9794
   	25   	-645.576	-612.364	-539.356	11.204 
   	25   	-658.215	-627.036	-539.356	13.3581
   	25   	-651.497	-621.945	-539.356	13.0424
   	25   	-637.834	-591.724	-539.356	19.2971
   	25   	-650.362	-602.961	-539.356	15.562 
   	25   	-649.049	-599.936	-539.356	11.8587
   	25   	-652.663	-608.002	-539.356	12.9206
   	25   	-637.553	-597.69 	-539.356	11.9233
   	25   	-660.971	-630.82 	-539.356	17.9134
   	25   	-640.431	-603.296	-539.356	13.6311
   	25   	-625.717	-591.178	-539.356	8.38457
   	25   	-666.294	-644.159	-539.356	16.6125
   	25   	-653.545	-621.717	-539.356	11.4689
   	25   	-652.84 	-612.389	-539.356	9.96678
   	25   	-650.649	-617.095	-539.356	8.95621
   	25   	-666.869	-598.114	-539.356	9.96501
   	25   	-678.729	-655.791	-539.356	21.0572
   	25   	-666.987	-627.161	-539.356	12.8739
   	25   	-631.059	-584.012	-539.356	14.1163
   	25   	-677.268	-637.21 	-539.356	27.8322
   	25   	-676.47 	-652.768	-539.356	19.5588
   	25   	-657.02 	-608.871	-539.356	16.7391
   	25   	-631.542	-609.278	-539.356	9.70593
   	25   	-633.568	-600.132	-539.356	7.99733
   	25   	-663.131	-630.203	-539.356	17.6052
gen	depth	min     	avg     	max     	std    
   	25   	-662.312	-599.859	-553.153	18.6826
   	25   	-655.27 	-591.744	-552.335	17.2384
   	25   	-641.716	-587.212	-542.635	17.8202
   	25   	-635.482	-583.14 	-542.26 	18.1502
   	25   	-641.366	-582.54 	-541.029	18.1488
   	25   	-655.679	-593.188	-541.029	19.1428
   	25   	-654.993	-595.587	-540.034	22.1447
   	25   	-657.174	-597.602	-540.034	20.6097
   	25   	-678.877	-597.51 	-540.034	23.3057
   	25   	-659.499	-602.212	-540.034	20.6046
   	25   	-654.069	-598.678	-540.034	17.8021
   	25   	-658.16 	-607.446	-540.034	19.6369
   	25   	-643.233	-598.939	-532.868	15.8803
   	25   	-655.58 	-598.798	-532.868	18.6701
   	25   	-677.852	-613.762	-532.868	20.9667
   	25   	-701.919	-617.094	-532.868	26.0664
   	25   	-674.758	-614.097	-532.868	24.1441
   	25   	-656.374	-601.351	-532.868	19.7482
   	25   	-664.927	-609.975	-532.868	19.3176
   	25   	-656.271	-611.894	-532.868	18.818 
   	25   	-657.286	-604.699	-532.868	19.5763
   	25   	-661.702	-613.054	-532.868	19.215 
   	25   	-667.21 	-611.412	-532.868	19.0046
   	25   	-676.732	-619.197	-532.868	20.1708
   	25   	-681.746	-611.037	-532.868	18.5141
   	25   	-693.746	-622.311	-532.868	20.7515
   	25   	-661.104	-601.927	-532.868	16.444 
   	25   	-656.318	-617.165	-532.868	16.7269
   	25   	-647.805	-604.537	-532.868	16.9587
   	25   	-677.696	-624.443	-532.868	21.4726
   	25   	-674.38 	-621.739	-532.868	19.5253
   	25   	-665.418	-595.195	-532.868	22.0397
   	25   	-670.322	-617.699	-532.868	21.5276
   	25   	-667.812	-616.594	-532.868	18.0677
   	25   	-650.128	-599.263	-532.868	16.4756
   	25   	-670.962	-617.378	-532.868	24.551 
   	25   	-641.137	-594.305	-532.868	14.0379
   	25   	-707.323	-640.22 	-532.868	36.1276
   	25   	-674.909	-597.035	-532.868	23.9105
   	25   	-671.493	-619.147	-532.868	20.2823
   	25   	-664.733	-631.585	-532.868	16.0334
   	25   	-643.491	-601.538	-532.868	16.9271
   	25   	-671.599	-618.687	-532.868	17.2098
   	25   	-655.198	-621.026	-532.868	14.1449
   	25   	-660.437	-624.349	-532.868	13.9038
   	25   	-658.969	-613.315	-532.868	15.63  
   	25   	-659.752	-615.071	-532.868	17.7702
   	25   	-649.497	-612.129	-532.868	21.4294
   	25   	-637.499	-587.352	-532.868	14.5893
   	25   	-654.361	-611.278	-532.868	16.7421
   	25   	-663.87 	-631.669	-532.868	14.0517
   	25   	-642.9  	-618.685	-532.868	11.2144
   	25   	-665.309	-626.595	-532.868	14.4874
   	25   	-636.297	-601.696	-532.868	14.2075
   	25   	-674.777	-626.074	-532.868	19.1462
   	25   	-654.657	-620.275	-532.868	15.8527
   	25   	-649.191	-598.161	-532.868	18.3085
   	25   	-672.014	-638.215	-532.868	21.1801
   	25   	-654.517	-585.298	-532.868	22.7882
   	25   	-631.357	-601.807	-532.868	15.1676
   	25   	-645.251	-603.736	-532.868	17.9351
   	25   	-672.994	-620.083	-532.868	16.4966
   	25   	-657.698	-625.753	-532.868	13.2379
   	25   	-654.11 	-627.594	-532.868	10.2826
   	25   	-629.149	-612.566	-532.868	12.2747
   	25   	-675.861	-637.581	-532.868	18.9772
   	25   	-660.091	-629.466	-532.868	11.858 
   	25   	-636.296	-577.685	-532.868	19.5483
   	25   	-650.278	-605.172	-532.868	15.2084
   	25   	-673.837	-645.151	-532.868	20.3597
   	25   	-654.313	-622.762	-532.868	14.8073
   	25   	-668.043	-628.774	-532.868	14.5766
   	25   	-635.879	-601.016	-532.868	9.12346
   	25   	-614.643	-598.647	-532.868	8.45236
   	25   	-619.163	-595.344	-532.868	10.9216
   	25   	-656.991	-615.406	-532.868	13.4334
   	25   	-665.039	-628.129	-532.868	13.8464
   	25   	-643.334	-612.81 	-532.868	16.6479
   	25   	-655.717	-623.385	-532.868	19.6806
   	25   	-656.688	-633.432	-532.868	14.3841
   	25   	-683.251	-649.302	-532.868	16.6261
   	25   	-667.787	-634.642	-532.868	16.6434
   	25   	-667.546	-626.024	-532.868	18.7399
   	25   	-646.106	-614.638	-532.868	15.3212
   	25   	-647.795	-624.681	-532.868	12.2027
   	25   	-633.017	-597.589	-532.868	8.63333
   	25   	-688.529	-636.263	-532.868	25.5229
   	25   	-662.16 	-639.038	-532.868	11.6079
   	25   	-645.013	-608.762	-532.868	15.9308
   	25   	-637.646	-606.644	-532.868	12.5944
   	25   	-636.411	-613.333	-532.868	11.0093
   	25   	-619.831	-578.423	-532.868	13.1449
   	25   	-646.642	-601.096	-532.868	20.5084
   	25   	-633.364	-607.455	-532.868	13.6594
   	25   	-660.083	-604.881	-532.868	15.4398
   	25   	-663.26 	-625.602	-532.868	13.6674
   	25   	-659.097	-630.628	-532.868	14.9637
   	25   	-642.715	-608.604	-532.868	7.92157
   	25   	-653.781	-624.101	-532.868	14.0091
   	25   	-677.282	-645.152	-532.868	18.4799
gen	depth	min     	avg     	max     	std    
   	25   	-659.25 	-602.841	-557.981	18.5784
   	25   	-653.194	-593.865	-544.454	18.024 
   	25   	-642.825	-592.19 	-541.286	18.9903
   	25   	-645.846	-588.856	-529.051	18.1413
   	25   	-646.685	-590.731	-529.051	19.6103
   	25   	-642.933	-586.783	-529.051	20.8223
   	25   	-653.209	-591.135	-529.051	21.1232
   	25   	-664.862	-592.099	-529.051	20.2443
   	25   	-667.483	-603.57 	-529.051	22.9914
   	25   	-657.324	-608.304	-529.051	21.4121
   	25   	-648.88 	-602.546	-529.051	19.6936
   	25   	-657.768	-602.601	-529.051	18.2166
   	25   	-659.459	-606.164	-529.051	18.0982
   	25   	-685.783	-616.368	-529.051	22.4141
   	25   	-665.026	-616.029	-529.051	20.6068
   	25   	-669.821	-613.443	-529.051	20.615 
   	25   	-691.299	-616.915	-529.051	23.1612
   	25   	-674.316	-618.78 	-529.051	21.4802
   	25   	-668.056	-616.21 	-529.051	21.244 
   	25   	-689.201	-607.844	-529.051	25.69  
   	25   	-672.416	-606.295	-529.051	24.8437
   	25   	-697.265	-621.636	-529.051	25.663 
   	25   	-671.355	-614.651	-529.051	20.2684
   	25   	-668.919	-625.512	-529.051	21.5159
   	25   	-686.62 	-616.206	-529.051	26.4081
   	25   	-668.576	-609.125	-529.051	21.0158
   	25   	-680.548	-620.318	-529.051	21.3509
   	25   	-649.731	-607.113	-529.051	19.9107
   	25   	-665.063	-599.378	-529.051	20.7992
   	25   	-693.023	-615.84 	-529.051	28.2135
   	25   	-678.812	-617.786	-529.051	21.9327
   	25   	-661.382	-603.291	-529.051	18.6225
   	25   	-646.398	-599.793	-529.051	15.7909
   	25   	-676.433	-618.31 	-529.051	20.1373
   	25   	-664.399	-605.393	-529.051	16.7762
   	25   	-659.416	-594.343	-529.051	18.6161
   	25   	-691.215	-640.469	-529.051	29.2336
   	25   	-677.561	-631.245	-529.051	16.98  
   	25   	-689.359	-640.82 	-529.051	23.4039
   	25   	-702.529	-642.869	-529.051	20.9662
   	25   	-665.651	-623.433	-529.051	17.5841
   	25   	-672.807	-620.676	-529.051	22.7383
   	25   	-650.875	-606.548	-529.051	18.1342
   	25   	-646.46 	-601.241	-529.051	16.0653
   	25   	-645.354	-598.196	-529.051	16.373 
   	25   	-665.81 	-604.884	-529.051	19.9498
   	25   	-657.335	-611.986	-529.051	19.107 
   	25   	-682.505	-632.731	-529.051	20.9443
   	25   	-660.535	-611.07 	-529.051	20.6717
   	25   	-669.444	-596.147	-529.051	21.2627
   	25   	-668.03 	-628.24 	-529.051	18.8673
   	25   	-647.648	-608.285	-529.051	15.1643
   	25   	-663.447	-617.36 	-529.051	15.4108
   	25   	-662.156	-597.671	-529.051	28.7581
   	25   	-643.838	-613.677	-529.051	17.4365
   	25   	-660.7  	-618.773	-529.051	15.5677
   	25   	-644.415	-620.968	-529.051	12.5311
   	25   	-647.291	-614.072	-529.051	11.6634
   	25   	-648.699	-614.482	-529.051	14.0991
   	25   	-643.078	-607.496	-529.051	13.17  
   	25   	-656.217	-619.848	-529.051	15.1032
   	25   	-641.254	-614.352	-529.051	11.9008
   	25   	-644.171	-600.727	-529.051	20.4143
   	25   	-610.025	-572.73 	-529.051	10.5216
   	25   	-626.24 	-576.869	-529.051	11.6242
   	25   	-647.729	-608.8  	-529.051	17.8763
   	25   	-649.096	-611.172	-529.051	16.505 
   	25   	-648.367	-631.072	-529.051	14.4427
   	25   	-636.3  	-595.212	-529.051	13.1741
   	25   	-639.767	-621.319	-529.051	12.307 
   	25   	-644.385	-625.991	-529.051	11.5158
   	25   	-631.684	-608.886	-529.051	13.3205
   	25   	-676.79 	-653.947	-529.051	22.4091
   	25   	-665.574	-616.133	-529.051	16.594 
   	25   	-670.668	-626.315	-529.051	16.1112
   	25   	-627.28 	-583.153	-529.051	13.8471
   	25   	-664.107	-638.47 	-529.051	24.7354
   	25   	-651.316	-622.965	-529.051	9.49758
   	25   	-649.174	-628.793	-529.051	8.47464
   	25   	-630.93 	-598.803	-529.051	9.848  
   	25   	-631.647	-611.152	-529.051	8.98842
   	25   	-679.468	-668.995	-529.051	23.9809
   	25   	-678.847	-655.46 	-529.051	16.4845
   	25   	-658.54 	-632.863	-529.051	11.0166
   	25   	-634.93 	-627.762	-529.051	8.11042
   	25   	-635.615	-625.612	-529.051	6.30007
   	25   	-626.215	-613.558	-529.051	4.91699
   	25   	-630.089	-619.157	-529.051	5.6837 
   	25   	-621.081	-609.189	-529.051	6.11636
   	25   	-644.177	-622.724	-529.051	7.84816
   	25   	-622.684	-597.385	-529.051	8.47746
   	25   	-629.861	-609.325	-529.051	8.64721
   	25   	-637.357	-624.486	-529.051	8.09651
   	25   	-636.723	-612.232	-529.051	5.94823
   	25   	-611.08 	-610.545	-529.051	3.72781
   	25   	-611.223	-606.144	-529.051	3.8331 
   	25   	-605.649	-594.03 	-529.051	4.96833
   	25   	-645.199	-639.467	-529.051	13.2885
   	25   	-646.26 	-618.631	-529.051	10.0216
   	25   	-634.646	-632.229	-529.051	7.6029 
gen	depth	min     	avg     	max     	std    
   	25   	-656.864	-600.282	-546.773	19.1598
   	25   	-638.255	-591.664	-543.321	16.7089
   	25   	-630.301	-587.92 	-543.321	15.1325
   	25   	-642.717	-589.836	-543.321	18.8285
   	25   	-654.594	-588.377	-540.262	19.6123
   	25   	-645.743	-596.942	-540.262	18.7292
   	25   	-666.849	-591.276	-538.059	20.088 
   	25   	-655.561	-593.568	-538.059	19.8279
   	25   	-663.059	-600.764	-538.059	22.1996
   	25   	-658.661	-604.803	-538.059	19.0728
   	25   	-665.777	-608.18 	-538.059	21.2007
   	25   	-674.81 	-609.566	-538.059	23.5858
   	25   	-681.208	-613.05 	-538.059	19.4458
   	25   	-695.825	-616.068	-538.059	24.3735
   	25   	-668.124	-608.24 	-538.059	20.4596
   	25   	-663.83 	-603.493	-538.059	23.4518
   	25   	-672.627	-613.997	-538.059	22.654 
   	25   	-663.227	-607.389	-538.059	20.4313
   	25   	-658.542	-614.251	-538.059	19.8874
   	25   	-666.213	-607.308	-538.059	19.4653
   	25   	-674.772	-612.308	-538.059	25.0396
   	25   	-669.591	-608.908	-538.059	20.0384
   	25   	-698.813	-626.522	-538.059	23.052 
   	25   	-645.875	-597.752	-538.059	15.716 
   	25   	-663.667	-623.819	-538.059	19.1683
   	25   	-660.186	-617.387	-538.059	13.3429
   	25   	-659.634	-611.271	-538.059	20.4672
   	25   	-643.273	-590.795	-538.059	16.2275
   	25   	-644.226	-597.673	-538.059	16.6496
   	25   	-660.634	-610.645	-538.059	15.046 
   	25   	-633.869	-599.737	-538.059	13.6118
   	25   	-668.683	-628.224	-538.059	17.6849
   	25   	-653.257	-608.539	-538.059	16.8884
   	25   	-653.799	-615.045	-538.059	14.1393
   	25   	-638.54 	-610.536	-538.059	11.1821
   	25   	-654.866	-600.203	-538.059	21.8746
   	25   	-655.191	-600.152	-538.059	12.8267
   	25   	-626.659	-593.899	-538.059	14.3392
   	25   	-635.274	-611.402	-538.059	12.7902
   	25   	-642.949	-621.633	-538.059	11.2206
   	25   	-649.793	-627.614	-538.059	10.4523
   	25   	-639.215	-596.384	-538.059	13.4082
   	25   	-647.513	-619.921	-538.059	13.6894
   	25   	-674.803	-645.976	-538.059	17.4579
   	25   	-670.715	-627.98 	-538.059	16.2236
   	25   	-639.699	-611.015	-538.059	11.011 
   	25   	-648.797	-621.526	-538.059	10.8569
   	25   	-665.062	-629.251	-538.059	9.80916
   	25   	-638.891	-606.768	-538.059	12.7445
   	25   	-657.594	-631.136	-538.059	14.7342
   	25   	-664.223	-627.155	-538.059	8.94334
   	25   	-629.302	-604.131	-538.059	10.4977
   	25   	-627.835	-609.745	-538.059	6.10097
   	25   	-630.182	-620.822	-538.059	8.1963 
   	25   	-630.772	-615.359	-538.059	6.38665
   	25   	-637.593	-620.568	-538.059	6.42688
   	25   	-640.607	-610.509	-538.059	10.3125
   	25   	-648.127	-630.809	-538.059	13.3022
   	25   	-642.19 	-614.68 	-538.059	8.58473
   	25   	-634.648	-605.295	-538.059	8.6886 
   	25   	-617.561	-600.047	-538.059	6.16395
   	25   	-645.278	-613.664	-538.059	10.4437
   	25   	-620.823	-609.699	-538.059	5.19839
   	25   	-648.19 	-628.543	-538.059	9.94134
   	25   	-634.426	-614.637	-538.059	6.24476
   	25   	-625.494	-609.255	-538.059	5.02536
   	25   	-662.303	-643.962	-538.059	14.4551
   	25   	-651.991	-597.823	-538.059	14.4982
   	25   	-657.167	-648.403	-538.059	20.1118
   	25   	-655.695	-615.626	-538.059	13.5088
   	25   	-616.163	-590.659	-538.059	7.44358
   	25   	-627.223	-621.098	-538.059	11.9183
   	25   	-625.479	-604.128	-538.059	6.97616
   	25   	-626.51 	-612.1  	-538.059	8.39913
   	25   	-651.406	-644.272	-538.059	12.5704
   	25   	-655.106	-630.744	-538.059	8.02401
   	25   	-634.631	-608.642	-538.059	9.60412
   	25   	-614.756	-598.781	-538.059	7.16391
   	25   	-603.605	-593.986	-538.059	6.86347
   	25   	-596.638	-572.474	-538.059	10.1135
   	25   	-596.146	-588.728	-538.059	8.64049
   	25   	-612.128	-594.975	-538.059	7.49305
   	25   	-597.03 	-569.829	-538.059	7.31546
   	25   	-621.547	-613.393	-538.059	15.9373
   	25   	-619.697	-605.629	-538.059	7.54694
   	25   	-664.784	-624.785	-538.059	10.1562
   	25   	-637.43 	-631.734	-538.059	12.0484
   	25   	-635.316	-600.708	-538.059	10.9692
   	25   	-614.373	-601.662	-538.059	5.89287
   	25   	-621.951	-600.618	-538.059	7.09309
   	25   	-633.317	-613.154	-538.059	6.78547
   	25   	-636.426	-606.556	-538.059	4.71414
   	25   	-636.824	-622.103	-538.059	6.91584
   	25   	-627.997	-626.581	-538.059	5.12752
   	25   	-627.454	-606.248	-538.059	7.95116
   	25   	-618.569	-617.491	-538.059	5.03926
   	25   	-633.161	-630.401	-538.059	8.00735
   	25   	-633.161	-625.037	-538.059	10.7502
   	25   	-654.603	-614.86 	-538.059	10.7358
   	25   	-614.399	-577.462	-538.059	10.9512
gen	depth	min     	avg     	max     	std    
   	25   	-665.582	-601.922	-556.265	18.6513
   	25   	-657.921	-592.124	-549.75 	17.1695
   	25   	-630.7  	-586.66 	-549.483	16.6221
   	25   	-648.614	-589.403	-543.524	21.8666
   	25   	-642.756	-586.652	-538.217	17.3167
   	25   	-648.368	-591.855	-538.217	20.2527
   	25   	-649.878	-590.68 	-537.812	20.4941
   	25   	-656.431	-588.157	-534.904	21.6045
   	25   	-658.443	-599.175	-534.904	21.5914
   	25   	-655.478	-597.378	-534.904	21.6356
   	25   	-657.022	-607.813	-534.904	24.9193
   	25   	-652.366	-604.325	-534.904	20.2911
   	25   	-656.27 	-599.962	-534.904	17.5898
   	25   	-665.268	-614.772	-534.904	22.1423
   	25   	-657.298	-607.122	-534.904	19.6442
   	25   	-667.776	-605.356	-534.904	17.5628
   	25   	-665.983	-609.619	-534.904	20.2061
   	25   	-656.537	-612.525	-534.904	18.8389
   	25   	-672.541	-614.171	-534.904	19.5839
   	25   	-662.7  	-614.227	-534.904	19.5643
   	25   	-706.142	-637.056	-534.904	27.4606
   	25   	-668.055	-609.236	-534.904	19.438 
   	25   	-669.393	-612.108	-534.904	19.2402
   	25   	-668.719	-611.177	-534.904	21.0725
   	25   	-658.607	-614.071	-534.904	19.6078
   	25   	-668.111	-620.003	-534.904	18.8665
   	25   	-687.902	-627.363	-534.904	20.5976
   	25   	-665.177	-605.052	-534.904	25.2437
   	25   	-670.824	-613.777	-534.904	21.3864
   	25   	-674.536	-626.17 	-534.904	20.4787
   	25   	-678.417	-619.508	-534.904	20.0476
   	25   	-684.244	-632.393	-534.904	20.4608
   	25   	-687.914	-616.206	-534.904	21.31  
   	25   	-660.464	-621.613	-534.904	20.16  
   	25   	-667.239	-595.484	-534.904	21.1691
   	25   	-659.83 	-612.744	-534.904	19.4652
   	25   	-669.355	-619.656	-534.904	22.4097
   	25   	-670.275	-610.525	-534.904	18.3044
   	25   	-658.676	-615.217	-534.904	17.4279
   	25   	-660.122	-618.779	-534.904	16.7172
   	25   	-681.087	-633.513	-534.904	21.7253
   	25   	-682.328	-633.657	-534.904	21.3612
   	25   	-650.72 	-610.089	-534.904	14.6683
   	25   	-655.155	-596.876	-534.904	17.0898
   	25   	-672.802	-628.342	-534.904	19.635 
   	25   	-659.332	-614.86 	-534.904	18.6973
   	25   	-745.172	-637.693	-534.904	36.8057
   	25   	-670.506	-611.681	-534.904	21.6425
   	25   	-640.559	-598.605	-534.904	16.3055
   	25   	-638.533	-600.858	-534.904	16.2895
   	25   	-656.046	-605.823	-534.904	22.397 
   	25   	-670.981	-618.429	-534.904	21.553 
   	25   	-637.597	-601.055	-534.904	14.6744
   	25   	-668.966	-608.656	-534.904	20.6715
   	25   	-661.961	-615.722	-534.904	19.9689
   	25   	-665.424	-604.655	-534.904	15.1163
   	25   	-681.039	-624.52 	-534.904	18.9653
   	25   	-683.624	-610.484	-534.904	14.0951
   	25   	-652.914	-605.722	-534.904	17.559 
   	25   	-635.017	-602.644	-534.904	18.1329
   	25   	-678.438	-626.136	-534.904	23.0046
   	25   	-660.274	-607.563	-534.904	23.0391
   	25   	-655.23 	-598.352	-534.904	17.5641
   	25   	-631.606	-587.287	-534.904	13.7574
   	25   	-690.339	-636.12 	-534.904	23.7222
   	25   	-707.23 	-660.86 	-534.904	24.6149
   	25   	-682.629	-613.249	-534.904	18.5042
   	25   	-686.993	-631.274	-534.904	18.6723
   	25   	-664.637	-630.214	-534.904	14.9764
   	25   	-653.859	-620.027	-534.904	18.1411
   	25   	-641.503	-615.208	-534.904	13.8741
   	25   	-661.218	-608.327	-534.904	22.8624
   	25   	-654.369	-611.383	-534.904	16.614 
   	25   	-678.291	-634.568	-534.904	20.1074
   	25   	-652.169	-589.345	-534.904	23.7996
   	25   	-681.621	-634.948	-534.904	29.9737
   	25   	-677.521	-600.325	-534.904	14.8781
   	25   	-669.791	-610.88 	-534.904	15.1438
   	25   	-672.746	-615.719	-534.904	16.4844
   	25   	-657.653	-619.212	-534.904	15.0601
   	25   	-633.573	-603.777	-534.904	13.5979
   	25   	-688.573	-644.496	-534.904	19.1277
   	25   	-651.392	-597.198	-534.904	15.932 
   	25   	-657.065	-615.298	-534.904	15.4964
   	25   	-643.002	-609.277	-534.904	11.654 
   	25   	-634.478	-605.133	-534.904	14.1656
   	25   	-659.183	-626.54 	-534.904	12.3207
   	25   	-633.699	-582.094	-534.904	10.7099
   	25   	-676.985	-627.483	-534.904	21.4414
   	25   	-671.164	-589.603	-534.904	13.2245
   	25   	-665.475	-604.818	-534.904	10.4662
   	25   	-646.193	-598.42 	-534.904	8.33828
   	25   	-664.986	-618.9  	-534.904	12.1927
   	25   	-635.364	-596.415	-534.904	9.76416
   	25   	-653.217	-615.679	-534.904	10.1803
   	25   	-651.124	-613.385	-534.904	6.93741
   	25   	-614.628	-576.36 	-534.904	10.8341
   	25   	-676.111	-639.534	-534.904	24.0384
   	25   	-648.306	-617.388	-534.904	11.4481
   	25   	-669.427	-612.496	-534.904	8.25428
gen	depth	min     	avg     	max     	std    
   	25   	-652.799	-604.104	-549.991	17.4615
   	25   	-650.692	-594.529	-549.991	16.7044
   	25   	-640.532	-588.376	-539.964	17.8931
   	25   	-648.251	-589.27 	-539.964	18.0507
   	25   	-640.011	-585.77 	-539.964	18.2607
   	25   	-647.107	-592.748	-539.964	20.737 
   	25   	-655.391	-594.013	-539.964	19.8092
   	25   	-658.039	-594.29 	-539.964	18.3952
   	25   	-672.375	-603.615	-539.964	21.1839
   	25   	-649.054	-595.262	-539.964	18.6535
   	25   	-668.306	-600.307	-539.964	20.9114
   	25   	-654.289	-596.772	-539.964	18.662 
   	25   	-662.498	-610.294	-539.964	21.1593
   	25   	-660.056	-603.685	-539.964	22.0846
   	25   	-668.533	-596.943	-539.964	19.3758
   	25   	-645.136	-602.299	-539.964	16.6844
   	25   	-665.751	-612.516	-539.964	19.2395
   	25   	-645.783	-602.034	-539.964	17.8595
   	25   	-676.223	-612.785	-539.964	22.4945
   	25   	-664.538	-607.591	-539.964	23.8902
   	25   	-685.43 	-607.767	-539.964	23.403 
   	25   	-664.52 	-613.924	-539.964	20.3925
   	25   	-671.406	-615.668	-539.964	21.8578
   	25   	-659.766	-613.901	-539.964	19.398 
   	25   	-682.738	-623.944	-539.964	22.965 
   	25   	-655.836	-610.638	-539.964	18.4127
   	25   	-684.387	-613.747	-539.964	25.675 
   	25   	-679.778	-627.151	-539.964	22.8412
   	25   	-709.182	-629.882	-539.964	22.6539
   	25   	-688.958	-628.299	-539.964	24.3246
   	25   	-679.7  	-611.748	-539.964	22.843 
   	25   	-673.809	-611.647	-539.964	20.6074
   	25   	-662.736	-611.469	-539.964	17.925 
   	25   	-671.765	-616.544	-539.964	19.7952
   	25   	-688.054	-624.148	-539.964	20.0394
   	25   	-673.646	-623.001	-539.964	20.1738
   	25   	-660.303	-616.013	-539.964	19.2845
   	25   	-658.472	-606.518	-539.964	18.2952
   	25   	-655.053	-601.929	-539.964	17.4357
   	25   	-654.993	-604.088	-539.964	15.7024
   	25   	-669.585	-612.183	-539.964	21.5334
   	25   	-662.747	-618.546	-539.964	17.4513
   	25   	-662.717	-613.201	-539.964	14.1102
   	25   	-662.473	-620.165	-539.964	16.0989
   	25   	-659.514	-606.626	-539.964	19.7712
   	25   	-686.536	-631.566	-539.964	21.5132
   	25   	-671.147	-634.707	-539.964	18.3598
   	25   	-647.129	-601.095	-539.964	15.4904
   	25   	-666.831	-623.251	-539.964	19.1554
   	25   	-650.395	-601.151	-539.964	16.3514
   	25   	-636.164	-590.579	-539.964	11.6676
   	25   	-663.048	-617.303	-539.964	17.2852
   	25   	-666.572	-624.868	-539.964	15.679 
   	25   	-677.009	-628.914	-539.964	20.9373
   	25   	-648.066	-615.639	-539.964	16.2667
   	25   	-647.433	-599.579	-539.964	14.8022
   	25   	-657.574	-608.224	-539.964	15.4937
   	25   	-667.748	-621.57 	-539.964	16.2487
   	25   	-693.184	-623.781	-539.964	21.2965
   	25   	-670.412	-614.183	-539.964	15.1743
   	25   	-665.485	-611.518	-539.964	15.6264
   	25   	-646.818	-599.416	-539.964	11.5137
   	25   	-637.28 	-600.741	-539.964	13.511 
   	25   	-670.747	-622.283	-539.964	18.9739
   	25   	-660.557	-619.773	-539.964	19.131 
   	25   	-646.822	-617.528	-539.964	16.709 
   	25   	-638.537	-605.128	-539.964	15.1713
   	25   	-665.835	-630.367	-539.964	22.7204
   	25   	-649.516	-611.384	-539.964	13.1847
   	25   	-662.607	-605.196	-539.964	16.5736
   	25   	-673.74 	-629.656	-539.964	20.4798
   	25   	-648.548	-610.259	-539.964	15.9425
   	25   	-659.214	-622.172	-539.964	17.1834
   	25   	-696.933	-635.929	-539.964	30.9183
   	25   	-671.325	-614.206	-539.964	19.2642
   	25   	-677.251	-637.77 	-539.964	21.4454
   	25   	-649.499	-607.529	-539.964	19.5779
   	25   	-662.463	-607.715	-539.964	19.3458
   	25   	-687.469	-636.953	-539.964	21.7686
   	25   	-655.638	-611.979	-539.964	16.3531
   	25   	-657.812	-621.698	-539.964	15.2938
   	25   	-659.787	-608.374	-539.964	23.2483
   	25   	-643.967	-611.81 	-539.964	14.7059
   	25   	-665.192	-623.823	-539.964	18.8545
   	25   	-674.755	-613.433	-539.964	20.8119
   	25   	-677.293	-623.851	-539.964	22.0907
   	25   	-657.119	-620.68 	-539.964	16.0921
   	25   	-668.648	-625.637	-539.964	19.8867
   	25   	-673.276	-617.775	-539.964	20.3276
   	25   	-644.296	-605.249	-539.964	15.7414
   	25   	-651.491	-616.35 	-539.964	17.4427
   	25   	-673.679	-631.043	-539.964	20.8449
   	25   	-671.456	-626.641	-539.964	18.7406
   	25   	-653.654	-605.166	-539.964	20.806 
   	25   	-707.761	-650.048	-539.964	29.272 
   	25   	-707.351	-623.063	-539.964	29.565 
   	25   	-631.302	-593.547	-539.964	12.643 
   	25   	-642.577	-594.162	-539.964	14.2857
   	25   	-605.15 	-590.367	-539.964	9.16316
   	25   	-676.26 	-632.315	-539.964	21.1897
gen	depth	min     	avg     	max     	std    
   	25   	-656.165	-601.525	-558.134	19.7209
   	25   	-645.01 	-593.056	-543.883	15.9113
   	25   	-637.571	-590.649	-541.181	17.1596
   	25   	-658.397	-589.173	-541.181	17.4542
   	25   	-650.798	-590.774	-536.976	20.8417
   	25   	-644.71 	-589.611	-536.976	18.846 
   	25   	-648.734	-594.959	-532.695	24.253 
   	25   	-675.941	-598.923	-532.695	21.5561
   	25   	-649.348	-596.725	-532.695	20.1813
   	25   	-654.766	-600.11 	-532.695	24.4793
   	25   	-674.988	-616.412	-532.695	27.837 
   	25   	-675.844	-608.505	-532.695	25.8601
   	25   	-663.139	-610.741	-532.695	20.8587
   	25   	-674.465	-612.158	-532.695	23.7656
   	25   	-680.131	-607.144	-532.695	22.4044
   	25   	-668.105	-614.353	-532.695	19.9511
   	25   	-676.636	-620.065	-532.695	21.5595
   	25   	-684.256	-622.964	-532.695	21.49  
   	25   	-694.244	-624.729	-532.695	25.022 
   	25   	-673.727	-612.034	-532.695	22.4571
   	25   	-674.81 	-619.532	-532.695	20.2764
   	25   	-667.787	-613.372	-532.695	20.7439
   	25   	-667.848	-619.527	-532.695	18.2022
   	25   	-658.714	-608.474	-532.695	20.9799
   	25   	-691.796	-640.472	-532.695	22.3597
   	25   	-678.246	-629.429	-532.695	18.9831
   	25   	-686.397	-620.767	-532.695	19.2963
   	25   	-675.728	-612.955	-532.695	20.0232
   	25   	-673.556	-603.234	-532.695	18.8426
   	25   	-694.694	-624.845	-532.695	22.0703
   	25   	-681.486	-612.731	-532.695	18.0336
   	25   	-680.332	-625.846	-532.695	24.371 
   	25   	-693.525	-629.538	-532.695	23.3933
   	25   	-664.549	-619.447	-532.695	20.3763
   	25   	-673.668	-624.201	-532.695	19.1899
   	25   	-676.499	-618.983	-532.695	23.1057
   	25   	-704.259	-629.96 	-532.695	23.1433
   	25   	-672.878	-625.703	-532.695	17.7174
   	25   	-676.724	-615.573	-532.695	16.8826
   	25   	-672.27 	-621.487	-532.695	17.9385
   	25   	-703.965	-633.876	-532.695	20.3563
   	25   	-670.641	-606.512	-532.695	15.8128
   	25   	-667.789	-591.263	-532.695	15.4762
   	25   	-674.569	-597.059	-532.695	17.5934
   	25   	-669.015	-619.449	-532.695	18.9516
   	25   	-700.826	-645.33 	-532.695	20.5836
   	25   	-662.04 	-618.756	-532.695	18.5737
   	25   	-662.369	-595.513	-532.695	16.0655
   	25   	-674.453	-618.518	-532.695	18.7329
   	25   	-647.933	-613.704	-532.695	15.6671
   	25   	-658.322	-608.77 	-532.695	15.7721
   	25   	-668.361	-603.094	-532.695	14.1816
   	25   	-654.936	-615.906	-532.695	15.1981
   	25   	-665.519	-628.906	-532.695	18.8063
   	25   	-678.522	-606.208	-532.695	11.6532
   	25   	-659.629	-608.783	-532.695	19.3703
   	25   	-626.275	-581.628	-532.695	13.2237
   	25   	-658.63 	-605.745	-532.695	18.3244
   	25   	-624.14 	-589.097	-532.695	10.7633
   	25   	-675.826	-643.178	-532.695	25.5354
   	25   	-647.805	-606.006	-532.695	10.7924
   	25   	-668.572	-614.117	-532.695	9.5881 
   	25   	-650.169	-612.781	-532.695	10.7552
   	25   	-619.534	-593.286	-532.695	15.0099
   	25   	-640.758	-609.228	-532.695	13.4392
   	25   	-627.993	-602.865	-532.695	8.18653
   	25   	-622.758	-607.497	-532.695	10.5174
   	25   	-616.038	-592.735	-532.695	6.20875
   	25   	-630.47 	-593.744	-532.695	10.7092
   	25   	-629.314	-603.722	-532.695	7.99562
   	25   	-644.834	-630.942	-532.695	12.5175
   	25   	-642.94 	-603.589	-532.695	11.2728
   	25   	-653.407	-635.274	-532.695	17.2943
   	25   	-653.073	-615.727	-532.695	11.8657
   	25   	-631.738	-601.604	-532.695	14.0733
   	25   	-654.282	-625.844	-532.695	14.068 
   	25   	-628.02 	-605.623	-532.695	6.93473
   	25   	-615.421	-600.318	-532.695	7.08747
   	25   	-641.604	-618.254	-532.695	10.1544
   	25   	-629.257	-591.934	-532.695	8.53451
   	25   	-640.22 	-624.481	-532.695	15.268 
   	25   	-658.108	-631.509	-532.695	10.3998
   	25   	-633.235	-594.14 	-532.695	11.3254
   	25   	-641.257	-622.415	-532.695	12.7233
   	25   	-634.7  	-607.248	-532.695	8.04967
   	25   	-661.617	-641.19 	-532.695	16.2864
   	25   	-658.053	-600.883	-532.695	11.5351
   	25   	-676.831	-666.444	-532.695	25.1594
   	25   	-675.122	-571.113	-532.695	33.3009
   	25   	-608.094	-598.971	-532.695	14.9389
   	25   	-632.572	-614.708	-532.695	14.0288
   	25   	-630.757	-609.667	-532.695	8.36434
   	25   	-653.98 	-629.335	-532.695	13.6669
   	25   	-663.347	-639.573	-532.695	16.4318
   	25   	-672.183	-636.023	-532.695	18.4963
   	25   	-645.559	-604.608	-532.695	12.5356
   	25   	-623.75 	-590.54 	-532.695	9.91424
   	25   	-659.561	-644.989	-532.695	19.6298
   	25   	-653.496	-593.379	-532.695	16.9173
   	25   	-656.98 	-620.93 	-532.695	12.8533
gen	depth	min     	avg     	max     	std    
   	25   	-667.585	-601.199	-553.251	18.2763
   	25   	-647.095	-591.663	-549.253	17.3458
   	25   	-651.605	-586.693	-529.122	18.1534
   	25   	-662.44 	-590.032	-529.122	21.1564
   	25   	-651.045	-590.331	-529.122	18.8456
   	25   	-646.718	-591.632	-529.122	19.284 
   	25   	-661.101	-591.843	-529.122	21.3549
   	25   	-655.647	-591.478	-529.122	19.59  
   	25   	-656.151	-593.763	-529.122	19.2163
   	25   	-645.744	-596.784	-529.122	17.4348
   	25   	-645.519	-594.236	-529.122	17.1066
   	25   	-654.753	-595.397	-529.122	17.8581
   	25   	-658.318	-600.121	-529.122	18.6442
   	25   	-671.324	-607.401	-529.122	20.0012
   	25   	-661.346	-601.735	-529.122	18.9068
   	25   	-652.274	-604.861	-529.122	20.5408
   	25   	-686.308	-614.763	-529.122	21.6424
   	25   	-667.163	-604.697	-529.122	19.04  
   	25   	-672.472	-611.257	-529.122	22.6489
   	25   	-662.15 	-610.062	-529.122	20.9723
   	25   	-666.339	-618.347	-529.122	19.2027
   	25   	-662.731	-610.463	-529.122	20.2275
   	25   	-673.26 	-614.26 	-529.122	20.5195
   	25   	-661.144	-612.107	-529.122	18.5751
   	25   	-676.243	-611.492	-529.122	20.4669
   	25   	-674.749	-612.923	-529.122	21.7182
   	25   	-663.597	-605.743	-529.122	21.4314
   	25   	-668.417	-613.864	-529.122	17.7141
   	25   	-661.297	-609.084	-529.122	20.0773
   	25   	-673.24 	-615.37 	-529.122	21.8266
   	25   	-668.253	-609.344	-529.122	21.1415
   	25   	-670.718	-618.4  	-529.122	20.6744
   	25   	-685.333	-630.745	-529.122	24.9634
   	25   	-675.58 	-619.782	-529.122	24.5771
   	25   	-667.101	-617.663	-529.122	21.4518
   	25   	-665.861	-611.177	-529.122	19.8936
   	25   	-660.917	-618.054	-529.122	18.1574
   	25   	-656.982	-604.974	-529.122	16.2027
   	25   	-663.35 	-615.49 	-529.122	19.4808
   	25   	-686.416	-620.988	-529.122	20.9084
   	25   	-696.932	-618.169	-529.122	20.953 
   	25   	-655.777	-606.204	-529.122	16.4432
   	25   	-652.681	-605.973	-529.122	17.7336
   	25   	-641.879	-596.61 	-529.122	14.504 
   	25   	-665.218	-614.315	-529.122	21.2162
   	25   	-638.741	-601.982	-529.122	11.3677
   	25   	-654.07 	-610.03 	-529.122	19.0601
   	25   	-664.367	-605.105	-529.122	18.7919
   	25   	-670.736	-638.917	-529.122	22.5718
   	25   	-659.733	-606.377	-529.122	15.316 
   	25   	-656.393	-628.58 	-529.122	19.3275
   	25   	-650.677	-622.151	-529.122	14.3899
   	25   	-651.464	-610.67 	-529.122	15.7879
   	25   	-678.085	-628.232	-529.122	23.727 
   	25   	-652.126	-600.825	-529.122	17.5659
   	25   	-680.435	-631.034	-529.122	25.4108
   	25   	-664.285	-627.023	-529.122	19.3182
   	25   	-665.849	-631.577	-529.122	16.1084
   	25   	-666.041	-624.36 	-529.122	12.75  
   	25   	-660.509	-597.2  	-529.122	20.8806
   	25   	-651.858	-608.003	-529.122	19.8018
   	25   	-689.365	-621.4  	-529.122	22.524 
   	25   	-640.573	-602.776	-529.122	11.6895
   	25   	-671.794	-632.038	-529.122	18.7832
   	25   	-650.813	-611.239	-529.122	15.0463
   	25   	-674.438	-627.43 	-529.122	17.469 
   	25   	-643.968	-617.93 	-529.122	10.9263
   	25   	-653.332	-616.259	-529.122	15.2068
   	25   	-652.36 	-616.693	-529.122	14.8929
   	25   	-648.714	-600.87 	-529.122	15.026 
   	25   	-633.297	-593.946	-529.122	15.6822
   	25   	-629.888	-607.028	-529.122	13.9093
   	25   	-633.893	-586.601	-529.122	14.0221
   	25   	-643.641	-607.403	-529.122	16.8085
   	25   	-645.772	-620.409	-529.122	13.1139
   	25   	-683.975	-645.621	-529.122	18.7426
   	25   	-667.987	-618.422	-529.122	16.1883
   	25   	-640.648	-600.968	-529.122	11.2297
   	25   	-662.198	-627.879	-529.122	16.6625
   	25   	-660.042	-598.698	-529.122	10.8532
   	25   	-623.564	-607.072	-529.122	9.66703
   	25   	-636.114	-583.67 	-529.122	14.0009
   	25   	-645.526	-627.353	-529.122	23.1889
   	25   	-642.567	-565.188	-529.122	19.428 
   	25   	-629.756	-574.602	-529.122	15.2747
   	25   	-612.614	-580.937	-529.122	9.46101
   	25   	-637.28 	-628.312	-529.122	17.9715
   	25   	-635.657	-613.16 	-529.122	9.85111
   	25   	-640.194	-630.038	-529.122	12.1354
   	25   	-659.367	-628.548	-529.122	10.771 
   	25   	-675.687	-646.245	-529.122	15.3393
   	25   	-658.519	-617.775	-529.122	17.3021
   	25   	-644.603	-616.016	-529.122	10.7983
   	25   	-671.231	-619.087	-529.122	19.1769
   	25   	-671.859	-624.987	-529.122	19.401 
   	25   	-638.934	-611.213	-529.122	9.82634
   	25   	-675.853	-635.677	-529.122	23.145 
   	25   	-653.626	-622.3  	-529.122	15.0566
   	25   	-644.916	-616.701	-529.122	11.4984
   	25   	-646.073	-619.74 	-529.122	13.6853
gen	depth	min     	avg     	max     	std    
   	25   	-660.928	-602.482	-554.641	18.1873
   	25   	-647.446	-593.707	-554.641	14.8449
   	25   	-672.908	-594.773	-547.999	18.7435
   	25   	-675.053	-594.478	-547.999	20.9381
   	25   	-666.201	-594.693	-547.999	19.6989
   	25   	-658.612	-599.428	-544.296	23.8313
   	25   	-649.039	-593.146	-535.933	19.7012
   	25   	-657.005	-596.198	-535.933	17.8611
   	25   	-668.1  	-605.364	-535.933	23.0081
   	25   	-657.538	-596.284	-535.933	19.7384
   	25   	-678.254	-597.608	-527.013	25.6127
   	25   	-662.571	-607.374	-527.013	23.716 
   	25   	-657.848	-612.99 	-527.013	23.0189
   	25   	-676.366	-617.893	-527.013	22.6583
   	25   	-713.039	-620.282	-527.013	24.5912
   	25   	-680.845	-607.775	-527.013	19.6076
   	25   	-678.526	-620.938	-527.013	22.6408
   	25   	-674.779	-606.169	-527.013	26.7324
   	25   	-684.36 	-608.637	-527.013	19.6553
   	25   	-671.419	-619.888	-527.013	22.1057
   	25   	-698.047	-626.132	-527.013	24.0197
   	25   	-659.825	-612    	-527.013	20.1346
   	25   	-668.45 	-619.22 	-527.013	18.3228
   	25   	-668.956	-600.013	-527.013	19.3532
   	25   	-676.453	-605.926	-527.013	23.3893
   	25   	-671.873	-618.863	-527.013	22.8465
   	25   	-673.787	-619.046	-527.013	16.8629
   	25   	-682.939	-618.997	-527.013	19.2854
   	25   	-666.94 	-616.136	-527.013	18.2821
   	25   	-673.976	-616.8  	-527.013	20.4063
   	25   	-673.336	-609.046	-527.013	17.8187
   	25   	-662.875	-594.845	-527.013	20.2314
   	25   	-669.474	-612.298	-527.013	23.3111
   	25   	-653.047	-593.37 	-527.013	18.905 
   	25   	-671.822	-618.559	-527.013	22.4579
   	25   	-668.22 	-613.423	-527.013	18.9479
   	25   	-677.875	-615.398	-527.013	19.1959
   	25   	-661.93 	-612.71 	-527.013	16.1583
   	25   	-658.455	-618.633	-527.013	18.0542
   	25   	-668.182	-615.644	-527.013	17.285 
   	25   	-683.883	-623.449	-527.013	17.9035
   	25   	-663.854	-619.812	-527.013	15.9176
   	25   	-659.139	-601.68 	-527.013	15.5678
   	25   	-633.437	-595.096	-527.013	11.8514
   	25   	-627.807	-595.349	-527.013	16.3981
   	25   	-650.343	-605.305	-527.013	17.8664
   	25   	-645.961	-605.638	-527.013	15.4012
   	25   	-658.151	-629.521	-527.013	15.1948
   	25   	-661.016	-612.842	-527.013	16.9781
   	25   	-631.429	-599.573	-527.013	13.7264
   	25   	-643.513	-613.758	-527.013	13.1271
   	25   	-694.567	-656.191	-527.013	28.5389
   	25   	-671.988	-613.302	-527.013	14.5491
   	25   	-662.84 	-626.279	-527.013	16.2119
   	25   	-645.05 	-607.171	-527.013	15.9462
   	25   	-667.58 	-619.006	-527.013	17.9284
   	25   	-637.964	-597.745	-527.013	13.7149
   	25   	-676.78 	-626.824	-527.013	19.8656
   	25   	-653.127	-613.224	-527.013	15.0655
   	25   	-667.557	-631.048	-527.013	20.4136
   	25   	-659.025	-616.4  	-527.013	14.5162
   	25   	-655.527	-591.049	-527.013	14.0088
   	25   	-645.778	-611.316	-527.013	17.0684
   	25   	-653.192	-606.422	-527.013	18.1809
   	25   	-642.25 	-604.513	-527.013	12.7115
   	25   	-626.109	-587.307	-527.013	11.1733
   	25   	-637.402	-607.211	-527.013	13.7153
   	25   	-661.795	-621.948	-527.013	15.2032
   	25   	-643.83 	-607.423	-527.013	11.2327
   	25   	-683.372	-633.814	-527.013	23.0262
   	25   	-653.468	-595.491	-527.013	13.7902
   	25   	-621.882	-576.704	-527.013	11.2037
   	25   	-646.192	-606.468	-527.013	19.7875
   	25   	-629.508	-594.644	-527.013	9.36792
   	25   	-659.132	-603.173	-527.013	16.5543
   	25   	-667.487	-642.434	-527.013	21.2425
   	25   	-661.664	-636.005	-527.013	13.1337
   	25   	-646.65 	-594.627	-527.013	13.0833
   	25   	-681.998	-655.01 	-527.013	24.2487
   	25   	-666.584	-606.098	-527.013	15.4771
   	25   	-664.12 	-641.76 	-527.013	18.4445
   	25   	-658.541	-632.257	-527.013	22.8591
   	25   	-661.786	-628.845	-527.013	20.1407
   	25   	-651.489	-624.486	-527.013	10.952 
   	25   	-662.928	-622.346	-527.013	17.2123
   	25   	-664.82 	-624.549	-527.013	14.0697
   	25   	-639.589	-620.224	-527.013	7.37355
   	25   	-626.608	-596.421	-527.013	9.91498
   	25   	-660.605	-637.766	-527.013	15.9491
   	25   	-644.584	-594.762	-527.013	12.8602
   	25   	-640.897	-618.78 	-527.013	12.6455
   	25   	-625.199	-597.443	-527.013	9.29961
   	25   	-652.988	-618.929	-527.013	13.2482
   	25   	-676.927	-655.942	-527.013	19.2603
   	25   	-668.625	-616.277	-527.013	10.7371
   	25   	-633.825	-610.137	-527.013	8.86171
   	25   	-622.156	-606.943	-527.013	10.5677
   	25   	-647.954	-630.616	-527.013	11.4638
   	25   	-655.081	-634.365	-527.013	11.0948
   	25   	-644.308	-628.157	-527.013	11.2015
gen	depth	min     	avg     	max     	std    
   	25   	-660.769	-602.963	-551.477	18.0776
   	25   	-655.526	-591.762	-551.477	17.553 
   	25   	-649.836	-588.956	-542.268	16.5177
   	25   	-651.738	-589.312	-538.518	18.8283
   	25   	-631.692	-586.347	-538.518	16.0837
   	25   	-653.662	-591.783	-538.518	17.8245
   	25   	-650.889	-593.435	-538.518	19.2379
   	25   	-653.537	-599.464	-538.518	20.5595
   	25   	-663.002	-601.725	-538.518	21.4472
   	25   	-663.082	-602.313	-538.518	20.5306
   	25   	-649.851	-601.816	-538.518	19.9978
   	25   	-673.32 	-603.77 	-538.518	20.9822
   	25   	-657.763	-605.511	-538.518	19.928 
   	25   	-664.671	-606.169	-538.518	19.8449
   	25   	-666.088	-607.964	-538.518	21.4507
   	25   	-664.015	-609.83 	-538.518	21.8403
   	25   	-661.101	-605.6  	-538.518	20.84  
   	25   	-657.839	-610.491	-538.518	17.6521
   	25   	-667.692	-609.823	-538.518	20.2852
   	25   	-656.587	-604.113	-538.518	18.4767
   	25   	-661.395	-600.808	-538.518	20.8295
   	25   	-659.277	-600.811	-538.518	20.8417
   	25   	-687.054	-605.849	-538.518	26.1432
   	25   	-665.576	-601.825	-538.518	20.8588
   	25   	-655.916	-594.853	-538.518	20.5461
   	25   	-671.444	-611.132	-538.518	26.359 
   	25   	-654.503	-610.535	-538.518	20.4575
   	25   	-687.688	-630.724	-538.518	24.0956
   	25   	-668.378	-617.826	-538.518	21.0217
   	25   	-691.415	-619.873	-538.518	21.2935
   	25   	-645.429	-600.324	-538.518	15.3147
   	25   	-660.404	-610.266	-538.518	18.7435
   	25   	-651.825	-598.381	-538.518	20.4119
   	25   	-681.388	-621.264	-538.518	26.2241
   	25   	-685.579	-613.423	-538.518	22.0276
   	25   	-669.995	-613.102	-538.518	24.0997
   	25   	-665.182	-609.829	-538.518	21.3682
   	25   	-668.38 	-615.57 	-538.518	20.8762
   	25   	-655.137	-613.817	-538.518	20.178 
   	25   	-652.144	-605.015	-538.518	17.2226
   	25   	-651.606	-602.286	-538.518	19.4204
   	25   	-673.315	-622.53 	-538.518	22.9471
   	25   	-673.037	-620.353	-538.518	19.2777
   	25   	-671.94 	-603.897	-538.518	17.4554
   	25   	-668.56 	-611.842	-538.518	19.782 
   	25   	-684.928	-617.572	-538.518	24.0826
   	25   	-658.587	-608.446	-538.518	18.6094
   	25   	-665.831	-613.407	-538.518	17.9247
   	25   	-661.125	-620.306	-538.518	19.0489
   	25   	-652.593	-601.899	-538.518	19.1336
   	25   	-665.652	-622.085	-538.518	19.0004
   	25   	-643.9  	-600.825	-538.518	15.9195
   	25   	-674.821	-629.794	-538.518	20.9297
   	25   	-676.003	-629.863	-538.518	18.6548
   	25   	-670.472	-611.859	-538.518	19.6752
   	25   	-661.681	-609.952	-538.518	16.53  
   	25   	-661.23 	-610.971	-538.518	20.3243
   	25   	-682.894	-624.554	-538.518	15.7365
   	25   	-667.946	-632.981	-538.518	12.9068
   	25   	-637.8  	-608.145	-538.518	11.9545
   	25   	-650.986	-609.261	-538.518	17.623 
   	25   	-635.427	-614.571	-538.518	11.4032
   	25   	-652.154	-616.003	-538.518	14.1693
   	25   	-693.189	-649.349	-538.518	24.84  
   	25   	-683.587	-621.747	-538.518	18.7659
   	25   	-650.078	-599.337	-538.518	16.8246
   	25   	-649.447	-598.315	-538.518	15.4947
   	25   	-695.787	-629.122	-538.518	33.7836
   	25   	-639.256	-601.522	-538.518	12.6175
   	25   	-644.744	-615.963	-538.518	13.7034
   	25   	-643.248	-607.837	-538.518	16.1235
   	25   	-666.962	-615.31 	-538.518	15.3474
   	25   	-651.088	-627.733	-538.518	16.81  
   	25   	-657.069	-630.232	-538.518	11.952 
   	25   	-638.049	-614.736	-538.518	11.1253
   	25   	-683.67 	-627.574	-538.518	15.0082
   	25   	-633.291	-601    	-538.518	11.2454
   	25   	-655.86 	-614.181	-538.518	16.3403
   	25   	-662.316	-631.843	-538.518	17.9914
   	25   	-651.577	-622.444	-538.518	11.8484
   	25   	-647.311	-615.225	-538.518	10.5116
   	25   	-651.778	-620.324	-538.518	15.0564
   	25   	-642.724	-607.155	-538.518	11.5163
   	25   	-652.958	-626.979	-538.518	12.9496
   	25   	-662.562	-613.516	-538.518	16.049 
   	25   	-635.628	-608.819	-538.518	16.2305
   	25   	-628.063	-605.619	-538.518	12.6051
   	25   	-677.945	-651.246	-538.518	22.6791
   	25   	-666.977	-613.097	-538.518	15.0477
   	25   	-622.331	-596.28 	-538.518	10.7755
   	25   	-680.332	-648.183	-538.518	24.8721
   	25   	-655.343	-597.652	-538.518	18.6706
   	25   	-663.187	-614.732	-538.518	13.0424
   	25   	-650.261	-631.42 	-538.518	10.7732
   	25   	-640.204	-619.157	-538.518	8.8341 
   	25   	-626.264	-584.614	-538.518	9.83971
   	25   	-665.078	-640.937	-538.518	21.3567
   	25   	-654.642	-625.547	-538.518	11.2803
   	25   	-634.957	-609.955	-538.518	10.6979
   	25   	-628.403	-604.019	-538.518	11.0403
gen	depth	min     	avg     	max     	std    
0  	25   	-657.757	-600.344	-555.979	17.6799
1  	25   	-647.671	-592.59 	-548.171	16.4241
2  	25   	-641.224	-591.974	-539.347	15.9323
3  	25   	-644.17 	-588.332	-539.347	18.9343
4  	25   	-642.931	-586.55 	-531.259	20.729 
5  	25   	-656.909	-591.992	-531.259	19.4835
6  	25   	-669.084	-593.771	-531.259	21.6981
7  	25   	-654.254	-594.553	-531.259	19.6008
8  	25   	-636.761	-598.534	-531.259	17.4036
9  	25   	-655.374	-602.427	-531.259	20.8309
10 	25   	-654.443	-598.443	-530.329	19.9717
11 	25   	-648.211	-593.666	-530.329	19.5054
12 	25   	-646.995	-593.757	-530.329	16.8854
13 	25   	-662.348	-598.545	-530.329	19.0151
14 	25   	-664.77 	-608.427	-530.329	18.9172
15 	25   	-663.898	-605.452	-530.329	21.2711
16 	25   	-664.449	-606.956	-530.329	20.4123
17 	25   	-669.388	-607.419	-530.329	20.1786
18 	25   	-677.109	-618.756	-530.329	21.4395
19 	25   	-670.334	-612.073	-530.329	19.5091
20 	25   	-659.701	-601.802	-530.329	16.7718
21 	25   	-662.888	-607.937	-530.329	19.2178
22 	25   	-674.651	-617.734	-530.329	18.8097
23 	25   	-655.607	-596.425	-530.329	23.82  
24 	25   	-655.619	-614.928	-530.329	21.2985
25 	25   	-688.352	-622.278	-530.329	21.8533
26 	25   	-703.313	-636.785	-530.329	25.6321
27 	25   	-666.162	-609.034	-530.329	21.5609
28 	25   	-685.56 	-626.258	-530.329	24.2263
29 	25   	-662.911	-608.439	-530.329	19.0117
30 	25   	-664.221	-609.495	-530.329	21.9798
31 	25   	-658.933	-612.495	-530.329	18.3974
32 	25   	-650.801	-607.044	-530.329	19.8058
33 	25   	-676.472	-624.639	-530.329	20.628 
34 	25   	-641.371	-598.913	-530.329	16.3643
35 	25   	-664.405	-615.959	-530.329	20.3187
36 	25   	-664.68 	-621.599	-530.329	19.0564
37 	25   	-677.124	-625.92 	-530.329	16.8005
38 	25   	-656.824	-612.259	-530.329	13.6583
39 	25   	-655.262	-598.279	-530.329	16.8069
40 	25   	-632.018	-579.4  	-530.329	9.64128
41 	25   	-671.639	-647.748	-530.329	25.3525
42 	25   	-657.784	-613.59 	-530.329	16.864 
43 	25   	-686.43 	-631.804	-530.329	23.4628
44 	25   	-665.353	-615.392	-530.329	24.8368
45 	25   	-662.416	-629.414	-530.329	16.3175
46 	25   	-650.971	-617.572	-530.329	14.3547
47 	25   	-675.075	-622.846	-530.329	17.1863
48 	25   	-622.437	-597.056	-530.329	11.9891
49 	25   	-648.458	-620.787	-530.329	14.9647
50 	25   	-650.857	-586.522	-530.329	19.7029
51 	25   	-640.366	-604.705	-530.329	15.1657
52 	25   	-688.13 	-651.252	-530.329	24.2545
53 	25   	-682.55 	-628.505	-530.329	21.723 
54 	25   	-661.973	-617.269	-530.329	17.0372
55 	25   	-669.627	-630.65 	-530.329	13.7209
56 	25   	-661.505	-626.469	-530.329	18.2958
57 	25   	-679.621	-632.007	-530.329	16.7472
58 	25   	-669.914	-628.452	-530.329	19.283 
59 	25   	-696.472	-643.271	-530.329	18.4034
60 	25   	-704.902	-609.755	-530.329	17.0131
61 	25   	-628.943	-585.172	-530.329	14.2163
62 	25   	-656.247	-616.205	-530.329	17.7576
63 	25   	-659.187	-626.963	-530.329	15.2295
64 	25   	-675.355	-636.916	-530.329	15.5249
65 	25   	-638.219	-593.258	-530.329	15.4633
66 	25   	-663.497	-581.005	-530.329	16.131 
67 	25   	-654.131	-616.538	-530.329	14.8181
68 	25   	-689.761	-658.158	-530.329	22.5346
69 	25   	-676.249	-585.132	-530.329	22.0007
70 	25   	-625.519	-590.113	-530.329	9.45116
71 	25   	-643.906	-618.585	-530.329	14.4292
72 	25   	-677.923	-650.244	-530.329	17.9315
73 	25   	-661.48 	-639.38 	-530.329	11.9732
74 	25   	-647.087	-607.027	-530.329	15.0355
75 	25   	-661.653	-621.943	-530.329	21.2841
76 	25   	-663.86 	-634.172	-530.329	15.5492
77 	25   	-661.376	-622.748	-530.329	14.465 
78 	25   	-659.937	-619.99 	-530.329	13.2163
79 	25   	-645.458	-621.175	-530.329	10.9402
80 	25   	-637.093	-600.699	-530.329	15.5413
81 	25   	-699.233	-660.791	-530.329	29.4831
82 	25   	-673.756	-582.353	-530.329	25.4872
83 	25   	-646.188	-614.061	-530.329	17.0035
84 	25   	-676.65 	-642.677	-530.329	23.4976
85 	25   	-663.02 	-622.977	-530.329	13.6364
86 	25   	-680.507	-643.318	-530.329	14.7649
87 	25   	-649.317	-627.728	-530.329	13.2119
88 	25   	-636.367	-589.264	-530.329	13.4583
89 	25   	-661.986	-619.209	-530.329	18.9606
90 	25   	-640.346	-605.013	-530.329	14.0917
91 	25   	-653.26 	-625.656	-530.329	16.3293
92 	25   	-651.655	-620.597	-530.329	13.6146
93 	25   	-640.724	-610.578	-530.329	12.9981
94 	25   	-647.708	-615.719	-530.329	11.9613
95 	25   	-680.4  	-637.979	-530.329	16.1755
96 	25   	-647.403	-624.108	-530.329	9.14107
97 	25   	-653.791	-619.125	-530.329	11.1376
98 	25   	-650.783	-624.997	-530.329	13.1434
99 	25   	-648.659	-613.007	-530.329	15.8123
gen	depth	min     	avg     	max     	std    
0  	25   	-662.54 	-601.335	-546.707	18.9471
1  	25   	-646.315	-594.526	-537.377	17.53  
2  	25   	-649.326	-591.164	-537.377	20.1161
3  	25   	-642.133	-590.584	-537.377	21.081 
4  	25   	-645.254	-591.251	-537.377	20.6562
5  	25   	-659.175	-588.663	-537.377	19.9891
6  	25   	-665.907	-595.942	-537.377	20.9735
7  	25   	-687.62 	-600.479	-537.377	20.5687
8  	25   	-672.333	-604.495	-537.377	22.3423
9  	25   	-661.434	-606.753	-537.377	22.5936
10 	25   	-668.114	-603.425	-537.377	22.5541
11 	25   	-663.056	-612.432	-537.377	19.0979
12 	25   	-669.155	-613.679	-537.377	22.1756
13 	25   	-670.364	-611.094	-537.377	19.5242
14 	25   	-663.712	-611.683	-537.377	17.6877
15 	25   	-668.042	-613.237	-537.377	19.6225
16 	25   	-670.518	-614.034	-537.377	25.5572
17 	25   	-675.639	-612.228	-537.377	22.1618
18 	25   	-693.174	-622.624	-537.377	26.3881
19 	25   	-682.23 	-623.813	-537.377	20.9603
20 	25   	-690.389	-620.71 	-537.377	25.2405
21 	25   	-679.987	-618.28 	-537.377	24.335 
22 	25   	-660.759	-608.523	-537.377	20.0818
23 	25   	-687.433	-615.69 	-537.377	23.8181
24 	25   	-687.942	-626.756	-537.377	23.4068
25 	25   	-694.028	-628.891	-537.377	24.2472
26 	25   	-678.147	-615.338	-537.377	23.3547
27 	25   	-652.831	-606.302	-537.377	16.9613
28 	25   	-694.122	-628.686	-537.377	23.8928
29 	25   	-674.452	-619.542	-537.377	18.6459
30 	25   	-674.627	-612.703	-537.377	17.7676
31 	25   	-668.473	-598.35 	-537.377	22.5966
32 	25   	-669.637	-611.654	-537.377	22.8486
33 	25   	-653.096	-608.357	-537.377	16.7903
34 	25   	-648.21 	-602.241	-537.377	17.2532
35 	25   	-667.607	-610.602	-537.377	17.9952
36 	25   	-670.381	-621.259	-537.377	21.7951
37 	25   	-682.28 	-627.39 	-537.377	22.4864
38 	25   	-657.173	-608.296	-537.377	20.2089
39 	25   	-680.344	-615.051	-537.377	26.0881
40 	25   	-652.245	-604.234	-537.377	19.2097
41 	25   	-650.807	-602.951	-537.377	21.5154
42 	25   	-685.615	-626.933	-537.377	25.9539
43 	25   	-682.147	-624.236	-537.377	22.2962
44 	25   	-656.675	-610.14 	-537.377	20.6472
45 	25   	-650.562	-592.84 	-537.377	17.5868
46 	25   	-652.036	-609.63 	-537.377	15.7396
47 	25   	-667.262	-618.7  	-537.377	19.7696
48 	25   	-633.301	-590.792	-537.377	14.7029
49 	25   	-681.534	-624.216	-537.377	21.7645
50 	25   	-684.609	-604.999	-537.377	19.6747
51 	25   	-643.642	-608.753	-537.377	12.8869
52 	25   	-622.437	-587.058	-537.377	10.5509
53 	25   	-673.571	-642.576	-537.377	20.1852
54 	25   	-682.648	-617.461	-537.377	22.828 
55 	25   	-678.916	-617.603	-537.377	18.7538
56 	25   	-648.48 	-603.031	-537.377	16.6654
57 	25   	-649.426	-629.751	-537.377	12.7165
58 	25   	-638.475	-615.559	-537.377	10.6214
59 	25   	-659.614	-618.206	-537.377	13.9332
60 	25   	-640.599	-617.665	-537.377	12.0206
61 	25   	-642.377	-608.772	-537.377	17.0369
62 	25   	-644.191	-621.029	-537.377	13.2529
63 	25   	-637.121	-613.484	-537.377	8.60582
64 	25   	-644.841	-617.386	-537.377	12.2907
65 	25   	-625.829	-588.667	-537.377	13.7202
66 	25   	-630.122	-608.323	-537.377	12.3102
67 	25   	-662.581	-628.256	-537.377	18.5748
68 	25   	-650.463	-613.103	-537.377	10.8009
69 	25   	-634.092	-612.102	-537.377	12.597 
70 	25   	-636.068	-607.616	-537.377	13.005 
71 	25   	-628.399	-592.305	-537.377	9.16006
72 	25   	-608.896	-579.975	-537.377	8.06305
73 	25   	-653.218	-609.744	-537.377	14.9054
74 	25   	-685.094	-644.066	-537.377	20.0095
75 	25   	-681.596	-643.681	-537.377	18.6522
76 	25   	-646.625	-606.392	-537.377	11.6503
77 	25   	-626.603	-605.212	-537.377	11.6328
78 	25   	-633.577	-605.989	-537.377	10.5037
79 	25   	-645.343	-611.128	-537.377	18.7719
80 	25   	-626.121	-587.071	-537.377	10.068 
81 	25   	-612.808	-586.445	-537.377	7.12427
82 	25   	-697.327	-672.983	-537.377	31.217 
83 	25   	-684.752	-644.635	-537.377	13.4224
84 	25   	-646.544	-625.736	-537.377	10.0975
85 	25   	-628.912	-597.517	-537.377	8.69541
86 	25   	-635.226	-619.032	-537.377	11.0519
87 	25   	-624.806	-577.821	-537.377	10.9919
88 	25   	-600.233	-577.595	-537.377	4.90009
89 	25   	-613.494	-599.039	-537.377	8.41215
90 	25   	-658.724	-633.513	-537.377	17.4719
91 	25   	-647.708	-613.13 	-537.377	9.37005
92 	25   	-677.405	-644.88 	-537.377	15.1642
93 	25   	-650.909	-618.02 	-537.377	8.68922
94 	25   	-622.325	-598.222	-537.377	9.13348
95 	25   	-620.759	-590.104	-537.377	10.6542
96 	25   	-614.436	-593.535	-537.377	10.4228
97 	25   	-618.354	-600.756	-537.377	11.4722
98 	25   	-663.9  	-625.11 	-537.377	15.4535
99 	25   	-642.412	-614.403	-537.377	14.9305
gen	depth	min     	avg     	max     	std    
0  	25   	-652.451	-602.273	-547.1  	17.7559
1  	25   	-646.42 	-592.764	-547.1  	16.3026
2  	25   	-666.216	-593.146	-547.1  	18.3777
3  	25   	-651.355	-591.119	-547.1  	18.8424
4  	25   	-649.757	-593.972	-545.038	20.4419
5  	25   	-650.175	-584.863	-545.038	16.9728
6  	25   	-640.548	-587.556	-545.038	17.241 
7  	25   	-670.66 	-601.359	-545.038	25.9695
8  	25   	-674.333	-598.729	-545.038	23.7703
9  	25   	-652.793	-599.413	-545.038	20.4158
10 	25   	-655.641	-602.441	-545.038	20.0868
11 	25   	-655.086	-598.861	-545.038	19.9003
12 	25   	-666.237	-604.522	-545.038	20.6505
13 	25   	-667.089	-613.766	-545.038	20.2746
14 	25   	-675.252	-608.323	-545.038	19.5365
15 	25   	-670.722	-606.529	-545.038	21.1386
16 	25   	-689.561	-615.877	-545.038	23.0667
17 	25   	-677.965	-627.978	-545.038	24.4138
18 	25   	-672.622	-608.651	-545.038	21.9256
19 	25   	-667.917	-610.126	-545.038	23.266 
20 	25   	-664.031	-607.002	-545.038	18.3537
21 	25   	-658.189	-596.57 	-545.038	18.9264
22 	25   	-684.218	-628.286	-545.038	24.0835
23 	25   	-667.993	-624.822	-545.038	17.8711
24 	25   	-666.738	-619.316	-545.038	18.2171
25 	25   	-659.18 	-619.528	-545.038	16.4797
26 	25   	-678.808	-625.924	-545.038	19.1929
27 	25   	-675.424	-622.801	-545.038	21.3482
28 	25   	-665.98 	-613.757	-545.038	19.5301
29 	25   	-648.163	-608.685	-545.038	14.6027
30 	25   	-647.359	-601.979	-545.038	18.9198
31 	25   	-678.824	-622.899	-545.038	19.5668
32 	25   	-690.242	-630.999	-545.038	23.6743
33 	25   	-679.867	-610.543	-545.038	18.4051
34 	25   	-687.266	-630.64 	-545.038	23.7967
35 	25   	-665.613	-612.372	-545.038	19.363 
36 	25   	-687.221	-629.877	-545.038	23.5451
37 	25   	-672.892	-607.897	-545.038	21.7087
38 	25   	-668.133	-627.369	-545.038	19.1101
39 	25   	-697.661	-613.043	-545.038	28.8776
40 	25   	-672.179	-621.83 	-545.038	20.9957
41 	25   	-662.41 	-613.878	-545.038	16.0201
42 	25   	-681.509	-620.246	-545.038	17.2231
43 	25   	-676.894	-636.627	-545.038	16.4454
44 	25   	-671.044	-627.834	-545.038	14.4103
45 	25   	-680.426	-643.965	-545.038	20.6313
46 	25   	-664.134	-622.096	-545.038	16.6515
47 	25   	-693.025	-658.229	-545.038	21.5148
48 	25   	-677.186	-618.235	-545.038	23.541 
49 	25   	-680.057	-634.079	-545.038	21.2899
50 	25   	-646.045	-598.892	-545.038	13.2574
51 	25   	-675.594	-631.708	-545.038	22.2736
52 	25   	-674.689	-634.666	-545.038	20.6995
53 	25   	-673.695	-624.287	-545.038	20.2453
54 	25   	-677.155	-617.466	-545.038	18.7295
55 	25   	-663.473	-627.14 	-545.038	17.9501
56 	25   	-638.925	-595.824	-545.038	18.3395
57 	25   	-653.407	-610.171	-545.038	19.9776
58 	25   	-668.761	-604.844	-545.038	23.6268
59 	25   	-661.194	-624.475	-545.038	16.8032
60 	25   	-686.13 	-649.352	-545.038	18.9596
61 	25   	-665.025	-635.373	-545.038	16.0228
62 	25   	-655.461	-624.226	-545.038	16.3358
63 	25   	-642.837	-613.986	-545.038	13.837 
64 	25   	-638.198	-610.015	-545.038	13.2626
65 	25   	-700.039	-621.061	-545.038	25.2977
66 	25   	-648.111	-607.992	-545.038	14.5374
67 	25   	-659.572	-630.108	-545.038	13.7673
68 	25   	-692.687	-641.649	-545.038	20.0708
69 	25   	-648.4  	-593.314	-545.038	18.2547
70 	25   	-668.331	-600.148	-545.038	17.6401
71 	25   	-678.03 	-638.136	-545.038	20.6738
72 	25   	-701.301	-641.804	-545.038	17.634 
73 	25   	-661.848	-616.335	-545.038	20.6045
74 	25   	-684.126	-645.658	-545.038	20.3241
75 	25   	-655.789	-606.952	-545.038	13.5572
76 	25   	-662.658	-624.323	-545.038	19.8407
77 	25   	-646.135	-612.271	-545.038	12.2384
78 	25   	-668.607	-620.351	-545.038	14.279 
79 	25   	-634.069	-597.519	-545.038	11.0341
80 	25   	-610.79 	-590.572	-545.038	8.68463
81 	25   	-628.488	-602.303	-545.038	11.1466
82 	25   	-689.681	-628.005	-545.038	21.0565
83 	25   	-646.464	-624.333	-545.038	10.8674
84 	25   	-675.736	-618.866	-545.038	25.2598
85 	25   	-671.996	-624.128	-545.038	15.5495
86 	25   	-662.066	-633.986	-545.038	13.4363
87 	25   	-656.243	-618.017	-545.038	16.2781
88 	25   	-656.963	-600.932	-545.038	21.4121
89 	25   	-653.428	-612.916	-545.038	16.5657
90 	25   	-629.03 	-593.948	-545.038	12.4052
91 	25   	-627.798	-589.748	-545.038	11.3027
92 	25   	-625.23 	-601.877	-545.038	11.304 
93 	25   	-627.102	-598.723	-545.038	9.91044
94 	25   	-674.225	-640.225	-545.038	19.0191
95 	25   	-650.544	-629.341	-545.038	11.3553
96 	25   	-661.728	-623.127	-545.038	14.8018
97 	25   	-684.209	-650.639	-545.038	20.3253
98 	25   	-656.112	-609.938	-545.038	17.5369
99 	25   	-625.04 	-588.507	-545.038	8.25957
gen	depth	min     	avg     	max     	std    
0  	25   	-647.393	-602.07 	-549.616	18.2443
1  	25   	-652.559	-593.401	-549.616	17.8817
2  	25   	-645.077	-589.134	-549.616	17.3614
3  	25   	-638.022	-589.755	-543.488	17.5297
4  	25   	-642.884	-589.631	-543.488	17.8609
5  	25   	-663.787	-590.572	-540.014	20.1277
6  	25   	-644.443	-590.257	-540.014	18.2987
7  	25   	-648.436	-596.986	-531.087	19.7632
8  	25   	-664.711	-602.606	-531.087	20.8114
9  	25   	-655.259	-603.511	-531.087	19.8187
10 	25   	-659.022	-609.814	-531.087	18.8624
11 	25   	-660.362	-603.628	-531.087	17.8353
12 	25   	-663.527	-614.778	-531.087	22.2397
13 	25   	-652.46 	-607.775	-531.087	19.5268
14 	25   	-666.586	-603.328	-531.087	22.0018
15 	25   	-703.249	-624.293	-531.087	26.2005
16 	25   	-682.505	-621.831	-531.087	22.4148
17 	25   	-667.769	-610.741	-531.087	20.0418
18 	25   	-687.326	-613.434	-531.087	22.1   
19 	25   	-665.123	-612.66 	-531.087	22.3596
20 	25   	-672.714	-606.521	-531.087	23.9989
21 	25   	-645.245	-589.876	-531.087	19.9291
22 	25   	-659.114	-592.669	-531.087	18.5581
23 	25   	-649.789	-601.713	-531.087	17.3556
24 	25   	-673.215	-616.197	-531.087	20.8298
25 	25   	-683.807	-613.38 	-531.087	23.3908
26 	25   	-671.883	-617.003	-531.087	19.4882
27 	25   	-673.595	-617.736	-531.087	21.3376
28 	25   	-680.8  	-603.115	-531.087	20.5526
29 	25   	-666.594	-616.877	-531.087	19.9127
30 	25   	-695.536	-638.848	-531.087	23.5378
31 	25   	-670.176	-612.868	-531.087	20.1979
32 	25   	-655.515	-604.722	-531.087	18.1664
33 	25   	-676.067	-610.312	-531.087	19.1379
34 	25   	-700.146	-613.574	-531.087	22.7218
35 	25   	-666.223	-622.065	-531.087	19.3605
36 	25   	-646.027	-594.107	-531.087	19.9043
37 	25   	-684.762	-611.858	-531.087	25.1208
38 	25   	-679.529	-634.351	-531.087	18.9343
39 	25   	-670.921	-619.475	-531.087	17.9672
40 	25   	-669.489	-627.116	-531.087	17.3101
41 	25   	-646.8  	-603.389	-531.087	15.9317
42 	25   	-666.837	-622.984	-531.087	21.44  
43 	25   	-656.825	-610.535	-531.087	18.3259
44 	25   	-673.027	-618.066	-531.087	20.9497
45 	25   	-698.98 	-628.618	-531.087	26.9486
46 	25   	-687.091	-616.242	-531.087	19.3745
47 	25   	-662.672	-610.102	-531.087	22.0303
48 	25   	-697.488	-638.354	-531.087	28.8251
49 	25   	-684.192	-619.862	-531.087	20.4303
50 	25   	-658.301	-619.46 	-531.087	17.6424
51 	25   	-683.032	-625.781	-531.087	18.2125
52 	25   	-681.019	-607.656	-531.087	15.1496
53 	25   	-661.929	-616.535	-531.087	19.1007
54 	25   	-668.249	-615.996	-531.087	18.1285
55 	25   	-669.698	-629.182	-531.087	18.274 
56 	25   	-650.711	-609.839	-531.087	16.7696
57 	25   	-644.535	-603.343	-531.087	15.9506
58 	25   	-654.594	-600.58 	-531.087	14.5344
59 	25   	-673.469	-622.252	-531.087	20.3695
60 	25   	-663.052	-613.32 	-531.087	17.4231
61 	25   	-665.951	-610.269	-531.087	18.1414
62 	25   	-640.095	-597.048	-531.087	12.6002
63 	25   	-674.718	-629.144	-531.087	24.9487
64 	25   	-680.182	-632.61 	-531.087	19.0309
65 	25   	-697.958	-655.521	-531.087	20.1756
66 	25   	-675.48 	-620.997	-531.087	19.204 
67 	25   	-678.418	-623.37 	-531.087	21.6508
68 	25   	-688.1  	-643.151	-531.087	20.8059
69 	25   	-659.848	-588.131	-531.087	17.8141
70 	25   	-643.546	-598.717	-531.087	15.496 
71 	25   	-633.901	-598.083	-531.087	14.1605
72 	25   	-637.872	-603.34 	-531.087	12.7061
73 	25   	-628.182	-588.116	-531.087	12.9435
74 	25   	-640.805	-612.747	-531.087	14.3898
75 	25   	-658.393	-614.837	-531.087	17.4867
76 	25   	-638.614	-602.748	-531.087	10.8924
77 	25   	-639.182	-603.099	-531.087	13.1733
78 	25   	-642.68 	-611.486	-531.087	13.1633
79 	25   	-668.971	-619.049	-531.087	16.488 
80 	25   	-642.47 	-612.716	-531.087	14.809 
81 	25   	-662.871	-615.328	-531.087	16.7336
82 	25   	-640.181	-586.787	-531.087	17.4823
83 	25   	-647.152	-613.146	-531.087	17.9725
84 	25   	-618.942	-589.997	-531.087	11.0721
85 	25   	-689.002	-654.03 	-531.087	29.7991
86 	25   	-684.752	-626.854	-531.087	15.264 
87 	25   	-691.505	-631.22 	-531.087	15.1696
88 	25   	-670.063	-600.883	-531.087	16.7903
89 	25   	-655.391	-613.035	-531.087	15.8762
90 	25   	-654.003	-591.594	-531.087	13.067 
91 	25   	-612.264	-587.099	-531.087	9.07544
92 	25   	-651.997	-610.683	-531.087	18.0916
93 	25   	-676.388	-628.42 	-531.087	16.5468
94 	25   	-633.283	-580.485	-531.087	16.2801
95 	25   	-629.038	-602.057	-531.087	15.5497
96 	25   	-658.144	-619.759	-531.087	18.5711
97 	25   	-654.112	-615.245	-531.087	15.0765
98 	25   	-651.18 	-596.051	-531.087	19.7098
99 	25   	-662.751	-615.139	-531.087	19.9659
gen	depth	min     	avg     	max     	std    
0  	25   	-660.707	-600.335	-555.722	19.6737
1  	25   	-640.796	-589.779	-549.083	15.7584
2  	25   	-642.795	-590.378	-549.083	18.2123
3  	25   	-660.699	-589.959	-546.321	20.5106
4  	25   	-666.442	-596.185	-546.321	20.7528
5  	25   	-648.06 	-598.366	-546.321	19.1406
6  	25   	-668.571	-592.149	-546.321	21.7378
7  	25   	-644.483	-592.695	-546.321	18.895 
8  	25   	-670.811	-600.108	-543.83 	23.0838
9  	25   	-656.04 	-608.488	-543.83 	22.2349
10 	25   	-663.283	-608.339	-543.83 	18.4903
11 	25   	-662.808	-609.404	-543.83 	18.7982
12 	25   	-657.569	-602.911	-543.83 	16.8382
13 	25   	-673.529	-611.427	-543.83 	21.7594
14 	25   	-662.802	-603.364	-543.83 	24.3692
15 	25   	-685.058	-616.507	-543.83 	25.6904
16 	25   	-667.637	-601.586	-543.83 	19.2735
17 	25   	-671.711	-610.412	-543.83 	23.6798
18 	25   	-665    	-609.612	-543.83 	17.7584
19 	25   	-683.044	-611.076	-543.83 	20.9927
20 	25   	-661.192	-611.066	-543.83 	18.8575
21 	25   	-664.314	-611.295	-543.83 	19.1534
22 	25   	-659.101	-602.948	-543.83 	19.1982
23 	25   	-688.559	-625.961	-543.83 	22.7327
24 	25   	-691.995	-640.748	-543.83 	20.4694
25 	25   	-668.337	-634.441	-543.83 	17.6049
26 	25   	-683.148	-610.478	-543.83 	21.9233
27 	25   	-669.39 	-622.268	-543.83 	16.2553
28 	25   	-658.6  	-594.621	-543.83 	19.0095
29 	25   	-669.336	-618.115	-543.83 	21.9208
30 	25   	-657.145	-601.63 	-543.83 	17.0261
31 	25   	-696.331	-620.736	-543.83 	25.1803
32 	25   	-652.007	-612.775	-543.83 	18.946 
33 	25   	-658.881	-604.877	-543.83 	20.9556
34 	25   	-664.374	-603.585	-543.83 	17.9595
35 	25   	-666.681	-611.05 	-543.83 	17.8246
36 	25   	-671.939	-626.83 	-543.83 	19.0298
37 	25   	-658.395	-606.707	-543.83 	14.0669
38 	25   	-656.862	-612.603	-543.83 	15.968 
39 	25   	-663.916	-620.369	-543.83 	19.2065
40 	25   	-692.72 	-651.939	-543.83 	22.6295
41 	25   	-670.109	-623.724	-543.83 	15.4062
42 	25   	-681.874	-630.472	-543.83 	24.0059
43 	25   	-666.749	-608.683	-543.83 	21.5381
44 	25   	-651.877	-599.01 	-543.83 	17.6874
45 	25   	-659.484	-600.886	-543.83 	13.4394
46 	25   	-651.429	-609.692	-543.83 	16.7368
47 	25   	-659.968	-615.014	-543.83 	16.9342
48 	25   	-651.885	-599.517	-543.83 	17.9686
49 	25   	-669.676	-614.47 	-543.83 	15.0871
50 	25   	-637.422	-609.126	-543.83 	9.54602
51 	25   	-672.776	-644.77 	-543.83 	24.8484
52 	25   	-667.525	-620.272	-543.83 	13.7464
53 	25   	-653.186	-607.369	-543.83 	11.476 
54 	25   	-659.434	-629.305	-543.83 	13.8868
55 	25   	-682.151	-615.989	-543.83 	18.3691
56 	25   	-677.04 	-620.309	-543.83 	12.1503
57 	25   	-663.186	-643.49 	-543.83 	14.6172
58 	25   	-663.151	-613.33 	-543.83 	17.6432
59 	25   	-667.031	-645.552	-543.83 	19.018 
60 	25   	-658.768	-587.818	-543.83 	17.6033
61 	25   	-655.487	-631.187	-543.83 	19.8515
62 	25   	-643.82 	-614.369	-543.83 	12.2509
63 	25   	-639.947	-617.115	-543.83 	10.0558
64 	25   	-641.209	-592.678	-543.83 	16.7573
65 	25   	-646.183	-613.145	-543.83 	12.3491
66 	25   	-651.161	-617.995	-543.83 	14.1562
67 	25   	-659.492	-612.214	-543.83 	10.0332
68 	25   	-637.767	-598.777	-543.83 	9.57978
69 	25   	-645.634	-624.149	-543.83 	13.2922
70 	25   	-664.214	-619.187	-543.83 	12.4774
71 	25   	-639.79 	-605.084	-543.83 	12.3052
72 	25   	-660.906	-623.273	-543.83 	17.2833
73 	25   	-627.526	-602.731	-543.83 	10.0871
74 	25   	-645.263	-614.834	-543.83 	17.3813
75 	25   	-646.775	-620.525	-543.83 	13.3657
76 	25   	-637.669	-604.598	-543.83 	12.3648
77 	25   	-634.54 	-606.108	-543.83 	16.8237
78 	25   	-658.251	-613.166	-543.83 	18.716 
79 	25   	-642.653	-592.126	-543.83 	19.1352
80 	25   	-660.042	-616.487	-543.83 	17.3283
81 	25   	-634.724	-571.188	-542.132	16.817 
82 	25   	-666.817	-594.772	-542.132	13.8735
83 	25   	-643.525	-596.758	-542.132	12.9873
84 	25   	-655.529	-625.826	-542.132	16.7711
85 	25   	-669.877	-643.389	-542.132	14.6447
86 	25   	-651.954	-611.543	-542.132	19.6417
87 	25   	-656.637	-630.73 	-542.132	16.1118
88 	25   	-645.979	-611.52 	-542.132	13.7301
89 	25   	-626.238	-610.715	-542.132	7.70053
90 	25   	-663.641	-630.386	-542.132	16.1662
91 	25   	-641.118	-607.767	-542.132	10.8097
92 	25   	-627.325	-602.772	-542.132	8.85423
93 	25   	-627.977	-604.617	-542.132	11.5708
94 	25   	-622.81 	-597.846	-542.132	8.62232
95 	25   	-630.932	-584.741	-542.132	15.152 
96 	25   	-634.659	-606.531	-542.132	13.133 
97 	25   	-635.589	-615.808	-542.132	9.52737
98 	25   	-646.543	-632.833	-542.132	12.3362
99 	25   	-642.123	-601.366	-542.132	12.5557
gen	depth	min     	avg     	max     	std    
0  	25   	-652.461	-601.289	-543.681	18.4638
1  	25   	-657.205	-591.67 	-538.448	17.9428
2  	25   	-639.363	-588.917	-538.448	17.8917
3  	25   	-649.464	-585.872	-534.587	20.919 
4  	25   	-639.313	-592.259	-534.587	19.2862
5  	25   	-645.671	-598.998	-534.587	17.7552
6  	25   	-669.674	-600.661	-534.587	21.0026
7  	25   	-657.779	-598.646	-534.587	21.6557
8  	25   	-665.544	-605.482	-534.587	22.7652
9  	25   	-662.931	-604.99 	-534.587	21.5698
10 	25   	-659.09 	-605.391	-534.587	21.6411
11 	25   	-664.722	-607.974	-534.587	18.6499
12 	25   	-662.776	-610.481	-534.587	21.5193
13 	25   	-664.588	-608.205	-534.587	22.0591
14 	25   	-670.359	-598.931	-534.587	22.0305
15 	25   	-642.184	-600.374	-534.587	19.4023
16 	25   	-663.162	-602.089	-534.587	20.9865
17 	25   	-672.936	-618.836	-534.587	25.6202
18 	25   	-670.474	-617.996	-534.587	19.9448
19 	25   	-698.25 	-629.163	-534.587	23.8531
20 	25   	-678.899	-625.88 	-534.587	22.0428
21 	25   	-677.094	-614.59 	-534.587	22.2445
22 	25   	-650.944	-606.644	-534.587	17.4878
23 	25   	-673.274	-603.088	-534.587	20.282 
24 	25   	-671.903	-614.042	-534.587	21.4258
25 	25   	-660.723	-613.23 	-534.587	17.3416
26 	25   	-677.403	-609.825	-534.587	19.972 
27 	25   	-699.841	-612.913	-534.587	22.1603
28 	25   	-659.41 	-611.122	-534.587	17.1807
29 	25   	-645.836	-601.745	-534.587	17.7661
30 	25   	-656.785	-607.996	-534.587	19.5238
31 	25   	-664.105	-617.525	-534.587	16.9206
32 	25   	-652.48 	-604.838	-534.587	17.0659
33 	25   	-657.003	-604.776	-534.587	23.9774
34 	25   	-637.129	-601.428	-534.587	17.1749
35 	25   	-656.863	-608.222	-534.587	20.6806
36 	25   	-658.096	-607.869	-534.587	18.9947
37 	25   	-685.803	-633.999	-534.587	26.2292
38 	25   	-681.967	-606.652	-534.587	21.3808
39 	25   	-646.899	-609.197	-534.587	18.3901
40 	25   	-655.001	-613.735	-534.587	17.6506
41 	25   	-684.578	-635.394	-534.587	20.6878
42 	25   	-684.871	-619.771	-534.587	24.4915
43 	25   	-660.748	-607.769	-534.587	21.3797
44 	25   	-656.236	-602.624	-534.587	14.7147
45 	25   	-689.198	-628.074	-534.587	24.4483
46 	25   	-652.142	-609.146	-534.587	12.9964
47 	25   	-678.426	-630.838	-534.587	19.197 
48 	25   	-688.828	-632.454	-534.587	14.5359
49 	25   	-642.064	-596.155	-534.587	17.3704
50 	25   	-651.682	-613    	-534.587	17.6909
51 	25   	-682.632	-612.406	-534.587	23.7668
52 	25   	-644.683	-605.52 	-534.587	13.4383
53 	25   	-697.016	-643.53 	-534.587	21.4087
54 	25   	-671.797	-610.354	-534.587	15.5103
55 	25   	-661.038	-622.914	-534.587	17.409 
56 	25   	-661.89 	-626.135	-534.587	12.8845
57 	25   	-642.149	-611.974	-534.587	11.542 
58 	25   	-677.605	-628.868	-534.587	16.0151
59 	25   	-651.222	-626.713	-534.587	13.0308
60 	25   	-647.905	-617.129	-534.587	12.4313
61 	25   	-654.204	-616.903	-534.587	12.8906
62 	25   	-655.079	-619.018	-534.587	11.5456
63 	25   	-674.385	-633.035	-534.587	14.2573
64 	25   	-658.137	-624.067	-534.587	12.3349
65 	25   	-642.521	-612.053	-534.587	12.6257
66 	25   	-656.481	-623.056	-534.587	13.1617
67 	25   	-643.6  	-598.04 	-534.587	9.3947 
68 	25   	-667.152	-641.855	-534.587	19.7729
69 	25   	-653.877	-613.17 	-534.587	13.6714
70 	25   	-661.793	-617.812	-534.587	19.4776
71 	25   	-684.559	-605.138	-534.587	16.3115
72 	25   	-648.386	-612.471	-534.587	10.8929
73 	25   	-649.752	-632.585	-534.587	13.2616
74 	25   	-642.115	-594.971	-534.587	11.9249
75 	25   	-659.424	-593.86 	-534.587	10.9832
76 	25   	-646.805	-609.66 	-534.587	13.5996
77 	25   	-648.646	-635.4  	-534.587	13.2359
78 	25   	-645.362	-583.785	-534.587	18.2691
79 	25   	-678.043	-634.772	-534.587	28.5727
80 	25   	-656.03 	-624.474	-534.587	11.8436
81 	25   	-631.095	-558.637	-534.587	21.0331
82 	25   	-648.143	-599.8  	-534.587	16.4471
83 	25   	-641.679	-584.518	-534.587	9.57911
84 	25   	-672.298	-650.294	-534.587	24.3833
85 	25   	-660.422	-615.721	-534.587	16.5665
86 	25   	-663.266	-645.053	-534.587	19.4682
87 	25   	-669.361	-620.63 	-534.587	15.9492
88 	25   	-619.012	-603.506	-534.587	8.33173
89 	25   	-682.182	-649.5  	-534.587	26.4914
90 	25   	-668.522	-593.315	-534.587	15.7004
91 	25   	-653.786	-616.284	-534.587	15.0614
92 	25   	-633.468	-601.7  	-534.587	14.0294
93 	25   	-644.215	-598.845	-534.587	20.7919
94 	25   	-637.786	-614.394	-534.587	13.8225
95 	25   	-623.49 	-589.237	-534.587	10.4314
96 	25   	-641.495	-614.281	-534.587	16.4679
97 	25   	-648.957	-604.715	-534.587	14.4898
98 	25   	-633.802	-607.055	-534.587	7.90975
99 	25   	-664.842	-623.392	-534.587	14.7682
gen	depth	min     	avg     	max     	std    
0  	25   	-660.139	-601.534	-559.125	18.38  
1  	25   	-661.551	-594.735	-547.53 	18.2121
2  	25   	-648.641	-592.273	-547.53 	18.1604
3  	25   	-663.735	-590.435	-547.53 	20.4118
4  	25   	-641.583	-588.602	-547.53 	17.4965
5  	25   	-649.308	-592.597	-538.493	18.6051
6  	25   	-649.843	-589.185	-538.493	19.8571
7  	25   	-652.663	-599.241	-538.493	21.0673
8  	25   	-667.429	-597.582	-538.493	19.8191
9  	25   	-667.041	-597.122	-538.493	23.3112
10 	25   	-661.894	-599.901	-538.493	21.3141
11 	25   	-673.462	-606.73 	-538.493	22.5448
12 	25   	-670.005	-602.056	-538.493	21.4013
13 	25   	-653.344	-606.806	-538.493	20.4116
14 	25   	-653.879	-602.296	-538.493	17.5226
15 	25   	-662.721	-608.44 	-538.493	22.3575
16 	25   	-668.669	-614.247	-538.493	21.8662
17 	25   	-657.862	-606.748	-538.493	21.0595
18 	25   	-664.073	-598.764	-538.493	20.1187
19 	25   	-649.912	-583.292	-538.493	22.1469
20 	25   	-703.466	-635.204	-538.493	33.5769
21 	25   	-663.218	-605.119	-538.493	23.5162
22 	25   	-657.732	-614.295	-538.493	20.2167
23 	25   	-691.96 	-633.639	-538.493	24.7179
24 	25   	-673.265	-626.855	-538.493	18.3109
25 	25   	-657.387	-603.657	-538.493	18.7848
26 	25   	-669.049	-614.317	-538.493	17.8022
27 	25   	-663.506	-617.502	-538.493	18.3952
28 	25   	-667.043	-611.737	-538.493	21.1347
29 	25   	-658.293	-607.257	-538.493	18.4161
30 	25   	-663.104	-622.399	-538.493	16.7946
31 	25   	-658.139	-619.894	-538.493	15.1405
32 	25   	-636.863	-600.504	-538.493	14.8947
33 	25   	-675.927	-623.512	-538.493	22.7686
34 	25   	-653.841	-607.528	-538.493	20.7865
35 	25   	-659.661	-606.652	-538.493	17.9829
36 	25   	-666.425	-621.204	-538.493	20.5415
37 	25   	-637.217	-591.517	-538.493	15.0296
38 	25   	-658.558	-603.694	-538.493	19.7968
39 	25   	-679.16 	-620.124	-538.493	17.9004
40 	25   	-649.784	-604.586	-538.493	19.3496
41 	25   	-697.96 	-641.468	-538.493	25.4498
42 	25   	-653.393	-595.897	-538.493	20.8079
43 	25   	-658.231	-606.31 	-538.493	18.3999
44 	25   	-673.732	-639.895	-538.493	19.236 
45 	25   	-664.762	-625.785	-538.493	17.0338
46 	25   	-667.256	-611.957	-538.493	14.7472
47 	25   	-677.267	-623.323	-538.493	25.1493
48 	25   	-655.73 	-609.841	-538.493	18.804 
49 	25   	-663.749	-624.561	-538.493	17.0582
50 	25   	-650.999	-601.819	-538.493	15.3759
51 	25   	-666.929	-623.829	-538.493	17.8022
52 	25   	-672.262	-629.197	-538.493	18.162 
53 	25   	-680.039	-646.648	-538.493	19.4772
54 	25   	-659.261	-612.045	-538.493	15.1682
55 	25   	-644.699	-605.98 	-538.493	12.9337
56 	25   	-675.294	-627.466	-538.493	17.7345
57 	25   	-639.447	-608.874	-538.493	16.7159
58 	25   	-664.909	-629.965	-538.493	19.6718
59 	25   	-669.056	-636.863	-538.493	17.898 
60 	25   	-702.87 	-648.338	-538.493	25.5459
61 	25   	-676.437	-616.07 	-538.493	14.6604
62 	25   	-669.128	-629.482	-538.493	18.9457
63 	25   	-701.906	-645.874	-538.493	20.9749
64 	25   	-672.423	-620.294	-538.493	16.9112
65 	25   	-676.551	-636.684	-538.493	17.6482
66 	25   	-653.642	-604.988	-538.493	15.2409
67 	25   	-665.113	-613.65 	-538.493	16.5014
68 	25   	-659.17 	-617.707	-538.493	13.9999
69 	25   	-672.393	-628.837	-538.493	19.6366
70 	25   	-672.538	-626.776	-538.493	16.0794
71 	25   	-651.665	-612.284	-538.493	14.2667
72 	25   	-657.121	-621.478	-538.493	12.2605
73 	25   	-630.823	-612.124	-538.493	8.40341
74 	25   	-651.036	-608.695	-538.493	14.6066
75 	25   	-683.031	-649.866	-538.493	22.1432
76 	25   	-674.725	-634.184	-538.493	14.9721
77 	25   	-695.806	-645.888	-538.493	18.563 
78 	25   	-654.574	-614.952	-538.493	15.0107
79 	25   	-696.586	-659.641	-538.493	24.9986
80 	25   	-684.26 	-619.694	-538.493	21.3317
81 	25   	-668.903	-619.836	-538.493	17.3406
82 	25   	-662.285	-611.146	-538.493	16.4754
83 	25   	-629.081	-585.827	-538.493	14.1428
84 	25   	-650.954	-623.223	-538.493	15.846 
85 	25   	-636.891	-606.184	-538.493	11.6347
86 	25   	-652.145	-597.813	-538.493	10.4242
87 	25   	-668.221	-631.074	-538.493	16.5676
88 	25   	-667.367	-640.057	-538.493	16.2627
89 	25   	-648.534	-586.198	-538.493	16.0346
90 	25   	-668.413	-633.59 	-538.493	22.5558
91 	25   	-650.418	-625.671	-538.493	15.2927
92 	25   	-656.964	-623.647	-538.493	17.8702
93 	25   	-664.109	-619.315	-538.493	22.8278
94 	25   	-632.988	-604.329	-538.493	13.1329
95 	25   	-645.101	-612.525	-538.493	12.722 
96 	25   	-641.205	-616.869	-538.493	13.1041
97 	25   	-648.805	-604.88 	-538.493	25.7611
98 	25   	-631.148	-592.894	-538.493	11.6144
99 	25   	-662.425	-638.304	-538.493	17.1844
gen	depth	min     	avg     	max     	std    
0  	25   	-653.881	-602.244	-550.61 	18.7271
1  	25   	-644.083	-592.014	-546.884	17.9293
2  	25   	-656.085	-588.474	-546.862	18.3201
3  	25   	-643.222	-587.086	-546.862	18.4218
4  	25   	-637.196	-587.484	-536.029	19.9037
5  	25   	-652.195	-590.588	-536.029	19.2624
6  	25   	-642.23 	-590.861	-536.029	19.8399
7  	25   	-670.705	-599.546	-536.029	28.2808
8  	25   	-688.13 	-593.755	-536.029	23.2462
9  	25   	-664.25 	-597.686	-536.029	19.795 
10 	25   	-657.437	-600.702	-536.029	18.5486
11 	25   	-671.796	-602.338	-536.029	18.8793
12 	25   	-671.983	-605.912	-536.029	19.8621
13 	25   	-650.684	-603.444	-536.029	18.4674
14 	25   	-662.582	-607.865	-536.029	18.8546
15 	25   	-675.815	-615.959	-536.029	23.8791
16 	25   	-674.265	-606.683	-536.029	19.26  
17 	25   	-675.969	-603.063	-536.029	19.7258
18 	25   	-652.31 	-602.116	-536.029	18.9182
19 	25   	-660.798	-597.711	-536.029	21.2416
20 	25   	-680.607	-612.751	-536.029	27.815 
21 	25   	-689.407	-605.598	-536.029	23.4281
22 	25   	-648.574	-602.236	-536.029	18.1244
23 	25   	-679.331	-611.31 	-536.029	23.973 
24 	25   	-677.499	-614.171	-536.029	24.6633
25 	25   	-695.601	-605.816	-536.029	23.6779
26 	25   	-673.069	-614.538	-536.029	21.7003
27 	25   	-666.578	-617.378	-536.029	18.873 
28 	25   	-669.01 	-608.106	-536.029	21.384 
29 	25   	-653.769	-607.246	-536.029	17.7778
30 	25   	-669.711	-615.085	-536.029	24.802 
31 	25   	-676.313	-622.243	-536.029	20.4849
32 	25   	-666.064	-594.728	-536.029	19.2586
33 	25   	-642.763	-608.875	-536.029	17.745 
34 	25   	-668.862	-607.048	-536.029	21.7366
35 	25   	-681.423	-623.4  	-536.029	23.2611
36 	25   	-669.803	-622.268	-536.029	17.9743
37 	25   	-681.704	-619.65 	-536.029	22.9891
38 	25   	-661.668	-605.35 	-536.029	18.6237
39 	25   	-644.396	-605.809	-536.029	15.9819
40 	25   	-680.943	-631.122	-536.029	21.4092
41 	25   	-678.344	-609.715	-536.029	21.1658
42 	25   	-649.512	-609.983	-536.029	16.6043
43 	25   	-669.976	-621.932	-536.029	18.0212
44 	25   	-655.719	-612.506	-536.029	14.9986
45 	25   	-672.2  	-615.492	-536.029	20.1601
46 	25   	-664.079	-616.303	-536.029	19.8742
47 	25   	-657.276	-609.438	-536.029	16.7274
48 	25   	-658.892	-610.331	-536.029	17.2253
49 	25   	-652.295	-616.064	-536.029	15.6541
50 	25   	-667.676	-623.47 	-536.029	21.6734
51 	25   	-641.226	-605.548	-536.029	12.9493
52 	25   	-694.985	-639.563	-536.029	25.7168
53 	25   	-653.192	-595.482	-536.029	15.3783
54 	25   	-682.338	-623.148	-536.029	27.5375
55 	25   	-740.071	-640.665	-536.029	26.6682
56 	25   	-661.746	-610.226	-536.029	17.4495
57 	25   	-654.782	-608.293	-536.029	13.8202
58 	25   	-654.698	-618.553	-536.029	15.5311
59 	25   	-663.024	-614.296	-536.029	17.4532
60 	25   	-683.875	-618.949	-536.029	21.6641
61 	25   	-650.373	-603.833	-536.029	17.6349
62 	25   	-682.435	-615.994	-536.029	30.8987
63 	25   	-675.862	-633.901	-536.029	22.1592
64 	25   	-669.056	-622.53 	-536.029	20.0798
65 	25   	-639.553	-594.462	-536.029	17.2083
66 	25   	-675.168	-616.005	-536.029	21.7437
67 	25   	-678.009	-631.656	-536.029	20.6369
68 	25   	-655.994	-614.321	-536.029	16.5325
69 	25   	-646.327	-602.977	-536.029	17.5714
70 	25   	-656.151	-623.508	-536.029	15.9587
71 	25   	-663.503	-610.768	-536.029	16.0451
72 	25   	-672.376	-618.916	-536.029	18.2877
73 	25   	-667.463	-624.318	-536.029	17.5268
74 	25   	-638.951	-593.59 	-536.029	13.6836
75 	25   	-653.345	-610.604	-536.029	14.832 
76 	25   	-638.829	-600.001	-536.029	14.7269
77 	25   	-672.912	-622.144	-536.029	21.9435
78 	25   	-642.865	-610.003	-536.029	13.3955
79 	25   	-669.07 	-617.358	-536.029	17.3065
80 	25   	-645.323	-607.666	-536.029	15.9957
81 	25   	-663.903	-619.648	-536.029	24.3553
82 	25   	-688.804	-645.243	-536.029	21.7426
83 	25   	-655.959	-610.824	-536.029	15.6098
84 	25   	-671.111	-622.817	-536.029	28.1732
85 	25   	-652.582	-600.476	-536.029	20.5124
86 	25   	-686.324	-647.987	-536.029	25.4284
87 	25   	-665.817	-610.191	-536.029	14.4745
88 	25   	-645.719	-616.986	-536.029	11.1481
89 	25   	-663.352	-612.273	-536.029	14.1786
90 	25   	-617.379	-593.192	-536.029	12.5115
91 	25   	-648.554	-619.291	-536.029	15.3334
92 	25   	-635.157	-607.656	-536.029	13.4634
93 	25   	-670.281	-630.785	-536.029	21.0998
94 	25   	-636.175	-617.79 	-536.029	8.582  
95 	25   	-644.566	-612.688	-536.029	13.2689
96 	25   	-643.133	-616.208	-536.029	12.1585
97 	25   	-664.931	-637.773	-536.029	13.6002
98 	25   	-656.982	-623.327	-536.029	15.2563
99 	25   	-664.163	-629.621	-536.029	14.2493
gen	depth	min     	avg     	max     	std    
0  	25   	-665.684	-600.434	-546.351	18.7959
1  	25   	-632.699	-591.452	-539.387	17.0995
2  	25   	-655.608	-590.25 	-539.387	15.7402
3  	25   	-644.909	-591.192	-539.387	19.2649
4  	25   	-642.972	-590.718	-539.387	18.3368
5  	25   	-656.64 	-596.045	-539.387	19.4957
6  	25   	-645.161	-596.638	-539.387	17.8629
7  	25   	-643.365	-593.559	-539.387	17.9392
8  	25   	-653.16 	-597.886	-539.387	19.2174
9  	25   	-643.055	-595.035	-539.387	18.7328
10 	25   	-660.259	-596.851	-539.387	19.2274
11 	25   	-657.723	-599.268	-539.387	18.8449
12 	25   	-662.119	-605.876	-539.387	19.7022
13 	25   	-690.071	-609.669	-539.387	21.6607
14 	25   	-679.074	-610.984	-539.387	22.9457
15 	25   	-659.121	-604.86 	-539.387	16.9756
16 	25   	-658.787	-595.08 	-539.387	16.0211
17 	25   	-674.253	-601.57 	-539.387	21.7387
18 	25   	-702.676	-605.515	-539.387	27.9522
19 	25   	-669.083	-615.819	-539.387	22.7941
20 	25   	-672.877	-613.655	-539.387	19.6292
21 	25   	-674.056	-625.066	-539.387	19.9676
22 	25   	-667.506	-613.195	-539.387	19.7168
23 	25   	-672.347	-622.34 	-539.387	20.0879
24 	25   	-673.005	-602.384	-539.387	20.7181
25 	25   	-664.478	-603.987	-539.387	21.6736
26 	25   	-672.851	-613.342	-539.387	20.676 
27 	25   	-668.014	-606.605	-539.387	19.8591
28 	25   	-658.48 	-595.418	-539.387	19.5026
29 	25   	-647.829	-605.246	-539.387	18.3181
30 	25   	-650.079	-601.372	-539.387	17.1419
31 	25   	-667.277	-606.796	-539.387	19.8975
32 	25   	-652.81 	-604.989	-539.387	20.5327
33 	25   	-671.136	-607.388	-539.387	26.1767
34 	25   	-639.829	-596.961	-539.387	16.7931
35 	25   	-645.985	-603.164	-539.387	16.244 
36 	25   	-637.508	-599.858	-539.387	16.3295
37 	25   	-641.957	-598.84 	-539.387	15.1725
38 	25   	-667.119	-614.002	-539.387	22.2245
39 	25   	-683.924	-617.384	-539.387	23.9552
40 	25   	-659.611	-613.16 	-539.387	15.3045
41 	25   	-657.741	-608.671	-539.387	18.0784
42 	25   	-695.163	-639.919	-539.387	29.5871
43 	25   	-673.929	-622.629	-539.387	18.076 
44 	25   	-658.792	-600.919	-539.387	16.7186
45 	25   	-673.153	-635.907	-539.387	21.8771
46 	25   	-680.533	-629.787	-539.387	17.8878
47 	25   	-663.682	-601.164	-539.387	20.1389
48 	25   	-675.15 	-625.944	-539.387	21.9882
49 	25   	-665.405	-625.096	-539.387	16.5524
50 	25   	-668.537	-602.138	-539.387	14.9262
51 	25   	-679.968	-608.153	-539.387	23.9172
52 	25   	-696.631	-634.659	-539.387	23.4533
53 	25   	-649.052	-617.718	-539.387	13.2825
54 	25   	-638.694	-607.019	-539.387	12.2063
55 	25   	-661.439	-623.316	-539.387	17.9664
56 	25   	-667.58 	-616.862	-539.387	24.505 
57 	25   	-662.322	-628.36 	-539.387	19.1407
58 	25   	-653.728	-599.588	-539.387	17.0062
59 	25   	-662.635	-599.281	-539.387	15.5323
60 	25   	-687.553	-660.161	-539.387	27.1678
61 	25   	-684.361	-627.929	-539.387	18.8433
62 	25   	-677.535	-647.938	-539.387	16.1572
63 	25   	-660.059	-610.505	-539.387	16.839 
64 	25   	-665.427	-618.292	-539.387	15.0909
65 	25   	-656.8  	-612.469	-539.387	13.1931
66 	25   	-694.775	-653.227	-539.387	19.4289
67 	25   	-658.973	-634.499	-539.387	11.6722
68 	25   	-636.843	-586.913	-539.387	17.5222
69 	25   	-633.217	-597.264	-539.387	12.2369
70 	25   	-645.209	-609.544	-539.387	12.7379
71 	25   	-644.459	-613.625	-539.387	11.6493
72 	25   	-675.459	-642.254	-539.387	19.183 
73 	25   	-662.452	-644.942	-539.387	13.6933
74 	25   	-665.484	-624.217	-539.387	12.2594
75 	25   	-651.577	-622.84 	-539.387	11.3925
76 	25   	-667.724	-624.229	-539.387	15.2673
77 	25   	-637.207	-602.912	-539.387	9.28573
78 	25   	-636.146	-605.051	-539.387	8.37179
79 	25   	-632.831	-609.693	-539.387	8.99246
80 	25   	-652.336	-628.612	-539.387	11.9944
81 	25   	-653.063	-617.064	-539.387	12.1805
82 	25   	-676.521	-653.102	-539.387	18.2527
83 	25   	-667.733	-593.573	-539.387	19.104 
84 	25   	-638.552	-604.122	-539.387	11.8926
85 	25   	-623.02 	-593.505	-539.387	12.1396
86 	25   	-654.129	-611.379	-539.387	15.6804
87 	25   	-648.985	-587.884	-539.387	16.8042
88 	25   	-619.856	-581.448	-539.387	9.09857
89 	25   	-652.124	-624.622	-539.387	22.4393
90 	25   	-646.353	-615.523	-539.387	15.6075
91 	25   	-656.952	-626.483	-539.387	13.35  
92 	25   	-665.569	-633.492	-539.387	13.5909
93 	25   	-664.433	-616.103	-539.387	14.4206
94 	25   	-638.085	-608.982	-539.387	12.2596
95 	25   	-655.741	-609.743	-539.387	12.8929
96 	25   	-673.99 	-650.481	-539.387	15.3531
97 	25   	-665.784	-632.504	-539.387	12.5745
98 	25   	-659.643	-636.311	-539.387	9.73771
99 	25   	-662.015	-633.267	-539.387	12.0215
gen	depth	min     	avg     	max     	std    
0  	25   	-657.362	-602.868	-551.553	17.775 
1  	25   	-654.313	-596.444	-540.652	19.057 
2  	25   	-638.21 	-591.735	-540.652	16.7465
3  	25   	-658.353	-588.563	-540.652	18.9956
4  	25   	-652.396	-596.196	-540.652	21.4959
5  	25   	-649.421	-591.364	-540.652	17.9197
6  	25   	-646.106	-594.835	-540.652	21.1832
7  	25   	-652.768	-594.011	-540.652	19.3343
8  	25   	-661.963	-599.825	-540.652	23.1642
9  	25   	-674.813	-596.995	-540.652	20.2737
10 	25   	-678.611	-598.162	-540.652	20.5994
11 	25   	-684.571	-605.952	-540.652	23.1912
12 	25   	-659.422	-603.693	-540.652	21.5093
13 	25   	-678.578	-604.352	-540.652	21.7236
14 	25   	-673.442	-610.955	-540.652	22.2826
15 	25   	-674.63 	-614.111	-540.652	20.1886
16 	25   	-709.607	-620.189	-540.652	25.8217
17 	25   	-672.005	-607.991	-540.652	19.4572
18 	25   	-656.407	-599.077	-540.652	18.7315
19 	25   	-665.512	-606.855	-540.652	21.8443
20 	25   	-697.947	-613.007	-540.652	23.6954
21 	25   	-696.753	-602.159	-540.652	20.8204
22 	25   	-663.979	-608.231	-540.652	21.7701
23 	25   	-685.955	-616.104	-540.652	20.1661
24 	25   	-669.969	-618.327	-540.652	19.441 
25 	25   	-688.732	-614.882	-540.652	22.8674
26 	25   	-704.565	-631.699	-540.652	26.4894
27 	25   	-668.951	-607.659	-540.652	17.587 
28 	25   	-667.472	-616.681	-540.652	20.03  
29 	25   	-673.802	-613.567	-540.652	17.727 
30 	25   	-670.074	-608.888	-540.652	20.5021
31 	25   	-666.75 	-602.883	-540.652	17.6936
32 	25   	-658.899	-612.994	-540.652	17.8792
33 	25   	-689.088	-629.025	-540.652	25.7191
34 	25   	-701.581	-629.409	-540.652	20.8265
35 	25   	-676.884	-615.131	-540.652	19.4994
36 	25   	-678.254	-621.5  	-540.652	21.9426
37 	25   	-666.635	-618.416	-540.652	17.1624
38 	25   	-667.65 	-625.21 	-540.652	17.199 
39 	25   	-677.149	-618.197	-540.652	20.3266
40 	25   	-682.725	-611.393	-540.652	22.0526
41 	25   	-672.563	-623.523	-540.652	18.8486
42 	25   	-679.559	-612.678	-540.652	18.1502
43 	25   	-677.835	-624.084	-540.652	21.1029
44 	25   	-677.856	-632.357	-540.652	18.6093
45 	25   	-676.667	-635.214	-540.652	16.9495
46 	25   	-668.661	-619.463	-540.652	16.6805
47 	25   	-682.639	-628.447	-540.652	20.2051
48 	25   	-649.614	-611.925	-540.652	14.8328
49 	25   	-664.343	-605.496	-540.652	18.2482
50 	25   	-658.071	-620.309	-540.652	16.9079
51 	25   	-690.407	-624.479	-540.652	21.2522
52 	25   	-684.831	-624.621	-540.652	22.9667
53 	25   	-652.337	-605.284	-540.652	18.702 
54 	25   	-670.289	-613.5  	-540.652	16.8045
55 	25   	-665.819	-614.094	-540.652	17.2391
56 	25   	-689.678	-632.946	-540.652	21.0706
57 	25   	-713.902	-647.95 	-540.652	33.9026
58 	25   	-669.954	-609.887	-540.652	19.1375
59 	25   	-700.136	-640.037	-540.652	23.3525
60 	25   	-663.881	-598.958	-540.652	25.5474
61 	25   	-658.264	-603.182	-540.652	19.1138
62 	25   	-650.056	-614.972	-540.652	14.511 
63 	25   	-644.027	-594.258	-540.652	13.5701
64 	25   	-685.779	-636.792	-540.652	23.7112
65 	25   	-664.975	-637.963	-540.652	16.587 
66 	25   	-670.447	-622.662	-540.652	17.2002
67 	25   	-652.451	-591.186	-540.652	16.2223
68 	25   	-638.974	-593.455	-540.652	10.8014
69 	25   	-658.929	-626.922	-540.652	18.2291
70 	25   	-671.805	-603.459	-540.652	12.1376
71 	25   	-635.474	-573.758	-540.652	13.371 
72 	25   	-673.799	-585.066	-540.652	17.4784
73 	25   	-674.681	-606.653	-540.652	13.8551
74 	25   	-630.043	-593.356	-540.652	8.56342
75 	25   	-658.339	-622.865	-540.652	15.9429
76 	25   	-668.394	-640.38 	-540.652	19.1052
77 	25   	-657.174	-630.65 	-540.652	11.4992
78 	25   	-680.153	-631.734	-540.652	27.1012
79 	25   	-658.358	-604.277	-540.652	15.3804
80 	25   	-661.218	-617.52 	-540.652	12.0454
81 	25   	-657.337	-609.368	-540.652	15.5049
82 	25   	-659.788	-601.963	-540.652	10.4912
83 	25   	-643.592	-615.459	-540.652	14.708 
84 	25   	-661.821	-620.605	-540.652	16.8439
85 	25   	-644.467	-584.46 	-537.047	16.4731
86 	25   	-643.293	-607.323	-537.047	16.2296
87 	25   	-653.759	-636.625	-537.047	15.7279
88 	25   	-644.229	-602.152	-537.047	12.6249
89 	25   	-621.744	-605.174	-537.047	7.90506
90 	25   	-647.971	-602.503	-537.047	21.6745
91 	25   	-640.45 	-620.084	-537.047	14.4517
92 	25   	-647.571	-621.937	-537.047	13.5916
93 	25   	-631.466	-610.919	-537.047	8.61869
94 	25   	-612.974	-572.994	-537.047	13.3927
95 	25   	-620.834	-594.76 	-537.047	12.079 
96 	25   	-652.956	-629.958	-537.047	17.8271
97 	25   	-644.902	-626.278	-537.047	10.8478
98 	25   	-633.215	-611.191	-537.047	7.68839
99 	25   	-641.284	-622.073	-537.047	12.7085
