gen	depth	min     	avg     	max     	std    
   	100  	-658.299	-607.787	-558.479	16.2979
   	100  	-647.858	-600.244	-558.479	16.6774
   	100  	-645.347	-596.888	-553.757	17.2131
   	100  	-639.174	-596.015	-553.113	16.3893
   	100  	-634.013	-593.016	-550.175	16.3917
   	100  	-644.69 	-600.035	-550.175	18.409 
   	100  	-663.634	-605.685	-550.175	19.8859
   	100  	-661.627	-605.701	-550.175	20.1713
   	100  	-684.222	-602.641	-547.97 	21.2343
   	100  	-666.25 	-611.432	-547.97 	20.0391
   	100  	-676.319	-627.386	-547.97 	21.7924
   	100  	-663.287	-619.977	-547.97 	16.0008
   	100  	-669.679	-613.13 	-547.97 	18.9009
   	100  	-679.579	-619.045	-547.97 	22.0268
   	100  	-667.915	-613.299	-547.97 	19.0342
   	100  	-662.785	-605.38 	-547.97 	19.3586
   	100  	-676.696	-628.033	-547.97 	23.9371
   	100  	-671.148	-621.137	-547.97 	17.8139
   	100  	-687.744	-621.566	-547.97 	21.4746
   	100  	-687.639	-629.795	-547.97 	24.4421
   	100  	-685.448	-633.882	-547.97 	22.2935
   	100  	-676.33 	-626.174	-547.97 	17.637 
   	100  	-669.884	-623.522	-547.97 	16.8231
   	100  	-678.879	-616.116	-547.97 	17.8546
   	100  	-675.366	-622.244	-547.97 	17.5052
   	100  	-657.379	-597.199	-547.089	18.1854
   	100  	-656.754	-610.707	-547.089	15.2762
   	100  	-672.32 	-625.056	-547.089	21.7949
   	100  	-673.522	-628.606	-547.089	14.5333
   	100  	-701.37 	-655.806	-547.089	24.9961
   	100  	-674.805	-605.916	-547.089	17.9136
   	100  	-675.092	-612.853	-547.089	21.4957
   	100  	-663.21 	-606.579	-547.089	18.9051
   	100  	-676.681	-613.967	-547.089	21.3433
   	100  	-687.857	-634.095	-547.089	21.0034
   	100  	-656.179	-601.909	-547.089	13.3474
   	100  	-655.679	-619.235	-547.089	15.4011
   	100  	-695.524	-631.128	-547.089	18.4834
   	100  	-701.735	-632.018	-547.089	18.2068
   	100  	-676.877	-625.452	-547.089	17.7764
   	100  	-665.888	-625.379	-547.089	18.9675
   	100  	-666.483	-620.746	-547.089	15.6456
   	100  	-662.042	-628.643	-547.089	15.3123
   	100  	-660.564	-612.435	-547.089	17.9791
   	100  	-671.779	-627.037	-547.089	18.4264
   	100  	-700.08 	-636.278	-547.089	20.8519
   	100  	-662.538	-630.193	-547.089	15.3889
   	100  	-646.123	-604.887	-547.089	14.5694
   	100  	-655.991	-616.528	-547.089	14.3444
   	100  	-681.536	-620.776	-547.089	19.6826
   	100  	-680.204	-628.31 	-547.089	20.538 
   	100  	-689.425	-641.337	-547.089	18.9066
   	100  	-654.778	-622.55 	-547.089	14.0753
   	100  	-640.177	-604.945	-547.089	14.4126
   	100  	-647.891	-606.221	-547.089	13.3818
   	100  	-650.332	-606.512	-547.089	16.5462
   	100  	-666.276	-626.131	-547.089	20.1926
   	100  	-670.73 	-625.689	-547.089	17.6397
   	100  	-642.088	-599.254	-547.089	16.3063
   	100  	-655.33 	-609.539	-547.089	19.4855
   	100  	-652.956	-613.989	-547.089	15.1245
   	100  	-628.833	-603.332	-547.089	8.61752
   	100  	-676.089	-635.781	-547.089	15.5915
   	100  	-647.815	-610.997	-547.089	10.8305
   	100  	-652.095	-617.445	-547.089	14.0231
   	100  	-639.195	-603.333	-547.089	11.7028
   	100  	-624.972	-601.09 	-547.089	11.0657
   	100  	-644.432	-606.934	-547.089	9.53484
   	100  	-647.077	-603.641	-547.089	9.09685
   	100  	-646.47 	-628.09 	-547.089	11.3103
   	100  	-668.24 	-636.386	-547.089	12.0218
   	100  	-645.74 	-623.166	-547.089	13.0971
   	100  	-664.666	-627.431	-547.089	10.4896
   	100  	-653.102	-620.657	-547.089	8.17413
   	100  	-663.961	-641.602	-547.089	9.94031
   	100  	-644.579	-607.529	-547.089	13.9576
   	100  	-641.541	-626.358	-547.089	14.9616
   	100  	-639.407	-604.417	-547.089	13.8325
   	100  	-620.28 	-593.748	-547.089	5.19297
   	100  	-674.932	-653.873	-547.089	22.7265
   	100  	-671.342	-624.91 	-547.089	12.3385
   	100  	-643.899	-607.547	-547.089	13.4204
   	100  	-641.565	-609.391	-547.089	10.6832
   	100  	-620.647	-596.591	-547.089	9.61504
   	100  	-625.838	-588.175	-547.089	6.11051
   	100  	-651.161	-629.651	-547.089	17.4219
   	100  	-637.394	-600.175	-547.089	10.7422
   	100  	-623.27 	-592.655	-547.089	9.33849
   	100  	-609.557	-592.524	-547.089	7.12303
   	100  	-628.737	-598.071	-547.089	10.4717
   	100  	-657.784	-632.231	-547.089	14.4682
   	100  	-649.498	-632.625	-547.089	12.4469
   	100  	-645.428	-619.463	-547.089	11.3453
   	100  	-647.419	-626.985	-547.089	15.85  
   	100  	-684.335	-632.986	-547.089	29.1775
   	100  	-661.993	-626.777	-547.089	11.1585
   	100  	-641.761	-615.105	-547.089	10.7468
   	100  	-653.117	-620.254	-547.089	10.6728
   	100  	-676.34 	-645.489	-547.089	13.8823
   	100  	-692.221	-645.201	-547.089	15.5506
gen	depth	min     	avg     	max     	std    
   	100  	-650.527	-605.259	-557.214	16.7004
   	100  	-648.463	-598.434	-550.331	15.3431
   	100  	-656.512	-591.704	-546.943	14.9468
   	100  	-640.43 	-593.343	-534.845	16.1978
   	100  	-645.881	-593.929	-534.845	17.9043
   	100  	-641.581	-596.344	-534.845	18.5222
   	100  	-656.992	-600.11 	-534.845	19.7258
   	100  	-649.532	-597.66 	-534.845	15.4428
   	100  	-659.753	-601.953	-534.845	18.2268
   	100  	-657.44 	-605.198	-534.845	17.439 
   	100  	-662.164	-606.207	-534.845	20.1137
   	100  	-664.576	-602.26 	-534.845	20.5953
   	100  	-677.611	-604.921	-534.845	18.6524
   	100  	-678.784	-604.971	-534.845	19.7046
   	100  	-651.883	-606.632	-534.845	18.5649
   	100  	-659.236	-608.95 	-534.845	16.8983
   	100  	-655.185	-610.979	-534.845	15.1199
   	100  	-670.713	-611.591	-534.845	19.0981
   	100  	-668.16 	-614.044	-534.845	23.055 
   	100  	-673.211	-621.089	-534.845	21.3361
   	100  	-662.37 	-615.233	-534.845	21.1976
   	100  	-675.977	-612.811	-534.845	24.7181
   	100  	-676.054	-608.416	-534.845	19.9285
   	100  	-678.647	-626.181	-534.845	19.6942
   	100  	-680.736	-608.154	-534.845	19.2868
   	100  	-679.964	-611.784	-534.845	18.5136
   	100  	-665.857	-603.183	-534.845	13.7034
   	100  	-675.613	-621.293	-534.845	19.2474
   	100  	-671.919	-625.222	-534.845	19.1793
   	100  	-703.965	-642.46 	-534.845	22.2413
   	100  	-675.706	-612.814	-534.845	19.3465
   	100  	-684.354	-606.591	-534.845	17.4278
   	100  	-677.022	-614.082	-534.845	23.4307
   	100  	-661.047	-616.286	-534.845	17.0217
   	100  	-681.225	-603.49 	-534.845	21.659 
   	100  	-665.793	-610.957	-534.845	19.3564
   	100  	-680.957	-594.734	-534.845	16.3211
   	100  	-673.735	-618.475	-534.845	20.7089
   	100  	-651.56 	-592.684	-534.845	20.6528
   	100  	-653.232	-606.134	-534.845	18.5394
   	100  	-652.796	-623.96 	-534.845	17.2786
   	100  	-677.104	-630.336	-534.845	17.0344
   	100  	-647.825	-613.403	-534.845	12.0866
   	100  	-656.785	-601.342	-534.845	16.669 
   	100  	-695.032	-648.918	-534.845	23.9293
   	100  	-690.336	-653.689	-534.845	14.7917
   	100  	-665.689	-627.92 	-534.845	15.485 
   	100  	-630.239	-592.448	-534.845	12.3022
   	100  	-666.153	-630.878	-534.845	18.1276
   	100  	-640.916	-609.897	-534.845	11.7782
   	100  	-675.633	-616.801	-534.845	15.0176
   	100  	-667.732	-616.406	-534.845	13.7205
   	100  	-660.928	-623.72 	-534.845	17.7495
   	100  	-645.036	-616.47 	-534.845	11.3618
   	100  	-661.737	-622.985	-534.845	15.3068
   	100  	-641.831	-607.894	-534.845	10.0801
   	100  	-686.783	-640.406	-534.845	27.5291
   	100  	-666.225	-638.817	-534.845	13.5428
   	100  	-647.863	-594.875	-534.845	16.3552
   	100  	-649.826	-603.918	-534.845	14.21  
   	100  	-669.179	-622.631	-534.845	17.3839
   	100  	-642.321	-612.95 	-534.845	12.367 
   	100  	-645.884	-617.449	-534.845	12.3242
   	100  	-675.496	-638.492	-534.845	17.0102
   	100  	-662.325	-628.007	-534.845	12.2604
   	100  	-645.853	-609.572	-534.845	11.2382
   	100  	-653.021	-608.24 	-534.845	15.3383
   	100  	-650.792	-611.608	-534.845	13.2864
   	100  	-656.7  	-612.134	-534.845	22.5922
   	100  	-658.564	-620.749	-534.845	17.2346
   	100  	-642.274	-612.294	-534.845	12.13  
   	100  	-656.244	-619.613	-534.845	13.7936
   	100  	-646.62 	-624.013	-534.845	12.564 
   	100  	-648.366	-610.534	-534.845	12.0664
   	100  	-662.431	-633.251	-534.845	16.2381
   	100  	-659.488	-614.122	-534.845	11.3093
   	100  	-639.378	-609.406	-534.845	9.67612
   	100  	-657.609	-638.207	-534.845	15.959 
   	100  	-696.365	-658.476	-534.845	20.7381
   	100  	-671.591	-619.923	-534.845	15.2687
   	100  	-646.961	-614.099	-534.845	17.4758
   	100  	-644.978	-604.452	-534.845	12.7234
   	100  	-687.42 	-653.477	-534.845	22.3415
   	100  	-668.136	-642.714	-534.845	12.5412
   	100  	-659.558	-637.156	-534.845	13.2487
   	100  	-647.659	-602.593	-534.845	13.8462
   	100  	-650.909	-627.217	-534.845	14.1483
   	100  	-633.709	-600.336	-534.845	15.5557
   	100  	-657.361	-630.387	-534.845	17.5178
   	100  	-656.924	-605.9  	-534.845	14.9119
   	100  	-663.728	-628.617	-534.845	14.5222
   	100  	-668.253	-631.659	-534.845	16.1179
   	100  	-656.518	-626.242	-534.845	9.82734
   	100  	-647.244	-625.215	-534.845	9.40209
   	100  	-647.865	-611.385	-534.845	16.2216
   	100  	-645.582	-627.438	-534.845	12.6047
   	100  	-645.176	-608.216	-534.845	14.3839
   	100  	-650.483	-614.455	-534.845	13.7423
   	100  	-663.306	-621.303	-534.845	13.9055
   	100  	-644.784	-626.095	-534.845	11.756 
gen	depth	min     	avg     	max     	std    
   	100  	-655.471	-606.132	-560.662	17.6537
   	100  	-649.392	-596.114	-555.69 	17.3502
   	100  	-637.081	-591.965	-545.45 	16.3098
   	100  	-642.654	-590.834	-545.45 	16.9309
   	100  	-652.807	-597.932	-545.45 	19.8045
   	100  	-646.66 	-598.364	-545.45 	16.8338
   	100  	-650.746	-602.812	-545.45 	18.3622
   	100  	-682.546	-610.614	-545.45 	23.1584
   	100  	-659.778	-609.6  	-545.45 	19.8563
   	100  	-671.949	-606.014	-545.45 	21.2448
   	100  	-649.199	-602.044	-545.45 	19.1768
   	100  	-682.167	-616.045	-545.45 	21.602 
   	100  	-677.225	-614.417	-545.45 	19.1974
   	100  	-675.194	-616.515	-545.45 	18.2971
   	100  	-694.114	-624.366	-545.45 	19.8391
   	100  	-668.827	-616.503	-545.45 	18.8163
   	100  	-670.534	-617.063	-545.45 	20.1855
   	100  	-667.253	-620.337	-545.45 	15.5426
   	100  	-678.397	-620.116	-545.45 	19.1808
   	100  	-653.921	-614.319	-545.45 	17.1613
   	100  	-683.878	-615.737	-545.45 	19.1534
   	100  	-670.07 	-615.61 	-545.45 	17.4664
   	100  	-672.884	-611.644	-545.45 	21.1895
   	100  	-690.155	-618.29 	-545.45 	19.9828
   	100  	-659.518	-607.04 	-545.45 	16.3213
   	100  	-684.122	-607.136	-535.827	22.6594
   	100  	-676.291	-603.816	-535.827	20.0299
   	100  	-656.504	-599.803	-535.827	15.4572
   	100  	-665.792	-616.131	-535.827	20.8007
   	100  	-649.845	-615.283	-535.827	14.0956
   	100  	-671.498	-628.736	-535.827	17.5753
   	100  	-689.08 	-635.409	-535.827	18.5784
   	100  	-660.805	-609.283	-535.827	19.7066
   	100  	-672.116	-620.322	-535.827	21.3569
   	100  	-670.065	-612.6  	-535.827	16.5185
   	100  	-676.695	-625.179	-535.827	22.0756
   	100  	-651.571	-613.205	-535.827	17.737 
   	100  	-665.707	-621.851	-535.827	16.1333
   	100  	-683.123	-641.936	-535.827	19.1216
   	100  	-688.18 	-638.392	-535.827	14.3448
   	100  	-673.687	-622.585	-535.827	17.7284
   	100  	-679.981	-634.061	-535.827	16.9358
   	100  	-676.124	-624.683	-535.827	14.4938
   	100  	-660.685	-625.135	-535.827	16.1476
   	100  	-655.84 	-615.866	-535.827	15.9987
   	100  	-692.275	-646.99 	-535.827	20.3026
   	100  	-656.173	-615.184	-535.827	15.9645
   	100  	-661.864	-621.255	-535.827	13.7673
   	100  	-647.162	-588.514	-535.827	16.5797
   	100  	-652.986	-613.757	-535.827	15.3867
   	100  	-654.46 	-611.343	-535.827	14.9532
   	100  	-631.365	-602.956	-535.827	11.2178
   	100  	-667.111	-628.446	-535.827	19.4467
   	100  	-664.749	-623.307	-535.827	17.6781
   	100  	-668.439	-640.659	-535.827	16.4857
   	100  	-673.244	-635.654	-535.827	16.1376
   	100  	-681.89 	-633.512	-535.827	16.4395
   	100  	-643.404	-617.047	-535.827	13.0284
   	100  	-684.795	-650.143	-535.827	21.8369
   	100  	-662.773	-607.66 	-535.827	20.0401
   	100  	-664.765	-625.788	-535.827	19.1238
   	100  	-655.658	-610.27 	-535.827	17.5149
   	100  	-672.028	-635.48 	-535.827	18.0952
   	100  	-653.447	-608.974	-535.827	14.3769
   	100  	-677.605	-616.931	-535.827	19.1261
   	100  	-670.632	-613.176	-535.827	21.855 
   	100  	-642.595	-610.221	-535.827	14.9063
   	100  	-678.417	-622.729	-535.827	19.2115
   	100  	-657.893	-621.487	-535.827	17.5503
   	100  	-664.015	-629.343	-535.827	17.3409
   	100  	-682.882	-630.585	-535.827	14.4394
   	100  	-634.935	-597.553	-535.827	14.3245
   	100  	-641.647	-605.586	-535.827	17.7132
   	100  	-677.304	-628.713	-535.827	18.8285
   	100  	-690.008	-630.722	-535.827	18.2611
   	100  	-662.039	-612.754	-535.827	16.9666
   	100  	-673.331	-612.957	-535.827	17.2746
   	100  	-636.828	-591.656	-535.827	12.5303
   	100  	-670.392	-633.648	-535.827	20.0915
   	100  	-671.412	-629.577	-535.827	15.9759
   	100  	-633.971	-579.755	-535.827	16.3057
   	100  	-675.058	-636.09 	-535.827	26.6489
   	100  	-653.565	-620.753	-535.827	13.3433
   	100  	-660.399	-636.375	-535.827	14.4835
   	100  	-645.017	-608.121	-535.827	14.2514
   	100  	-647.767	-624.452	-535.827	13.3939
   	100  	-647.14 	-610.507	-535.827	14.1577
   	100  	-652.584	-597.543	-535.827	13.4964
   	100  	-661.368	-618.196	-535.827	16.1253
   	100  	-656.817	-636.781	-535.827	12.9117
   	100  	-651.933	-606.169	-535.827	13.2916
   	100  	-628.659	-611.533	-535.827	9.58962
   	100  	-639.867	-616.774	-535.827	9.60389
   	100  	-657.787	-622.701	-535.827	11.9902
   	100  	-635.293	-611.204	-535.827	8.79039
   	100  	-683.75 	-641.371	-535.827	23.1984
   	100  	-657.9  	-623.914	-535.827	18.0653
   	100  	-632.869	-595.397	-535.827	11.9528
   	100  	-642.403	-607.834	-535.827	13.2091
   	100  	-669.561	-637.331	-535.827	20.1006
gen	depth	min     	avg     	max     	std    
   	100  	-653.126	-607.383	-551.495	16.4866
   	100  	-648.031	-600.706	-540.119	17.4224
   	100  	-655.047	-594.371	-537.983	18.156 
   	100  	-653.238	-596.374	-537.983	19.4111
   	100  	-647.519	-600.924	-537.983	20.5273
   	100  	-655.341	-601.528	-537.983	19.4374
   	100  	-675.555	-604.967	-537.983	24.3509
   	100  	-671.08 	-604.97 	-537.983	23.186 
   	100  	-655.565	-602.033	-537.983	19.4   
   	100  	-641.685	-597.691	-537.983	16.6142
   	100  	-650.212	-603.449	-537.983	18.3973
   	100  	-664.984	-605.288	-537.983	20.043 
   	100  	-663.096	-611.528	-537.983	16.1811
   	100  	-672.836	-614.868	-537.983	19.9365
   	100  	-676.975	-617.268	-537.983	20.8493
   	100  	-678.626	-627.891	-537.983	23.6025
   	100  	-662.418	-614.059	-537.983	17.6957
   	100  	-654.76 	-615.179	-537.983	15.7766
   	100  	-678.679	-614.7  	-537.983	19.4294
   	100  	-654.41 	-609.517	-537.983	17.9837
   	100  	-653.455	-607.247	-537.983	18.7268
   	100  	-666.814	-612.074	-537.983	19.974 
   	100  	-646.175	-601.139	-537.983	17.2004
   	100  	-657.052	-607.124	-537.983	15.2829
   	100  	-664.118	-615.742	-537.983	17.2203
   	100  	-677.429	-641.656	-537.983	19.1763
   	100  	-674.477	-620.345	-537.983	20.2755
   	100  	-671.983	-619.282	-537.983	21.443 
   	100  	-650.823	-615.997	-537.983	13.3772
   	100  	-670.252	-626.947	-537.983	17.7695
   	100  	-655.548	-625.397	-537.983	15.8362
   	100  	-681.324	-629.322	-537.983	18.0724
   	100  	-688.108	-625.719	-537.983	17.7053
   	100  	-674.143	-607.243	-537.983	21.2461
   	100  	-693.892	-605.925	-537.983	23.3785
   	100  	-630.529	-583.314	-537.983	17.9159
   	100  	-646.087	-613.165	-537.983	17.1783
   	100  	-662.134	-615.516	-537.983	15.7354
   	100  	-670.973	-612.377	-537.983	15.1203
   	100  	-666.948	-623.232	-537.983	16.6911
   	100  	-677.296	-635.524	-537.983	16.1511
   	100  	-663.19 	-626.998	-537.983	11.0778
   	100  	-681.789	-621.248	-537.983	23.4495
   	100  	-655.818	-613.988	-537.983	15.1886
   	100  	-653.414	-620.203	-537.983	13.0886
   	100  	-667.649	-607.98 	-537.983	15.5275
   	100  	-639.904	-610.691	-537.983	13.6375
   	100  	-652.787	-612.211	-537.983	13.0131
   	100  	-669.58 	-625.198	-537.983	18.8577
   	100  	-662.698	-605.596	-537.983	13.7117
   	100  	-665.475	-614.157	-537.983	12.2255
   	100  	-643.493	-598.355	-537.983	11.7776
   	100  	-649.884	-621.428	-537.983	14.1498
   	100  	-639.019	-605.715	-537.983	11.4966
   	100  	-648.832	-615.332	-537.983	13.2018
   	100  	-695.328	-643.101	-537.983	21.0098
   	100  	-649.635	-602.74 	-537.983	12.1486
   	100  	-650.801	-613.327	-537.983	11.9441
   	100  	-670.295	-604.346	-537.983	10.4576
   	100  	-643.196	-628.254	-537.983	14.6765
   	100  	-642.022	-598.12 	-537.983	12.1672
   	100  	-654.891	-601.165	-537.983	11.9798
   	100  	-628.964	-596.199	-537.983	11.3718
   	100  	-664.919	-640.037	-537.983	22.4665
   	100  	-674.112	-642.882	-537.983	17.7092
   	100  	-650.541	-615.34 	-537.983	10.8539
   	100  	-659.039	-630.939	-537.983	13.2391
   	100  	-692.978	-629.077	-537.983	17.2614
   	100  	-660.744	-627.871	-537.983	11.7363
   	100  	-685.586	-634.726	-537.983	16.5783
   	100  	-664.036	-620.156	-537.983	13.5076
   	100  	-641.228	-620.042	-537.983	10.9034
   	100  	-650.504	-599.67 	-537.983	9.55978
   	100  	-649.387	-616.114	-537.983	11.816 
   	100  	-647.118	-608.371	-537.983	17.9482
   	100  	-640.873	-613.702	-537.983	11.3337
   	100  	-675.102	-630.654	-537.983	15.1682
   	100  	-677.082	-641.221	-537.983	15.4999
   	100  	-663.617	-642.216	-537.983	10.7859
   	100  	-676.603	-610.562	-537.983	16.5662
   	100  	-673.816	-626.411	-537.983	21.1372
   	100  	-677.211	-645.533	-537.983	17.7358
   	100  	-652.231	-609.482	-537.983	15.099 
   	100  	-643.425	-612.056	-537.983	11.574 
   	100  	-662.866	-608.12 	-537.983	10.7016
   	100  	-668.51 	-610.649	-537.983	10.7258
   	100  	-665.539	-604.7  	-537.983	12.6596
   	100  	-670.551	-643.605	-537.983	17.028 
   	100  	-668.732	-645.698	-537.983	11.2276
   	100  	-648.45 	-614.737	-537.983	13.9168
   	100  	-655.246	-624.221	-537.983	13.4545
   	100  	-683.897	-654.885	-537.983	15.1324
   	100  	-665.535	-613.278	-537.983	17.589 
   	100  	-652.298	-628.19 	-537.983	12.2882
   	100  	-651.045	-615.56 	-537.983	9.84815
   	100  	-667.572	-638.582	-537.983	13.0606
   	100  	-669.708	-643.047	-537.983	10.0409
   	100  	-647.353	-628.384	-537.983	8.33734
   	100  	-632.294	-609.083	-537.983	8.66622
   	100  	-648.314	-622.628	-537.983	12.1069
gen	depth	min     	avg     	max     	std    
   	100  	-657.425	-606.923	-565.122	16.2267
   	100  	-653.639	-600.71 	-559.618	16.3647
   	100  	-649.413	-596.276	-545.455	17.1593
   	100  	-639.628	-595.432	-545.455	18.0099
   	100  	-677.226	-599.524	-545.455	24.3296
   	100  	-661.547	-607.001	-545.455	22.6016
   	100  	-678.716	-605.841	-545.455	22.4417
   	100  	-668.363	-606.415	-545.455	21.1918
   	100  	-654.566	-605.738	-545.455	19.4891
   	100  	-656.354	-603.456	-545.455	17.9427
   	100  	-664.191	-606.63 	-545.455	20.8381
   	100  	-669.971	-612.146	-545.455	22.8442
   	100  	-662.194	-607.349	-545.455	20.1281
   	100  	-673.341	-617.259	-545.455	20.4814
   	100  	-689.804	-623.171	-545.455	24.1168
   	100  	-679.879	-617.966	-545.455	19.9403
   	100  	-669.994	-616.668	-545.455	19.623 
   	100  	-678.179	-620.899	-545.455	18.1507
   	100  	-664.543	-619.108	-545.455	17.9402
   	100  	-660.021	-612.607	-545.455	16.8158
   	100  	-682.327	-625.089	-545.455	22.2331
   	100  	-695.964	-627.395	-545.455	19.9662
   	100  	-661.634	-618.429	-545.455	17.005 
   	100  	-676.44 	-627.879	-545.455	17.9996
   	100  	-672.432	-619.352	-545.455	20.8085
   	100  	-680.892	-626.508	-545.455	21.1866
   	100  	-664.715	-620.932	-545.455	16.8189
   	100  	-676.879	-626.917	-545.455	19.1991
   	100  	-704.004	-645.22 	-545.455	24.1334
   	100  	-672.857	-620.635	-545.455	20.4386
   	100  	-677.668	-631.086	-545.455	18.3035
   	100  	-670.919	-620.935	-545.455	18.6719
   	100  	-661.243	-617.237	-545.455	17.2412
   	100  	-685.522	-627.951	-545.455	22.6689
   	100  	-684.305	-633.181	-545.455	21.1742
   	100  	-678.863	-629.22 	-545.455	19.4684
   	100  	-662.741	-608.336	-545.455	18.3279
   	100  	-659.285	-613.14 	-545.455	17.0005
   	100  	-669.452	-626.907	-545.455	18.9941
   	100  	-679.095	-618.213	-545.455	19.1424
   	100  	-683.59 	-618.654	-545.455	19.5397
   	100  	-675.627	-630.045	-545.455	18.3553
   	100  	-666.787	-601.34 	-545.455	18.4555
   	100  	-668.468	-619.477	-545.455	19.4314
   	100  	-652.371	-609.36 	-545.455	17.9856
   	100  	-664.099	-617.23 	-545.455	18.0212
   	100  	-685.914	-632.625	-545.455	22.1139
   	100  	-665.726	-615.397	-545.455	16.5223
   	100  	-671.371	-629.421	-545.455	18.6735
   	100  	-653.267	-617.155	-545.455	15.3148
   	100  	-667.156	-613.654	-545.455	18.2834
   	100  	-662.362	-624.48 	-545.455	19.2685
   	100  	-661.483	-611.61 	-545.455	16.0755
   	100  	-650.954	-604.208	-545.455	12.6601
   	100  	-664.932	-619.407	-545.455	17.0696
   	100  	-676.343	-624.485	-545.455	16.3171
   	100  	-648.386	-609.551	-545.455	10.737 
   	100  	-650.41 	-606.435	-545.455	15.5409
   	100  	-661.647	-631.487	-545.455	19.0921
   	100  	-652.592	-615.58 	-545.455	13.7502
   	100  	-661.935	-610.017	-545.455	14.1827
   	100  	-645.695	-610.229	-545.455	10.9276
   	100  	-641.014	-605.456	-545.455	14.6609
   	100  	-699.963	-668.267	-545.455	29.781 
   	100  	-691.147	-618.678	-545.455	16.724 
   	100  	-654.025	-615.694	-545.455	18.127 
   	100  	-642.749	-613.129	-545.455	10.8129
   	100  	-677.095	-638.156	-545.455	24.2712
   	100  	-658.272	-596.633	-545.455	13.924 
   	100  	-643.381	-605.642	-545.455	15.0965
   	100  	-654.891	-611.048	-545.455	14.1456
   	100  	-653.434	-601.075	-545.455	14.875 
   	100  	-648.603	-624.195	-545.455	13.1868
   	100  	-662.636	-615.594	-545.455	11.4734
   	100  	-679.156	-655.106	-545.455	18.394 
   	100  	-678.359	-616.761	-545.455	14.2967
   	100  	-657.242	-607.304	-545.455	11.6569
   	100  	-645.39 	-620.118	-545.455	12.9774
   	100  	-654.667	-598.695	-545.455	8.30328
   	100  	-671.078	-624.318	-545.455	18.7282
   	100  	-661.716	-619.869	-545.455	7.75017
   	100  	-630.511	-606.506	-545.455	11.5082
   	100  	-634.899	-606.547	-545.455	6.68146
   	100  	-669.817	-640.561	-545.455	16.1175
   	100  	-647.936	-597.625	-545.455	15.2422
   	100  	-641.194	-632.467	-545.455	14.3699
   	100  	-660.085	-648.671	-545.455	14.0228
   	100  	-654.793	-587.445	-545.455	18.2916
   	100  	-642.977	-619.405	-545.455	14.8915
   	100  	-647.002	-635.844	-545.455	9.57224
   	100  	-639.377	-606.324	-545.455	9.03193
   	100  	-636.073	-629.559	-545.455	9.85214
   	100  	-660.34 	-627.774	-545.455	8.54534
   	100  	-649.923	-597.062	-545.455	12.7463
   	100  	-658.831	-644.677	-545.455	21.9879
   	100  	-654.636	-624.423	-545.455	12.3553
   	100  	-646.2  	-613.837	-545.455	12.0319
   	100  	-639.566	-620.531	-545.455	6.57775
   	100  	-640.564	-612.28 	-545.455	5.84059
   	100  	-633.887	-604.285	-545.455	6.81023
gen	depth	min     	avg     	max     	std    
   	100  	-657.234	-608.768	-558.82 	17.1168
   	100  	-656.751	-599.967	-541.53 	16.2388
   	100  	-650.03 	-595.024	-541.53 	16.4136
   	100  	-658.307	-595.114	-538.784	20.6004
   	100  	-658.207	-596.795	-538.784	18.6389
   	100  	-651.817	-595.952	-538.784	20.1572
   	100  	-653.026	-598.761	-538.784	17.7922
   	100  	-660.719	-601.821	-538.784	20.0668
   	100  	-660.997	-604.552	-538.784	20.9481
   	100  	-661.461	-612.958	-538.784	20.1445
   	100  	-683.796	-610.73 	-538.784	20.1263
   	100  	-673.887	-613.271	-538.784	18.5615
   	100  	-661.922	-607.825	-538.784	18.747 
   	100  	-673.853	-621.335	-538.784	19.6041
   	100  	-663.892	-615.44 	-538.784	20.3144
   	100  	-656.747	-606.392	-538.784	16.1809
   	100  	-677.321	-619.905	-538.784	21.2801
   	100  	-673.381	-607.449	-538.784	19.0828
   	100  	-664.548	-603.971	-538.784	18.8004
   	100  	-649.844	-608.569	-538.784	17.4346
   	100  	-666.798	-620.793	-538.784	17.9735
   	100  	-678.495	-620    	-538.784	23.6614
   	100  	-689.877	-625.942	-538.784	26.7709
   	100  	-652.696	-609.007	-538.784	17.4352
   	100  	-666.583	-618.189	-538.784	16.7316
   	100  	-663.97 	-607.214	-538.784	15.9306
   	100  	-676.432	-618.475	-538.784	19.4338
   	100  	-658.77 	-614.981	-538.784	15.5814
   	100  	-683.797	-628.889	-538.784	19.6296
   	100  	-678.937	-623.176	-538.784	18.354 
   	100  	-666.968	-619.812	-538.784	17.9163
   	100  	-672.844	-619.392	-538.784	16.4161
   	100  	-692.87 	-636.412	-538.784	23.6955
   	100  	-662.188	-603.598	-538.784	19.3667
   	100  	-671.76 	-624.38 	-538.784	19.5983
   	100  	-680.405	-636.444	-538.784	19.3646
   	100  	-694.185	-647.59 	-538.784	21.4176
   	100  	-683.679	-619.594	-538.784	26.3993
   	100  	-684.367	-627.267	-538.784	19.8683
   	100  	-681.408	-631.874	-538.784	16.8429
   	100  	-677.39 	-622.296	-538.784	17.3816
   	100  	-656.156	-612.279	-538.784	14.0827
   	100  	-685.071	-626.08 	-538.784	17.3824
   	100  	-663.796	-617.005	-538.784	18.1773
   	100  	-677.018	-630.053	-538.784	21.7078
   	100  	-682.346	-620.398	-538.784	20.8911
   	100  	-678.176	-630.303	-538.784	21.1765
   	100  	-701.021	-657.835	-538.784	23.8681
   	100  	-671.189	-627.014	-538.784	15.5473
   	100  	-666.344	-623.653	-538.784	14.8685
   	100  	-685.022	-631.58 	-538.784	18.0478
   	100  	-668.138	-624.63 	-538.784	17.2389
   	100  	-666.758	-624.807	-538.784	17.0427
   	100  	-658.331	-617.45 	-538.784	16.8344
   	100  	-650.856	-611.525	-538.784	15.6072
   	100  	-685.1  	-648.467	-538.784	21.4157
   	100  	-666.315	-616.825	-538.784	17.862 
   	100  	-673.23 	-632.29 	-538.784	16.7907
   	100  	-689.589	-635.502	-538.784	20.889 
   	100  	-650.896	-616.568	-538.784	16.8714
   	100  	-649.201	-615.824	-538.784	14.3644
   	100  	-668.282	-628.912	-538.784	19.7857
   	100  	-683.334	-628.809	-538.784	15.7312
   	100  	-659.558	-625.145	-538.784	17.0848
   	100  	-652.351	-606.995	-538.784	15.8951
   	100  	-655.073	-613.79 	-538.784	15.0152
   	100  	-667.764	-630.117	-538.784	18.2351
   	100  	-671.245	-618.844	-538.784	19.4297
   	100  	-671.492	-610.477	-538.784	16.2607
   	100  	-676.235	-624.002	-538.784	18.3667
   	100  	-677.06 	-633.723	-538.784	18.7943
   	100  	-680.667	-635.415	-538.784	20.711 
   	100  	-679.58 	-640.323	-538.784	17.5324
   	100  	-662.582	-625.683	-538.784	15.4482
   	100  	-691.336	-645.156	-538.784	23.4413
   	100  	-673.845	-621.625	-538.784	16.2726
   	100  	-673.314	-623.599	-538.784	17.178 
   	100  	-675.084	-626.53 	-538.784	19.1625
   	100  	-661.713	-612.719	-538.784	17.4151
   	100  	-644.251	-601.961	-538.784	17.857 
   	100  	-640.831	-602.769	-538.784	12.2363
   	100  	-693.165	-637.422	-538.784	23.4445
   	100  	-657.757	-615.621	-538.784	17.1497
   	100  	-656.05 	-606.521	-538.784	14.0345
   	100  	-651.372	-595.4  	-538.784	13.6602
   	100  	-655.711	-605.881	-538.784	16.2485
   	100  	-658.707	-610.346	-538.784	19.7309
   	100  	-685.4  	-641.936	-538.784	20.3063
   	100  	-673.565	-635.724	-538.784	14.9113
   	100  	-659.555	-618.848	-538.784	16.2665
   	100  	-669.682	-639.393	-538.784	14.7549
   	100  	-664.68 	-632.837	-538.784	13.0205
   	100  	-670.034	-636.021	-538.784	11.4384
   	100  	-643.684	-608.085	-538.784	12.2066
   	100  	-647.872	-618.132	-538.784	15.9435
   	100  	-656.747	-618.92 	-538.784	14.2902
   	100  	-680.51 	-634.864	-538.784	20.9541
   	100  	-657.464	-621.423	-538.784	12.4826
   	100  	-634.443	-597.222	-538.784	14.7233
   	100  	-711.78 	-618.961	-538.784	25.0942
gen	depth	min     	avg     	max     	std    
   	100  	-651.979	-608.349	-556.429	16.0855
   	100  	-651.262	-601.222	-556.429	17.6707
   	100  	-633.767	-592.997	-536.234	18.3229
   	100  	-634.038	-589.989	-536.052	18.3314
   	100  	-650.171	-592.454	-536.052	18.9005
   	100  	-664.913	-599.782	-536.052	18.8096
   	100  	-661.501	-604.284	-536.052	19.6615
   	100  	-671.432	-612.86 	-536.052	22.751 
   	100  	-654.681	-607.159	-536.052	17.8566
   	100  	-664.805	-603.082	-536.052	20.9274
   	100  	-676.511	-622.099	-536.052	25.3175
   	100  	-674.23 	-610.782	-536.052	23.9865
   	100  	-665.438	-610.653	-536.052	20.8284
   	100  	-671.637	-622.87 	-536.052	20.0704
   	100  	-657.301	-609.94 	-536.052	19.7334
   	100  	-659.458	-604.999	-536.052	14.4969
   	100  	-664.679	-622.917	-536.052	21.6044
   	100  	-668.163	-612.3  	-536.052	19.084 
   	100  	-670.35 	-612.282	-536.052	17.4888
   	100  	-693.08 	-637.042	-536.052	26.7605
   	100  	-650.066	-599.316	-536.052	16.7215
   	100  	-649.58 	-605.782	-536.052	15.2102
   	100  	-672.638	-616.148	-536.052	22.1823
   	100  	-681.6  	-626.705	-536.052	19.6911
   	100  	-656.65 	-612.707	-536.052	15.7591
   	100  	-673.587	-623.977	-536.052	14.3092
   	100  	-703.713	-601.966	-536.052	17.3092
   	100  	-691.633	-598.98 	-536.052	14.1811
   	100  	-675.019	-614.05 	-536.052	17.7254
   	100  	-683.232	-630.252	-536.052	18.8732
   	100  	-664.069	-621.716	-536.052	16.8485
   	100  	-677.926	-624.377	-536.052	22.6403
   	100  	-670.258	-629.39 	-536.052	18.4399
   	100  	-677.573	-634.633	-536.052	17.056 
   	100  	-647.318	-599.737	-536.052	15.1149
   	100  	-660.854	-625.647	-536.052	19.8582
   	100  	-657.081	-613.852	-536.052	18.4222
   	100  	-687.959	-613.182	-536.052	27.0237
   	100  	-669.458	-621.577	-536.052	17.5421
   	100  	-653.021	-605.413	-536.052	17.1351
   	100  	-667.299	-620.157	-536.052	17.4422
   	100  	-651.847	-599.714	-536.052	12.6865
   	100  	-660.578	-629.58 	-536.052	14.5529
   	100  	-667.276	-625.673	-536.052	13.2301
   	100  	-650.338	-607.196	-536.052	11.623 
   	100  	-637.007	-621.65 	-536.052	8.73582
   	100  	-660.092	-643.567	-536.052	13.0154
   	100  	-648.574	-621.741	-536.052	9.94683
   	100  	-635.03 	-604.134	-536.052	11.9917
   	100  	-664.831	-629.627	-536.052	14.9421
   	100  	-651.468	-619.53 	-536.052	9.5351 
   	100  	-654.156	-625.605	-536.052	10.7742
   	100  	-632.019	-609.113	-536.052	7.99802
   	100  	-628.983	-601.267	-536.052	8.13637
   	100  	-661.492	-633.239	-536.052	13.1593
   	100  	-656.129	-630.86 	-536.052	8.22216
   	100  	-663.486	-630.091	-536.052	10.512 
   	100  	-647.968	-622.166	-536.052	9.31989
   	100  	-670.219	-612.363	-536.052	14.186 
   	100  	-704.778	-661.472	-536.052	25.5421
   	100  	-679.092	-621.418	-536.052	14.5557
   	100  	-630.498	-598.143	-536.052	9.85691
   	100  	-688.516	-617.174	-536.052	15.9031
   	100  	-702.5  	-656.673	-536.052	25.4669
   	100  	-674.639	-639.473	-536.052	11.2331
   	100  	-660.493	-634.685	-536.052	11.5326
   	100  	-640.565	-593.476	-536.052	16.9451
   	100  	-683.039	-651.564	-536.052	25.9348
   	100  	-663.805	-644.441	-536.052	16.9289
   	100  	-670.417	-635.88 	-536.052	20.396 
   	100  	-659.344	-626.952	-536.052	11.4804
   	100  	-637.872	-602.839	-536.052	9.81623
   	100  	-649.204	-605.935	-536.052	15.9398
   	100  	-689.371	-628.065	-536.052	18.4161
   	100  	-634.95 	-605.285	-536.052	9.628  
   	100  	-658.048	-609.253	-536.052	8.14964
   	100  	-632.727	-616.182	-536.052	9.33201
   	100  	-656.163	-627.917	-536.052	12.6652
   	100  	-645.982	-611.221	-536.052	10.3086
   	100  	-658.727	-611.121	-536.052	10.9504
   	100  	-649.018	-623.906	-536.052	12.4168
   	100  	-649.553	-626.852	-536.052	16.0688
   	100  	-644.386	-618.627	-536.052	7.66964
   	100  	-651.293	-620.964	-536.052	11.9824
   	100  	-643.071	-619.726	-536.052	7.75375
   	100  	-629.617	-606.237	-536.052	8.67157
   	100  	-648.367	-627.517	-536.052	12.1134
   	100  	-633.689	-598.982	-536.052	10.521 
   	100  	-650.963	-605.732	-536.052	13.231 
   	100  	-644.541	-607.761	-536.052	10.6061
   	100  	-637.837	-607.294	-536.052	7.3148 
   	100  	-666.786	-646.708	-536.052	18.1944
   	100  	-657.558	-591.758	-536.052	19.8713
   	100  	-663.57 	-647.067	-536.052	23.8421
   	100  	-660.029	-602.448	-536.052	15.9155
   	100  	-639.853	-614.409	-536.052	9.05985
   	100  	-685.185	-655.437	-536.052	23.0588
   	100  	-674.56 	-642.731	-536.052	10.5051
   	100  	-656.386	-615.491	-536.052	13.1757
   	100  	-639.458	-615.992	-536.052	7.04654
gen	depth	min     	avg     	max     	std    
   	100  	-660.66 	-606.908	-565.668	16.7045
   	100  	-644.152	-598.362	-561.155	14.1089
   	100  	-652.834	-595.738	-555.177	16.6702
   	100  	-648.772	-594.816	-555.177	17.4934
   	100  	-657.186	-597.339	-553.925	20.1908
   	100  	-657.138	-597.468	-553.925	17.0304
   	100  	-649.659	-594.913	-552.622	17.3384
   	100  	-650.037	-602.845	-548.867	17.4929
   	100  	-660.094	-609.984	-548.867	19.0442
   	100  	-662.05 	-608.879	-548.867	19.6327
   	100  	-653.118	-602.091	-548.867	17.1403
   	100  	-671.456	-612.401	-548.867	21.0298
   	100  	-696.676	-616.375	-548.867	22.9444
   	100  	-676.227	-611.951	-548.867	21.3001
   	100  	-678.548	-610.121	-548.867	20.4723
   	100  	-667.061	-608.402	-548.867	22.5643
   	100  	-675.474	-612.621	-548.867	21.6821
   	100  	-678.312	-617.618	-548.867	18.9398
   	100  	-663.375	-614.576	-548.867	17.7766
   	100  	-674.045	-619.201	-548.867	20.6577
   	100  	-671.567	-623.417	-548.867	18.2207
   	100  	-668.921	-625.098	-548.867	18.935 
   	100  	-663.667	-615.819	-548.867	17.4968
   	100  	-690.7  	-630.573	-548.867	18.5766
   	100  	-687.567	-631.566	-548.867	19.9572
   	100  	-667.967	-611.547	-548.867	19.2374
   	100  	-658.761	-606.174	-548.867	18.0898
   	100  	-668.989	-612.938	-548.867	16.9871
   	100  	-663.41 	-618.667	-548.867	16.2566
   	100  	-660.422	-617.709	-548.867	18.3349
   	100  	-665.609	-625.079	-548.867	17.8058
   	100  	-649.05 	-606.928	-548.867	18.9268
   	100  	-670.119	-618.764	-548.867	20.3199
   	100  	-695.05 	-629.445	-548.867	26.9952
   	100  	-659.874	-613.145	-548.867	18.0577
   	100  	-675.602	-624.848	-548.867	19.4044
   	100  	-687.5  	-624.965	-548.867	20.3452
   	100  	-694.577	-620.44 	-548.867	18.5222
   	100  	-673.928	-624.989	-548.867	17.3664
   	100  	-679.231	-632.167	-548.867	18.8611
   	100  	-672.109	-624.378	-548.867	14.8117
   	100  	-663.219	-625.297	-548.867	14.2586
   	100  	-668.469	-632.448	-548.867	17.1316
   	100  	-677.53 	-623.245	-548.867	19.6387
   	100  	-666.474	-606.147	-548.867	17.1937
   	100  	-636.108	-593.847	-548.867	11.767 
   	100  	-671.861	-613.041	-548.867	18.0833
   	100  	-656.743	-618.759	-548.867	16.1254
   	100  	-669.705	-617.248	-548.867	17.7619
   	100  	-682.624	-630.019	-548.867	19.483 
   	100  	-674.027	-616.914	-548.867	18.3162
   	100  	-680.004	-633.041	-548.867	18.6472
   	100  	-678.271	-624.468	-548.867	21.8513
   	100  	-667.158	-616.615	-548.867	14.6964
   	100  	-651.95 	-607.278	-548.867	16.5526
   	100  	-643.457	-596.108	-548.867	15.5172
   	100  	-663.274	-610.97 	-548.867	14.7333
   	100  	-671.663	-616.942	-548.867	16.7316
   	100  	-666.723	-626.438	-548.867	14.9647
   	100  	-639.05 	-599.672	-548.867	13.0402
   	100  	-670.166	-633.834	-548.867	18.0273
   	100  	-661.997	-635.332	-548.867	11.823 
   	100  	-657.139	-623.706	-548.867	11.9321
   	100  	-647.208	-616.585	-548.867	11.2819
   	100  	-681.321	-637.094	-548.867	16.7744
   	100  	-661.578	-624.864	-548.867	13.5953
   	100  	-665.796	-640.234	-548.867	12.6804
   	100  	-680.139	-598.877	-548.867	16.4649
   	100  	-636.189	-602.824	-548.867	12.5992
   	100  	-643.542	-620.074	-548.867	13.0819
   	100  	-646.538	-617.338	-548.867	11.5113
   	100  	-642.957	-601.409	-548.867	15.214 
   	100  	-614.337	-579.606	-548.867	9.18587
   	100  	-651.44 	-623.802	-548.867	16.997 
   	100  	-632.381	-618.71 	-548.867	10.1537
   	100  	-620.715	-591.737	-548.867	11.5589
   	100  	-643.455	-609.841	-548.867	18.1711
   	100  	-634.691	-592.752	-548.867	19.704 
   	100  	-657.555	-607.279	-548.867	16.4265
   	100  	-648.51 	-625.068	-548.867	13.8306
   	100  	-657.898	-624.122	-548.867	12.229 
   	100  	-640.22 	-623.54 	-548.867	7.29999
   	100  	-676.67 	-653.901	-548.867	12.8874
   	100  	-693.565	-645.968	-548.867	9.95634
   	100  	-657.025	-630.14 	-548.867	8.67708
   	100  	-634.942	-594.297	-548.867	13.2072
   	100  	-637.936	-611.508	-548.867	10.6956
   	100  	-662.236	-649.291	-548.867	14.6725
   	100  	-657.768	-620.758	-548.867	9.20528
   	100  	-629.047	-593.876	-548.867	9.27473
   	100  	-630.26 	-610.771	-548.867	10.9053
   	100  	-663.969	-644.883	-548.867	15.0577
   	100  	-652.231	-610.97 	-548.867	12.6494
   	100  	-659.825	-625    	-548.867	16.6848
   	100  	-659.53 	-645.255	-548.867	12.3943
   	100  	-671.317	-645.6  	-548.867	9.25738
   	100  	-654.645	-624.063	-548.867	9.96653
   	100  	-636.054	-619.311	-548.867	10.9858
   	100  	-695.848	-667.854	-548.867	22.962 
   	100  	-679.018	-597.836	-548.867	17.6056
gen	depth	min     	avg     	max     	std    
   	100  	-651.796	-606.893	-541.787	16.8732
   	100  	-653.165	-596.408	-541.787	17.953 
   	100  	-636.731	-594.12 	-541.787	16.7283
   	100  	-655.183	-590.976	-541.787	16.6495
   	100  	-642.115	-595.269	-541.787	17.5241
   	100  	-660.196	-594.454	-538.805	16.6961
   	100  	-673.061	-596.179	-538.805	18.3305
   	100  	-676.992	-601.15 	-538.805	19.4177
   	100  	-648.501	-602.601	-538.805	17.9368
   	100  	-670.452	-608.902	-538.805	21.4045
   	100  	-655.649	-605.284	-538.805	19.7049
   	100  	-671.932	-609.601	-538.805	19.852 
   	100  	-662.514	-614.609	-538.805	18.2003
   	100  	-666.935	-615.23 	-538.805	20.3038
   	100  	-669.912	-612.806	-538.805	18.1315
   	100  	-656.861	-612.072	-538.805	16.543 
   	100  	-678.261	-622.58 	-538.805	21.2263
   	100  	-659.427	-602.978	-538.805	23.2464
   	100  	-655.416	-610.178	-538.805	18.8029
   	100  	-672.336	-619.761	-538.805	18.3943
   	100  	-695.522	-614.974	-538.805	20.1356
   	100  	-673.117	-625.08 	-538.805	19.2194
   	100  	-683.034	-631.829	-538.805	25.3866
   	100  	-695.71 	-624.577	-538.805	20.3819
   	100  	-664.379	-620.351	-538.805	16.7556
   	100  	-687.026	-626.683	-538.805	20.3285
   	100  	-692.061	-627.525	-538.805	18.9868
   	100  	-689.137	-622.932	-538.805	20.653 
   	100  	-677.652	-627.655	-538.805	21.0706
   	100  	-676.694	-613.565	-538.805	20.9764
   	100  	-679.136	-625.486	-538.805	16.9766
   	100  	-656.812	-613.501	-538.805	18.0801
   	100  	-657.248	-612.441	-538.805	17.2064
   	100  	-661.625	-606.917	-538.805	18.1129
   	100  	-662.424	-615.316	-538.805	20.4056
   	100  	-669.818	-614.792	-538.805	18.255 
   	100  	-671.544	-631.702	-538.805	18.4385
   	100  	-688.017	-622.856	-538.805	19.0729
   	100  	-694.656	-643.167	-538.805	23.6413
   	100  	-663.013	-613.218	-538.805	17.8458
   	100  	-656.351	-605.195	-538.805	17.8346
   	100  	-682.255	-632.064	-538.805	21.5598
   	100  	-678.902	-625.68 	-538.805	21.782 
   	100  	-654.584	-617.399	-538.805	14.7667
   	100  	-671.129	-619.036	-538.805	19.869 
   	100  	-658.129	-617.306	-538.805	15.1617
   	100  	-670.937	-615.218	-538.805	18.1036
   	100  	-656.362	-619.388	-538.805	13.2865
   	100  	-680.511	-615.897	-538.805	16.1944
   	100  	-673.651	-596.27 	-538.805	15.0642
   	100  	-659.597	-614.658	-538.805	15.3736
   	100  	-670.935	-631.437	-538.805	19.6068
   	100  	-666.721	-621.338	-538.805	13.5111
   	100  	-661.316	-594.099	-538.805	15.2948
   	100  	-654.843	-617.907	-538.805	15.7614
   	100  	-669.696	-631.734	-538.805	15.8125
   	100  	-674.366	-605.901	-538.805	26.9862
   	100  	-660.181	-601.985	-538.805	14.7802
   	100  	-680.983	-639.154	-538.805	17.1736
   	100  	-661.871	-609.535	-538.805	12.7682
   	100  	-664.518	-623.146	-538.805	15.179 
   	100  	-660.017	-636.244	-538.805	17.7147
   	100  	-649.1  	-607.67 	-538.805	12.6267
   	100  	-630.869	-601.309	-538.805	13.2321
   	100  	-712.934	-656.519	-538.805	29.5469
   	100  	-678.979	-607.556	-538.805	16.8669
   	100  	-638.905	-607.98 	-538.805	10.394 
   	100  	-644.08 	-611.651	-538.805	12.7274
   	100  	-658.871	-607.865	-538.805	10.4887
   	100  	-659.214	-617.083	-538.805	14.8608
   	100  	-658.414	-615.55 	-538.805	10.326 
   	100  	-640.806	-621.222	-538.805	9.46059
   	100  	-641.666	-594.228	-538.805	11.8173
   	100  	-673.169	-627.129	-538.805	16.3935
   	100  	-642.513	-585.62 	-538.805	14.7608
   	100  	-665.632	-636.618	-538.805	20.1148
   	100  	-665.599	-632.25 	-538.805	16.4454
   	100  	-639.287	-610.487	-538.805	12.3412
   	100  	-662.498	-623.265	-538.805	12.3137
   	100  	-693.392	-633.121	-538.805	15.1273
   	100  	-636.861	-611.226	-538.805	9.35447
   	100  	-661.224	-631.233	-538.805	14.1768
   	100  	-638.551	-607.132	-538.805	8.94935
   	100  	-648.356	-624.657	-538.805	11.9851
   	100  	-652.639	-622.491	-538.805	9.61093
   	100  	-629.97 	-609.784	-538.805	10.1371
   	100  	-650.736	-620.893	-538.805	11.2574
   	100  	-641.143	-618.185	-538.805	14.6496
   	100  	-654.945	-625.458	-538.805	18.0297
   	100  	-662.859	-622.545	-538.805	13.1919
   	100  	-666.217	-604.07 	-538.805	18.6372
   	100  	-671.957	-645.468	-538.805	20.5179
   	100  	-669.06 	-630.027	-538.805	14.9291
   	100  	-664.977	-624.648	-538.805	17.3968
   	100  	-663.324	-627.391	-538.805	16.5385
   	100  	-674.479	-637.85 	-538.805	15.1038
   	100  	-692.08 	-656.94 	-538.805	20.3147
   	100  	-671.271	-625.461	-538.805	14.2593
   	100  	-673.002	-636.448	-538.805	21.8968
   	100  	-655.482	-613.484	-538.805	13.6243
gen	depth	min     	avg     	max     	std    
   	100  	-658.848	-607.421	-567.771	16.7195
   	100  	-646.157	-600.202	-548.475	15.2304
   	100  	-644.215	-600.716	-548.475	16.2639
   	100  	-641.331	-597.692	-548.475	17.2699
   	100  	-667.851	-601.055	-548.475	17.8045
   	100  	-649.479	-601.132	-548.475	16.6532
   	100  	-650.766	-601.598	-548.475	18.0183
   	100  	-656.856	-604.504	-548.475	19.1308
   	100  	-664.145	-606.281	-548.475	20.9161
   	100  	-663.274	-600.228	-548.475	20.709 
   	100  	-688.674	-610.299	-548.475	26.0255
   	100  	-664.299	-605.7  	-548.475	24.1989
   	100  	-672.05 	-607.46 	-548.475	22.5681
   	100  	-663.094	-607.054	-548.475	18.2847
   	100  	-661.672	-610.427	-548.475	19.1672
   	100  	-683.068	-614.345	-548.475	18.5896
   	100  	-681.029	-618.26 	-548.475	21.3301
   	100  	-686.26 	-627.103	-548.475	20.7807
   	100  	-680.277	-623.906	-548.475	20.2209
   	100  	-685.079	-619.832	-548.475	20.8529
   	100  	-667.012	-617.023	-548.475	18.5028
   	100  	-661.396	-619.341	-548.475	17.3211
   	100  	-665.684	-606.966	-548.475	22.7724
   	100  	-660.932	-616.166	-548.475	20.6341
   	100  	-712.32 	-629.1  	-548.475	22.223 
   	100  	-673.249	-613.13 	-548.475	20.2032
   	100  	-669.167	-612.836	-548.475	19.0037
   	100  	-665.205	-611.363	-548.475	20.0981
   	100  	-686.466	-638.789	-548.475	25.864 
   	100  	-676.695	-623.994	-548.475	18.211 
   	100  	-656.989	-621.246	-548.475	17.0951
   	100  	-656.022	-609.675	-548.475	15.4764
   	100  	-680.154	-628.26 	-548.475	21.4817
   	100  	-671.19 	-627.055	-548.475	16.6135
   	100  	-657.727	-612.875	-548.475	13.3205
   	100  	-667.807	-623.827	-548.475	18.6243
   	100  	-673.666	-632.543	-548.475	19.1449
   	100  	-688.911	-628.733	-548.475	19.5415
   	100  	-693.056	-628.237	-548.475	25.5268
   	100  	-664.709	-610.798	-548.475	27.8793
   	100  	-684.55 	-620.877	-548.475	20.0976
   	100  	-674.372	-627.995	-548.475	18.1555
   	100  	-677.27 	-622.212	-548.475	16.7346
   	100  	-648.533	-605.375	-548.475	14.1581
   	100  	-642.896	-604.731	-548.475	10.2874
   	100  	-637.822	-603.134	-548.475	13.6684
   	100  	-621.114	-587.052	-547.832	14.2512
   	100  	-648.004	-617.399	-547.832	15.9855
   	100  	-629.05 	-604.026	-547.832	10.868 
   	100  	-635.287	-611.105	-547.832	13.2725
   	100  	-641.573	-610.293	-547.832	12.2185
   	100  	-659.444	-633.355	-547.832	17.482 
   	100  	-682.429	-647.334	-547.832	17.2705
   	100  	-663.118	-616.381	-547.832	14.6557
   	100  	-640.769	-608.378	-547.832	13.7072
   	100  	-650.378	-606.784	-547.832	10.6531
   	100  	-685.438	-650.588	-547.832	24.7591
   	100  	-667.366	-625.775	-547.832	11.4299
   	100  	-646.352	-617.913	-547.832	11.3476
   	100  	-627.034	-608.008	-547.832	4.04898
   	100  	-680.388	-655.429	-547.832	19.6936
   	100  	-667.078	-596.989	-547.832	15.9077
   	100  	-636.775	-608.378	-547.832	10.9626
   	100  	-610.458	-579.28 	-547.832	10.2631
   	100  	-643.113	-613.159	-547.832	13.3848
   	100  	-628.889	-615.289	-547.832	10.85  
   	100  	-656.373	-616.563	-547.832	10.1573
   	100  	-644.47 	-627.359	-547.832	8.31512
   	100  	-630.805	-593.482	-547.832	12.6579
   	100  	-679.828	-620.082	-547.832	14.4327
   	100  	-626.846	-602.121	-547.832	8.79567
   	100  	-643.814	-622.013	-547.832	9.46417
   	100  	-650.933	-631.562	-547.832	9.19845
   	100  	-668.73 	-654.933	-547.832	10.3953
   	100  	-657.083	-601.882	-547.832	15.9728
   	100  	-660.821	-643.388	-547.832	18.2993
   	100  	-650.027	-615.437	-547.832	11.9893
   	100  	-635.447	-621.765	-547.832	9.73231
   	100  	-642.18 	-623.113	-547.832	6.19793
   	100  	-634.898	-619.11 	-547.832	6.79037
   	100  	-631.089	-611.773	-547.832	3.79659
   	100  	-662.701	-647.267	-547.832	13.8871
   	100  	-651.39 	-608.49 	-547.832	10.9307
   	100  	-615.305	-613.354	-547.832	4.01673
   	100  	-630.023	-627.093	-547.832	5.60658
   	100  	-628.429	-593.925	-547.832	10.4759
   	100  	-653.823	-632.146	-547.832	12.0162
   	100  	-641.841	-638.757	-547.832	8.09538
   	100  	-640.191	-612.136	-547.832	10.3873
   	100  	-631.583	-615.922	-547.832	6.90999
   	100  	-630.124	-606.792	-547.832	10.3497
   	100  	-648.528	-622.694	-547.832	18.6253
   	100  	-649.863	-616.928	-547.832	10.0628
   	100  	-641.041	-620.253	-547.832	6.37024
   	100  	-643.913	-616.048	-547.832	3.70676
   	100  	-631.453	-612.728	-547.832	4.55916
   	100  	-633.845	-628.33 	-547.832	8.77079
   	100  	-657.032	-643.175	-547.832	8.01017
   	100  	-671.72 	-652.025	-547.832	8.93828
   	100  	-655.992	-608.819	-547.832	13.2114
