gen	depth	min     	avg     	max     	std    
   	100  	-783.386	-733.353	-677.813	17.2274
   	100  	-779.911	-725.038	-677.813	16.8678
   	100  	-768.228	-722.161	-677.813	15.8459
   	100  	-786.924	-723.209	-676.56 	19.2596
   	100  	-798.545	-728.92 	-672.539	22.5242
   	100  	-782.361	-727.078	-672.539	21.2909
   	100  	-793.655	-731.366	-672.539	21.3063
   	100  	-782.281	-727.926	-672.539	18.8643
   	100  	-786.414	-724.97 	-671.07 	17.9318
   	100  	-775.423	-718.553	-661.716	17.0734
   	100  	-779.317	-724.524	-661.716	19.4297
   	100  	-794.553	-735.507	-661.716	23.5052
   	100  	-775.612	-730.114	-661.716	16.1929
   	100  	-806.531	-742.015	-661.716	18.6327
   	100  	-785.903	-733.375	-661.716	16.7959
   	100  	-791.623	-728.594	-661.716	17.9873
   	100  	-802.109	-737.469	-661.716	17.9508
   	100  	-805.727	-749.005	-661.716	23.9224
   	100  	-787.807	-739.341	-661.716	17.6979
   	100  	-799.987	-740.464	-661.716	20.1483
   	100  	-803.817	-741.388	-661.716	18.3244
   	100  	-790.791	-744.472	-661.716	18.4045
   	100  	-798.998	-747.677	-661.716	20.8743
   	100  	-802.393	-748.06 	-661.716	23.6357
   	100  	-816.234	-760.353	-661.716	21.6703
   	100  	-801.047	-739.961	-661.716	20.9464
   	100  	-784.619	-742.012	-661.716	17.5987
   	100  	-822.126	-750.066	-661.716	22.1546
   	100  	-807.031	-747.828	-661.716	20.3997
   	100  	-786.807	-736.442	-661.716	21.5089
   	100  	-783.14 	-730.247	-661.716	13.9848
   	100  	-804.334	-759.294	-661.716	19.1315
   	100  	-790.991	-751.756	-661.716	18.1578
   	100  	-790.962	-753.6  	-661.716	14.8538
   	100  	-780.721	-746.572	-661.716	12.8741
   	100  	-826.155	-758.485	-661.716	19.7581
   	100  	-788.684	-742.675	-661.716	14.7264
   	100  	-796.096	-743.854	-661.716	16.3046
   	100  	-801.993	-737.385	-661.716	15.3411
   	100  	-801.127	-756.621	-661.716	18.3581
   	100  	-784.322	-736.401	-661.716	15.1722
   	100  	-800.678	-751.979	-661.716	19.2199
   	100  	-795.901	-740.679	-661.716	19.8485
   	100  	-783.081	-746.225	-661.716	16.4081
   	100  	-831.024	-777.293	-661.716	25.0504
   	100  	-790.686	-753.379	-661.716	13.8027
   	100  	-778.411	-735.387	-661.716	15.4396
   	100  	-817.575	-761.042	-661.716	22.3952
   	100  	-785.365	-750.67 	-661.716	12.0451
   	100  	-764.575	-731.867	-661.716	12.0423
   	100  	-797.619	-742.334	-661.716	16.9795
   	100  	-802.951	-754.069	-661.716	18.3791
   	100  	-770.374	-743.086	-661.716	11.5664
   	100  	-784.257	-734.884	-661.716	17.874 
   	100  	-757.075	-724.837	-661.716	13.6235
   	100  	-791.367	-749.111	-661.716	20.7853
   	100  	-772.937	-731.627	-661.716	16.6948
   	100  	-774.152	-748.399	-661.716	14.6556
   	100  	-795.374	-747.992	-661.716	17.0346
   	100  	-770.462	-734.164	-661.716	15.5356
   	100  	-804.069	-751.699	-661.716	20.5373
   	100  	-789.814	-749.611	-661.716	17.3282
   	100  	-786.132	-745.592	-661.716	17.4951
   	100  	-793.62 	-747.228	-661.716	18.4409
   	100  	-773.894	-735.617	-661.716	11.5116
   	100  	-800.848	-753.794	-661.716	16.6163
   	100  	-761.423	-705.503	-661.716	17.581 
   	100  	-825.199	-760.596	-661.716	34.3373
   	100  	-801.624	-762.876	-661.716	19.2908
   	100  	-779.513	-735.582	-661.716	22.839 
   	100  	-823.141	-743.497	-661.716	20.6345
   	100  	-785.069	-743.255	-661.716	18.6205
   	100  	-788.259	-740.906	-661.716	15.1407
   	100  	-801.404	-745.032	-661.716	19.6937
   	100  	-789.664	-750.485	-661.716	15.5881
   	100  	-778.722	-736.082	-661.716	12.033 
   	100  	-775.713	-748.04 	-661.716	14.2481
   	100  	-787.282	-749.6  	-661.716	13.7228
   	100  	-792.038	-749.218	-661.716	14.1304
   	100  	-753.723	-721.684	-661.716	10.0062
   	100  	-765.429	-729.349	-661.716	15.9364
   	100  	-781.345	-757.79 	-661.716	13.9117
   	100  	-781.557	-759.375	-661.716	11.3478
   	100  	-791.426	-744.024	-661.716	13.1391
   	100  	-789.349	-753.325	-661.716	10.9089
   	100  	-792.897	-754.499	-661.716	15.4581
   	100  	-780.759	-748.281	-661.716	8.30099
   	100  	-755.96 	-732.258	-661.716	8.88821
   	100  	-759.252	-741.73 	-661.716	8.6348 
   	100  	-787.271	-774.072	-661.716	15.1152
   	100  	-799.423	-762.962	-661.716	13.1512
   	100  	-808.592	-778.055	-661.716	17.5898
   	100  	-783.252	-740.282	-661.716	17.3989
   	100  	-754.508	-703.395	-661.716	11.7323
   	100  	-756.37 	-729.522	-661.716	13.5659
   	100  	-758.999	-724.554	-661.716	8.20343
   	100  	-800.967	-778.472	-661.716	23.8136
   	100  	-811.486	-748.766	-661.716	14.6175
   	100  	-814.392	-756.679	-661.716	12.1815
   	100  	-787.113	-751.411	-661.716	9.35675
gen	depth	min     	avg     	max     	std    
   	100  	-794.211	-732.838	-677.042	18.1941
   	100  	-787.207	-724.789	-677.042	16.6873
   	100  	-778.916	-720.173	-662.736	17.5656
   	100  	-768.867	-716.979	-662.736	16.3207
   	100  	-780.559	-718.48 	-662.736	19.0271
   	100  	-772.84 	-725.171	-662.736	18.7666
   	100  	-791.855	-735.015	-662.736	20.4953
   	100  	-809.455	-739.655	-662.736	21.9953
   	100  	-801.367	-741.038	-662.736	19.3852
   	100  	-841.666	-742.693	-662.736	22.1497
   	100  	-838.455	-738.057	-662.736	19.3932
   	100  	-789.989	-736.877	-662.736	21.0206
   	100  	-798.111	-738.487	-662.736	22.3242
   	100  	-785.031	-734.25 	-662.736	19.1478
   	100  	-811.153	-740.014	-662.736	22.0532
   	100  	-800.019	-751.935	-662.736	22.1735
   	100  	-800.77 	-737.329	-662.736	17.335 
   	100  	-807.872	-746.429	-662.736	22.9122
   	100  	-783.759	-727.683	-662.736	22.7978
   	100  	-790.778	-723.153	-662.736	18.8569
   	100  	-782.38 	-743.676	-662.736	16.6259
   	100  	-787.423	-735.137	-662.736	18.8349
   	100  	-802.422	-751.108	-662.736	19.1315
   	100  	-778.56 	-739.039	-662.736	15.9379
   	100  	-805.28 	-758.406	-662.736	20.094 
   	100  	-787.754	-746.234	-662.736	16.4339
   	100  	-805.028	-756.206	-662.736	23.9239
   	100  	-807.275	-742.184	-662.736	18.9859
   	100  	-788.115	-752.224	-662.736	14.2981
   	100  	-806.029	-754.846	-662.736	18.4415
   	100  	-819.297	-760.816	-662.736	22.0099
   	100  	-810.791	-751.72 	-662.736	19.3101
   	100  	-800.859	-744.482	-662.736	20.9969
   	100  	-789.845	-736.095	-662.736	17.2299
   	100  	-802.043	-736.81 	-662.736	22.183 
   	100  	-801.64 	-747.012	-662.736	20.1572
   	100  	-796.5  	-737.214	-662.736	16.4581
   	100  	-775.207	-732.499	-662.736	14.7387
   	100  	-803.924	-748.464	-662.736	18.5809
   	100  	-802.749	-752.803	-662.736	17.1675
   	100  	-797.917	-736.103	-662.736	19.8423
   	100  	-800.135	-761.332	-662.736	18.0678
   	100  	-795.976	-745.057	-662.736	17.4262
   	100  	-794.8  	-754.007	-662.736	14.6723
   	100  	-791.957	-751.886	-662.736	15.7542
   	100  	-804.917	-761.987	-662.736	19.9112
   	100  	-795.321	-739.246	-662.736	19.1656
   	100  	-789.751	-738.281	-662.736	16.5034
   	100  	-801.188	-747.976	-662.736	16.1628
   	100  	-826.258	-780.281	-662.736	20.0021
   	100  	-811.626	-758.033	-662.736	18.9577
   	100  	-814.403	-756.236	-662.736	19.5298
   	100  	-795.934	-742.767	-662.736	18.8105
   	100  	-792.725	-738.748	-662.736	19.0399
   	100  	-810.084	-769.609	-662.736	16.4186
   	100  	-775.165	-725.416	-662.736	17.2799
   	100  	-787.222	-755.383	-662.736	14.1242
   	100  	-762.409	-721.236	-662.736	13.3898
   	100  	-753.734	-715.387	-662.736	9.22615
   	100  	-781.488	-732.541	-662.736	13.8683
   	100  	-810.248	-772.958	-662.736	32.104 
   	100  	-796.339	-758.523	-662.736	15.3568
   	100  	-784.58 	-742.623	-662.736	13.9257
   	100  	-782.893	-742.183	-662.736	11.9039
   	100  	-780.219	-754.041	-662.736	15.3574
   	100  	-814.398	-781.021	-662.736	17.9973
   	100  	-793.908	-739.647	-662.736	22.4205
   	100  	-779.297	-746.945	-662.736	15.9174
   	100  	-806.078	-750.893	-662.736	15.9226
   	100  	-762.501	-712.275	-662.736	17.5443
   	100  	-802.225	-750.184	-662.736	18.2325
   	100  	-778.46 	-734.145	-662.736	10.7011
   	100  	-747.348	-726.573	-662.736	8.15563
   	100  	-766.391	-722.665	-662.736	13.9727
   	100  	-786.474	-720.389	-662.736	17.7224
   	100  	-806.835	-778.406	-662.736	22.772 
   	100  	-789.811	-746.047	-662.736	16.1423
   	100  	-767.782	-738.137	-662.736	9.80676
   	100  	-790.113	-752.354	-662.736	14.9939
   	100  	-799.045	-755.454	-662.736	12.4052
   	100  	-767.374	-737.758	-662.736	9.62759
   	100  	-779.2  	-729.651	-662.736	7.81525
   	100  	-745.859	-717.689	-662.736	12.4587
   	100  	-782.912	-746.776	-662.736	16.6126
   	100  	-778.334	-758.671	-662.736	12.4762
   	100  	-770.049	-742.563	-662.736	7.10967
   	100  	-799.489	-772.568	-662.736	12.7002
   	100  	-805.421	-739.963	-662.736	18.1576
   	100  	-777.951	-748.757	-662.736	11.7204
   	100  	-749.965	-728.583	-662.736	5.86818
   	100  	-788.168	-770.027	-662.736	17.4047
   	100  	-787.303	-730.481	-662.736	12.0728
   	100  	-807.676	-743.182	-662.736	15.7053
   	100  	-773.198	-742.827	-662.736	8.83827
   	100  	-797.545	-760.505	-662.736	11.5654
   	100  	-771.461	-729.274	-662.736	8.72127
   	100  	-765.548	-727.105	-662.736	8.37874
   	100  	-793.62 	-749.815	-662.736	11.7063
   	100  	-764.508	-743.408	-662.736	7.62855
   	100  	-812.57 	-777.443	-662.736	13.8376
gen	depth	min     	avg     	max     	std    
   	100  	-784.036	-733.74 	-680.596	16.9523
   	100  	-785.529	-727.15 	-677.294	16.1629
   	100  	-778.438	-725.004	-677.294	16.0896
   	100  	-784.885	-728.544	-677.294	18.137 
   	100  	-782.012	-734.488	-677.294	21.0057
   	100  	-785.924	-729.149	-677.294	19.8604
   	100  	-776.687	-724.625	-677.294	16.6912
   	100  	-780.602	-732.334	-675.642	18.804 
   	100  	-792.04 	-729.064	-675.642	18.5289
   	100  	-792.734	-730.457	-675.642	19.4579
   	100  	-780.955	-729.838	-675.642	18.834 
   	100  	-802.882	-738.542	-675.642	21.3266
   	100  	-786.1  	-746.557	-675.642	18.5488
   	100  	-786.153	-735.53 	-675.642	20.1865
   	100  	-802.621	-737.551	-675.642	20.5268
   	100  	-779.347	-730.148	-675.622	17.8605
   	100  	-806.285	-742.144	-675.622	19.2109
   	100  	-792.133	-742.958	-675.622	19.4876
   	100  	-791.717	-732.596	-675.622	22.04  
   	100  	-807.049	-750.791	-675.622	25.663 
   	100  	-800.998	-751.922	-675.622	19.4288
   	100  	-807.431	-760.922	-675.622	21.4344
   	100  	-837.694	-764.372	-675.622	25.4317
   	100  	-804.392	-749.425	-675.622	19.4557
   	100  	-808.21 	-761.189	-675.622	21.0639
   	100  	-816.421	-749.73 	-675.622	21.9316
   	100  	-813.228	-757.096	-675.622	22.8096
   	100  	-805.597	-745.951	-675.622	21.1241
   	100  	-801.079	-744.802	-675.622	17.7274
   	100  	-814.466	-760.305	-675.622	19.0022
   	100  	-801.363	-737.33 	-675.622	16.5505
   	100  	-770.439	-737.406	-675.622	13.581 
   	100  	-801.975	-748.608	-675.622	20.5097
   	100  	-796.914	-745.624	-675.622	20.0369
   	100  	-790.912	-740.997	-675.622	19.3755
   	100  	-783.422	-743.15 	-675.622	17.2114
   	100  	-781.773	-742.435	-675.622	11.5947
   	100  	-760.827	-717.672	-675.622	14.0058
   	100  	-759.607	-732.669	-675.622	11.7519
   	100  	-799.127	-742.05 	-675.622	12.9141
   	100  	-767.29 	-754.244	-675.622	9.54007
   	100  	-798.544	-758.677	-675.622	11.2069
   	100  	-790.62 	-745.575	-675.622	14.0993
   	100  	-801.584	-761.127	-675.622	17.262 
   	100  	-787.445	-745.768	-675.622	13.8024
   	100  	-775.894	-750.831	-675.622	10.785 
   	100  	-799.815	-734.163	-675.622	13.3424
   	100  	-755.534	-729.207	-675.622	10.2107
   	100  	-766.58 	-740.478	-675.622	10.3777
   	100  	-764.474	-729.121	-675.622	14.8107
   	100  	-769.403	-742.811	-675.622	12.5624
   	100  	-770.187	-742.346	-675.622	11.9829
   	100  	-784.44 	-751.872	-675.622	10.8318
   	100  	-776.513	-734.246	-675.622	11.3801
   	100  	-753.558	-738.108	-675.622	7.68616
   	100  	-792.703	-742.114	-675.622	10.7407
   	100  	-789.591	-744.624	-675.622	8.85228
   	100  	-753.349	-737.047	-675.622	7.72975
   	100  	-799.322	-768.903	-675.622	14.1061
   	100  	-777.999	-748.508	-675.622	8.47028
   	100  	-768.42 	-732.843	-675.622	8.6967 
   	100  	-755.382	-730.663	-675.622	7.94259
   	100  	-768.21 	-750.259	-675.622	10.8081
   	100  	-774.036	-746.779	-675.622	8.01299
   	100  	-769.168	-747.306	-675.622	7.16949
   	100  	-760.881	-745.083	-675.622	4.53656
   	100  	-773.356	-751.121	-675.622	6.26331
   	100  	-800.808	-785.724	-675.622	15.625 
   	100  	-794.675	-762.127	-675.622	10.0457
   	100  	-780.681	-764.058	-675.622	12.3924
   	100  	-809.067	-781.443	-675.622	12.9726
   	100  	-798.65 	-768.789	-675.622	10.9249
   	100  	-774.383	-745.408	-675.622	9.92682
   	100  	-791.408	-761.789	-675.622	11.0339
   	100  	-782.318	-746.577	-675.622	9.649  
   	100  	-779.497	-739.302	-675.622	7.28618
   	100  	-757.138	-723.841	-675.622	7.95839
   	100  	-790.449	-778.549	-675.622	19.579 
   	100  	-787.142	-769.49 	-675.622	10.2872
   	100  	-774.761	-749.11 	-675.622	9.54574
   	100  	-791.087	-765.318	-675.622	15.0333
   	100  	-779.663	-747.141	-675.622	10.558 
   	100  	-799.192	-765.116	-675.622	14.6142
   	100  	-798.46 	-767.129	-675.622	11.9924
   	100  	-778.18 	-723.539	-675.622	15.2439
   	100  	-742.936	-725.549	-675.622	8.01663
   	100  	-738.323	-722.206	-675.622	4.95809
   	100  	-805.736	-780.265	-675.622	25.6618
   	100  	-796.366	-742.482	-675.622	15.3368
   	100  	-821.825	-793.707	-675.622	23.6061
   	100  	-809.436	-712.916	-675.622	22.4431
   	100  	-777.948	-740.874	-675.622	12.8527
   	100  	-745.127	-729.078	-675.622	7.6864 
   	100  	-805.9  	-782.591	-675.622	19.961 
   	100  	-790.611	-751.873	-675.622	12.2063
   	100  	-770.168	-766.931	-675.622	8.76392
   	100  	-772.844	-755.006	-675.622	6.11979
   	100  	-765.972	-747.447	-675.622	4.10264
   	100  	-757.15 	-741.07 	-675.622	4.87852
   	100  	-787.764	-781.85 	-675.622	13.9412
gen	depth	min     	avg     	max     	std    
   	100  	-792.982	-737.665	-691.607	18.5454
   	100  	-773.496	-725.122	-686.969	17.7596
   	100  	-783.139	-725.332	-668.533	17.4165
   	100  	-776.423	-722.683	-668.533	20.4589
   	100  	-784.944	-722.703	-668.533	22.7788
   	100  	-784.683	-722.997	-668.533	21.1525
   	100  	-773.218	-726.969	-667.682	19.1819
   	100  	-786.701	-730.051	-667.682	17.6689
   	100  	-801.647	-734.652	-667.682	22.9313
   	100  	-807.866	-737.65 	-667.682	20.057 
   	100  	-805.228	-737.01 	-667.682	21.0318
   	100  	-783.668	-733.543	-667.682	17.1727
   	100  	-798.656	-741.112	-667.682	19.2799
   	100  	-787.658	-734.656	-667.682	16.4638
   	100  	-817.067	-742.155	-667.682	22.2617
   	100  	-813.951	-748.171	-667.682	18.5958
   	100  	-789.467	-739.083	-667.682	15.9146
   	100  	-792.181	-735.816	-667.682	21.4364
   	100  	-802.067	-749.845	-667.682	20.5827
   	100  	-801.753	-752.071	-667.682	20.8049
   	100  	-803.252	-751.946	-667.682	18.3659
   	100  	-814.463	-750.418	-667.682	17.6749
   	100  	-805.76 	-741.024	-667.682	19.5669
   	100  	-801.838	-756.775	-667.682	23.7651
   	100  	-793.667	-738.497	-667.682	17.485 
   	100  	-795.083	-748.248	-667.682	18.8745
   	100  	-798.825	-751.444	-667.682	17.7233
   	100  	-842.453	-754.953	-667.682	22.1456
   	100  	-775.599	-738.053	-667.682	15.3813
   	100  	-806.262	-750.778	-667.682	20.917 
   	100  	-801.766	-753.737	-667.682	16.8848
   	100  	-810.492	-737.002	-667.682	21.0715
   	100  	-798.61 	-740.991	-667.682	25.0647
   	100  	-807.077	-739.174	-667.682	18.5846
   	100  	-810.987	-746.2  	-667.682	21.3192
   	100  	-811.604	-745.06 	-667.682	19.1062
   	100  	-788.126	-747.312	-667.682	17.4959
   	100  	-803.282	-751.904	-667.682	23.7171
   	100  	-788.901	-744.113	-667.682	18.9765
   	100  	-809.873	-759.951	-667.682	18.864 
   	100  	-793.164	-744.461	-667.682	17.6646
   	100  	-795.327	-739.532	-667.682	17.2479
   	100  	-786.549	-744.518	-667.682	17.0634
   	100  	-811.395	-757.88 	-667.682	18.4673
   	100  	-804.368	-752.091	-667.682	19.5798
   	100  	-792.201	-747.349	-667.682	15.9872
   	100  	-823.185	-762.776	-667.682	18.1234
   	100  	-789.26 	-747.836	-667.682	22.7494
   	100  	-796.996	-749.747	-667.682	20.1499
   	100  	-823.46 	-765.568	-667.682	23.7275
   	100  	-811.57 	-765.805	-667.682	19.56  
   	100  	-791.74 	-750.962	-667.682	14.7674
   	100  	-808.294	-749.314	-667.682	19.8178
   	100  	-811.263	-760.849	-667.682	19.3452
   	100  	-798.082	-750.06 	-667.682	15.0569
   	100  	-789.981	-723.862	-667.682	16.851 
   	100  	-774.453	-736.343	-667.682	15.4078
   	100  	-801.873	-755.527	-667.682	19.9676
   	100  	-797.887	-752.403	-667.682	18.7392
   	100  	-821.093	-758.528	-667.682	21.0662
   	100  	-814.813	-767.256	-667.682	21.0778
   	100  	-776.105	-732.135	-667.682	17.7573
   	100  	-786.868	-746.701	-667.682	16.832 
   	100  	-791.051	-735.697	-667.682	21.6493
   	100  	-821.021	-768.761	-667.682	24.2794
   	100  	-776.087	-743.697	-667.682	14.1497
   	100  	-817.202	-761.687	-667.682	19.2075
   	100  	-809.307	-759.871	-667.682	19.4307
   	100  	-792.842	-735.621	-667.682	13.954 
   	100  	-787.092	-741.322	-667.682	16.0374
   	100  	-771.688	-735.266	-667.682	16.1873
   	100  	-803.865	-744.436	-667.682	18.0636
   	100  	-778.199	-740.417	-667.682	13.5274
   	100  	-802.373	-757.316	-667.682	19.6249
   	100  	-829.294	-785.418	-667.682	26.0161
   	100  	-821.599	-770.084	-667.682	17.8751
   	100  	-786.083	-743.531	-667.682	14.2364
   	100  	-789.33 	-744.265	-667.682	16.4253
   	100  	-782.996	-745.6  	-667.682	14.758 
   	100  	-801.635	-755.397	-667.682	16.9113
   	100  	-784.598	-744.742	-667.682	17.2293
   	100  	-771.797	-731.108	-667.682	13.9169
   	100  	-796.284	-763.728	-667.682	17.6964
   	100  	-774.912	-740.996	-667.682	11.6205
   	100  	-814.643	-777.125	-667.682	23.8565
   	100  	-788.761	-749.358	-667.682	14.3763
   	100  	-780.515	-742.829	-667.682	14.5256
   	100  	-784.2  	-727.535	-667.682	14.7209
   	100  	-781.611	-720.061	-667.682	19.3399
   	100  	-763.342	-735.065	-667.682	12.3163
   	100  	-808.516	-762.989	-667.682	22.722 
   	100  	-805.052	-750.183	-667.682	16.6935
   	100  	-792.999	-762.314	-667.682	15.3137
   	100  	-782.685	-751.516	-667.682	10.8526
   	100  	-770.557	-733.204	-667.682	13.8175
   	100  	-771.732	-722.186	-667.682	13.4687
   	100  	-779.547	-753.46 	-667.682	14.2761
   	100  	-765.777	-739.772	-667.682	9.409  
   	100  	-793.955	-759.742	-667.682	14.2177
   	100  	-793.431	-761.831	-667.682	10.2282
gen	depth	min     	avg     	max     	std    
   	100  	-785.037	-734.498	-682.548	17.0882
   	100  	-779.99 	-724.431	-670.867	17.1806
   	100  	-771.589	-718.015	-668.276	18.7764
   	100  	-775.814	-718.769	-665.039	18.9182
   	100  	-796.474	-729.797	-665.039	18.9425
   	100  	-781.362	-729.002	-665.039	18.9601
   	100  	-785.825	-731.162	-665.039	19.2557
   	100  	-785.33 	-732.018	-665.039	17.5225
   	100  	-800.863	-738.657	-665.039	20.9605
   	100  	-807.363	-737.318	-665.039	21.0434
   	100  	-784.392	-731.607	-665.039	20.659 
   	100  	-780.248	-731.23 	-665.039	17.4665
   	100  	-799.082	-741.467	-665.039	19.0734
   	100  	-798.657	-745.169	-665.039	19.9956
   	100  	-803.496	-738.795	-665.039	18.8127
   	100  	-790.728	-741.256	-665.039	18.6963
   	100  	-797.985	-739.831	-665.039	20.0198
   	100  	-814.83 	-741.855	-665.039	24.0497
   	100  	-795.694	-744.863	-665.039	22.1697
   	100  	-798.569	-754.156	-665.039	23.0358
   	100  	-803.773	-746.935	-665.039	19.5934
   	100  	-791.612	-743.373	-665.039	19.0463
   	100  	-797.492	-748.236	-665.039	19.4229
   	100  	-823.857	-750.985	-665.039	25.4482
   	100  	-794.557	-740.125	-665.039	19.4453
   	100  	-779.442	-733.876	-665.039	16.5381
   	100  	-781.96 	-733.432	-665.039	18.1153
   	100  	-790.176	-737.777	-665.039	17.2329
   	100  	-790.52 	-739.407	-665.039	19.7279
   	100  	-804.024	-743.907	-665.039	18.1928
   	100  	-776.489	-735.719	-665.039	17.236 
   	100  	-813.656	-753.897	-665.039	26.4852
   	100  	-781.526	-738.688	-665.039	14.8544
   	100  	-770.71 	-735.012	-665.039	13.3002
   	100  	-793.85 	-726.37 	-665.039	15.4384
   	100  	-782.246	-729.409	-665.039	15.9565
   	100  	-792.969	-744.755	-665.039	19.0726
   	100  	-814.452	-759.916	-665.039	22.8161
   	100  	-802.03 	-741.341	-665.039	21.4835
   	100  	-791.373	-743.628	-665.039	17.5277
   	100  	-794.678	-748.857	-665.039	15.8409
   	100  	-806.697	-772.362	-665.039	17.6741
   	100  	-825.914	-774.342	-665.039	20.4199
   	100  	-778.653	-735.523	-665.039	16.7382
   	100  	-787.574	-744.085	-665.039	18.1048
   	100  	-759.963	-725.204	-665.039	10.6881
   	100  	-789.839	-761.888	-665.039	15.7189
   	100  	-792.801	-745.51 	-665.039	12.5864
   	100  	-781.851	-749.353	-665.039	13.5235
   	100  	-780.933	-739.327	-665.039	12.4505
   	100  	-786.538	-750.437	-665.039	12.6857
   	100  	-798.337	-767.593	-665.039	15.411 
   	100  	-813.713	-775.782	-665.039	19.028 
   	100  	-785.631	-738.551	-665.039	16.1815
   	100  	-762.527	-737.579	-665.039	13.3038
   	100  	-760.893	-718.4  	-665.039	16.7394
   	100  	-748.632	-720.794	-665.039	10.5951
   	100  	-765.746	-735.031	-665.039	12.2226
   	100  	-763.84 	-740.713	-665.039	13.3105
   	100  	-791.545	-746.843	-665.039	13.4827
   	100  	-756.729	-720.743	-665.039	13.9834
   	100  	-769.983	-730.066	-665.039	13.8003
   	100  	-777.73 	-745.413	-665.039	13.1533
   	100  	-780.823	-752.216	-665.039	10.6436
   	100  	-782.62 	-756.551	-665.039	14.3975
   	100  	-799.219	-772.472	-665.039	13.9403
   	100  	-787.017	-743.148	-665.039	10.7914
   	100  	-786.19 	-758.79 	-665.039	15.0416
   	100  	-813.243	-784.35 	-665.039	17.7749
   	100  	-793.18 	-769.174	-665.039	11.4734
   	100  	-785.075	-762.184	-665.039	15.288 
   	100  	-780.303	-760.898	-665.039	13.2455
   	100  	-769.154	-738.23 	-665.039	14.223 
   	100  	-805.872	-773.317	-665.039	19.6341
   	100  	-782.505	-713.976	-665.039	20.5033
   	100  	-800.421	-756.105	-665.039	24.0112
   	100  	-769.966	-721.439	-665.039	10.0448
   	100  	-726.606	-707.505	-665.039	8.40963
   	100  	-792.567	-768.905	-665.039	24.8922
   	100  	-786.825	-753.517	-665.039	15.1092
   	100  	-772.552	-744.478	-665.039	12.0712
   	100  	-776.986	-743.419	-665.039	16.7539
   	100  	-772.569	-744.34 	-665.039	13.0351
   	100  	-786.435	-755.38 	-665.039	14.7681
   	100  	-782.107	-730.923	-665.039	17.1311
   	100  	-745.03 	-726.955	-665.039	9.97767
   	100  	-767.996	-748.449	-665.039	11.9811
   	100  	-789.51 	-763.514	-665.039	14.7133
   	100  	-765.604	-738.148	-665.039	7.80282
   	100  	-752.806	-734.11 	-665.039	6.17491
   	100  	-788.234	-771.549	-665.039	15.0752
   	100  	-775.596	-724.911	-665.039	12.464 
   	100  	-731.605	-724.569	-665.039	4.95165
   	100  	-778.798	-753.236	-665.039	11.6936
   	100  	-759.106	-736.868	-665.039	8.7838 
   	100  	-765.869	-757.562	-665.039	11.024 
   	100  	-763.372	-740.947	-665.039	9.90196
   	100  	-784.078	-770.536	-665.039	13.3963
   	100  	-775.006	-753.785	-665.039	11.0803
   	100  	-759.779	-734.354	-665.039	8.61552
gen	depth	min     	avg     	max     	std    
   	100  	-780.471	-733.726	-678.669	17.4971
   	100  	-780.203	-727.41 	-670.43 	16.7074
   	100  	-778.781	-724.897	-670.43 	16.9996
   	100  	-773.775	-725.266	-670.43 	16.609 
   	100  	-784.733	-727.073	-670.43 	19.2186
   	100  	-782.94 	-728.255	-670.43 	19.2173
   	100  	-788.692	-736.407	-670.43 	21.6319
   	100  	-782.541	-732.117	-670.43 	19.4608
   	100  	-789.944	-729.88 	-670.43 	20.9028
   	100  	-817.37 	-743.285	-670.43 	28.796 
   	100  	-790.472	-728.701	-670.43 	18.4923
   	100  	-796.956	-735.841	-670.43 	23.1589
   	100  	-808.336	-736.92 	-670.43 	20.2333
   	100  	-779.438	-731.681	-670.43 	17.5186
   	100  	-798.571	-744.665	-670.43 	19.0858
   	100  	-812.845	-751.005	-670.43 	21.3995
   	100  	-803.34 	-749.685	-670.43 	20.9315
   	100  	-832.29 	-742.495	-670.43 	17.9019
   	100  	-794.11 	-740.113	-670.43 	20.4415
   	100  	-796.64 	-742.509	-670.43 	22.641 
   	100  	-788.815	-728.357	-670.43 	21.5301
   	100  	-799.159	-744.903	-670.43 	20.9647
   	100  	-785.343	-741.083	-670.43 	15.9672
   	100  	-798.37 	-748.387	-670.43 	18.617 
   	100  	-805.287	-746.915	-670.43 	19.7064
   	100  	-795.246	-742.526	-670.43 	20.3846
   	100  	-807.979	-752.662	-670.43 	21.6683
   	100  	-794.098	-738.977	-670.43 	21.7693
   	100  	-812.197	-736.127	-670.43 	21.5628
   	100  	-788.541	-746.124	-670.43 	22.1672
   	100  	-805.885	-749.534	-670.43 	19.2969
   	100  	-769.31 	-717.986	-670.43 	19.7611
   	100  	-801.164	-749.075	-670.43 	25.2998
   	100  	-787.233	-729.116	-670.43 	15.6631
   	100  	-805.691	-741.505	-670.43 	15.599 
   	100  	-769.115	-731.992	-670.43 	10.6439
   	100  	-766.952	-743.826	-670.43 	13.6425
   	100  	-774.787	-743.205	-670.43 	12.623 
   	100  	-799.79 	-762.467	-670.43 	14.826 
   	100  	-788.009	-753.732	-670.43 	21.377 
   	100  	-793.237	-754.597	-670.43 	14.0602
   	100  	-773.953	-738.367	-670.43 	19.4152
   	100  	-816.321	-770.986	-670.43 	21.7616
   	100  	-786.139	-744.777	-670.43 	21.2725
   	100  	-799.982	-760.147	-670.43 	19.9518
   	100  	-774.729	-733.939	-670.43 	16.4267
   	100  	-785.904	-756.168	-670.43 	16.2036
   	100  	-816.324	-764.825	-670.43 	22.8188
   	100  	-772.936	-741.335	-670.43 	11.7923
   	100  	-811.785	-768.08 	-670.43 	24.7613
   	100  	-795.367	-736.98 	-670.43 	16.2068
   	100  	-795.623	-764.23 	-670.43 	18.3001
   	100  	-779.371	-740.524	-670.43 	17.4086
   	100  	-771.561	-727.547	-670.43 	12.3093
   	100  	-759.599	-729.069	-670.43 	12.7802
   	100  	-784.474	-740.698	-670.43 	16.4115
   	100  	-760.768	-734.457	-670.43 	10.6606
   	100  	-793.177	-761.819	-670.43 	17.817 
   	100  	-775.679	-721.972	-670.43 	16.3541
   	100  	-781.66 	-743.393	-670.43 	17.6315
   	100  	-763.559	-728.147	-670.43 	10.0698
   	100  	-792.994	-740.708	-670.43 	14.3785
   	100  	-782.849	-739.8  	-670.43 	11.2861
   	100  	-792.888	-758.604	-670.43 	17.7878
   	100  	-783.617	-746.058	-670.43 	10.3843
   	100  	-768.469	-726.346	-670.43 	17.9144
   	100  	-813.467	-776.123	-670.43 	23.3092
   	100  	-791.12 	-756.091	-670.43 	14.4444
   	100  	-787.669	-747.876	-670.43 	12.7188
   	100  	-792.767	-740.304	-670.43 	12.0532
   	100  	-754.618	-732.022	-670.43 	10.8881
   	100  	-775.364	-745.6  	-670.43 	14.9748
   	100  	-775.94 	-739.674	-670.43 	12.855 
   	100  	-816.356	-765.676	-670.43 	19.3835
   	100  	-777.092	-750.191	-670.43 	11.9834
   	100  	-812.883	-770.679	-670.43 	15.122 
   	100  	-826.666	-792.425	-670.43 	17.1323
   	100  	-809.009	-769.413	-670.43 	12.3677
   	100  	-792.578	-748.754	-670.43 	13.0759
   	100  	-761.212	-728.274	-670.43 	14.7712
   	100  	-818.312	-777.892	-670.43 	25.4901
   	100  	-793.021	-746.49 	-670.43 	14.9418
   	100  	-767.226	-744.698	-670.43 	10.2237
   	100  	-776.508	-744.935	-670.43 	10.8974
   	100  	-801.473	-752.975	-670.43 	18.2627
   	100  	-807.498	-783.698	-670.43 	17.3448
   	100  	-829.496	-747.229	-670.43 	17.081 
   	100  	-828.596	-770.484	-670.43 	12.9545
   	100  	-773.788	-726.649	-670.43 	12.927 
   	100  	-757.338	-731.333	-670.43 	7.44153
   	100  	-796.931	-765.927	-670.43 	18.0256
   	100  	-812.372	-769.085	-670.43 	14.0106
   	100  	-767.599	-735.843	-670.43 	10.0221
   	100  	-779.204	-762.095	-670.43 	12.8203
   	100  	-789.896	-767.803	-670.43 	9.17108
   	100  	-769.626	-743.821	-670.43 	10.3868
   	100  	-761.061	-743.166	-670.43 	6.32318
   	100  	-757.359	-726.445	-670.43 	9.07425
   	100  	-747.421	-733.258	-670.43 	8.67191
   	100  	-769.859	-751.658	-670.43 	11.6805
gen	depth	min     	avg     	max     	std    
   	100  	-788.355	-734.716	-690.673	17.969 
   	100  	-777.549	-725.539	-690.013	15.7271
   	100  	-783.044	-724.567	-679.973	16.5775
   	100  	-796.842	-724.499	-679.973	18.2242
   	100  	-778.451	-721.459	-676.555	17.5877
   	100  	-780.816	-724.884	-673.888	19.7406
   	100  	-790.059	-732.648	-673.888	19.796 
   	100  	-798.93 	-736.276	-673.888	21.2797
   	100  	-811.816	-736.459	-673.888	25.4528
   	100  	-793.635	-736.598	-673.888	22.4228
   	100  	-801.521	-740.411	-673.888	20.1411
   	100  	-797.484	-741.714	-673.888	18.7741
   	100  	-805.297	-740.817	-673.888	22.6574
   	100  	-800.392	-740.505	-673.888	21.6317
   	100  	-794.254	-728.849	-673.888	19.3676
   	100  	-791.306	-736.745	-673.888	23.8672
   	100  	-817.633	-750.336	-673.888	19.8236
   	100  	-814.478	-755.49 	-673.888	22.1829
   	100  	-800.983	-740.796	-673.888	22.7281
   	100  	-817.712	-740.814	-673.888	20.2132
   	100  	-796.163	-746.053	-673.888	18.4617
   	100  	-795.806	-746.63 	-673.888	19.2298
   	100  	-789.421	-740.509	-673.888	17.8045
   	100  	-808.165	-760.909	-673.888	20.2419
   	100  	-820.931	-761.136	-673.888	18.871 
   	100  	-816.993	-762.203	-673.888	22.0523
   	100  	-811.062	-741.438	-673.888	22.5674
   	100  	-827.256	-759.54 	-673.888	24.403 
   	100  	-829.706	-759.656	-673.888	25.4865
   	100  	-799.971	-741.491	-673.888	18.2757
   	100  	-801.966	-743.017	-673.888	18.8972
   	100  	-811.095	-752.656	-673.888	20.6157
   	100  	-804.612	-745.481	-673.888	21.3563
   	100  	-809.532	-761.043	-673.888	21.339 
   	100  	-803.858	-760.075	-673.888	19.2312
   	100  	-806.602	-750.365	-673.888	20.029 
   	100  	-812.632	-747.167	-673.888	24.2611
   	100  	-787.059	-735.2  	-673.888	16.1185
   	100  	-783.231	-736.576	-673.888	13.9465
   	100  	-765.964	-725.425	-673.888	10.8603
   	100  	-768.849	-728.044	-673.888	12.5834
   	100  	-790.061	-748.969	-673.888	15.9188
   	100  	-809.044	-767.596	-673.888	18.5761
   	100  	-784.224	-743.516	-673.888	14.3524
   	100  	-790.032	-747.786	-673.888	17.0249
   	100  	-817.996	-781.549	-673.888	23.991 
   	100  	-799.991	-744.057	-673.888	18.0111
   	100  	-784.608	-749.269	-673.888	14.7715
   	100  	-802.366	-760.778	-673.888	14.3086
   	100  	-804.96 	-749.863	-673.888	18.0017
   	100  	-810.737	-765.635	-673.888	16.5002
   	100  	-798.809	-726.64 	-673.888	17.8988
   	100  	-798.274	-747.414	-673.888	14.3599
   	100  	-819.65 	-747.117	-673.888	18.832 
   	100  	-816.539	-738.69 	-673.888	15.3344
   	100  	-772.983	-722.485	-673.888	16.7747
   	100  	-799.575	-767.156	-673.888	22.7093
   	100  	-811.323	-742.12 	-673.888	15.6175
   	100  	-809.665	-749.691	-673.888	13.4568
   	100  	-821.694	-734.294	-673.888	15.0424
   	100  	-792.732	-741.034	-673.888	17.368 
   	100  	-773.12 	-747.979	-673.888	12.2569
   	100  	-844.484	-792.511	-673.888	26.6618
   	100  	-811.207	-751.982	-673.888	18.475 
   	100  	-808.522	-757.688	-673.888	13.9675
   	100  	-813.455	-770.736	-673.888	20.0093
   	100  	-785.953	-747.543	-673.888	11.7005
   	100  	-810.447	-762.422	-673.888	17.5267
   	100  	-775.764	-742.478	-673.888	14.0786
   	100  	-782.482	-757.209	-673.888	14.2814
   	100  	-773.037	-737.067	-673.888	12.7395
   	100  	-781.404	-740.364	-673.888	16.0982
   	100  	-781.261	-734.937	-673.888	14.1303
   	100  	-788.967	-752.381	-673.888	15.8545
   	100  	-793.354	-750.975	-673.888	13.895 
   	100  	-795.227	-736.728	-673.888	15.4934
   	100  	-782.361	-740.711	-673.888	15.2777
   	100  	-770.524	-740.871	-673.888	14.3222
   	100  	-800.405	-739.554	-673.888	14.2338
   	100  	-781.087	-751.86 	-673.888	12.6089
   	100  	-794.273	-754.669	-673.888	14.2862
   	100  	-772.688	-755.525	-673.888	9.60344
   	100  	-787.519	-755.694	-673.888	11.9711
   	100  	-785.966	-742.786	-673.888	12.3744
   	100  	-778.124	-742.056	-673.888	11.6402
   	100  	-781.142	-720.043	-673.888	16.5819
   	100  	-750.871	-718.254	-673.888	10.3465
   	100  	-760.199	-724.449	-673.888	11.7777
   	100  	-779.362	-747.598	-673.888	11.2168
   	100  	-781.721	-749.686	-673.888	10.3851
   	100  	-807.654	-754.39 	-673.888	8.25972
   	100  	-758.215	-727.951	-673.888	8.52581
   	100  	-796.17 	-731.896	-673.888	5.44055
   	100  	-781.004	-721.218	-673.888	11.0736
   	100  	-783.405	-735.351	-673.888	8.0398 
   	100  	-799.273	-747.887	-673.888	10.8409
   	100  	-801.152	-776.969	-673.888	15.677 
   	100  	-790.422	-775.902	-673.888	9.83322
   	100  	-791.975	-770.892	-673.888	16     
   	100  	-790.797	-758.766	-673.888	9.85214
gen	depth	min     	avg     	max     	std    
   	100  	-787.059	-736.156	-677.354	16.7796
   	100  	-779.377	-727.202	-675.22 	17.8165
   	100  	-783.744	-723.444	-675.22 	17.6519
   	100  	-781.836	-724.819	-675.22 	16.259 
   	100  	-793.87 	-722.201	-675.22 	17.657 
   	100  	-780.932	-719.696	-667.562	18.8115
   	100  	-793.503	-729.819	-667.562	24.3532
   	100  	-793.367	-734.868	-667.562	20.1776
   	100  	-792.551	-738.609	-667.562	19.7194
   	100  	-789.148	-737.657	-667.562	21.1506
   	100  	-802.893	-739.487	-667.562	20.2044
   	100  	-792.979	-737.747	-667.562	20.7603
   	100  	-796.793	-734.943	-667.562	19.5288
   	100  	-798.178	-737.677	-667.562	20.2703
   	100  	-789.913	-735.166	-667.562	16.2017
   	100  	-798.109	-739.288	-667.562	17.1524
   	100  	-779.624	-736.778	-667.562	14.754 
   	100  	-805.64 	-745.606	-667.562	19.0478
   	100  	-812.264	-759.623	-667.562	24.3432
   	100  	-815.271	-743.839	-667.562	22.9358
   	100  	-805.558	-747.271	-667.562	19.5011
   	100  	-834.859	-770.724	-667.562	25.2217
   	100  	-789.327	-748.35 	-667.562	16.6228
   	100  	-794.382	-744.847	-667.562	15.8459
   	100  	-771.056	-718.678	-667.562	18.8767
   	100  	-786.84 	-738.181	-667.562	18.792 
   	100  	-820.837	-752.954	-667.562	17.7382
   	100  	-815.166	-757.91 	-667.562	17.8188
   	100  	-798.049	-750.356	-667.562	20.5124
   	100  	-793.82 	-743.108	-667.562	17.5976
   	100  	-815.444	-760.278	-667.562	22.9899
   	100  	-767.33 	-721.149	-667.562	15.2017
   	100  	-773.145	-730.766	-667.562	16.4384
   	100  	-801.797	-751.125	-667.562	20.5603
   	100  	-797.065	-734.246	-667.562	14.5254
   	100  	-791.888	-761.36 	-667.562	19.4618
   	100  	-773.788	-725.6  	-667.562	16.8597
   	100  	-806.171	-750.864	-667.562	19.703 
   	100  	-768.587	-738.195	-667.562	11.3077
   	100  	-795.557	-743.1  	-667.562	15.2343
   	100  	-789.215	-743.573	-667.562	14.4747
   	100  	-800.659	-755.979	-667.562	16.7029
   	100  	-775.447	-733.333	-667.562	15.3709
   	100  	-774.202	-743.46 	-667.562	15.7543
   	100  	-788.513	-749.782	-667.562	12.4923
   	100  	-787.632	-746.314	-667.562	15.4385
   	100  	-777.823	-735.066	-667.562	17.4234
   	100  	-781.229	-750.458	-667.562	17.6872
   	100  	-799.92 	-728.94 	-667.562	20.6917
   	100  	-768.451	-735.645	-667.562	12.7069
   	100  	-775.933	-744.971	-667.562	15.9235
   	100  	-764.585	-737.963	-667.562	11.969 
   	100  	-778.569	-738.609	-667.562	15.1503
   	100  	-790.098	-739.096	-667.562	16.5029
   	100  	-789.251	-749.369	-667.562	15.6438
   	100  	-786.198	-744.109	-667.562	15.5204
   	100  	-773.899	-750.822	-667.562	10.1807
   	100  	-776.338	-728.448	-667.562	12.2144
   	100  	-812.372	-778.638	-667.562	23.5089
   	100  	-784.431	-751.631	-667.562	11.753 
   	100  	-788.669	-760.434	-667.562	11.67  
   	100  	-792.243	-755.761	-667.562	13.9764
   	100  	-765.47 	-727.054	-667.562	11.2139
   	100  	-803.375	-742.119	-667.562	23.0671
   	100  	-785.59 	-735.769	-667.562	14.9309
   	100  	-795.11 	-771.186	-667.562	17.2636
   	100  	-783.644	-759.225	-667.562	9.53843
   	100  	-766.203	-745.254	-667.562	8.19037
   	100  	-769.772	-752.539	-667.562	10.937 
   	100  	-783.493	-726.486	-667.562	11.1594
   	100  	-793.862	-754.634	-667.562	15.112 
   	100  	-793.904	-744.017	-667.562	13.1315
   	100  	-785.308	-749.341	-667.562	14.8881
   	100  	-778.746	-753.218	-667.562	11.1129
   	100  	-787.224	-756.032	-667.562	12.3536
   	100  	-774.38 	-736.603	-667.562	14.8907
   	100  	-797.43 	-765.422	-667.562	16.5631
   	100  	-772.621	-735.222	-667.562	12.8609
   	100  	-780.583	-742.789	-667.562	10.6465
   	100  	-753.846	-721.198	-667.562	7.77488
   	100  	-765.504	-737.533	-667.562	12.6297
   	100  	-780.412	-751.031	-667.562	12.2966
   	100  	-786.578	-768.036	-667.562	11.795 
   	100  	-791.471	-774.738	-667.562	11.5768
   	100  	-794.445	-764.748	-667.562	12.8074
   	100  	-772.815	-731.362	-667.562	14.1029
   	100  	-779.873	-736.599	-667.562	9.58644
   	100  	-792.24 	-755.176	-667.562	15.927 
   	100  	-795.105	-740.556	-667.562	15.2335
   	100  	-801.74 	-770.967	-667.562	16.9417
   	100  	-815.383	-757.905	-667.562	15.8663
   	100  	-784.853	-759.482	-667.562	14.3642
   	100  	-803.737	-758.662	-667.562	14.741 
   	100  	-784.79 	-752.148	-667.562	12.3258
   	100  	-798.334	-755.911	-667.562	18.7403
   	100  	-827.665	-767.111	-667.562	18.8412
   	100  	-789.892	-746.618	-667.562	17.7183
   	100  	-834.565	-768.423	-667.562	24.7123
   	100  	-789.061	-752.038	-667.562	14.5989
   	100  	-791.392	-756.188	-667.562	13.4391
gen	depth	min     	avg     	max     	std    
   	100  	-781.095	-734.085	-677.052	17.4965
   	100  	-776.614	-723.882	-665.142	17.5971
   	100  	-788.445	-723.917	-665.142	17.8382
   	100  	-771.168	-723.537	-665.142	16.5156
   	100  	-785.636	-725.041	-665.142	19.7397
   	100  	-799.528	-729.62 	-665.142	21.8977
   	100  	-804.335	-727.871	-665.142	20.4237
   	100  	-781.736	-730.979	-665.142	17.8673
   	100  	-792.012	-726.807	-665.142	19.3809
   	100  	-798.932	-730.265	-665.142	21.1256
   	100  	-794.164	-728.473	-665.142	20.6548
   	100  	-813.795	-752.921	-665.142	27.3271
   	100  	-804.471	-739.91 	-665.142	21.6816
   	100  	-794.862	-738.784	-665.142	18.2062
   	100  	-794.598	-730.717	-665.142	18.5456
   	100  	-789.904	-738.296	-665.142	18.5826
   	100  	-785.86 	-727.55 	-665.142	18.8918
   	100  	-803.271	-741.196	-665.142	22.3046
   	100  	-797.556	-743.147	-665.142	23.6936
   	100  	-813.07 	-739.223	-665.142	19.3018
   	100  	-792.876	-747.771	-665.142	19.5743
   	100  	-788.054	-736.293	-665.142	19.2914
   	100  	-798.146	-744.919	-665.142	20.263 
   	100  	-799.22 	-749.259	-665.142	19.8721
   	100  	-810.756	-755.657	-665.142	20.9227
   	100  	-811.743	-752.717	-665.142	23.9267
   	100  	-819.759	-748.56 	-665.142	21.3648
   	100  	-818.429	-755.961	-665.142	20.7856
   	100  	-804.46 	-749.874	-665.142	19.4555
   	100  	-781.524	-723.545	-665.142	20.384 
   	100  	-810.043	-759.394	-665.142	23.8072
   	100  	-803.105	-753.295	-665.142	21.5368
   	100  	-844.081	-763.593	-665.142	21.5744
   	100  	-785.937	-735.6  	-665.142	18.6729
   	100  	-796.766	-743.839	-665.142	21.5206
   	100  	-806.763	-763.157	-665.142	19.9809
   	100  	-784.928	-740.235	-665.142	18.3542
   	100  	-787.787	-739.082	-665.142	16.6967
   	100  	-816.973	-765.147	-665.142	23.2088
   	100  	-782.127	-739.463	-665.142	20.0847
   	100  	-789.54 	-743.248	-665.142	16.3748
   	100  	-806.851	-760.087	-665.142	20.7121
   	100  	-806.2  	-756.985	-665.142	21.3375
   	100  	-811.302	-760.33 	-665.142	21.9552
   	100  	-782.961	-743.99 	-665.142	18.0818
   	100  	-837.48 	-759.966	-665.142	23.3614
   	100  	-816.074	-760.091	-665.142	20.9317
   	100  	-802.836	-738.53 	-665.142	19.8286
   	100  	-784.776	-737.275	-663.756	21.5735
   	100  	-813.05 	-764.93 	-663.756	24.3605
   	100  	-795.253	-725.622	-663.756	22.2469
   	100  	-808.817	-762.039	-663.756	22.3047
   	100  	-809.422	-754.69 	-663.756	18.8742
   	100  	-799.581	-731.593	-663.756	14.8109
   	100  	-792.274	-741.706	-663.756	16.0074
   	100  	-784.781	-736.243	-663.756	13.7183
   	100  	-775.843	-719.41 	-663.756	15.1328
   	100  	-752.439	-730.76 	-663.756	10.8249
   	100  	-776.09 	-736.107	-663.756	16.0009
   	100  	-769.259	-749.107	-663.756	10.9954
   	100  	-757.052	-728.627	-663.756	9.69439
   	100  	-820.702	-782.254	-663.756	23.8739
   	100  	-786.682	-729.431	-663.756	17.722 
   	100  	-772.189	-737.455	-663.756	14.1235
   	100  	-810.887	-760.384	-663.756	18.8223
   	100  	-786.713	-750.519	-663.756	14.6393
   	100  	-781.516	-739.031	-663.756	11.1569
   	100  	-781.821	-742.769	-663.756	12.5091
   	100  	-778.127	-740.421	-663.756	13.2854
   	100  	-800.703	-764.648	-663.756	14.7457
   	100  	-817.917	-764.478	-663.756	19.2004
   	100  	-793.049	-764.699	-663.756	13.8674
   	100  	-785.412	-747.286	-663.756	16.8543
   	100  	-784.145	-752.982	-663.756	10.6858
   	100  	-763.619	-738.777	-663.756	11.0456
   	100  	-801.007	-759.592	-663.756	11.1731
   	100  	-769.625	-722.47 	-663.756	11.8459
   	100  	-775.046	-745.726	-663.756	11.9503
   	100  	-775.884	-750.526	-663.756	11.6593
   	100  	-779.185	-757.304	-663.756	11.5428
   	100  	-760.687	-709.088	-663.756	13.1712
   	100  	-777.28 	-732.268	-663.756	12.7832
   	100  	-756.617	-717.928	-663.756	7.04655
   	100  	-802.736	-769.258	-663.756	20.0431
   	100  	-781.612	-767.375	-663.756	12.8069
   	100  	-789.382	-764.301	-663.756	9.7452 
   	100  	-825.929	-798.883	-663.756	14.6996
   	100  	-844.635	-818.703	-663.756	16.2043
   	100  	-828.15 	-756.176	-663.756	21.9185
   	100  	-779.147	-727.179	-663.756	10.9075
   	100  	-794.825	-772.228	-663.756	19.4955
   	100  	-851.742	-834.661	-663.756	23.5286
   	100  	-846.375	-786.786	-663.756	22.7562
   	100  	-796.922	-741.936	-663.756	15.7798
   	100  	-762.057	-733.139	-663.756	10.7718
   	100  	-765.715	-745.369	-663.756	10.4351
   	100  	-784.135	-749.712	-663.756	11.2088
   	100  	-756.009	-705.938	-663.756	18.4935
   	100  	-802.706	-775.826	-663.756	27.9961
   	100  	-808.306	-796.603	-663.756	20.1904
gen	depth	min     	avg     	max     	std    
   	100  	-803.96 	-737.467	-680.997	17.2362
   	100  	-781.873	-731.066	-679.308	18.1725
   	100  	-790.785	-723.562	-679.308	17.4194
   	100  	-769.717	-723.275	-668.927	17.9847
   	100  	-779.483	-721.634	-668.927	17.3903
   	100  	-770.358	-721.824	-668.927	16.9763
   	100  	-764.262	-719.275	-668.927	18.2058
   	100  	-769.642	-718.954	-668.927	18.6257
   	100  	-799.719	-737.273	-668.927	23.5976
   	100  	-790.161	-729.36 	-668.927	19.928 
   	100  	-795.551	-730.82 	-668.927	18.1689
   	100  	-801.72 	-744.835	-668.927	21.0496
   	100  	-785.108	-734.104	-668.927	17.5954
   	100  	-794.932	-741.668	-668.927	20.1329
   	100  	-815.966	-744.426	-668.927	21.1207
   	100  	-822.415	-753.747	-668.927	24.3446
   	100  	-838.912	-744.596	-668.927	24.2295
   	100  	-809.968	-744.456	-668.927	22.4511
   	100  	-804.603	-755.906	-668.927	21.4081
   	100  	-805.921	-743.015	-668.927	22.5764
   	100  	-820.081	-759.717	-668.927	25.5895
   	100  	-799.324	-749.328	-668.927	18.8572
   	100  	-802.852	-735.416	-668.927	23.7832
   	100  	-793.101	-742.874	-668.927	20.8023
   	100  	-804.416	-744.29 	-668.927	21.5453
   	100  	-792.513	-747.391	-668.927	17.3798
   	100  	-777.703	-724.473	-668.927	20.3113
   	100  	-784.947	-744.22 	-668.927	22.0076
   	100  	-808.048	-751.1  	-668.927	22.5425
   	100  	-807.946	-760.605	-668.927	23.4696
   	100  	-789.015	-738.227	-668.927	19.4045
   	100  	-781.089	-737.036	-668.927	15.1026
   	100  	-816.267	-747.967	-668.927	22.9762
   	100  	-789.714	-744.158	-668.927	17.9606
   	100  	-800.045	-761.816	-668.927	16.2007
   	100  	-807.141	-735.663	-668.927	25.6612
   	100  	-802.692	-753.002	-668.927	21.0215
   	100  	-791.332	-757.886	-668.927	16.4284
   	100  	-804.736	-753.975	-668.927	16.1159
   	100  	-810.504	-759.764	-668.927	20.9889
   	100  	-797.308	-731.736	-668.927	21.8091
   	100  	-799.095	-752.924	-668.927	24.0136
   	100  	-796.476	-736.482	-668.927	18.9619
   	100  	-811.112	-760.074	-668.927	21.1136
   	100  	-790.425	-748.815	-668.927	13.3948
   	100  	-799.429	-745.963	-668.927	18.4504
   	100  	-803.268	-759.369	-668.927	17.519 
   	100  	-772.171	-737.901	-668.927	13.8015
   	100  	-806.607	-763.568	-668.927	20.1811
   	100  	-790.837	-743.813	-668.927	18.9334
   	100  	-804.08 	-752.727	-668.927	18.1483
   	100  	-803.39 	-760.567	-668.927	20.0487
   	100  	-800.218	-743.334	-668.927	19.0295
   	100  	-830.664	-771.504	-668.927	31.7078
   	100  	-794.886	-739.604	-668.927	19.9576
   	100  	-786.88 	-740.52 	-668.927	19.3489
   	100  	-807.871	-751.189	-668.927	19.7092
   	100  	-781.343	-743.036	-668.927	18.1274
   	100  	-793.511	-736.645	-668.927	13.4127
   	100  	-810.142	-751.714	-668.927	18.3573
   	100  	-783.371	-743.925	-668.927	13.7962
   	100  	-758.641	-724.156	-668.927	16.2722
   	100  	-796.968	-740.235	-668.927	18.6766
   	100  	-784.547	-741.493	-668.927	17.8833
   	100  	-785.214	-721.168	-668.927	21.2515
   	100  	-795.9  	-744.621	-668.927	23.1544
   	100  	-776.17 	-740.852	-668.927	13.833 
   	100  	-776.82 	-737.103	-668.927	14.9891
   	100  	-817.131	-783.276	-668.927	23.05  
   	100  	-790.993	-745.175	-668.927	16.2997
   	100  	-801.833	-732.303	-668.927	17.136 
   	100  	-790.212	-750.737	-668.927	18.1522
   	100  	-778.796	-740.636	-668.927	14.7597
   	100  	-788.33 	-736.737	-668.927	15.2358
   	100  	-795.196	-750.559	-668.927	18.8649
   	100  	-809.764	-758.001	-668.927	18.7798
   	100  	-770.229	-740.042	-668.927	10.2133
   	100  	-805.794	-766.535	-668.927	16.0249
   	100  	-783.864	-748.946	-668.927	11.727 
   	100  	-793.106	-748.7  	-668.927	10.2063
   	100  	-770.247	-740.604	-668.927	9.13969
   	100  	-772.296	-743.036	-668.927	11.3895
   	100  	-769.981	-734.388	-668.927	11.2126
   	100  	-767.766	-742.095	-668.927	13.1516
   	100  	-779.59 	-747.985	-668.927	13.0683
   	100  	-820.629	-783.269	-668.927	18.5853
   	100  	-794.243	-760.791	-668.927	13.5876
   	100  	-778.352	-757.823	-668.927	10.463 
   	100  	-806.615	-780.1  	-668.927	13.1889
   	100  	-781.727	-729.129	-668.927	14.9733
   	100  	-799.885	-761.555	-668.927	17.1499
   	100  	-770.98 	-730.66 	-668.927	19.8659
   	100  	-759.801	-729.285	-668.927	11.6571
   	100  	-749.077	-718.458	-668.927	10.1069
   	100  	-766.07 	-750.389	-668.927	10.7408
   	100  	-756.652	-735.934	-668.927	9.26051
   	100  	-777.847	-748.859	-668.927	11.785 
   	100  	-786.61 	-769.596	-668.927	11.4066
   	100  	-773.509	-737.876	-668.927	13.4686
   	100  	-765.068	-744.108	-668.927	9.96619
