gen	depth	min     	avg     	max     	std    
   	100  	-391.53 	-338.694	-296.874	15.4864
   	100  	-369.075	-330.534	-293.185	13.7359
   	100  	-367.875	-327.305	-289.045	13.5163
   	100  	-373.042	-328.571	-289.045	15.1813
   	100  	-376.061	-328.925	-288.648	17.1475
   	100  	-383.057	-336.571	-288.648	15.6453
   	100  	-392.488	-340.492	-288.648	18.4077
   	100  	-395.202	-337.432	-288.555	18.1218
   	100  	-376.487	-334.474	-285.978	16.3669
   	100  	-395.233	-341.702	-285.978	18.8251
   	100  	-392.486	-343.523	-285.978	17.3618
   	100  	-411.547	-350.182	-285.978	20.9766
   	100  	-410.212	-345.99 	-285.978	18.113 
   	100  	-392.545	-345.926	-285.978	18.2897
   	100  	-388.926	-346.028	-285.978	17.2428
   	100  	-391.193	-347.35 	-285.978	17.1513
   	100  	-381.234	-332.484	-285.978	17.371 
   	100  	-389.898	-347.183	-285.978	19.955 
   	100  	-396.481	-340.182	-285.978	18.7364
   	100  	-396.55 	-351.331	-285.978	16.8518
   	100  	-415.97 	-348.44 	-285.978	21.3217
   	100  	-385.757	-340.853	-285.978	15.0539
   	100  	-390.833	-345.449	-285.978	13.1559
   	100  	-390.24 	-350.965	-285.978	14.4326
   	100  	-384.684	-339.138	-285.978	15.611 
   	100  	-393.671	-356.704	-285.978	19.8413
   	100  	-400.911	-342.294	-285.978	15.7688
   	100  	-407.654	-356.537	-285.978	22.7962
   	100  	-400.837	-351.14 	-285.978	14.1362
   	100  	-401.649	-352.294	-285.978	19.456 
   	100  	-406.018	-361.375	-285.978	17.5814
   	100  	-386.065	-351.334	-285.978	15.0445
   	100  	-375.108	-335.366	-285.978	15.687 
   	100  	-399.14 	-335.03 	-285.978	16.9369
   	100  	-399.591	-359.08 	-285.978	17.5492
   	100  	-382.177	-339.082	-285.978	16.0355
   	100  	-373.992	-342.928	-285.978	13.158 
   	100  	-389.65 	-358.01 	-285.978	15.0156
   	100  	-399.13 	-369.588	-285.978	13.4077
   	100  	-396.918	-359.34 	-285.978	13.7406
   	100  	-396.976	-357.639	-285.978	16.0779
   	100  	-382.234	-347.468	-285.978	12.5553
   	100  	-388.598	-353.513	-285.978	14.0796
   	100  	-408.628	-359.223	-285.978	18.1871
   	100  	-410.27 	-368.06 	-285.978	16.5945
   	100  	-376.306	-345.122	-285.978	14.5358
   	100  	-389.771	-356.888	-285.978	15.8324
   	100  	-410.202	-366.574	-285.978	15.1549
   	100  	-407.132	-374.103	-285.978	15.3121
   	100  	-419.296	-360.246	-285.978	16.929 
   	100  	-378.874	-348.028	-285.978	12.6574
   	100  	-404.714	-358.114	-285.978	19.3469
   	100  	-378.213	-341.4  	-285.978	13.4347
   	100  	-410.201	-369.185	-285.978	20.5875
   	100  	-411.686	-377.148	-285.978	16.2796
   	100  	-409.43 	-363.268	-285.978	15.4501
   	100  	-372.318	-339.491	-285.978	12.553 
   	100  	-375.975	-329.786	-285.978	12.9967
   	100  	-381.058	-348.519	-285.978	13.2764
   	100  	-381.343	-343.128	-285.978	16.2533
   	100  	-380.593	-346.874	-285.978	14.3955
   	100  	-388.899	-353.812	-285.978	14.9655
   	100  	-379.571	-344.886	-285.978	13.1214
   	100  	-388.798	-350.726	-285.978	12.7057
   	100  	-363.29 	-345.441	-285.978	7.55206
   	100  	-368.62 	-344.559	-285.978	7.44759
   	100  	-358.338	-326.097	-285.978	12.3362
   	100  	-373.711	-349.879	-285.978	12.6254
   	100  	-374.426	-344.54 	-285.978	8.61575
   	100  	-382.623	-365.415	-285.978	10.3612
   	100  	-369.961	-347.682	-285.978	10.4682
   	100  	-364.715	-346.373	-285.978	7.1776 
   	100  	-377.616	-351.91 	-285.978	7.54179
   	100  	-365.342	-342.186	-285.978	9.39556
   	100  	-365.972	-344.28 	-285.978	6.1057 
   	100  	-358.949	-336.566	-285.978	4.70908
   	100  	-382.077	-353.035	-285.978	8.70395
   	100  	-376.667	-357.09 	-285.978	6.48837
   	100  	-379.701	-354.593	-285.978	6.64351
   	100  	-360.515	-338.904	-285.978	11.1997
   	100  	-356.739	-339.942	-285.978	5.99769
   	100  	-378.218	-337.312	-285.978	12.2293
   	100  	-370.829	-336.114	-285.978	6.83323
   	100  	-345.037	-335.034	-285.978	4.50461
   	100  	-365.523	-352.261	-285.978	7.54955
   	100  	-353.91 	-343.807	-285.978	5.42533
   	100  	-395.188	-365.065	-285.978	16.3135
   	100  	-380.179	-330.605	-285.978	13.1485
   	100  	-380.648	-349.572	-285.978	9.95306
   	100  	-380.382	-335.916	-285.978	6.55167
   	100  	-399.953	-390.015	-285.978	18.5238
   	100  	-397.028	-384.935	-285.978	10.7074
   	100  	-386.349	-337.513	-285.978	16.1288
   	100  	-348.812	-335.377	-285.978	5.28218
   	100  	-376.175	-364.308	-285.978	13.8074
   	100  	-372.829	-356.192	-285.978	9.61194
   	100  	-401.108	-388.072	-285.978	12.3594
   	100  	-394.521	-370.047	-285.978	9.74066
   	100  	-371.291	-331.063	-285.978	13.0901
   	100  	-408.341	-360.956	-285.978	22.4703
gen	depth	min     	avg     	max     	std    
   	100  	-396.105	-339.31 	-295.587	15.7709
   	100  	-384.141	-332.466	-295.587	13.4744
   	100  	-385.67 	-331.779	-295.036	14.5486
   	100  	-379.717	-329.832	-287.865	16.5087
   	100  	-378.969	-331.377	-287.865	17.3912
   	100  	-390.718	-333.378	-287.865	15.6961
   	100  	-380.512	-335.772	-287.865	14.9231
   	100  	-389.451	-340.13 	-287.865	17.5562
   	100  	-385.229	-340.457	-287.865	14.4419
   	100  	-413.412	-346.098	-287.865	18.4483
   	100  	-386.062	-341.05 	-287.865	18.909 
   	100  	-376.848	-335.431	-287.865	15.627 
   	100  	-381.708	-336.459	-287.158	19.2909
   	100  	-392.404	-340.643	-287.158	17.145 
   	100  	-392.664	-347.99 	-287.158	18.4656
   	100  	-381.312	-334.064	-287.158	18.4035
   	100  	-389.927	-339.158	-287.158	15.4956
   	100  	-388.137	-342.012	-287.158	14.7048
   	100  	-396.872	-347.856	-287.158	17.3914
   	100  	-393.316	-336.986	-287.158	19.0028
   	100  	-394.576	-343.103	-287.158	17.8187
   	100  	-387.439	-331.273	-283.811	19.1483
   	100  	-411.249	-345.836	-283.811	18.353 
   	100  	-389.298	-340.061	-283.811	14.9338
   	100  	-405.262	-350.526	-283.811	18.0102
   	100  	-385.509	-336.881	-283.811	17.1207
   	100  	-391.179	-339.437	-283.811	19.9166
   	100  	-403.389	-357.771	-283.811	18.7939
   	100  	-413.425	-360.8  	-283.811	19.8019
   	100  	-379.019	-326.569	-283.811	16.2093
   	100  	-394.617	-336.871	-283.811	19.1786
   	100  	-400.598	-353.042	-283.811	17.6796
   	100  	-384.791	-340.56 	-283.811	14.5455
   	100  	-384.632	-340.845	-283.811	15.9918
   	100  	-386.981	-338.474	-283.811	15.1144
   	100  	-370.421	-343.378	-283.811	14.2911
   	100  	-396.862	-350.895	-283.811	17.8751
   	100  	-380.075	-333.033	-283.811	14.9461
   	100  	-384.311	-350.035	-283.811	17.4024
   	100  	-419.736	-362.161	-283.811	22.3834
   	100  	-390.813	-351.953	-283.811	15.0057
   	100  	-387.631	-348.361	-283.811	13.5374
   	100  	-369.586	-337.482	-283.811	12.3328
   	100  	-389.268	-350.29 	-283.811	15.8118
   	100  	-403.727	-349.166	-283.811	17.2976
   	100  	-375.075	-338.014	-283.811	12.2859
   	100  	-413.384	-351.294	-283.811	14.746 
   	100  	-389.122	-346.864	-283.811	15.3237
   	100  	-399.91 	-350.143	-283.811	16.6877
   	100  	-376.024	-328.06 	-283.811	14.6243
   	100  	-411.39 	-360.204	-283.811	20.2952
   	100  	-385.185	-352.925	-283.811	12.1966
   	100  	-381.074	-352.18 	-283.811	13.0132
   	100  	-378.193	-331.854	-283.811	12.4428
   	100  	-384.942	-351.01 	-283.811	14.2443
   	100  	-390.754	-349.713	-283.811	11.4716
   	100  	-367.959	-344.133	-283.811	12.3004
   	100  	-364.676	-336.04 	-283.811	9.47472
   	100  	-379.266	-337.551	-283.811	15.8687
   	100  	-395.981	-358.748	-283.811	17.4789
   	100  	-373.649	-328.147	-283.811	12.1115
   	100  	-385.594	-355.072	-283.811	18.154 
   	100  	-367.38 	-311.652	-283.811	16.2005
   	100  	-374.569	-335.93 	-283.811	15.7486
   	100  	-387.244	-353.353	-283.811	13.4693
   	100  	-384.536	-330.646	-283.811	13.5852
   	100  	-365.76 	-333.055	-283.811	9.20009
   	100  	-400.201	-345.132	-283.811	8.92389
   	100  	-378.622	-315.302	-283.811	12.339 
   	100  	-377.075	-353.203	-283.811	14.3578
   	100  	-386.97 	-355.948	-283.811	7.38541
   	100  	-393.626	-366.057	-283.811	9.36935
   	100  	-369.542	-335.392	-283.811	11.7494
   	100  	-358.976	-337.753	-283.811	5.28314
   	100  	-374.289	-348.202	-283.811	8.94251
   	100  	-375.747	-340.441	-283.811	7.64758
   	100  	-369.298	-348.749	-283.811	7.36369
   	100  	-374.943	-350.805	-283.811	7.02012
   	100  	-376.996	-348.481	-283.811	5.94282
   	100  	-367.32 	-341.534	-283.811	4.00499
   	100  	-370.593	-360.893	-283.811	9.4806 
   	100  	-377.486	-344.905	-283.811	7.86592
   	100  	-379.242	-367.366	-283.811	11.7781
   	100  	-375.675	-331.114	-283.811	10.2869
   	100  	-362.784	-343.815	-283.811	7.66797
   	100  	-379.218	-329.436	-283.811	11.6056
   	100  	-359.658	-341.742	-283.811	7.14481
   	100  	-365.559	-349.362	-283.811	6.51397
   	100  	-388.867	-377.041	-283.811	12.7245
   	100  	-385.588	-336.333	-283.811	12.4417
   	100  	-361.831	-350.851	-283.811	10.565 
   	100  	-360.446	-330.177	-283.811	7.21885
   	100  	-378.653	-354.676	-283.811	16.3852
   	100  	-378.945	-339.398	-283.811	11.6061
   	100  	-387.58 	-357.277	-283.811	15.168 
   	100  	-362.968	-340.167	-283.811	7.48596
   	100  	-376.127	-361.668	-283.811	11.5362
   	100  	-374.778	-357.361	-283.811	6.4837 
   	100  	-366.275	-342.965	-283.811	8.33839
   	100  	-364.335	-312.711	-283.811	9.42097
gen	depth	min     	avg     	max     	std    
   	100  	-381.652	-337.869	-297.958	13.5385
   	100  	-381.217	-333.297	-290.196	13.5461
   	100  	-376.172	-330.35 	-290.196	13.2551
   	100  	-386.385	-334.649	-290.196	17.0018
   	100  	-379.746	-332.981	-290.196	15.8285
   	100  	-371.874	-330.64 	-290.196	15.6949
   	100  	-388.934	-334.303	-290.196	15.4309
   	100  	-379.303	-336.344	-290.196	14.7768
   	100  	-381.304	-334.832	-290.196	15.4533
   	100  	-397.961	-344.142	-290.196	18.7806
   	100  	-381.704	-341.821	-290.196	16.3075
   	100  	-391.19 	-341.274	-290.196	15.8729
   	100  	-385.894	-344.689	-290.196	15.3351
   	100  	-376.933	-340.364	-290.196	14.6054
   	100  	-396.222	-348.38 	-290.196	19.5722
   	100  	-400.665	-345.673	-290.196	19.0139
   	100  	-399.628	-351.187	-290.196	19.1357
   	100  	-406.412	-345.587	-290.196	16.6383
   	100  	-392.516	-349.59 	-290.196	14.6591
   	100  	-388.719	-344.332	-290.196	17.1953
   	100  	-381.426	-339.48 	-290.196	15.2998
   	100  	-397.228	-346.682	-290.196	18.5853
   	100  	-387.145	-334.455	-290.196	15.9741
   	100  	-409.584	-350.444	-290.196	21.9887
   	100  	-389.753	-343.26 	-290.196	15.7161
   	100  	-392.557	-342.138	-290.196	16.7637
   	100  	-387.918	-343.159	-290.196	16.4785
   	100  	-399.135	-345.714	-290.196	15.4808
   	100  	-420.423	-362.857	-290.196	23.7525
   	100  	-408.766	-358.205	-290.196	22.9526
   	100  	-383.97 	-336.533	-290.196	18.927 
   	100  	-388.912	-348.792	-290.196	17.9285
   	100  	-399.591	-349.868	-290.196	17.7543
   	100  	-396.331	-344.01 	-290.196	16.6344
   	100  	-395.37 	-337.077	-290.196	14.6431
   	100  	-404.164	-341.014	-290.196	16.6091
   	100  	-397.96 	-355.495	-290.196	17.6691
   	100  	-423.476	-349.999	-290.196	23.9334
   	100  	-398.055	-354.659	-290.196	13.6479
   	100  	-410.907	-361.135	-290.196	17.1212
   	100  	-385.314	-344.625	-290.196	16.0617
   	100  	-410.219	-363.846	-290.196	21.5113
   	100  	-390.823	-345.368	-290.196	15.7019
   	100  	-417.678	-366.682	-290.196	21.2548
   	100  	-401.959	-337.428	-290.196	15.7061
   	100  	-401.962	-352.755	-290.196	18.3456
   	100  	-392.142	-355.395	-290.196	14.5988
   	100  	-402.774	-351.943	-290.196	16.1741
   	100  	-377.035	-336.741	-290.196	10.8788
   	100  	-381.208	-346.84 	-290.196	12.6538
   	100  	-415.592	-378.691	-290.196	18.9805
   	100  	-412.297	-371.642	-290.196	15.5926
   	100  	-410.714	-345.889	-290.196	15.4467
   	100  	-388.695	-358.362	-290.196	15.7107
   	100  	-402.255	-367.327	-290.196	16.5913
   	100  	-389.153	-347.916	-290.196	10.7948
   	100  	-385.715	-358.933	-290.196	11.5032
   	100  	-382.449	-350.281	-290.196	12.2247
   	100  	-415.583	-371.931	-290.196	17.5584
   	100  	-419.292	-363.076	-290.196	15.0398
   	100  	-376.734	-342.088	-290.196	12.4278
   	100  	-398.329	-357.816	-290.196	14.3401
   	100  	-377.155	-348.014	-290.196	12.654 
   	100  	-383.968	-355.527	-290.196	13.9478
   	100  	-373.811	-334.44 	-290.196	15.1944
   	100  	-399.05 	-353.788	-290.196	17.3474
   	100  	-379.126	-337.466	-290.196	14.9913
   	100  	-360.915	-327.392	-290.196	9.47723
   	100  	-382.36 	-344.793	-290.196	14.6028
   	100  	-403.772	-363.178	-290.196	14.6437
   	100  	-381.081	-349.893	-290.196	16.4234
   	100  	-405.028	-361.939	-290.196	16.185 
   	100  	-380.277	-334.179	-290.196	13.0611
   	100  	-369.123	-332.628	-290.196	9.96228
   	100  	-392.769	-362.579	-290.196	20.352 
   	100  	-386.809	-351.808	-290.196	12.1495
   	100  	-401.175	-374.639	-290.196	13.9614
   	100  	-394.523	-365.485	-290.196	13.4134
   	100  	-372.725	-336.076	-290.196	12.6906
   	100  	-390.239	-363.371	-290.196	16.5784
   	100  	-404.619	-355.359	-290.196	13.0172
   	100  	-380.932	-352.503	-290.196	10.727 
   	100  	-387.142	-356.708	-290.196	15.2829
   	100  	-412.783	-377.293	-290.196	21.6035
   	100  	-388.442	-343.838	-290.196	14.3715
   	100  	-387.142	-356.113	-290.196	15.7994
   	100  	-379.093	-351.745	-290.196	13.2685
   	100  	-370.18 	-333.356	-290.196	12.471 
   	100  	-405.181	-363.375	-290.196	20.0499
   	100  	-403.477	-361.457	-290.196	16.2564
   	100  	-365.625	-342.896	-290.196	10.1623
   	100  	-385.008	-358.376	-290.196	14.3016
   	100  	-384.361	-347.189	-290.196	11.9987
   	100  	-371.652	-345.451	-290.196	10.4277
   	100  	-397.074	-363.29 	-290.196	15.3309
   	100  	-384.588	-358.309	-290.196	13.1833
   	100  	-421.93 	-349.501	-290.196	17.3118
   	100  	-398.656	-345.107	-290.196	21.5368
   	100  	-377.819	-340.963	-290.196	11.2525
   	100  	-399.42 	-342.309	-290.196	16.5852
gen	depth	min     	avg     	max     	std    
   	100  	-375.473	-337.286	-295.062	14.3597
   	100  	-383.26 	-333.056	-295.062	14.9718
   	100  	-373.903	-326.092	-282.876	15.3945
   	100  	-369.021	-327.381	-282.876	14.1609
   	100  	-381.21 	-336.136	-282.876	17.5931
   	100  	-375.611	-330.186	-280.927	16.1466
   	100  	-380.543	-336.925	-280.927	17.3808
   	100  	-403.293	-340.692	-280.927	19.8782
   	100  	-375.424	-335.973	-280.927	14.5282
   	100  	-384.032	-340.967	-280.927	17.8338
   	100  	-385.619	-341.814	-280.927	16.4508
   	100  	-398.885	-347.159	-280.927	16.2133
   	100  	-397.718	-344.698	-280.927	18.6309
   	100  	-402.454	-352.507	-280.927	19.1273
   	100  	-400.618	-346.314	-280.927	17.917 
   	100  	-421.068	-358.801	-280.927	20.7686
   	100  	-399.726	-352.232	-280.927	18.584 
   	100  	-396.799	-345.993	-280.927	18.368 
   	100  	-409.34 	-345.826	-280.927	24.0264
   	100  	-414.295	-350.437	-280.927	22.9656
   	100  	-409.383	-349.714	-280.927	18.989 
   	100  	-390.523	-340.319	-280.927	14.7117
   	100  	-395.135	-354.651	-280.927	19.2298
   	100  	-409.272	-344.743	-280.927	17.7653
   	100  	-394.194	-344.371	-280.927	15.3086
   	100  	-390.152	-342.641	-280.927	18.258 
   	100  	-386.263	-333.723	-280.927	16.5853
   	100  	-397.034	-350.881	-280.927	18.7353
   	100  	-392.453	-351.416	-280.927	17.7497
   	100  	-376.029	-335.623	-280.927	14.397 
   	100  	-376.548	-336.969	-280.927	12.8618
   	100  	-406.767	-360.886	-280.927	21.1589
   	100  	-384.068	-336.928	-280.927	15.0412
   	100  	-394.096	-347.098	-280.927	17.3916
   	100  	-381.412	-343.154	-280.927	13.5562
   	100  	-393.986	-340.216	-280.927	16.7876
   	100  	-387.199	-350.038	-280.927	14.9986
   	100  	-395.006	-348.379	-280.927	16.5175
   	100  	-378.404	-341.052	-280.927	12.4189
   	100  	-398.875	-359.312	-280.927	17.0111
   	100  	-416    	-367.191	-280.927	18.5168
   	100  	-403.429	-360.403	-280.927	15.3647
   	100  	-401.381	-366.51 	-280.927	18.2824
   	100  	-411.393	-365.042	-280.927	16.4939
   	100  	-395.139	-349.398	-280.927	14.0501
   	100  	-408.478	-365.512	-280.927	19.3532
   	100  	-391.946	-350.626	-280.927	16.4655
   	100  	-401.258	-356.471	-280.927	14.9345
   	100  	-399.708	-354.259	-280.927	14.5781
   	100  	-400.439	-350.068	-280.927	16.2705
   	100  	-384.943	-349.741	-280.927	13.3677
   	100  	-376.028	-338.528	-280.927	12.4776
   	100  	-367.304	-326.577	-280.927	12.8567
   	100  	-389.896	-345.692	-280.927	16.4951
   	100  	-377.355	-343.714	-280.927	11.7157
   	100  	-359.499	-332.986	-280.927	12.1418
   	100  	-384.697	-345.229	-280.927	13.5157
   	100  	-387.376	-352.378	-280.927	11.1934
   	100  	-412.136	-379.251	-280.927	16.3099
   	100  	-391.678	-344.254	-280.927	13.9452
   	100  	-404.159	-372.94 	-280.927	20.0436
   	100  	-387.425	-341.013	-280.927	12.7913
   	100  	-376.948	-346.519	-280.927	12.6136
   	100  	-384.084	-347.561	-280.927	12.9627
   	100  	-386.739	-360.148	-280.927	13.9409
   	100  	-394.2  	-362.085	-280.927	11.7925
   	100  	-376.255	-354.495	-280.927	10.5583
   	100  	-384.38 	-337.94 	-280.927	15.911 
   	100  	-364.864	-318.987	-280.927	12.5422
   	100  	-402.753	-363.119	-280.927	27.127 
   	100  	-394.071	-355.789	-280.927	12.8708
   	100  	-364.624	-344.426	-280.927	9.36513
   	100  	-395.98 	-365.664	-280.927	16.7775
   	100  	-381.29 	-338.103	-280.927	13.0111
   	100  	-368.743	-335.863	-280.927	10.1468
   	100  	-369.877	-342.787	-280.927	8.76458
   	100  	-383.155	-341.695	-280.927	15.0959
   	100  	-369.503	-326.997	-280.927	8.49731
   	100  	-340.975	-326.409	-280.927	7.45133
   	100  	-376.684	-344.112	-280.927	12.481 
   	100  	-374.04 	-332.347	-280.927	8.97642
   	100  	-348.825	-330.223	-280.927	6.52112
   	100  	-404.432	-368.024	-280.927	15.0299
   	100  	-387.355	-333.527	-280.927	11.0874
   	100  	-379.216	-337.893	-280.927	7.66838
   	100  	-351.018	-306.797	-280.927	10.2162
   	100  	-379.1  	-358.429	-280.927	19.4119
   	100  	-381.27 	-349.906	-280.927	9.9715 
   	100  	-361.078	-349.519	-280.927	6.33658
   	100  	-379.469	-352.002	-280.927	7.59904
   	100  	-383.623	-369.566	-280.927	10.3172
   	100  	-385.425	-372.036	-280.927	9.99718
   	100  	-378.091	-364.063	-280.927	15.2571
   	100  	-374.072	-333.86 	-280.927	14.2687
   	100  	-396.51 	-369.127	-280.927	18.6381
   	100  	-385.569	-363.807	-280.927	13.3992
   	100  	-378.54 	-351.47 	-280.927	9.13224
   	100  	-362.235	-335.411	-280.927	11.9704
   	100  	-375.335	-360.261	-280.927	11.0301
   	100  	-376.725	-350.358	-280.927	14.0118
gen	depth	min     	avg     	max     	std    
   	100  	-393.926	-336.822	-295.49 	15.3178
   	100  	-372.944	-330.502	-293.363	14.1157
   	100  	-371.44 	-329.094	-289.323	13.9847
   	100  	-374.105	-331.445	-289.323	15.8443
   	100  	-400.267	-330.783	-286.65 	18.0141
   	100  	-379.381	-330.33 	-284.157	15.8225
   	100  	-386.994	-330.179	-284.157	16.2779
   	100  	-385.082	-336.551	-284.157	18.1704
   	100  	-392.988	-340.684	-284.157	18.2691
   	100  	-384.523	-336.239	-284.157	15.8335
   	100  	-395.494	-343.069	-284.157	20.635 
   	100  	-403.635	-348.128	-284.157	19.594 
   	100  	-389.861	-341.913	-284.157	15.5332
   	100  	-396.189	-342.938	-284.157	18.0614
   	100  	-384.513	-341.135	-284.157	17.9282
   	100  	-391.026	-338.561	-283.867	19.6098
   	100  	-391.168	-340.366	-283.867	17.5934
   	100  	-384.988	-340.227	-283.867	17.013 
   	100  	-400.796	-340.425	-283.867	21.842 
   	100  	-416.668	-330.846	-283.867	19.8826
   	100  	-408.001	-362.685	-283.867	23.4087
   	100  	-395.118	-351.833	-283.867	18.2178
   	100  	-408.757	-355.192	-283.867	17.4456
   	100  	-411.383	-359.253	-283.867	19.1439
   	100  	-376.454	-338.685	-283.867	15.7964
   	100  	-401.67 	-364.838	-283.867	21.9656
   	100  	-399.952	-353.837	-283.867	15.4584
   	100  	-388.78 	-347.18 	-283.867	14.2202
   	100  	-387.359	-345.143	-283.867	15.9403
   	100  	-393.293	-343.27 	-283.867	14.2402
   	100  	-381.066	-332.086	-283.867	13.1823
   	100  	-372.161	-337.769	-283.867	13.5889
   	100  	-385.684	-341.092	-283.867	14.1142
   	100  	-395.104	-350.276	-283.867	13.7362
   	100  	-374.566	-331.335	-283.867	13.3882
   	100  	-373.224	-334.201	-283.867	12.9712
   	100  	-349.011	-314.107	-283.867	8.2921 
   	100  	-382.63 	-344.251	-283.867	16.5428
   	100  	-402.127	-362.055	-283.867	15.1867
   	100  	-385.231	-353.138	-283.867	11.2442
   	100  	-390.697	-370.761	-283.867	13.5879
   	100  	-379.775	-346.629	-283.867	8.9033 
   	100  	-396.771	-367.353	-283.867	18.1178
   	100  	-396.169	-362.766	-283.867	11.6531
   	100  	-377.424	-338.144	-283.867	17.146 
   	100  	-359.29 	-342.84 	-283.867	10.4429
   	100  	-387.338	-355.218	-283.867	13.8812
   	100  	-415.3  	-379.449	-283.867	22.278 
   	100  	-397.376	-331.466	-283.867	23.3047
   	100  	-370.436	-344.428	-283.867	14.9891
   	100  	-393.316	-351.365	-283.867	11.9751
   	100  	-367.541	-335.671	-283.867	7.5915 
   	100  	-386.226	-354.565	-283.867	10.455 
   	100  	-372.49 	-338.093	-283.867	12.8329
   	100  	-347.429	-312.667	-283.867	8.77396
   	100  	-359.608	-340.26 	-283.867	11.3084
   	100  	-388.732	-368.352	-283.867	15.9751
   	100  	-370.303	-346.819	-283.867	9.94275
   	100  	-376.077	-363.865	-283.867	9.10467
   	100  	-366.085	-334.775	-283.867	11.6881
   	100  	-367.323	-346.856	-283.867	8.14814
   	100  	-364.284	-347.86 	-283.867	6.7862 
   	100  	-347.218	-298.479	-283.867	14.3737
   	100  	-326.088	-319.082	-283.867	9.38599
   	100  	-326.516	-322.187	-283.867	5.11507
   	100  	-381.544	-343.173	-283.867	10.7798
   	100  	-378.251	-365.714	-283.867	10.6267
   	100  	-368.73 	-359.683	-283.867	6.0144 
   	100  	-360.767	-328.866	-283.867	10.0229
   	100  	-387.063	-358.703	-283.867	15.0054
   	100  	-353.343	-329.999	-283.867	4.94543
   	100  	-353.398	-349.082	-283.867	7.29284
   	100  	-369.808	-365.669	-283.867	9.49556
   	100  	-369.808	-330.772	-283.867	10.434 
   	100  	-348.717	-341.092	-283.867	6.00893
   	100  	-343.757	-327.741	-283.867	4.84992
   	100  	-338.977	-314.066	-283.867	3.98589
   	100  	-378.153	-352.406	-283.867	11.2794
   	100  	-366.111	-345.866	-283.867	5.84659
   	100  	-352.893	-341.521	-283.867	3.1125 
   	100  	-349.545	-337.716	-283.867	4.27923
   	100  	-372.66 	-367.863	-283.867	11.9425
   	100  	-372.043	-342.393	-283.867	9.85672
   	100  	-364.488	-359.512	-283.867	9.01701
   	100  	-362.591	-352.081	-283.867	5.32007
   	100  	-368.528	-355.577	-283.867	7.80026
   	100  	-361.495	-341.87 	-283.867	8.93866
   	100  	-400    	-372.64 	-283.867	21.6128
   	100  	-393.757	-353.785	-283.867	7.45782
   	100  	-366.316	-352.713	-283.867	9.6979 
   	100  	-375.02 	-352.035	-283.867	7.20339
   	100  	-372.274	-354.567	-283.867	7.9862 
   	100  	-359.792	-339.392	-283.867	7.12796
   	100  	-364.63 	-354.012	-283.867	8.38367
   	100  	-360.866	-345.817	-283.867	5.16234
   	100  	-370.234	-356.391	-283.867	12.6365
   	100  	-365.959	-345.85 	-283.867	6.66935
   	100  	-370.068	-360.661	-283.867	8.33501
   	100  	-370.512	-348.78 	-283.867	8.96931
   	100  	-365.72 	-333.219	-283.867	9.55833
gen	depth	min     	avg     	max     	std    
   	100  	-390.682	-340.311	-294.344	15.0526
   	100  	-384.64 	-331.385	-292.526	13.2764
   	100  	-378.45 	-329.812	-292.526	14.996 
   	100  	-371.678	-333.462	-292.526	15.5002
   	100  	-372.441	-330.85 	-292.526	14.4235
   	100  	-378.568	-335.244	-290.887	17.0865
   	100  	-382.066	-332.551	-290.887	15.0385
   	100  	-380.241	-339.115	-290.887	18.4036
   	100  	-396.265	-340.175	-290.887	18.2746
   	100  	-386.401	-337.858	-283.906	20.4398
   	100  	-381.97 	-335.378	-283.906	16.8027
   	100  	-369.001	-334.47 	-283.906	16.3771
   	100  	-389.287	-340.862	-283.906	17.4824
   	100  	-391.497	-336.81 	-283.906	20.574 
   	100  	-396.938	-346.634	-283.906	22.8366
   	100  	-404.678	-348.256	-283.906	18.5482
   	100  	-391.845	-341.571	-283.906	14.6793
   	100  	-404.645	-345.41 	-283.906	17.0287
   	100  	-413.624	-342.642	-283.906	15.5356
   	100  	-394.687	-342.756	-283.906	16.2469
   	100  	-381.57 	-337.546	-283.906	15.1393
   	100  	-398.845	-339.767	-283.906	14.945 
   	100  	-398.273	-357.831	-283.906	17.9032
   	100  	-400.547	-360.472	-283.906	17.5799
   	100  	-402.195	-345.873	-283.906	18.5409
   	100  	-385.623	-337.833	-283.906	15.7421
   	100  	-396.99 	-349.99 	-283.906	17.2572
   	100  	-397.21 	-350.445	-283.906	15.724 
   	100  	-417.422	-362.876	-283.906	24.143 
   	100  	-403.216	-363.61 	-283.906	17.07  
   	100  	-406.589	-352.309	-283.906	16.8241
   	100  	-409.121	-351.959	-283.906	15.8233
   	100  	-411.803	-361.951	-283.906	14.9381
   	100  	-399.8  	-359.455	-283.906	18.8165
   	100  	-385.371	-341.686	-283.906	15.6517
   	100  	-398.504	-344.953	-283.906	13.8246
   	100  	-394.606	-354.85 	-283.906	18.364 
   	100  	-370.881	-337.481	-283.906	11.0764
   	100  	-412.089	-363.141	-283.906	20.8223
   	100  	-413.908	-366.104	-283.906	14.9024
   	100  	-392.677	-353.449	-283.906	14.1498
   	100  	-386.751	-344.213	-283.906	12.6461
   	100  	-386.369	-351.707	-283.906	13.8519
   	100  	-370.625	-330.84 	-283.906	11.2687
   	100  	-396.155	-358.098	-283.906	15.442 
   	100  	-393.012	-359.842	-283.906	11.3549
   	100  	-393.203	-363.433	-283.906	9.62791
   	100  	-401.272	-375.817	-283.906	15.1705
   	100  	-389.877	-347.704	-283.906	9.70127
   	100  	-378.552	-355.327	-283.906	9.69547
   	100  	-383.139	-351.06 	-283.906	11.0589
   	100  	-418.529	-370.986	-283.906	15.1913
   	100  	-382.671	-351.222	-283.906	12.9818
   	100  	-357.11 	-319.738	-283.906	12.2213
   	100  	-376.353	-343.163	-283.906	14.7136
   	100  	-363.147	-327.96 	-283.906	9.89801
   	100  	-410.959	-372.014	-283.906	21.5207
   	100  	-386.954	-342.357	-283.906	12.2775
   	100  	-396.315	-361.911	-283.906	15.8421
   	100  	-368.36 	-330.411	-283.906	10.6835
   	100  	-352.052	-328.739	-283.906	7.72314
   	100  	-362.999	-335.055	-283.906	9.73536
   	100  	-376.777	-354.783	-283.906	10.4337
   	100  	-374.005	-354.492	-283.906	7.77649
   	100  	-354.168	-329.732	-283.906	9.82034
   	100  	-403.814	-389.658	-283.906	21.1397
   	100  	-399.652	-344.964	-283.906	14.2443
   	100  	-373.528	-328.079	-283.906	11.9185
   	100  	-349.645	-342.125	-283.906	9.00378
   	100  	-364.962	-331.478	-283.906	9.78928
   	100  	-380.217	-359.103	-283.906	13.9106
   	100  	-376.267	-344.024	-283.906	8.17705
   	100  	-388.638	-365.058	-283.906	12.3526
   	100  	-390.137	-362.441	-283.906	9.18158
   	100  	-401.132	-363.942	-283.906	10.2159
   	100  	-388.979	-364.044	-283.906	10.6652
   	100  	-368.807	-339.427	-283.906	10.6437
   	100  	-371.836	-334.089	-283.906	7.53536
   	100  	-359.755	-347.917	-283.906	9.3218 
   	100  	-397.231	-385.247	-283.906	15.4602
   	100  	-392.213	-321.958	-283.906	22.0002
   	100  	-408.691	-377.992	-283.906	25.6655
   	100  	-389.392	-350.788	-283.906	11.1925
   	100  	-409.454	-367.397	-283.906	17.2222
   	100  	-376.966	-353.312	-283.906	7.80862
   	100  	-375.82 	-357.288	-283.906	9.84445
   	100  	-382.873	-360.587	-283.906	8.55416
   	100  	-362.343	-326.903	-283.906	11.2556
   	100  	-389.381	-348.052	-283.906	12.2614
   	100  	-361.328	-338.74 	-283.906	11.5465
   	100  	-374.057	-349.505	-283.906	11.8087
   	100  	-393.249	-330.233	-283.906	9.55614
   	100  	-374.078	-357.567	-283.906	11.2826
   	100  	-380.312	-352.132	-283.906	8.62631
   	100  	-393.587	-350.653	-283.906	6.32244
   	100  	-388.317	-371.135	-283.906	10.3031
   	100  	-385.057	-348.014	-283.906	6.96398
   	100  	-405.209	-347.461	-283.906	7.18248
   	100  	-389.825	-349.614	-283.906	6.40534
   	100  	-350.174	-336.066	-283.906	4.62054
gen	depth	min     	avg     	max     	std    
   	100  	-393.291	-337.7  	-291.36 	14.9074
   	100  	-388.797	-330.864	-290.666	14.9739
   	100  	-368.504	-326.98 	-290.666	13.9816
   	100  	-377.42 	-327.532	-290.666	16.5042
   	100  	-374.308	-331.268	-290.666	14.6883
   	100  	-368.756	-330.788	-288.983	14.5387
   	100  	-381.603	-332.642	-288.983	16.7925
   	100  	-396.656	-335.051	-286.173	18.5631
   	100  	-398.191	-341.351	-286.173	18.2903
   	100  	-386.245	-335.876	-286.173	14.4959
   	100  	-384.696	-339.905	-286.173	14.8227
   	100  	-378.039	-337.051	-286.173	15.5805
   	100  	-381.898	-331.227	-286.173	17.3253
   	100  	-392.214	-343.289	-286.173	19.8528
   	100  	-396.041	-344.602	-286.173	20.8776
   	100  	-418.081	-348.018	-286.173	20.1154
   	100  	-393.228	-348.346	-286.173	16.4356
   	100  	-392.458	-346.299	-286.173	15.7813
   	100  	-405.75 	-353.603	-286.173	22.1664
   	100  	-402.195	-348.159	-286.173	15.4842
   	100  	-392.31 	-344.501	-286.173	16.2066
   	100  	-381.278	-342.652	-286.173	14.8982
   	100  	-395.741	-346.011	-286.173	15.786 
   	100  	-385.218	-340.099	-286.173	14.7696
   	100  	-384.442	-343.994	-286.173	14.414 
   	100  	-387.618	-335.621	-286.173	15.3622
   	100  	-418.127	-368.08 	-286.173	23.9893
   	100  	-393.338	-346.059	-286.173	15.9704
   	100  	-382.85 	-346.071	-286.173	17.1595
   	100  	-404.964	-350.486	-286.173	17.1761
   	100  	-405.513	-354.624	-286.173	19.6661
   	100  	-395.475	-344.763	-286.173	15.9699
   	100  	-384.908	-345.744	-286.173	16.3391
   	100  	-408.871	-348.553	-286.173	16.4572
   	100  	-400.874	-358.52 	-286.173	16.7776
   	100  	-415.822	-374.236	-286.173	23.0059
   	100  	-387.606	-352.778	-286.173	18.2296
   	100  	-404.566	-353.85 	-286.173	16.0541
   	100  	-393.736	-347.696	-286.173	16.8646
   	100  	-394.769	-358.399	-286.173	17.9446
   	100  	-401.5  	-363.006	-286.173	14.038 
   	100  	-400.352	-355.474	-286.173	17.3594
   	100  	-427.835	-371.135	-286.173	19.2787
   	100  	-405.927	-361.869	-286.173	17.5886
   	100  	-402.576	-354.133	-286.173	18.2019
   	100  	-410.228	-342.634	-286.173	16.9659
   	100  	-377.1  	-341.379	-286.173	14.1795
   	100  	-369.376	-343.265	-286.173	15.2252
   	100  	-404.124	-349.291	-286.173	16.5443
   	100  	-400.347	-353.549	-286.173	17.4902
   	100  	-388.528	-342.552	-286.173	14.657 
   	100  	-402.028	-356.266	-286.173	18.2821
   	100  	-362.014	-328.729	-286.173	13.6832
   	100  	-390.551	-350.29 	-286.173	18.974 
   	100  	-376.465	-338.751	-286.173	15.7178
   	100  	-411.306	-369.079	-286.173	24.1283
   	100  	-393.967	-352.813	-286.173	16.0765
   	100  	-412.266	-358.954	-286.173	17.5895
   	100  	-391.699	-335.31 	-286.173	14.1284
   	100  	-398.078	-364.256	-286.173	18.7549
   	100  	-408.763	-361.405	-286.173	19.5401
   	100  	-403.031	-363.104	-286.173	16.7546
   	100  	-407.392	-363.244	-286.173	14.9029
   	100  	-394.376	-357.276	-286.173	17.5874
   	100  	-387.514	-333.15 	-286.173	16.7994
   	100  	-420.703	-364.169	-286.173	27.5812
   	100  	-387.904	-353.593	-286.173	13.5893
   	100  	-394.35 	-348.405	-286.173	15.3746
   	100  	-389.731	-340.804	-286.173	16.9612
   	100  	-384.674	-342.97 	-286.173	13.8241
   	100  	-386.596	-329.819	-286.173	13.9967
   	100  	-385.803	-337.716	-286.173	18.9589
   	100  	-371.049	-329.491	-286.173	14.6553
   	100  	-412.587	-365.174	-286.173	19.2292
   	100  	-372.878	-334.273	-286.173	11.6045
   	100  	-387.789	-349.043	-286.173	15.1887
   	100  	-361.799	-338.733	-286.173	10.0001
   	100  	-362.692	-326.772	-286.173	12.0159
   	100  	-362.909	-329.088	-286.173	11.3022
   	100  	-373.303	-340.563	-286.173	15.0253
   	100  	-385.786	-356.169	-286.173	12.9089
   	100  	-375.309	-339.172	-286.173	14.2095
   	100  	-411.157	-361.238	-286.173	18.3682
   	100  	-388.323	-349.086	-286.173	11.8378
   	100  	-406.899	-370.152	-286.173	14.3428
   	100  	-380.687	-353.459	-286.173	13.2949
   	100  	-378.879	-347.456	-286.173	10.4186
   	100  	-376.74 	-349.653	-286.173	11.6368
   	100  	-373.428	-346.467	-286.173	11.1911
   	100  	-371.706	-344.871	-286.173	9.51808
   	100  	-359.495	-326.853	-286.173	8.58357
   	100  	-372.511	-341.7  	-286.173	12.078 
   	100  	-375.605	-339.301	-286.173	10.0793
   	100  	-379.007	-354.914	-286.173	13.602 
   	100  	-377.666	-347.86 	-286.173	11.1431
   	100  	-371.564	-351.951	-286.173	10.1838
   	100  	-364.978	-344.721	-286.173	8.10715
   	100  	-385.024	-361.087	-286.173	12.7427
   	100  	-366.685	-330.703	-286.173	13.9848
   	100  	-387.591	-350.655	-286.173	16.2792
gen	depth	min     	avg     	max     	std    
   	100  	-380.983	-338.739	-297.778	15.3395
   	100  	-367.808	-331.216	-296.802	13.2177
   	100  	-375.648	-327.484	-296.333	14.5588
   	100  	-370.931	-326.808	-288.465	14.8846
   	100  	-390.912	-339.415	-288.465	19.9655
   	100  	-387.546	-336.04 	-288.465	15.2252
   	100  	-391.878	-334.836	-288.465	14.6925
   	100  	-404.191	-341.833	-288.465	16.8219
   	100  	-392.755	-338.449	-288.465	17.7969
   	100  	-397.034	-333.814	-288.465	17.5458
   	100  	-387.555	-343.192	-288.465	16.601 
   	100  	-384.774	-339.569	-288.465	16.7934
   	100  	-394.736	-345.73 	-288.465	19.514 
   	100  	-386.669	-339.019	-288.465	15.8342
   	100  	-389.095	-340.983	-288.465	15.8825
   	100  	-414.249	-346.717	-288.465	16.6687
   	100  	-401.435	-355.526	-288.465	20.0807
   	100  	-405.375	-349.356	-288.465	18.5906
   	100  	-391.45 	-344.402	-288.465	20.6086
   	100  	-396.094	-351.097	-288.465	18.724 
   	100  	-381.418	-339.931	-288.465	15.6067
   	100  	-388.007	-339.271	-288.465	16.0464
   	100  	-380.683	-342.049	-288.465	14.0807
   	100  	-399.371	-358.236	-288.465	19.1118
   	100  	-378.286	-338.826	-288.465	13.9469
   	100  	-386.842	-346.527	-288.465	15.6646
   	100  	-388.658	-339.815	-288.465	17.6088
   	100  	-379.976	-330.604	-288.465	14.6314
   	100  	-401.725	-355.292	-288.465	17.2932
   	100  	-380.559	-351.715	-288.465	12.8317
   	100  	-399.823	-349.839	-288.465	11.4065
   	100  	-388.353	-340.831	-288.465	19.1734
   	100  	-405.609	-349.483	-288.465	19.0076
   	100  	-407.579	-341.008	-288.465	20.1648
   	100  	-397.175	-355.374	-288.465	16.2606
   	100  	-394.885	-348.836	-288.465	13.6356
   	100  	-415.065	-376.401	-288.465	22.1713
   	100  	-407.348	-373.092	-288.465	16.3004
   	100  	-387.635	-355.485	-288.465	14.6607
   	100  	-397.123	-368.908	-288.465	14.9715
   	100  	-380.734	-342.353	-288.465	14.5321
   	100  	-381.509	-339.391	-288.465	14.3147
   	100  	-405.64 	-340.509	-288.465	16.5835
   	100  	-397.684	-357.911	-288.465	16.6654
   	100  	-375.67 	-325.194	-288.465	16.5205
   	100  	-404.15 	-349.497	-288.465	15.9266
   	100  	-356.086	-315.341	-288.465	15.7576
   	100  	-399.366	-337.965	-288.465	15.1451
   	100  	-388.426	-369.259	-288.465	14.4045
   	100  	-375.34 	-340.057	-288.465	10.6119
   	100  	-359.588	-339.177	-288.465	6.92011
   	100  	-390.666	-364.705	-288.465	12.4122
   	100  	-370.238	-339.42 	-288.465	10.162 
   	100  	-378.87 	-359.155	-288.465	9.62863
   	100  	-375.459	-336.847	-288.465	8.7255 
   	100  	-378.207	-346.837	-288.465	10.2915
   	100  	-387.22 	-357.52 	-288.465	10.4092
   	100  	-368.743	-334.71 	-288.465	7.12998
   	100  	-374.511	-356.742	-288.465	10.0279
   	100  	-367.664	-324.097	-288.465	9.28185
   	100  	-352.976	-332.796	-288.465	5.70949
   	100  	-378.911	-346.974	-288.465	12.243 
   	100  	-359.529	-340.821	-288.465	7.28669
   	100  	-353.444	-340.485	-288.465	4.89235
   	100  	-412.818	-400.435	-288.465	21.9007
   	100  	-409.426	-359.433	-288.465	16.2786
   	100  	-378.655	-352.756	-288.465	13.4367
   	100  	-382.161	-355.635	-288.465	18.2395
   	100  	-385.574	-348.327	-288.465	14.61  
   	100  	-388.335	-353.321	-288.465	10.2006
   	100  	-378.175	-353.984	-288.465	10.3364
   	100  	-370.582	-335.345	-288.465	11.2452
   	100  	-382.455	-346.219	-288.465	9.63019
   	100  	-372.385	-356.088	-288.465	9.89927
   	100  	-391.982	-351.085	-288.465	9.85819
   	100  	-370.859	-343.381	-288.465	5.38213
   	100  	-388.105	-373.216	-288.465	13.243 
   	100  	-382.003	-354.626	-288.465	11.6577
   	100  	-369.936	-334.214	-288.465	7.09354
   	100  	-380.811	-351.038	-288.465	10.8191
   	100  	-376.611	-362.286	-288.465	10.1143
   	100  	-405.628	-367.47 	-288.465	8.96186
   	100  	-370.634	-345.465	-288.465	10.2225
   	100  	-381.072	-356.244	-288.465	9.02309
   	100  	-372.641	-352.686	-288.465	8.99022
   	100  	-374.055	-354.236	-288.465	12.224 
   	100  	-368.269	-344.457	-288.465	11.7903
   	100  	-369.425	-347.343	-288.465	9.59499
   	100  	-366.115	-342.891	-288.465	9.30585
   	100  	-357.369	-332.484	-288.465	9.87246
   	100  	-395.58 	-353.451	-288.465	16.2526
   	100  	-390.319	-349.814	-288.465	16.0765
   	100  	-372.46 	-346.514	-288.465	9.48163
   	100  	-399.461	-352.505	-288.465	11.5158
   	100  	-354.027	-335.975	-288.465	5.87997
   	100  	-355.323	-337.407	-288.465	5.61072
   	100  	-385.108	-363    	-288.465	16.1895
   	100  	-382.865	-372.194	-288.465	10.4734
   	100  	-374.764	-340.549	-288.465	8.90402
   	100  	-362.806	-351.967	-288.465	7.88003
gen	depth	min     	avg     	max     	std    
   	100  	-392.722	-338.201	-304.729	14.0313
   	100  	-377.343	-332.135	-292.045	14.2615
   	100  	-385.725	-330.761	-292.045	15.828 
   	100  	-370.978	-331.83 	-292.045	15.0373
   	100  	-401.508	-335.84 	-288.953	19.4377
   	100  	-385.574	-337.955	-288.953	18.9858
   	100  	-409.923	-338.624	-288.953	17.1441
   	100  	-403.292	-334.862	-288.953	19.5131
   	100  	-390.632	-340.95 	-288.953	17.8967
   	100  	-382.658	-338.616	-288.953	17.071 
   	100  	-394.914	-344.055	-288.953	20.3708
   	100  	-390.471	-343.514	-288.953	17.8443
   	100  	-389.287	-346.681	-288.953	16.1249
   	100  	-385.772	-341.239	-288.953	16.918 
   	100  	-388.901	-348.929	-288.953	17.2456
   	100  	-389.305	-343.885	-288.953	16.4024
   	100  	-394.245	-343.391	-288.953	16.4185
   	100  	-395.623	-340.663	-281.883	17.7592
   	100  	-390.425	-339.376	-281.883	16.3076
   	100  	-395.29 	-339.99 	-281.883	16.8246
   	100  	-394.812	-342.454	-281.883	17.5746
   	100  	-384.469	-345.316	-281.883	18.9497
   	100  	-420.907	-353.833	-281.883	18.5521
   	100  	-389.675	-341.629	-281.883	18.3803
   	100  	-380.183	-338.1  	-281.883	14.3523
   	100  	-387.768	-346.905	-281.883	14.5586
   	100  	-377.265	-338.023	-281.883	15.0055
   	100  	-400.218	-349.634	-281.883	16.734 
   	100  	-407.144	-352.107	-281.883	20.8896
   	100  	-386.983	-347.101	-281.883	15.8507
   	100  	-401.969	-351.116	-281.883	18.7715
   	100  	-379.354	-338.037	-281.883	13.0462
   	100  	-393.207	-342.112	-281.883	15.6953
   	100  	-385.147	-340.981	-281.883	16.0054
   	100  	-397.458	-350.365	-281.883	15.6616
   	100  	-399.513	-353.69 	-281.883	18.2706
   	100  	-399.698	-353.266	-281.883	17.6805
   	100  	-389.18 	-346.59 	-281.883	13.9765
   	100  	-392.753	-356.395	-281.883	14.9045
   	100  	-386.912	-344.208	-281.883	16.4734
   	100  	-406.12 	-353.508	-281.883	22.2493
   	100  	-387.528	-348.635	-281.883	15.8067
   	100  	-389.264	-339.355	-281.883	13.2525
   	100  	-385.296	-342.485	-281.883	15.5336
   	100  	-385.533	-351.504	-281.883	12.8405
   	100  	-366.342	-334.566	-281.883	12.6598
   	100  	-371.79 	-335.719	-281.883	13.9824
   	100  	-405.582	-366.126	-281.883	16.9488
   	100  	-407.157	-371.125	-281.883	15.4735
   	100  	-406.622	-361.269	-281.883	16.0139
   	100  	-394.917	-366.078	-281.883	12.7641
   	100  	-368.498	-339.416	-281.883	10.541 
   	100  	-366.953	-331.919	-281.883	12.7045
   	100  	-384.914	-346.391	-281.883	15.5661
   	100  	-381.083	-348.714	-281.883	14.3795
   	100  	-382.067	-352.301	-281.883	11.7996
   	100  	-371.52 	-340.522	-281.883	11.203 
   	100  	-407.701	-382.503	-281.883	18.481 
   	100  	-393.459	-338.139	-281.883	13.4825
   	100  	-382.724	-351.088	-281.883	13.1888
   	100  	-385.124	-340.344	-281.883	13.1999
   	100  	-374.648	-338.253	-281.883	12.5506
   	100  	-377.014	-354.266	-281.883	11.9089
   	100  	-358.905	-323.42 	-281.883	9.80215
   	100  	-361.549	-341.036	-281.883	9.97482
   	100  	-372.347	-340.787	-281.883	9.25195
   	100  	-371.31 	-344.397	-281.883	7.89204
   	100  	-372.747	-347.458	-281.883	9.45745
   	100  	-371.503	-340.367	-281.883	9.63854
   	100  	-369.953	-349.32 	-281.883	10.7023
   	100  	-373.766	-335.947	-281.883	10.7028
   	100  	-400.045	-364.643	-281.883	13.4709
   	100  	-378.392	-332.452	-281.883	12.2989
   	100  	-401.156	-370.513	-281.883	16.4152
   	100  	-370.346	-347.414	-281.883	6.69493
   	100  	-415.813	-388.64 	-281.883	18.9404
   	100  	-394.886	-362.99 	-281.883	10.8668
   	100  	-364.055	-320.649	-281.883	14.7028
   	100  	-381.264	-342.453	-281.883	15.6115
   	100  	-365.336	-336.096	-281.883	5.80745
   	100  	-350.526	-336.718	-281.883	6.80562
   	100  	-379.052	-359.437	-281.883	12.2772
   	100  	-391.308	-340.395	-281.883	8.20135
   	100  	-361.722	-353.823	-281.883	6.80957
   	100  	-364.629	-354.814	-281.883	4.82524
   	100  	-357.82 	-338.582	-281.883	6.75206
   	100  	-428.619	-385.14 	-281.883	18.7764
   	100  	-390.626	-348.823	-281.883	11.017 
   	100  	-372.726	-333.26 	-281.883	6.7899 
   	100  	-385.514	-366.532	-281.883	12.836 
   	100  	-379.588	-365.926	-281.883	7.5492 
   	100  	-370.347	-338.142	-281.883	7.34794
   	100  	-376.358	-348.45 	-281.883	6.23034
   	100  	-363.636	-358.643	-281.883	6.44494
   	100  	-397.013	-380.096	-281.883	13.2572
   	100  	-386.233	-336.19 	-281.883	14.9445
   	100  	-344.637	-312.76 	-281.883	6.66181
   	100  	-382.449	-348.195	-281.883	13.5683
   	100  	-372.037	-342.871	-281.883	8.14936
   	100  	-368.548	-339.754	-281.883	5.47501
gen	depth	min     	avg     	max     	std    
   	100  	-388.869	-337.817	-297.892	16.1581
   	100  	-381.046	-332.115	-297.892	15.0057
   	100  	-385.733	-327.052	-294.829	14.8169
   	100  	-362.116	-328.506	-293.96 	13.8743
   	100  	-372.413	-329.591	-285.102	15.4092
   	100  	-391.585	-335.041	-285.102	16.4874
   	100  	-381.645	-337.84 	-285.102	17.7234
   	100  	-397.288	-332.314	-285.102	16.1125
   	100  	-392.49 	-335.276	-285.102	15.8745
   	100  	-379.765	-336.022	-285.102	16.1878
   	100  	-394.529	-336.926	-285.102	18.2081
   	100  	-388.53 	-339.444	-285.102	17.4301
   	100  	-392.742	-345.702	-285.102	18.9474
   	100  	-399.343	-341.074	-285.102	18.9269
   	100  	-389.698	-347.359	-285.102	18.1474
   	100  	-400.137	-343.878	-285.102	16.6963
   	100  	-408.422	-347.749	-285.102	17.0563
   	100  	-418.353	-354.285	-285.102	19.7348
   	100  	-389.24 	-344.072	-285.102	12.9466
   	100  	-405.839	-350.129	-285.102	19.6613
   	100  	-409.297	-353.276	-285.102	18.6494
   	100  	-383.439	-342.185	-285.102	16.0246
   	100  	-386.081	-345.637	-285.102	16.9849
   	100  	-384.725	-344.176	-285.102	15.5471
   	100  	-403.944	-362.707	-285.102	23.8824
   	100  	-377.235	-343.525	-285.102	13.7755
   	100  	-399.474	-348.474	-285.102	16.6625
   	100  	-371.651	-334.226	-285.102	14.619 
   	100  	-397.633	-354.191	-285.102	17.4653
   	100  	-399.477	-349.045	-285.102	15.236 
   	100  	-390.611	-340.011	-285.102	16.2483
   	100  	-389.696	-343.657	-285.102	16.2181
   	100  	-393.127	-349.78 	-285.102	16.276 
   	100  	-383.429	-342.772	-285.102	13.8718
   	100  	-380.627	-342.617	-285.102	15.3716
   	100  	-401.005	-351.745	-285.102	16.3179
   	100  	-402.868	-345.428	-285.102	22.2227
   	100  	-392.24 	-345.908	-285.102	16.9283
   	100  	-390.818	-341.038	-285.102	17.0801
   	100  	-393.677	-352.289	-285.102	18.2653
   	100  	-390.11 	-346.573	-285.102	17.5327
   	100  	-395.473	-344.243	-285.102	22.7321
   	100  	-388.853	-341.772	-285.102	17.581 
   	100  	-388.342	-346.534	-285.102	15.232 
   	100  	-385.066	-343.125	-285.102	13.898 
   	100  	-405.657	-353.778	-285.102	14.3126
   	100  	-403.503	-359.436	-285.102	13.4794
   	100  	-409.628	-365.162	-285.102	14.9915
   	100  	-394.653	-346.991	-285.102	15.8558
   	100  	-407.015	-365.858	-285.102	17.9887
   	100  	-384.058	-348.403	-285.102	13.2755
   	100  	-385.594	-340.352	-285.102	14.1438
   	100  	-385.318	-340.343	-285.102	13.0245
   	100  	-398.796	-362.308	-285.102	16.3366
   	100  	-394.072	-356.455	-285.102	11.9258
   	100  	-380.581	-354.824	-285.102	10.5505
   	100  	-391.709	-358.129	-285.102	12.7145
   	100  	-409.524	-368.074	-285.102	14.7902
   	100  	-379.681	-337.679	-285.102	14.916 
   	100  	-395.019	-360.752	-285.102	19.2056
   	100  	-385.383	-346.584	-285.102	12.1166
   	100  	-377.482	-350.529	-285.102	11.8532
   	100  	-398.521	-353.781	-285.102	17.6445
   	100  	-383.877	-355.63 	-285.102	12.9581
   	100  	-369.654	-341.856	-285.102	9.73222
   	100  	-385.808	-359.592	-285.102	13.7384
   	100  	-384.366	-363.178	-285.102	9.02997
   	100  	-394.319	-364.585	-285.102	13.32  
   	100  	-375.485	-335.066	-285.102	11.7905
   	100  	-382.332	-354.264	-285.102	15.793 
   	100  	-377.549	-345.427	-285.102	12.7979
   	100  	-393.335	-353.061	-285.102	17.7718
   	100  	-381.117	-344.045	-285.102	14.2627
   	100  	-376.507	-337.832	-285.102	14.0197
   	100  	-364.48 	-325.583	-285.102	10.1238
   	100  	-391.877	-354.212	-285.102	19.2437
   	100  	-379.432	-345.935	-285.102	14.9723
   	100  	-372.458	-347.7  	-285.102	11.0378
   	100  	-374.46 	-334.993	-285.102	12.0153
   	100  	-349.504	-325.651	-285.102	7.37332
   	100  	-397.549	-338.311	-285.102	15.405 
   	100  	-406.552	-372.005	-285.102	18.3523
   	100  	-414.526	-379.525	-285.102	16.8724
   	100  	-380.022	-336.167	-285.102	12.0675
   	100  	-375.39 	-318.678	-285.102	9.10609
   	100  	-368.615	-349.693	-285.102	12.7205
   	100  	-379.134	-335.09 	-285.102	8.07976
   	100  	-380.225	-359.379	-285.102	14.57  
   	100  	-356.554	-323.353	-285.102	11.5655
   	100  	-394.356	-379.096	-285.102	20.1569
   	100  	-384.883	-372.553	-285.102	11.4726
   	100  	-373.931	-337.783	-285.102	10.6719
   	100  	-368.426	-344.062	-285.102	7.17236
   	100  	-360.964	-350.583	-285.102	6.18815
   	100  	-381.029	-344.773	-285.102	7.20963
   	100  	-368.006	-355.743	-285.102	5.80899
   	100  	-357.878	-331.661	-285.102	8.05288
   	100  	-347.593	-337.527	-285.102	4.78577
   	100  	-376.313	-344.48 	-285.102	7.59698
   	100  	-362.891	-326.928	-285.102	10.6377
